Date,Station Id,Air Temperature Maximum (degF),Air Temperature Minimum (degF),Precipitation Increment (in),Relative Humidity (pct),Solar Radiation Average (watt/m2),Solar Radiation/langley Total (langley),Wind Speed Maximum (mph),Wind Speed Average (mph),Vapor Pressure - Partial (inch_Hg),Vapor Pressure - Saturated (inch_Hg),Soil Moisture Percent -2in (pct),Soil Moisture Percent -4in (pct),Soil Moisture Percent -8in (pct),Soil Moisture Percent -20in (pct),Soil Moisture Percent -40in (pct),Soil Temperature Observed -2in (degF),Soil Temperature Observed -4in (degF),Soil Temperature Observed -8in (degF),Soil Temperature Observed -20in (degF),Soil Temperature Observed -40in (degF)
2017-01-01 00:00,2190,45,44,0.00,86,0.00,,5.6,3.3,0.25,0.30,,0.0,4.5,8.5,37.3,,47,49,52,57
2017-01-01 01:00,2190,45,44,0.00,86,0.00,,6.5,3.8,0.25,0.29,,0.0,4.8,8.5,37.3,,47,49,52,57
2017-01-01 02:00,2190,45,43,0.00,85,0.00,,5.5,2.1,0.25,0.29,,0.0,4.4,8.5,37.3,,46,48,52,57
2017-01-01 03:00,2190,45,43,0.00,87,0.01,,6.0,2.9,0.25,0.29,,0.0,4.6,8.5,37.3,,46,48,52,57
2017-01-01 04:00,2190,46,45,0.00,84,0.00,,10.7,6.7,0.25,0.31,,0.0,4.8,8.7,32.4,,46,48,52,57
2017-01-01 05:00,2190,45,44,0.00,83,0.01,,12.9,8.6,0.25,0.30,,0.0,4.8,8.5,32.4,,46,48,52,57
2017-01-01 06:00,2190,44,42,0.00,88,0.94,,9.8,4.8,0.25,0.27,,0.0,4.8,8.3,32.4,,45,47,52,57
2017-01-01 07:00,2190,43,41,0.00,91,71.65,,5.5,2.9,0.24,0.26,,0.0,5.1,8.5,32.4,,45,47,51,57
2017-01-01 08:00,2190,47,43,0.00,91,233.60,,5.3,2.4,0.26,0.30,,0.0,4.6,8.3,32.4,,44,47,51,57
2017-01-01 09:00,2190,51,47,0.00,82,378.00,,3.9,1.6,0.28,0.35,,0.0,4.5,8.3,37.3,,44,47,51,57
2017-01-01 10:00,2190,54,51,0.00,75,480.60,,15.7,8.9,0.27,0.39,,0.0,4.8,8.5,37.3,,46,47,51,57
2017-01-01 11:00,2190,55,54,0.00,65,528.70,,18.1,12.8,0.27,0.43,,0.0,4.6,8.5,37.3,,48,47,51,57
2017-01-01 12:00,2190,57,55,0.00,62,516.80,,19.8,15.1,0.27,0.45,,0.0,4.6,8.7,37.3,,51,48,51,57
2017-01-01 13:00,2190,57,57,0.00,57,447.20,,22.4,17.2,0.27,0.47,,0.0,5.2,8.5,37.3,,53,49,51,57
2017-01-01 14:00,2190,57,57,0.00,56,327.40,,22.9,17.6,0.26,0.47,,0.0,4.9,8.7,37.3,,55,51,51,57
2017-01-01 15:00,2190,57,55,0.00,55,171.60,,24.3,18.8,0.25,0.45,,0.0,4.9,8.5,37.3,,56,52,51,57
2017-01-01 16:00,2190,55,52,0.00,61,22.21,,23.9,17.5,0.26,0.42,,0.0,4.6,8.3,37.3,,56,52,52,57
2017-01-01 17:00,2190,52,51,0.00,69,0.07,,19.2,13.8,0.26,0.38,,0.0,5.0,8.3,37.3,,55,53,52,57
2017-01-01 18:00,2190,51,50,0.00,68,0.03,,17.9,13.4,0.25,0.37,,0.0,5.0,8.1,32.4,,54,53,52,57
2017-01-01 19:00,2190,50,49,0.00,71,0.01,,19.2,14.0,0.25,0.35,,0.0,5.0,8.5,32.4,,52,52,52,57
2017-01-01 20:00,2190,49,49,0.00,73,0.00,,18.1,12.0,0.25,0.35,,0.0,5.1,8.5,32.4,,51,52,52,57
2017-01-01 21:00,2190,49,47,0.00,70,0.00,,19.8,13.6,0.23,0.33,,0.0,5.3,8.5,37.3,,50,51,52,57
2017-01-01 22:00,2190,50,48,0.00,66,0.00,,23.2,14.7,0.20,0.35,,0.0,4.6,8.9,37.3,,49,51,53,57
2017-01-01 23:00,2190,51,50,0.00,51,0.01,,24.3,16.9,0.18,0.37,,0.0,5.2,8.9,37.3,,48,50,53,57
2017-01-02 00:00,2190,51,50,0.00,48,0.01,,26.6,17.1,0.18,0.37,,0.0,4.7,8.3,31.0,,48,50,53,57
2017-01-02 01:00,2190,51,50,0.00,47,0.01,,22.8,16.6,0.18,0.37,,0.0,5.0,8.3,32.4,,47,50,52,57
2017-01-02 02:00,2190,51,48,0.00,47,0.02,,25.4,15.8,0.18,0.36,,0.0,5.2,8.9,37.3,,47,49,52,57
2017-01-02 03:00,2190,48,47,0.00,59,0.00,,19.5,12.9,0.20,0.33,,0.0,4.5,8.9,37.3,,47,49,52,57
2017-01-02 04:00,2190,50,47,0.00,61,0.01,,20.2,13.5,0.19,0.33,,0.0,4.5,8.9,37.3,,47,49,52,57
2017-01-02 05:00,2190,50,48,0.00,45,0.02,,21.5,16.1,0.17,0.35,,0.0,4.5,8.3,37.3,,47,49,52,57
2017-01-02 06:00,2190,49,48,0.00,54,0.20,,22.1,15.8,0.18,0.34,,0.0,4.8,8.5,32.4,,46,48,52,57
2017-01-02 07:00,2190,49,48,0.00,56,16.07,,26.3,17.5,0.19,0.34,,0.0,4.8,8.5,32.4,,46,48,52,57
2017-01-02 08:00,2190,50,48,0.00,61,66.51,,29.3,19.4,0.20,0.35,,0.0,4.8,8.5,37.3,,46,48,52,57
2017-01-02 09:00,2190,52,50,0.00,50,167.80,,26.2,18.5,0.19,0.37,,0.0,4.8,8.5,37.3,,46,48,52,57
2017-01-02 10:00,2190,53,52,0.00,51,278.00,,24.6,18.1,0.20,0.40,,0.0,4.8,8.5,37.3,,47,48,52,57
2017-01-02 11:00,2190,56,53,0.00,47,562.20,,26.0,19.6,0.19,0.43,,0.0,4.8,8.5,37.3,,48,48,52,57
2017-01-02 12:00,2190,57,56,0.00,36,535.40,,34.1,24.6,0.17,0.46,,0.0,4.5,8.5,37.3,,49,49,52,57
2017-01-02 13:00,2190,57,57,0.00,37,432.40,,34.6,25.7,0.18,0.47,,0.0,4.7,8.5,37.3,,52,49,52,57
2017-01-02 14:00,2190,58,57,0.00,39,313.10,,33.4,24.1,0.19,0.48,,0.0,4.6,8.5,32.4,,53,50,52,57
2017-01-02 15:00,2190,58,57,0.00,39,165.20,,34.9,25.0,0.19,0.48,,0.0,4.9,8.5,37.3,,54,51,52,57
2017-01-02 16:00,2190,57,55,0.00,43,18.42,,33.1,24.3,0.20,0.45,,0.0,5.0,8.5,31.0,,55,52,52,57
2017-01-02 17:00,2190,55,54,0.00,47,0.08,,24.2,17.2,0.19,0.43,,0.0,4.8,8.5,37.3,,54,52,52,57
2017-01-02 18:00,2190,54,53,0.00,44,0.03,,23.2,15.5,0.19,0.42,,0.0,4.8,8.3,37.3,,53,53,52,57
2017-01-02 19:00,2190,53,52,0.00,50,0.03,,23.8,16.2,0.20,0.40,,0.0,4.8,8.3,37.3,,52,52,52,57
2017-01-02 20:00,2190,53,50,0.00,50,0.02,,23.6,14.5,0.19,0.39,,0.0,5.0,8.0,37.3,,51,52,53,57
2017-01-02 21:00,2190,51,49,0.00,51,0.03,,20.9,13.5,0.19,0.37,,0.0,4.6,8.6,37.3,,51,51,53,57
2017-01-02 22:00,2190,51,47,0.00,49,0.01,,17.0,10.1,0.20,0.35,,0.0,4.8,8.9,37.3,,50,51,53,57
2017-01-02 23:00,2190,47,47,0.00,66,0.01,,16.2,12.3,0.22,0.32,,0.0,5.2,8.4,37.3,,49,51,53,57
2017-01-03 00:00,2190,48,47,0.00,65,0.00,,20.1,13.1,0.21,0.33,,0.0,4.6,8.7,37.3,,48,50,53,57
2017-01-03 01:00,2190,48,47,0.00,63,0.01,,16.0,10.2,0.22,0.32,,0.0,4.9,8.4,37.3,,47,50,53,57
2017-01-03 02:00,2190,47,47,0.00,67,0.01,,16.6,10.6,0.22,0.32,,0.0,4.5,8.6,37.3,,47,50,53,57
2017-01-03 03:00,2190,47,47,0.00,68,0.00,,17.2,11.9,0.22,0.32,,0.0,4.5,8.7,37.3,,47,49,53,57
2017-01-03 04:00,2190,47,47,0.00,69,0.01,,15.6,10.9,0.22,0.32,,0.0,5.0,8.6,37.3,,47,49,52,57
2017-01-03 05:00,2190,47,46,0.00,70,0.01,,14.0,9.3,0.22,0.32,,0.0,5.0,8.9,37.3,,46,49,53,57
2017-01-03 06:00,2190,47,46,0.00,71,0.18,,12.7,9.1,0.23,0.32,,,4.3,8.9,37.3,,46,48,52,57
2017-01-03 07:00,2190,47,46,0.00,73,21.52,,14.7,10.2,0.24,0.32,,,4.5,8.9,37.3,,46,48,52,57
2017-01-03 08:00,2190,49,47,0.00,73,103.70,,15.8,11.2,0.24,0.34,,0.0,4.5,8.9,37.3,,46,48,52,57
2017-01-03 09:00,2190,51,49,0.00,68,226.80,,19.0,13.5,0.24,0.36,,0.0,4.5,8.2,37.3,,46,48,52,57
2017-01-03 10:00,2190,53,51,0.00,64,308.10,,19.0,13.7,0.24,0.38,,0.0,4.5,9.3,37.3,,47,48,52,57
2017-01-03 11:00,2190,54,53,0.00,59,473.10,,19.8,14.6,0.23,0.40,,0.0,4.3,8.3,37.3,,48,48,52,57
2017-01-03 12:00,2190,54,54,0.00,57,355.80,,20.1,15.1,0.24,0.41,,0.0,4.7,8.3,37.3,,50,49,52,57
2017-01-03 13:00,2190,55,54,0.00,57,377.00,,20.7,15.3,0.24,0.43,,0.0,4.6,8.5,37.3,,52,49,52,57
2017-01-03 14:00,2190,55,54,0.00,57,257.00,,21.2,16.5,0.24,0.43,,0.0,4.8,8.5,37.3,,53,50,52,57
2017-01-03 15:00,2190,54,53,0.00,55,148.80,,22.8,17.1,0.23,0.42,,0.0,5.0,8.5,37.3,,54,51,52,57
2017-01-03 16:00,2190,53,51,0.00,59,16.41,,21.5,16.1,0.24,0.39,,0.0,4.8,8.5,37.3,,54,52,52,57
2017-01-03 17:00,2190,51,50,0.00,66,0.09,,20.7,14.3,0.25,0.37,,0.0,5.2,8.5,37.3,,54,52,52,57
2017-01-03 18:00,2190,50,49,0.00,72,0.02,,23.2,14.8,0.26,0.35,,0.0,5.4,8.9,37.3,,52,52,53,57
2017-01-03 19:00,2190,49,48,0.00,75,0.02,,17.7,9.6,0.26,0.34,,0.0,4.8,8.9,37.3,,51,52,53,57
2017-01-03 20:00,2190,49,47,0.00,75,0.01,,18.2,11.0,0.26,0.34,,0.0,4.8,8.7,37.3,,50,51,53,57
2017-01-03 21:00,2190,49,47,0.00,80,0.02,,17.5,11.1,0.27,0.34,,0.0,5.0,8.4,37.3,,49,51,53,57
2017-01-03 22:00,2190,49,47,0.00,77,0.02,,14.9,8.9,0.26,0.33,,0.0,4.8,8.4,37.3,,49,51,53,57
2017-01-03 23:00,2190,48,47,0.00,78,0.01,,16.3,10.2,0.25,0.32,,0.0,4.8,8.4,37.3,,48,50,53,57
2017-01-04 00:00,2190,47,46,0.00,78,0.00,,16.0,9.4,0.25,0.32,,0.0,5.2,8.7,37.3,,47,50,53,57
2017-01-04 01:00,2190,47,46,0.00,79,0.01,,16.8,9.3,0.25,0.32,,0.0,4.6,8.4,37.3,,47,49,53,57
2017-01-04 02:00,2190,46,45,0.00,81,0.02,,11.5,7.4,0.25,0.30,,0.0,4.6,8.4,37.3,,47,49,53,57
2017-01-04 03:00,2190,47,45,0.00,82,0.01,,14.5,8.4,0.25,0.31,,0.0,4.5,8.7,37.3,,46,49,53,57
2017-01-04 04:00,2190,47,46,0.00,81,0.00,,16.3,11.1,0.26,0.32,,0.0,4.5,8.9,37.3,,46,48,52,57
2017-01-04 05:00,2190,46,45,0.00,83,0.01,,18.0,10.8,0.26,0.31,,0.0,4.6,8.6,37.3,,45,48,52,57
2017-01-04 06:00,2190,47,45,0.00,84,0.84,,14.8,7.4,0.26,0.31,,0.0,5.0,8.9,37.3,,45,48,52,57
2017-01-04 07:00,2190,48,46,0.00,83,61.97,,18.5,12.1,0.26,0.32,,0.0,4.5,8.3,32.4,,45,47,52,57
2017-01-04 08:00,2190,50,48,0.00,82,205.10,,20.8,13.8,0.27,0.35,,0.0,4.5,8.3,37.3,,45,47,52,57
2017-01-04 09:00,2190,51,50,0.00,76,185.50,,21.9,16.8,0.27,0.37,,0.0,4.5,8.9,37.3,,45,47,52,57
2017-01-04 10:00,2190,53,51,0.00,72,123.70,,21.4,16.0,0.27,0.39,,0.0,4.5,8.5,37.3,,47,47,52,57
2017-01-04 11:00,2190,55,53,0.00,66,163.10,,21.0,15.6,0.27,0.41,,0.0,4.6,8.5,37.3,,48,48,52,57
2017-01-04 12:00,2190,59,55,0.00,61,407.40,,23.7,17.9,0.27,0.45,,0.0,4.5,8.5,37.3,,49,48,52,57
2017-01-04 13:00,2190,61,59,0.00,53,442.20,,21.6,17.2,0.27,0.51,,0.0,4.6,8.5,37.3,,50,49,52,57
2017-01-04 14:00,2190,61,59,0.00,51,316.00,,25.5,18.8,0.27,0.53,,0.0,5.1,8.5,37.3,,52,50,52,57
2017-01-04 15:00,2190,60,59,0.00,54,181.70,,24.1,16.7,0.28,0.51,,0.0,4.8,8.5,37.3,,54,51,52,57
2017-01-04 16:00,2190,59,56,0.00,57,20.30,,21.9,16.3,0.29,0.48,,0.0,5.2,8.5,37.3,,55,52,52,57
2017-01-04 17:00,2190,56,55,0.00,66,0.16,,24.9,17.0,0.29,0.44,,0.0,5.1,8.5,37.3,,55,52,52,57
2017-01-04 18:00,2190,55,54,0.00,67,0.07,,23.7,17.4,0.29,0.43,,0.0,5.1,8.2,37.3,,54,53,52,57
2017-01-04 19:00,2190,54,54,0.00,70,0.07,,22.6,17.5,0.30,0.42,,0.0,5.1,8.0,37.3,,53,53,52,57
2017-01-04 20:00,2190,54,54,0.00,72,0.04,,24.1,18.5,0.30,0.42,,0.0,5.1,8.0,37.3,,52,52,53,57
2017-01-04 21:00,2190,54,54,0.00,74,0.04,,24.6,19.5,0.31,0.41,,0.0,4.8,8.7,37.3,,52,52,53,57
2017-01-04 22:00,2190,54,54,0.00,75,0.05,,21.5,15.2,0.31,0.42,,0.0,5.2,8.4,37.3,,51,52,53,57
2017-01-04 23:00,2190,54,54,0.00,76,0.03,,19.7,14.0,0.32,0.42,,0.0,5.2,8.4,37.3,,51,52,53,57
2017-01-05 00:00,2190,54,53,0.00,76,0.04,,18.9,12.7,0.32,0.42,,0.0,5.2,9.0,37.3,,51,51,53,57
2017-01-05 01:00,2190,56,53,0.00,77,0.03,,17.2,10.9,0.32,0.43,,0.0,5.4,8.4,37.3,,51,51,53,57
2017-01-05 02:00,2190,57,56,0.00,72,0.04,,17.9,12.2,0.32,0.45,,0.0,5.4,8.4,37.3,,50,51,53,57
2017-01-05 03:00,2190,57,56,0.00,71,0.07,,19.8,13.2,0.33,0.46,,0.0,4.8,8.1,37.3,,50,51,53,57
2017-01-05 04:00,2190,57,56,0.00,71,0.06,,22.2,13.2,0.33,0.46,,,5.4,8.4,37.3,,50,51,53,57
2017-01-05 05:00,2190,56,55,0.00,72,0.09,,19.4,13.1,0.33,0.44,,,5.4,8.8,37.3,,50,51,53,57
2017-01-05 06:00,2190,56,55,0.00,76,0.95,,22.2,13.8,0.33,0.44,,,4.8,8.4,37.3,,50,51,53,57
2017-01-05 07:00,2190,58,55,0.00,74,35.10,,23.3,14.8,0.33,0.45,,,5.4,8.1,37.3,,50,51,53,57
2017-01-05 08:00,2190,61,58,0.00,68,139.40,,22.5,14.4,0.33,0.50,,,4.8,8.4,37.3,,50,51,53,57
2017-01-05 09:00,2190,64,61,0.00,61,281.90,,26.1,17.7,0.32,0.56,,0.0,4.8,8.4,37.3,,51,51,53,57
2017-01-05 10:00,2190,66,64,0.00,51,361.10,,26.2,17.8,0.30,0.62,,,5.4,8.8,37.3,,51,51,53,57
2017-01-05 11:00,2190,68,66,0.00,43,531.00,,30.9,20.4,0.27,0.66,,0.0,5.2,8.5,37.3,,54,51,53,57
2017-01-05 12:00,2190,69,68,0.00,37,536.90,,31.4,22.4,0.24,0.70,,0.0,4.8,8.1,37.3,,56,52,53,57
2017-01-05 13:00,2190,69,68,0.00,33,465.70,,30.4,21.0,0.23,0.70,,0.0,5.2,8.1,37.3,,58,53,53,57
2017-01-05 14:00,2190,69,68,0.00,30,341.10,,28.2,20.2,0.21,0.71,,0.0,5.5,8.5,37.3,,60,54,54,57
2017-01-05 15:00,2190,68,66,0.00,31,179.70,,28.0,20.3,0.21,0.68,,,5.6,8.5,37.3,,61,56,54,57
2017-01-05 16:00,2190,66,62,0.00,32,20.56,,24.8,16.9,0.20,0.61,,,5.8,8.5,37.3,,62,56,54,57
2017-01-05 17:00,2190,62,60,0.00,35,0.31,,21.2,13.2,0.19,0.56,,,6.2,8.4,37.3,,61,57,54,57
2017-01-05 18:00,2190,60,54,0.00,36,0.18,,25.9,16.3,0.17,0.45,,,5.3,8.8,37.3,,60,57,54,57
2017-01-05 19:00,2190,54,51,0.00,36,0.08,,25.6,19.0,0.14,0.40,,,6.2,8.5,37.3,,58,57,55,57
2017-01-05 20:00,2190,51,49,0.00,30,0.06,,27.9,19.9,0.11,0.36,,,5.8,8.3,37.3,,56,56,55,57
2017-01-05 21:00,2190,49,47,0.00,28,0.02,,24.1,17.1,0.09,0.34,,,5.6,8.7,37.3,,55,56,55,57
2017-01-05 22:00,2190,47,44,0.00,27,0.02,,27.5,19.9,0.09,0.31,,,5.2,8.9,37.3,,53,55,55,57
2017-01-05 23:00,2190,44,41,0.00,30,0.01,,28.8,18.8,0.09,0.28,,,5.7,8.7,37.3,,52,54,55,57
2017-01-06 00:00,2190,41,39,0.00,34,0.01,,29.4,18.8,0.09,0.25,,0.0,5.4,8.4,37.3,,50,53,55,57
2017-01-06 01:00,2190,39,37,0.00,39,0.00,,22.8,14.9,0.09,0.23,,0.0,5.4,8.7,37.3,,49,53,55,57
2017-01-06 02:00,2190,37,36,0.00,44,0.01,,18.2,13.0,0.09,0.22,,0.0,5.1,8.7,37.3,,47,52,55,57
2017-01-06 03:00,2190,36,35,0.00,46,0.00,,19.8,13.6,0.09,0.21,,0.0,5.2,8.4,37.3,,46,51,55,57
2017-01-06 04:00,2190,35,33,0.00,45,0.00,,19.7,13.8,0.09,0.20,,,5.6,8.9,37.3,,45,50,55,57
2017-01-06 05:00,2190,33,33,0.00,46,0.00,,22.8,15.7,0.09,0.19,,,5.2,8.9,37.3,,44,49,55,57
2017-01-06 06:00,2190,33,33,0.00,44,1.02,,22.3,15.7,0.08,0.19,,,5.2,9.1,37.3,,42,48,54,57
2017-01-06 07:00,2190,36,33,0.00,40,76.13,,21.1,14.3,0.07,0.19,,0.0,4.9,8.5,37.3,,42,47,54,57
2017-01-06 08:00,2190,39,36,0.00,33,257.50,,22.6,15.0,0.06,0.22,,0.0,5.0,8.8,37.3,,41,47,54,57
2017-01-06 09:00,2190,42,39,0.00,23,404.90,,21.7,15.6,0.05,0.25,,0.0,5.1,8.4,37.3,,41,46,54,57
2017-01-06 10:00,2190,44,42,0.00,17,486.30,,20.5,13.4,0.05,0.28,,0.0,4.5,8.9,37.3,,42,46,53,57
2017-01-06 11:00,2190,46,44,0.00,17,561.60,,18.1,10.8,0.05,0.30,,1.2,5.1,8.1,37.3,,44,46,53,57
2017-01-06 12:00,2190,47,46,0.00,15,546.80,,14.9,8.2,0.05,0.32,,,4.6,8.4,37.3,,46,46,53,57
2017-01-06 13:00,2190,50,47,0.00,14,483.50,,10.9,5.6,0.05,0.34,,,4.6,8.4,37.3,,48,47,53,57
2017-01-06 14:00,2190,50,50,0.00,14,380.50,,11.4,4.8,0.05,0.36,,,4.6,8.4,37.3,,51,48,53,57
2017-01-06 15:00,2190,50,49,0.00,14,180.20,,7.7,4.1,0.05,0.36,,,5.4,8.7,37.3,,52,50,53,57
2017-01-06 16:00,2190,50,47,0.00,14,27.79,,3.9,2.0,0.05,0.35,,0.0,5.2,8.7,37.3,,53,51,53,57
2017-01-06 17:00,2190,47,41,0.00,19,0.06,,3.3,1.1,0.07,0.29,,0.0,5.5,8.6,37.3,,53,51,53,57
2017-01-06 18:00,2190,41,38,0.00,27,0.00,,4.1,2.1,0.08,0.25,,0.0,4.6,8.4,32.4,,51,51,53,57
2017-01-06 19:00,2190,40,38,0.00,39,0.00,,4.2,2.0,0.08,0.25,,0.0,5.1,8.4,32.4,,49,51,53,57
2017-01-06 20:00,2190,38,36,0.00,37,0.00,,3.9,1.5,0.08,0.23,,0.0,4.8,8.4,32.4,,48,50,53,57
2017-01-06 21:00,2190,38,36,0.00,42,0.00,,4.6,2.1,0.09,0.22,,0.0,5.4,8.4,37.3,,46,50,53,57
2017-01-06 22:00,2190,37,35,0.00,45,0.00,,3.1,0.9,0.08,0.21,,0.0,5.0,8.4,37.3,,45,49,53,57
2017-01-06 23:00,2190,37,33,0.00,31,0.00,,5.6,2.4,0.08,0.20,,0.0,4.8,8.4,37.3,,44,48,53,57
2017-01-07 00:00,2190,34,31,0.00,49,0.00,,3.1,1.1,0.10,0.18,,0.0,5.0,8.4,32.4,,43,47,53,57
2017-01-07 01:00,2190,35,33,0.00,52,0.00,,4.4,2.0,0.10,0.19,,0.0,4.9,8.4,37.3,,42,47,53,57
2017-01-07 02:00,2190,36,35,0.00,44,0.00,,3.7,1.2,0.09,0.21,,0.0,4.4,8.4,37.3,,42,46,53,57
2017-01-07 03:00,2190,37,36,0.00,42,0.00,,4.6,2.7,0.10,0.21,,0.0,4.6,8.7,37.3,,41,46,52,57
2017-01-07 04:00,2190,37,36,0.00,44,0.00,,5.3,2.4,0.10,0.22,,0.0,5.0,8.7,37.3,,41,46,52,57
2017-01-07 05:00,2190,39,37,0.00,44,0.00,,5.5,3.6,0.09,0.23,,0.0,5.0,8.9,37.3,,41,45,52,57
2017-01-07 06:00,2190,40,39,0.00,37,0.15,,4.0,1.1,0.09,0.24,,0.0,4.8,8.3,37.3,,41,45,52,57
2017-01-07 07:00,2190,40,39,0.00,38,13.88,,4.4,1.9,0.10,0.24,,0.0,4.5,8.5,37.3,,42,45,52,57
2017-01-07 08:00,2190,43,39,0.00,42,48.96,,11.8,4.0,0.10,0.25,,,4.5,8.5,37.3,,42,45,51,57
2017-01-07 09:00,2190,44,43,0.00,33,95.90,,11.1,4.4,0.09,0.28,,,4.5,8.5,37.3,,42,45,51,57
2017-01-07 10:00,2190,45,44,0.00,30,129.40,,4.6,1.8,0.09,0.29,,,4.5,8.1,37.3,,43,45,51,57
2017-01-07 11:00,2190,47,45,0.00,27,138.20,,5.4,1.9,0.08,0.31,,,5.0,8.1,37.3,,44,45,51,57
2017-01-07 12:00,2190,48,47,0.00,25,169.40,,8.9,5.2,0.08,0.32,,,4.6,8.3,37.3,,45,46,51,57
2017-01-07 13:00,2190,49,48,0.00,24,152.50,,5.3,1.4,0.08,0.35,,,4.9,8.5,37.3,,46,46,51,57
2017-01-07 14:00,2190,49,48,0.00,25,94.60,,12.1,3.3,0.13,0.34,,,5.2,8.3,32.4,,47,47,51,57
2017-01-07 15:00,2190,49,48,0.00,44,71.97,,10.6,7.3,0.19,0.34,,,4.8,8.3,37.3,,48,47,51,57
2017-01-07 16:00,2190,48,48,0.00,65,18.28,,9.8,5.4,0.22,0.34,,,5.0,8.3,37.3,,49,48,51,57
2017-01-07 17:00,2190,49,48,0.00,63,0.02,,7.0,3.4,0.21,0.34,,,4.8,8.3,37.3,,49,48,51,57
2017-01-07 18:00,2190,48,47,0.00,62,0.01,,5.9,2.7,0.19,0.33,,,4.8,8.3,37.3,,49,49,51,57
2017-01-07 19:00,2190,48,47,0.00,43,0.02,,6.0,2.3,0.14,0.33,,,5.4,8.3,37.3,,48,49,51,57
2017-01-07 20:00,2190,48,47,0.00,44,0.01,,2.3,0.6,0.15,0.33,,,4.8,8.1,37.3,,48,49,51,57
2017-01-07 21:00,2190,47,47,0.00,48,0.02,,6.4,3.0,0.15,0.33,,,4.8,8.5,37.3,,47,49,51,57
2017-01-07 22:00,2190,47,46,0.00,45,0.01,,4.6,2.2,0.15,0.32,,,4.8,8.3,37.3,,47,48,51,57
2017-01-07 23:00,2190,47,46,0.00,45,0.02,,4.1,1.5,0.14,0.32,,,4.8,8.5,31.0,,47,48,51,57
2017-01-08 00:00,2190,46,46,0.00,46,0.01,,4.5,0.8,0.14,0.31,,,4.8,8.7,37.3,,47,48,52,57
2017-01-08 01:00,2190,46,45,0.00,48,0.00,,3.4,1.9,0.17,0.31,,,4.8,8.5,32.4,,47,48,52,57
2017-01-08 02:00,2190,45,44,0.00,57,0.00,,4.1,1.7,0.17,0.30,,,4.8,8.1,37.3,,47,48,51,57
2017-01-08 03:00,2190,45,44,0.00,54,0.00,,2.3,0.6,0.17,0.30,,,5.0,8.5,37.3,,46,48,52,57
2017-01-08 04:00,2190,45,45,0.00,53,0.00,,2.3,0.6,0.16,0.30,,,5.0,8.5,37.3,,46,48,52,57
2017-01-08 05:00,2190,45,43,0.00,56,0.00,,5.8,2.7,0.18,0.30,,,5.0,8.0,37.3,,46,48,51,57
2017-01-08 06:00,2190,43,43,0.00,66,0.36,,3.9,1.5,0.18,0.28,,,5.0,8.5,37.3,,46,48,51,57
2017-01-08 07:00,2190,44,43,0.00,63,44.13,,3.5,1.2,0.18,0.28,,,5.0,8.5,37.3,,46,47,51,57
2017-01-08 08:00,2190,47,44,0.00,58,170.80,,5.2,1.6,0.16,0.30,,,4.5,8.5,32.4,,46,47,51,57
2017-01-08 09:00,2190,52,47,0.00,49,283.70,,4.1,1.1,0.16,0.34,,,4.8,8.5,37.3,,46,47,52,57
2017-01-08 10:00,2190,54,51,0.00,39,381.60,,3.5,1.1,0.14,0.39,,,4.5,8.1,37.3,,47,47,51,57
2017-01-08 11:00,2190,58,54,0.00,34,476.00,,4.3,1.2,0.15,0.43,,1.7,4.8,8.5,37.3,,48,48,51,57
2017-01-08 12:00,2190,61,57,0.00,32,470.10,,16.7,6.5,0.16,0.49,,,5.1,8.1,37.3,,51,49,51,57
2017-01-08 13:00,2190,63,61,0.00,29,404.70,,23.4,17.6,0.16,0.57,,,5.1,8.5,37.3,,54,50,51,57
2017-01-08 14:00,2190,63,62,0.00,29,315.30,,27.7,21.6,0.16,0.57,,,5.0,8.5,37.3,,56,51,52,57
2017-01-08 15:00,2190,62,61,0.00,28,208.50,,30.5,22.2,0.16,0.55,,,5.2,8.5,37.3,,57,52,52,57
2017-01-08 16:00,2190,61,58,0.00,29,21.64,,26.1,18.9,0.16,0.51,,0.0,5.6,8.5,37.3,,58,53,52,57
2017-01-08 17:00,2190,58,56,0.00,34,0.15,,25.2,19.1,0.16,0.46,,0.0,5.8,8.5,37.3,,57,54,52,57
2017-01-08 18:00,2190,56,55,0.00,37,0.06,,25.2,17.4,0.17,0.45,,,5.8,8.3,37.3,,56,54,52,57
2017-01-08 19:00,2190,56,55,0.00,40,0.05,,25.6,18.8,0.18,0.44,,,5.8,8.6,37.3,,55,54,53,57
2017-01-08 20:00,2190,56,56,0.00,40,0.03,,26.6,19.4,0.18,0.45,,,5.6,8.4,31.0,,54,54,53,57
2017-01-08 21:00,2190,57,56,0.00,40,0.04,,20.4,15.7,0.18,0.45,,,5.6,8.4,37.3,,53,53,53,57
2017-01-08 22:00,2190,56,55,0.00,41,0.04,,22.0,16.2,0.18,0.44,,,5.8,8.4,37.3,,53,53,53,57
2017-01-08 23:00,2190,56,56,0.00,41,0.05,,23.6,17.6,0.18,0.45,,,5.8,8.5,37.3,,52,53,53,57
2017-01-09 00:00,2190,58,56,0.00,41,0.05,,22.6,17.0,0.18,0.46,,,5.2,8.1,37.3,,52,53,53,57
2017-01-09 01:00,2190,58,56,0.00,37,0.03,,26.9,20.9,0.18,0.47,,,5.2,8.5,37.3,,52,52,54,57
2017-01-09 02:00,2190,56,56,0.00,39,0.05,,26.1,20.2,0.18,0.45,,,5.2,8.5,31.0,,52,52,54,57
2017-01-09 03:00,2190,56,55,0.00,42,0.03,,34.9,20.4,0.19,0.45,,,5.2,8.5,37.3,,52,52,54,57
2017-01-09 04:00,2190,56,54,0.00,42,0.04,,33.6,23.2,0.20,0.45,,,5.2,8.5,37.2,,52,52,54,57
2017-01-09 05:00,2190,54,54,0.00,52,0.05,,33.4,23.7,0.24,0.42,,,5.2,8.5,31.1,,52,52,54,57
2017-01-09 06:00,2190,55,54,0.00,56,0.21,,34.5,24.0,0.25,0.43,,1.2,5.2,8.5,37.2,,52,52,54,57
2017-01-09 07:00,2190,55,54,0.00,59,27.74,,32.6,24.2,0.25,0.43,,,5.4,8.4,31.1,,52,52,54,57
2017-01-09 08:00,2190,59,55,0.00,59,123.60,,30.2,20.0,0.29,0.47,,,5.4,8.4,37.2,,52,52,54,57
2017-01-09 09:00,2190,61,59,0.00,63,300.80,,36.0,26.2,0.32,0.54,,0.0,5.4,8.5,31.1,,52,52,54,57
2017-01-09 10:00,2190,62,61,0.02,61,273.20,,40.4,30.0,0.33,0.55,,,5.2,9.0,31.1,,53,52,54,57
2017-01-09 11:00,2190,65,62,0.02,58,487.60,,40.4,32.8,0.32,0.59,,,5.8,8.8,31.1,,54,52,54,57
2017-01-09 12:00,2190,68,65,0.00,46,459.70,,39.0,28.9,0.27,0.64,,,5.6,8.4,31.1,,55,53,54,57
2017-01-09 13:00,2190,70,68,0.00,38,464.30,,36.0,23.3,0.22,0.70,,,5.8,8.8,37.2,,57,54,54,57
2017-01-09 14:00,2190,70,68,0.00,24,351.20,,25.3,16.9,0.18,0.71,,,5.9,8.6,31.1,,58,54,54,57
2017-01-09 15:00,2190,68,66,0.00,27,177.20,,22.1,15.9,0.17,0.67,,,5.8,8.8,37.2,,60,55,54,57
2017-01-09 16:00,2190,66,62,0.00,25,14.41,,26.9,17.4,0.15,0.60,,,6.0,8.6,31.1,,61,56,54,57
2017-01-09 17:00,2190,62,60,0.00,24,0.23,,26.3,14.0,0.13,0.55,,,5.8,8.6,31.1,,60,57,55,57
2017-01-09 18:00,2190,60,59,0.00,26,0.14,,21.2,13.3,0.14,0.51,,,6.2,8.0,37.2,,59,57,55,57
2017-01-09 19:00,2190,59,58,0.00,27,0.10,,20.2,13.1,0.14,0.50,,0.0,5.8,9.2,37.2,,58,57,55,57
2017-01-09 20:00,2190,59,58,0.00,29,0.08,,20.6,14.7,0.14,0.50,,,5.8,7.8,37.2,,57,56,55,57
2017-01-09 21:00,2190,58,57,0.00,27,0.06,,24.6,14.7,0.14,0.48,,,6.0,7.8,37.2,,56,56,55,57
2017-01-09 22:00,2190,57,56,0.00,30,0.04,,25.4,15.6,0.14,0.47,,0.0,5.6,8.7,37.2,,55,55,55,57
2017-01-09 23:00,2190,56,53,0.00,32,0.06,,21.9,15.4,0.16,0.43,,,5.8,8.5,37.2,,55,55,55,57
2017-01-10 00:00,2190,53,52,0.00,53,0.05,,22.0,14.8,0.22,0.40,,,5.6,8.2,37.2,,54,55,55,57
2017-01-10 01:00,2190,52,51,0.00,59,0.02,,17.3,11.8,0.22,0.38,,,5.6,8.2,37.2,,53,54,55,57
2017-01-10 02:00,2190,51,50,0.00,59,0.02,,17.9,12.8,0.22,0.37,,,6.2,8.4,37.2,,52,54,55,57
2017-01-10 03:00,2190,50,50,0.00,60,0.01,,21.1,15.0,0.22,0.37,,,5.3,8.4,31.1,,51,53,55,57
2017-01-10 04:00,2190,50,49,0.00,62,0.01,,18.4,12.8,0.22,0.35,,,5.8,8.2,37.3,,51,53,55,57
2017-01-10 05:00,2190,50,49,0.00,65,0.02,,16.6,10.3,0.23,0.35,,,5.4,8.2,37.3,,50,53,55,57
2017-01-10 06:00,2190,49,48,0.00,69,0.48,,12.6,9.1,0.24,0.34,,,5.6,8.2,31.1,,50,52,55,57
2017-01-10 07:00,2190,49,48,0.00,70,26.17,,16.5,11.1,0.24,0.35,,,5.8,8.9,37.2,,49,52,55,57
2017-01-10 08:00,2190,53,49,0.00,67,136.40,,14.7,10.0,0.24,0.36,,,5.2,8.4,31.1,,49,51,55,57
2017-01-10 09:00,2190,56,53,0.00,59,393.40,,19.0,13.3,0.23,0.43,,,5.4,7.8,31.0,,49,51,55,57
2017-01-10 10:00,2190,59,56,0.00,50,428.20,,22.4,16.6,0.22,0.48,,0.0,5.4,8.7,31.0,,49,51,55,57
2017-01-10 11:00,2190,62,59,0.00,42,517.40,,23.0,16.7,0.20,0.54,,,5.2,8.7,37.3,,51,51,55,57
2017-01-10 12:00,2190,62,61,0.00,36,424.10,,24.1,16.9,0.20,0.55,,,5.6,8.0,37.3,,54,52,54,57
2017-01-10 13:00,2190,63,62,0.00,36,335.50,,26.5,19.4,0.20,0.57,,,5.3,8.5,31.0,,56,53,55,57
2017-01-10 14:00,2190,65,63,0.00,35,309.90,,26.6,18.6,0.20,0.60,,,5.6,8.3,31.0,,57,54,55,57
2017-01-10 15:00,2190,65,63,0.00,34,147.20,,29.2,21.7,0.21,0.60,,0.0,5.8,8.9,37.3,,58,55,55,57
2017-01-10 16:00,2190,63,60,0.00,40,21.23,,27.7,20.6,0.24,0.55,,0.0,5.8,8.9,31.0,,59,55,55,57
2017-01-10 17:00,2190,60,59,0.00,46,0.15,,24.0,16.2,0.24,0.52,,,5.8,8.7,37.3,,58,56,55,57
2017-01-10 18:00,2190,59,58,0.00,45,0.07,,25.1,15.1,0.22,0.50,,,6.2,8.7,37.3,,58,56,55,57
2017-01-10 19:00,2190,58,57,0.00,46,0.05,,27.6,19.6,0.24,0.48,,,5.8,9.1,37.3,,57,56,55,57
2017-01-10 20:00,2190,57,56,0.00,52,0.06,,24.8,17.8,0.25,0.47,,,5.8,8.4,31.0,,56,56,55,57
2017-01-10 21:00,2190,57,56,0.00,53,0.07,,21.4,15.5,0.25,0.46,,,5.8,8.9,37.3,,55,55,56,57
2017-01-10 22:00,2190,57,56,0.00,53,0.03,,28.5,16.0,0.25,0.46,,,5.4,8.8,37.3,,55,55,56,57
2017-01-10 23:00,2190,57,57,0.00,55,0.04,,31.6,21.7,0.26,0.47,,,5.4,8.9,37.3,,54,55,56,57
2017-01-11 00:00,2190,57,56,0.00,56,0.05,,37.3,24.4,0.27,0.46,,,5.6,8.6,37.3,,54,54,56,57
2017-01-11 01:00,2190,57,56,0.00,61,0.04,,41.0,32.2,0.27,0.46,,,5.8,8.4,37.3,,54,54,56,57
2017-01-11 02:00,2190,59,56,0.01,57,0.05,,47.3,29.1,0.27,0.48,,0.0,5.4,8.6,37.3,,53,54,56,57
2017-01-11 03:00,2190,59,58,0.00,53,0.07,,36.1,25.4,0.27,0.49,,,5.8,8.2,37.3,,53,54,55,57
2017-01-11 04:00,2190,58,58,0.00,56,0.07,,31.6,22.1,0.28,0.49,,,5.4,8.6,37.3,,53,54,56,57
2017-01-11 05:00,2190,58,56,0.00,58,0.06,,30.7,21.1,0.28,0.47,,,5.8,8.4,37.3,,53,54,56,57
2017-01-11 06:00,2190,56,56,0.00,63,0.75,,29.6,21.5,0.29,0.45,,,5.4,8.6,37.3,,53,54,56,57
2017-01-11 07:00,2190,57,55,0.00,64,64.24,,28.8,20.4,0.28,0.45,,,5.4,8.6,37.3,,53,54,56,57
2017-01-11 08:00,2190,63,57,0.00,53,229.20,,32.2,20.3,0.19,0.52,,,5.6,8.6,37.3,,53,53,56,57
2017-01-11 09:00,2190,65,63,0.00,24,385.80,,34.0,22.8,0.13,0.59,,0.0,5.6,8.6,37.3,,53,53,56,57
2017-01-11 10:00,2190,66,64,0.00,23,465.70,,30.9,21.1,0.16,0.61,,,5.4,8.8,37.3,,54,53,56,57
2017-01-11 11:00,2190,67,65,0.00,23,564.60,,33.6,24.5,0.14,0.64,,,5.6,8.6,31.0,,56,54,56,57
2017-01-11 12:00,2190,67,66,0.00,20,558.00,,33.7,24.2,0.14,0.65,,,6.0,8.6,31.0,,58,54,56,57
2017-01-11 13:00,2190,67,66,0.00,21,486.10,,28.3,17.8,0.14,0.66,,0.0,5.7,8.6,37.3,,60,56,56,57
2017-01-11 14:00,2190,67,66,0.00,21,395.40,,23.8,16.1,0.14,0.66,,0.5,5.9,8.6,31.0,,61,56,56,57
2017-01-11 15:00,2190,67,64,0.00,21,226.90,,25.5,14.7,0.14,0.63,,1.6,6.0,8.4,37.3,,62,57,56,57
2017-01-11 16:00,2190,64,60,0.00,23,37.76,,19.2,12.4,0.14,0.57,,,6.3,8.4,37.3,,63,58,56,57
2017-01-11 17:00,2190,60,58,0.00,29,0.20,,18.5,11.6,0.15,0.51,,0.0,5.8,8.4,37.3,,62,59,56,57
2017-01-11 18:00,2190,58,56,0.00,32,0.06,,16.4,11.2,0.16,0.47,,0.0,5.8,9.0,37.3,,61,59,56,57
2017-01-11 19:00,2190,56,56,0.00,35,0.07,,18.4,12.0,0.16,0.45,,0.0,5.8,8.8,37.3,,59,58,57,57
2017-01-11 20:00,2190,57,56,0.00,38,0.06,,21.3,15.9,0.18,0.46,,0.0,5.6,8.8,37.3,,58,58,57,57
2017-01-11 21:00,2190,57,56,0.00,41,0.06,,21.6,14.1,0.19,0.45,,0.0,6.0,8.6,37.3,,57,57,57,57
2017-01-11 22:00,2190,57,56,0.00,42,0.05,,20.7,14.9,0.19,0.46,,0.0,5.9,9.2,37.3,,56,57,57,57
2017-01-11 23:00,2190,56,55,0.00,44,0.05,,24.0,15.6,0.20,0.45,,0.0,5.9,8.6,37.3,,55,56,57,57
2017-01-12 00:00,2190,56,55,0.00,50,0.04,,22.3,14.1,0.22,0.44,,0.0,5.3,9.0,32.4,,55,56,57,57
2017-01-12 01:00,2190,55,54,0.00,51,0.04,,26.8,18.6,0.23,0.43,,0.0,5.8,9.0,37.3,,55,56,57,57
2017-01-12 02:00,2190,54,54,0.00,57,0.04,,29.2,19.5,0.24,0.43,,0.0,5.8,9.0,37.3,,54,55,57,57
2017-01-12 03:00,2190,54,54,0.00,56,0.04,,21.2,14.6,0.24,0.43,,0.0,6.0,9.0,32.4,,54,55,57,57
2017-01-12 04:00,2190,54,54,0.00,57,0.04,,22.8,15.4,0.25,0.42,,0.0,5.6,8.6,37.3,,54,55,57,57
2017-01-12 05:00,2190,54,53,0.00,61,0.03,,20.9,12.3,0.25,0.42,,0.0,5.8,9.0,37.3,,53,54,57,57
2017-01-12 06:00,2190,53,53,0.00,61,0.23,,19.7,13.2,0.25,0.41,,0.0,5.8,8.8,37.3,,53,54,57,57
2017-01-12 07:00,2190,54,53,0.00,60,19.30,,24.3,15.5,0.24,0.41,,0.0,5.8,9.2,37.3,,53,54,57,57
2017-01-12 08:00,2190,55,54,0.00,57,65.51,,26.6,18.0,0.24,0.42,,0.0,5.8,8.6,37.3,,53,54,57,57
2017-01-12 09:00,2190,55,54,0.00,56,134.40,,30.6,22.8,0.25,0.43,,0.0,5.8,8.8,37.3,,52,54,56,57
2017-01-12 10:00,2190,57,54,0.00,61,352.40,,24.5,16.6,0.26,0.44,,,5.2,8.2,32.4,,53,54,56,57
2017-01-12 11:00,2190,56,53,0.00,54,174.90,,22.6,17.1,0.26,0.44,,0.0,5.2,8.8,37.3,,53,54,56,57
2017-01-12 12:00,2190,53,51,0.00,76,127.70,,20.2,13.1,0.30,0.39,,0.0,5.8,8.8,32.4,,55,54,56,57
2017-01-12 13:00,2190,53,52,0.00,79,162.10,,15.4,11.3,0.30,0.40,,0.5,5.8,8.2,37.3,,55,54,56,57
2017-01-12 14:00,2190,53,52,0.00,73,94.70,,17.6,11.9,0.30,0.40,,0.0,6.0,8.8,32.4,,54,54,56,57
2017-01-12 15:00,2190,52,50,0.02,82,29.67,,18.5,12.2,0.31,0.38,,0.0,6.0,8.8,32.4,,54,54,56,57
2017-01-12 16:00,2190,50,49,0.01,84,6.50,,14.6,8.7,0.31,0.36,,0.0,6.0,8.8,32.4,,54,54,56,57
2017-01-12 17:00,2190,49,49,0.00,88,0.04,,12.7,8.4,0.31,0.35,,0.0,5.6,8.8,37.3,,53,54,56,57
2017-01-12 18:00,2190,50,49,0.00,90,0.01,,13.6,8.0,0.31,0.35,,0.0,5.8,8.8,37.3,,52,54,56,57
2017-01-12 19:00,2190,50,49,0.00,83,0.02,,17.0,9.9,0.30,0.35,,0.0,5.8,8.4,32.4,,51,54,56,57
2017-01-12 20:00,2190,49,49,0.00,89,0.01,,15.5,9.5,0.31,0.35,,,6.0,8.8,32.4,,51,53,56,57
2017-01-12 21:00,2190,49,48,0.00,87,0.01,,11.7,6.3,0.30,0.35,,,5.3,8.4,32.4,,51,53,56,57
2017-01-12 22:00,2190,48,47,0.00,88,0.01,,10.6,6.4,0.30,0.33,,,5.6,8.8,32.4,,51,53,56,57
2017-01-12 23:00,2190,47,45,0.00,89,0.01,,6.6,3.3,0.29,0.32,,,5.6,8.4,32.4,,50,52,56,57
2017-01-13 00:00,2190,47,44,0.00,90,0.01,,4.4,2.9,0.28,0.31,,,5.4,9.0,32.4,,49,52,56,57
2017-01-13 01:00,2190,45,42,0.00,89,0.00,,3.4,1.9,0.26,0.29,,,5.6,8.4,37.3,,49,52,56,57
2017-01-13 02:00,2190,42,42,0.00,91,0.00,,4.8,2.4,0.25,0.27,,,5.6,8.4,32.4,,48,51,56,57
2017-01-13 03:00,2190,42,42,0.00,93,0.00,,7.5,4.6,0.25,0.27,,0.0,5.2,8.4,32.4,,47,51,56,57
2017-01-13 04:00,2190,42,42,0.00,95,0.00,,7.3,4.5,0.25,0.27,,0.0,5.2,8.4,32.4,,47,50,55,57
2017-01-13 05:00,2190,42,41,0.00,94,0.00,,6.2,4.4,0.25,0.27,,,5.7,8.6,32.4,,46,50,55,57
2017-01-13 06:00,2190,42,42,0.00,93,0.60,,8.3,4.5,0.24,0.27,,,5.3,8.6,32.4,,46,50,55,58
2017-01-13 07:00,2190,43,41,0.00,91,31.28,,7.8,3.2,0.25,0.27,,,5.6,8.9,37.3,,46,49,55,58
2017-01-13 08:00,2190,48,43,0.00,90,92.50,,10.2,3.3,0.27,0.30,,,5.6,8.9,32.4,,46,49,55,58
2017-01-13 09:00,2190,51,48,0.00,82,162.90,,15.6,9.0,0.27,0.35,,,5.6,8.4,32.4,,46,49,54,58
2017-01-13 10:00,2190,51,50,0.01,70,114.10,,16.4,7.4,0.28,0.37,,0.0,5.6,8.4,32.4,,47,49,55,58
2017-01-13 11:00,2190,51,50,0.03,78,134.80,,14.7,9.1,0.29,0.38,,,5.6,8.9,32.4,,48,49,55,58
2017-01-13 12:00,2190,52,51,0.00,79,184.80,,15.4,11.2,0.30,0.38,,,5.7,7.8,32.4,,49,49,54,58
2017-01-13 13:00,2190,52,51,0.01,82,122.70,,13.3,7.9,0.31,0.38,,,5.2,8.7,32.4,,49,50,54,58
2017-01-13 14:00,2190,52,52,0.01,79,105.90,,15.4,10.6,0.31,0.39,,0.0,5.2,8.1,32.4,,50,50,54,58
2017-01-13 15:00,2190,53,52,0.00,80,79.42,,19.3,11.8,0.29,0.39,,0.0,5.6,8.3,32.4,,50,51,54,58
2017-01-13 16:00,2190,53,52,0.00,70,24.19,,18.5,9.6,0.28,0.41,,0.5,5.6,8.9,32.4,,50,51,54,58
2017-01-13 17:00,2190,54,51,0.00,74,0.20,,17.0,11.2,0.27,0.40,,0.5,5.6,8.3,32.4,,50,51,54,58
2017-01-13 18:00,2190,51,50,0.00,70,0.01,,16.8,11.7,0.26,0.38,,1.5,5.4,8.3,37.3,,50,51,54,58
2017-01-13 19:00,2190,51,50,0.00,67,0.00,,18.1,13.9,0.24,0.37,,,5.6,8.0,32.4,,49,51,54,58
2017-01-13 20:00,2190,50,50,0.00,64,0.01,,19.1,13.9,0.23,0.37,,0.0,5.6,9.1,32.4,,49,51,54,58
2017-01-13 21:00,2190,50,49,0.00,63,0.01,,19.6,14.0,0.22,0.35,,0.0,5.2,8.3,32.4,,48,50,54,58
2017-01-13 22:00,2190,49,48,0.00,64,0.01,,18.8,14.8,0.22,0.34,,0.0,5.2,8.3,32.4,,47,50,54,58
2017-01-13 23:00,2190,48,47,0.00,62,0.01,,23.0,15.9,0.21,0.33,,0.0,5.4,8.3,32.4,,47,50,54,58
2017-01-14 00:00,2190,48,48,0.00,60,0.01,,24.7,17.6,0.20,0.33,,0.0,5.7,8.3,32.4,,47,49,54,58
2017-01-14 01:00,2190,48,48,0.00,58,0.01,,23.0,16.5,0.20,0.33,,,5.3,8.2,32.4,,46,49,54,58
2017-01-14 02:00,2190,48,47,0.00,59,0.01,,21.9,16.5,0.19,0.33,,,5.3,8.3,32.4,,46,49,54,58
2017-01-14 03:00,2190,47,47,0.00,61,0.01,,23.6,16.9,0.19,0.32,,,5.6,8.4,32.4,,46,48,54,58
2017-01-14 04:00,2190,48,46,0.00,59,0.00,,27.3,18.2,0.19,0.32,,,5.6,8.8,32.4,,45,48,54,58
2017-01-14 05:00,2190,47,45,0.00,59,0.00,,25.3,18.2,0.19,0.32,,,5.2,8.6,32.4,,45,48,53,58
2017-01-14 06:00,2190,46,45,0.00,61,0.89,,23.3,15.6,0.18,0.31,,,5.2,8.8,32.4,,45,48,53,58
2017-01-14 07:00,2190,47,45,0.00,59,40.55,,23.4,16.4,0.18,0.31,,,5.1,8.8,32.4,,45,47,53,58
2017-01-14 08:00,2190,52,47,0.00,55,243.30,,23.9,17.1,0.18,0.35,,,5.4,8.4,32.4,,44,47,53,58
2017-01-14 09:00,2190,54,52,0.00,49,397.10,,24.5,17.8,0.19,0.40,,,5.4,8.4,32.4,,45,47,53,58
2017-01-14 10:00,2190,58,54,0.00,44,505.40,,24.9,17.0,0.19,0.45,,,5.4,8.4,32.4,,46,47,53,58
2017-01-14 11:00,2190,60,58,0.00,39,558.20,,19.6,14.4,0.19,0.51,,,5.0,8.5,32.4,,48,48,53,58
2017-01-14 12:00,2190,63,60,0.00,37,550.70,,19.6,13.5,0.20,0.54,,,5.4,8.5,37.3,,51,49,53,58
2017-01-14 13:00,2190,63,63,0.00,34,483.00,,18.6,12.0,0.20,0.58,,,5.6,8.1,32.4,,54,50,53,58
2017-01-14 14:00,2190,64,63,0.00,36,359.80,,17.4,10.3,0.21,0.59,,0.0,5.3,8.1,32.4,,56,51,53,58
2017-01-14 15:00,2190,64,63,0.00,34,205.30,,18.8,11.7,0.21,0.60,,0.0,5.7,8.1,32.4,,58,53,53,58
2017-01-14 16:00,2190,63,59,0.00,38,41.79,,13.1,9.1,0.22,0.56,,,5.9,8.5,32.4,,59,54,53,58
2017-01-14 17:00,2190,59,55,0.00,44,0.37,,11.7,7.5,0.23,0.48,,,5.4,8.8,32.4,,58,55,54,58
2017-01-14 18:00,2190,58,54,0.00,54,0.06,,19.8,8.8,0.23,0.45,,,5.8,8.8,32.4,,57,55,54,58
2017-01-14 19:00,2190,57,52,0.00,46,0.05,,12.8,9.1,0.20,0.43,,,5.8,8.8,32.4,,56,55,54,58
2017-01-14 20:00,2190,52,51,0.00,51,0.02,,16.4,11.4,0.19,0.38,,,5.9,8.5,32.4,,54,54,54,58
2017-01-14 21:00,2190,51,49,0.00,49,0.02,,17.8,12.6,0.18,0.37,,,5.9,8.0,32.4,,53,54,54,58
2017-01-14 22:00,2190,49,48,0.00,50,0.01,,17.4,11.1,0.18,0.34,,,5.4,8.9,37.3,,52,53,55,58
2017-01-14 23:00,2190,48,47,0.00,53,0.01,,14.9,9.8,0.18,0.33,,,6.0,8.7,32.4,,51,53,55,58
2017-01-15 00:00,2190,47,46,0.00,54,0.00,,16.7,11.4,0.17,0.32,,0.4,5.8,8.4,32.4,,50,52,55,58
2017-01-15 01:00,2190,46,46,0.00,55,0.01,,15.4,9.8,0.17,0.31,,,5.9,8.7,32.4,,49,52,55,58
2017-01-15 02:00,2190,46,45,0.00,56,0.00,,16.8,11.1,0.17,0.30,,0.0,5.6,8.4,32.4,,48,51,55,58
2017-01-15 03:00,2190,45,44,0.00,57,0.01,,15.5,9.8,0.17,0.29,,,5.8,8.7,32.4,,47,51,54,57
2017-01-15 04:00,2190,44,42,0.00,58,0.00,,15.3,9.8,0.17,0.28,,,5.6,7.8,32.4,,47,50,54,57
2017-01-15 05:00,2190,43,42,0.00,60,0.00,,15.4,10.8,0.17,0.27,,,5.6,8.9,32.4,,46,50,54,57
2017-01-15 06:00,2190,44,42,0.00,60,1.06,,17.0,10.9,0.16,0.27,,1.4,5.2,8.1,32.4,,45,49,54,57
2017-01-15 07:00,2190,45,42,0.00,59,75.71,,18.5,9.7,0.16,0.28,,,5.2,8.3,32.4,,45,49,54,57
2017-01-15 08:00,2190,48,45,0.00,52,251.10,,18.5,13.5,0.16,0.31,,,5.3,8.5,32.4,,44,48,54,57
2017-01-15 09:00,2190,52,48,0.00,46,403.90,,19.1,14.6,0.16,0.36,,0.0,5.6,8.5,32.4,,45,48,54,57
2017-01-15 10:00,2190,55,52,0.00,40,514.50,,20.2,14.8,0.15,0.41,,,5.6,8.8,32.4,,46,48,54,57
2017-01-15 11:00,2190,57,55,0.00,36,568.90,,18.5,14.0,0.15,0.45,,,5.7,8.5,32.4,,48,48,53,57
2017-01-15 12:00,2190,59,57,0.00,33,561.20,,16.7,11.2,0.15,0.48,,,5.2,8.7,32.4,,51,49,53,57
2017-01-15 13:00,2190,61,59,0.00,30,494.50,,14.9,9.5,0.15,0.52,,0.0,5.8,8.9,32.4,,54,50,53,57
2017-01-15 14:00,2190,62,61,0.00,27,374.40,,12.7,7.1,0.14,0.55,,,5.8,8.4,32.4,,56,52,53,57
2017-01-15 15:00,2190,62,61,0.00,25,216.80,,10.8,7.2,0.14,0.55,,0.0,6.0,8.4,32.4,,58,53,53,57
2017-01-15 16:00,2190,61,55,0.00,25,45.35,,10.2,5.6,0.14,0.52,,0.0,5.8,8.8,32.4,,58,54,54,57
2017-01-15 17:00,2190,55,52,0.00,35,0.43,,6.6,3.6,0.16,0.41,,,5.6,8.4,32.4,,58,55,54,57
2017-01-15 18:00,2190,52,50,0.00,41,0.03,,6.6,3.0,0.15,0.38,,,6.0,8.8,32.4,,57,55,54,57
2017-01-15 19:00,2190,51,49,0.00,38,0.01,,9.2,4.4,0.14,0.37,,0.3,6.0,8.3,32.4,,55,55,54,57
2017-01-15 20:00,2190,51,49,0.00,41,0.00,,7.8,4.2,0.14,0.37,,0.0,5.8,8.3,32.4,,53,54,54,57
2017-01-15 21:00,2190,50,49,0.00,39,0.00,,7.0,3.1,0.14,0.36,,0.0,5.9,8.1,32.4,,52,53,55,57
2017-01-15 22:00,2190,50,49,0.00,41,0.01,,13.2,7.0,0.14,0.35,,1.1,5.4,8.7,32.4,,51,53,55,57
2017-01-15 23:00,2190,49,47,0.00,40,0.01,,15.5,9.7,0.14,0.35,,0.0,5.7,8.7,32.4,,50,52,55,57
2017-01-16 00:00,2190,47,45,0.00,42,0.00,,13.3,6.9,0.14,0.31,,,6.0,8.4,37.3,,49,52,55,57
2017-01-16 01:00,2190,45,44,0.00,45,0.00,,18.5,9.4,0.14,0.30,,0.0,5.8,8.7,32.4,,49,51,55,57
2017-01-16 02:00,2190,45,44,0.00,46,0.00,,22.9,15.7,0.13,0.29,,0.0,5.3,8.7,32.4,,48,51,55,57
2017-01-16 03:00,2190,44,43,0.00,46,0.00,,26.9,17.8,0.13,0.29,,0.0,5.3,8.7,32.4,,47,50,54,57
2017-01-16 04:00,2190,43,42,0.00,47,0.00,,23.9,15.4,0.13,0.27,,0.0,5.4,8.7,32.4,,46,50,54,57
2017-01-16 05:00,2190,42,41,0.00,49,0.00,,20.4,14.1,0.13,0.26,,0.0,5.4,8.7,32.4,,46,49,54,57
2017-01-16 06:00,2190,41,41,0.00,48,0.88,,21.0,14.2,0.12,0.26,,0.0,5.6,8.9,32.4,,45,49,54,57
2017-01-16 07:00,2190,44,40,0.00,47,77.36,,25.8,17.4,0.12,0.26,,,5.2,8.5,32.4,,44,48,54,57
2017-01-16 08:00,2190,47,44,0.00,40,263.20,,25.7,17.9,0.12,0.30,,0.0,5.7,8.5,32.4,,44,48,54,57
2017-01-16 09:00,2190,51,47,0.00,33,420.30,,29.1,21.3,0.11,0.34,,0.0,5.3,8.6,37.3,,44,47,54,57
2017-01-16 10:00,2190,54,51,0.00,28,531.60,,27.7,20.0,0.10,0.39,,,5.0,8.8,32.4,,45,47,54,57
2017-01-16 11:00,2190,56,54,0.00,23,587.70,,23.6,17.6,0.10,0.43,,,5.2,8.8,37.3,,47,48,53,57
2017-01-16 12:00,2190,58,56,0.00,21,579.80,,21.2,14.4,0.09,0.47,,,5.6,8.4,32.4,,50,49,53,57
2017-01-16 13:00,2190,59,57,0.00,19,510.70,,19.5,13.3,0.09,0.49,,,5.6,8.9,32.4,,52,50,53,57
2017-01-16 14:00,2190,60,59,0.00,18,389.60,,17.8,10.5,0.09,0.51,,0.0,5.8,8.5,32.4,,55,51,53,57
2017-01-16 15:00,2190,60,59,0.00,15,228.10,,18.5,12.1,0.09,0.52,,0.0,5.4,8.5,32.4,,56,52,53,57
2017-01-16 16:00,2190,59,55,0.00,19,49.69,,14.6,9.7,0.10,0.48,,,5.4,8.4,32.4,,57,53,53,57
2017-01-16 17:00,2190,55,49,0.00,24,0.48,,10.2,5.1,0.11,0.39,,0.0,5.6,8.4,32.4,,57,54,54,57
2017-01-16 18:00,2190,49,47,0.00,31,0.04,,12.1,8.5,0.11,0.34,,0.8,5.6,8.8,32.4,,55,54,54,57
2017-01-16 19:00,2190,47,45,0.00,32,0.02,,12.1,8.8,0.10,0.32,,,5.8,8.8,32.4,,53,54,54,57
2017-01-16 20:00,2190,46,44,0.00,32,0.00,,13.4,5.3,0.10,0.30,,0.0,5.6,8.3,32.4,,51,53,54,57
2017-01-16 21:00,2190,46,44,0.00,30,0.00,,13.7,9.8,0.10,0.31,,0.0,6.0,8.0,32.4,,50,52,54,57
2017-01-16 22:00,2190,45,44,0.00,33,0.00,,18.2,12.1,0.10,0.29,,,6.0,8.0,32.4,,49,52,54,57
2017-01-16 23:00,2190,45,44,0.00,34,0.01,,18.7,12.8,0.10,0.29,,1.7,5.8,8.3,32.4,,47,51,54,57
2017-01-17 00:00,2190,44,43,0.00,35,0.00,,18.4,12.2,0.10,0.29,,0.0,5.9,8.0,37.3,,47,50,54,57
2017-01-17 01:00,2190,43,41,0.00,38,0.00,,14.8,9.6,0.10,0.27,,0.0,5.3,8.3,37.3,,46,50,54,57
2017-01-17 02:00,2190,41,41,0.00,40,0.00,,15.1,8.9,0.10,0.26,,0.0,5.4,8.3,32.4,,46,49,54,57
2017-01-17 03:00,2190,41,39,0.00,41,0.00,,14.5,7.5,0.11,0.25,,,5.6,8.5,32.4,,45,49,54,57
2017-01-17 04:00,2190,40,37,0.00,42,0.00,,9.3,4.6,0.11,0.23,,,5.8,8.8,32.4,,44,48,54,57
2017-01-17 05:00,2190,38,36,0.00,48,0.00,,10.9,4.7,0.10,0.22,,0.0,5.2,8.6,32.4,,43,47,54,57
2017-01-17 06:00,2190,37,35,0.00,49,1.10,,13.6,8.5,0.10,0.21,,0.0,5.3,8.4,32.4,,42,47,53,57
2017-01-17 07:00,2190,40,37,0.00,47,84.30,,13.1,7.6,0.10,0.23,,,5.6,8.4,37.3,,41,46,53,57
2017-01-17 08:00,2190,43,40,0.00,41,267.90,,7.1,4.6,0.10,0.26,,,5.1,8.5,37.3,,41,46,53,57
2017-01-17 09:00,2190,51,43,0.00,37,423.90,,12.4,8.4,0.10,0.32,,0.0,5.4,8.5,32.4,,41,45,53,57
2017-01-17 10:00,2190,53,51,0.00,26,536.50,,10.7,6.4,0.09,0.38,,,5.1,8.5,37.3,,43,45,53,57
2017-01-17 11:00,2190,55,53,0.00,24,592.50,,9.2,4.1,0.09,0.42,,,5.0,8.4,32.4,,46,46,52,57
2017-01-17 12:00,2190,58,55,0.00,19,586.90,,10.6,3.5,0.09,0.47,,,5.2,8.4,37.3,,49,47,52,57
2017-01-17 13:00,2190,61,58,0.00,17,519.10,,9.0,3.2,0.08,0.51,,,5.4,8.7,37.3,,52,48,52,57
2017-01-17 14:00,2190,61,60,0.00,15,395.10,,7.7,2.7,0.08,0.53,,0.0,5.4,8.7,32.4,,56,50,52,57
2017-01-17 15:00,2190,63,61,0.00,16,232.40,,6.0,1.5,0.08,0.56,,0.0,5.6,8.6,37.3,,58,52,52,57
2017-01-17 16:00,2190,62,57,0.00,15,47.98,,4.1,1.3,0.08,0.53,,0.0,5.6,8.7,37.3,,59,53,52,57
2017-01-17 17:00,2190,57,49,0.00,18,0.38,,6.9,5.3,0.11,0.40,,0.0,5.8,8.4,37.3,,58,54,53,57
2017-01-17 18:00,2190,50,44,0.00,31,0.03,,6.4,3.7,0.11,0.34,,0.0,6.2,8.1,37.3,,57,55,53,57
2017-01-17 19:00,2190,45,42,0.00,39,0.01,,4.8,2.4,0.11,0.30,,0.0,5.8,8.5,32.4,,55,54,53,57
2017-01-17 20:00,2190,43,42,0.00,45,0.01,,6.0,4.8,0.12,0.27,,0.0,6.0,8.4,37.3,,53,54,54,57
2017-01-17 21:00,2190,42,37,0.00,49,0.01,,7.3,3.4,0.13,0.25,,,5.8,8.8,37.3,,51,53,54,57
2017-01-17 22:00,2190,37,35,0.00,56,0.00,,5.4,3.9,0.13,0.22,,0.0,5.9,8.8,32.4,,49,52,54,57
2017-01-17 23:00,2190,36,33,0.00,64,0.00,,3.2,1.6,0.14,0.21,,0.0,5.4,8.8,37.3,,47,51,54,57
2017-01-18 00:00,2190,34,32,0.00,68,0.00,,3.7,1.0,0.12,0.19,,0.0,5.8,8.3,37.3,,46,50,54,57
2017-01-18 01:00,2190,32,32,0.00,68,0.00,,4.4,2.7,0.12,0.18,,0.0,5.3,8.4,32.4,,45,49,54,57
2017-01-18 02:00,2190,33,31,0.00,65,0.00,,6.7,3.7,0.12,0.18,,0.0,5.8,7.8,37.3,,44,49,54,57
2017-01-18 03:00,2190,31,30,0.00,68,0.00,,5.6,3.1,0.12,0.17,,0.0,5.6,8.8,37.3,,42,48,54,57
2017-01-18 04:00,2190,30,28,0.00,66,0.00,,5.0,3.1,0.11,0.16,,0.0,5.2,8.8,37.3,,41,47,53,57
2017-01-18 05:00,2190,28,27,0.00,75,0.00,,6.0,2.8,0.12,0.15,,0.0,5.3,8.4,37.3,,40,46,53,57
2017-01-18 06:00,2190,28,27,0.00,76,2.84,,4.8,2.1,0.12,0.15,,1.1,5.0,8.5,37.3,,40,46,53,57
2017-01-18 07:00,2190,32,26,0.00,80,83.20,,2.8,1.2,0.12,0.16,,0.0,5.1,8.5,32.4,,39,45,53,57
2017-01-18 08:00,2190,38,32,0.00,70,261.40,,5.5,2.7,0.13,0.19,,0.0,5.2,8.1,37.3,,38,44,53,57
2017-01-18 09:00,2190,45,38,0.00,56,421.10,,3.6,1.3,0.13,0.25,,,5.0,8.4,37.3,,38,44,52,57
2017-01-18 10:00,2190,50,45,0.00,41,542.30,,4.0,1.5,0.12,0.32,,0.0,5.0,8.7,37.3,,40,44,52,57
2017-01-18 11:00,2190,55,50,0.00,33,578.70,,4.3,1.6,0.12,0.38,,,5.2,7.9,37.3,,43,44,52,57
2017-01-18 12:00,2190,56,54,0.00,30,527.70,,11.7,4.0,0.13,0.43,,,5.0,8.5,37.3,,47,45,51,57
2017-01-18 13:00,2190,59,56,0.00,27,324.80,,18.8,12.6,0.12,0.48,,,4.9,8.5,37.3,,51,47,51,57
2017-01-18 14:00,2190,59,58,0.00,23,301.10,,22.6,16.4,0.10,0.50,,,5.1,8.5,37.3,,54,49,51,57
2017-01-18 15:00,2190,58,56,0.00,21,97.10,,20.6,15.2,0.11,0.47,,0.0,5.4,8.5,37.3,,55,50,51,57
2017-01-18 16:00,2190,56,56,0.00,26,22.75,,19.6,14.1,0.12,0.45,,0.0,5.6,8.5,37.3,,55,51,52,57
2017-01-18 17:00,2190,56,56,0.00,29,0.18,,17.9,13.0,0.13,0.45,,0.0,5.4,8.5,37.3,,55,52,52,57
2017-01-18 18:00,2190,56,55,0.00,31,0.08,,22.1,15.9,0.15,0.44,,0.0,5.8,8.9,37.3,,54,52,52,57
2017-01-18 19:00,2190,55,53,0.00,40,0.06,,30.1,18.5,0.19,0.43,,0.0,5.8,8.9,37.3,,53,52,52,57
2017-01-18 20:00,2190,53,49,0.01,54,0.02,,29.0,21.3,0.23,0.38,,,5.8,8.7,31.0,,52,52,53,57
2017-01-18 21:00,2190,49,49,0.00,73,0.02,,27.4,20.1,0.25,0.35,,,5.4,8.4,31.0,,51,52,53,57
2017-01-18 22:00,2190,49,48,0.00,73,0.01,,24.8,15.0,0.26,0.35,,0.0,5.8,8.1,37.3,,50,51,53,57
2017-01-18 23:00,2190,48,48,0.00,78,0.03,,22.6,14.8,0.26,0.34,,0.0,5.8,8.1,37.3,,49,51,53,57
2017-01-19 00:00,2190,48,47,0.00,78,0.00,,21.7,15.6,0.26,0.33,,,5.4,8.5,37.3,,49,51,53,57
2017-01-19 01:00,2190,47,47,0.00,80,0.01,,22.8,16.3,0.26,0.33,,0.0,5.4,8.5,37.3,,49,50,53,57
2017-01-19 02:00,2190,48,47,0.00,79,0.02,,23.0,16.5,0.26,0.33,,0.0,5.7,8.5,37.3,,49,50,53,57
2017-01-19 03:00,2190,48,47,0.00,78,0.01,,26.2,18.4,0.26,0.33,,0.0,5.7,8.5,37.3,,48,50,53,57
2017-01-19 04:00,2190,49,48,0.00,77,0.01,,24.8,17.4,0.26,0.34,,0.0,5.7,8.5,37.3,,48,50,53,57
2017-01-19 05:00,2190,49,49,0.00,78,0.01,,27.0,19.4,0.27,0.35,,0.0,5.3,8.8,37.3,,48,49,53,57
2017-01-19 06:00,2190,51,49,0.00,78,0.17,,25.2,15.8,0.27,0.36,,0.0,5.6,8.5,37.3,,48,49,53,57
2017-01-19 07:00,2190,51,50,0.00,76,13.82,,24.7,14.3,0.27,0.36,,0.0,5.8,8.1,37.3,,48,49,53,57
2017-01-19 08:00,2190,50,50,0.00,75,66.50,,23.3,13.2,0.27,0.36,,,5.8,8.1,37.3,,48,49,53,57
2017-01-19 09:00,2190,51,50,0.00,76,139.40,,28.9,17.7,0.27,0.37,,0.0,5.4,8.1,37.3,,48,49,53,57
2017-01-19 10:00,2190,53,51,0.00,74,346.50,,25.7,19.2,0.27,0.39,,,5.8,8.1,37.3,,48,49,53,57
2017-01-19 11:00,2190,55,53,0.00,64,354.90,,24.0,17.2,0.26,0.40,,,5.3,8.8,37.3,,49,49,53,57
2017-01-19 12:00,2190,56,54,0.00,61,369.50,,22.7,17.2,0.26,0.43,,,5.4,8.5,37.3,,51,50,53,57
2017-01-19 13:00,2190,56,54,0.00,61,286.80,,20.7,16.2,0.27,0.43,,,5.6,8.1,31.0,,52,51,53,57
2017-01-19 14:00,2190,56,56,0.00,63,373.50,,23.6,17.7,0.28,0.45,,,5.4,8.4,37.3,,53,51,53,57
2017-01-19 15:00,2190,57,55,0.00,60,242.70,,21.8,16.4,0.27,0.46,,0.0,5.6,8.1,31.0,,54,52,53,57
2017-01-19 16:00,2190,55,53,0.00,62,57.08,,18.8,12.9,0.27,0.43,,0.0,6.0,8.1,37.3,,55,53,53,57
2017-01-19 17:00,2190,53,51,0.00,66,0.51,,16.2,9.4,0.27,0.39,,0.0,6.3,8.5,37.3,,55,53,53,57
2017-01-19 18:00,2190,51,50,0.00,72,0.03,,11.6,7.6,0.27,0.37,,0.0,6.3,8.5,37.3,,54,53,53,57
2017-01-19 19:00,2190,50,48,0.00,72,0.02,,11.0,8.5,0.26,0.36,,0.0,5.8,8.5,37.3,,52,53,53,57
2017-01-19 20:00,2190,49,48,0.00,71,0.01,,11.0,6.9,0.22,0.34,,0.0,5.7,8.4,37.3,,51,52,54,57
2017-01-19 21:00,2190,48,46,0.00,61,0.01,,11.6,6.8,0.21,0.33,,0.0,5.6,8.4,37.3,,50,52,54,57
2017-01-19 22:00,2190,47,46,0.00,68,0.01,,12.5,7.6,0.21,0.32,,0.0,5.8,8.4,37.3,,49,51,54,57
2017-01-19 23:00,2190,48,47,0.00,65,0.01,,11.8,7.1,0.21,0.33,,0.0,5.6,8.4,31.0,,48,51,53,57
2017-01-20 00:00,2190,47,46,0.00,60,0.01,,12.8,8.0,0.20,0.32,,0.0,5.6,8.8,37.3,,48,50,54,57
2017-01-20 01:00,2190,48,46,0.00,64,0.00,,17.2,11.2,0.21,0.33,,0.0,5.4,8.7,37.3,,47,50,54,57
2017-01-20 02:00,2190,47,46,0.00,68,0.00,,19.0,10.7,0.22,0.32,,0.0,5.7,8.4,37.3,,47,49,53,57
2017-01-20 03:00,2190,48,47,0.00,68,0.00,,17.8,10.6,0.22,0.33,,,5.7,8.8,37.3,,47,49,53,57
2017-01-20 04:00,2190,48,47,0.00,67,0.00,,15.8,11.5,0.23,0.33,,,5.6,8.4,37.3,,46,49,53,57
2017-01-20 05:00,2190,49,47,0.00,72,0.01,,19.3,12.4,0.23,0.33,,,5.8,8.4,31.0,,47,49,53,57
2017-01-20 06:00,2190,50,49,0.00,67,0.38,,24.1,17.6,0.22,0.35,,,5.4,8.5,37.2,,47,49,53,57
2017-01-20 07:00,2190,50,49,0.00,60,6.31,,24.8,17.8,0.22,0.35,,,5.8,8.1,37.2,,47,48,53,57
2017-01-20 08:00,2190,49,47,0.00,67,22.82,,25.8,17.5,0.24,0.35,,,5.4,8.1,37.2,,47,48,53,57
2017-01-20 09:00,2190,47,47,0.03,79,49.57,,21.7,15.4,0.26,0.32,,,5.4,8.1,37.2,,47,48,53,57
2017-01-20 10:00,2190,47,47,0.02,82,79.43,,21.9,15.3,0.27,0.32,,,5.8,8.4,31.1,,47,48,52,57
2017-01-20 11:00,2190,47,46,0.03,81,89.60,,23.2,14.6,0.27,0.32,,,5.6,8.1,31.1,,47,48,53,57
2017-01-20 12:00,2190,49,47,0.00,84,222.80,,22.3,16.5,0.27,0.33,,,5.3,8.8,31.1,,47,48,53,57
2017-01-20 13:00,2190,49,49,0.00,84,87.80,,26.4,18.3,0.27,0.35,,,5.3,8.4,31.1,,47,48,53,57
2017-01-20 14:00,2190,49,47,0.05,77,47.72,,21.5,11.7,0.29,0.33,,,5.3,8.4,31.1,,48,49,53,57
2017-01-20 15:00,2190,48,47,0.02,90,37.66,,24.6,17.3,0.29,0.33,,,5.4,8.7,31.1,,48,49,52,57
2017-01-20 16:00,2190,48,46,0.01,86,12.98,,25.6,16.3,0.28,0.32,,,5.7,8.7,31.1,,47,49,52,57
2017-01-20 17:00,2190,47,46,0.00,88,0.18,,24.3,14.0,0.27,0.31,,,5.4,8.4,31.1,,47,49,52,57
2017-01-20 18:00,2190,47,46,0.00,88,0.02,,24.7,17.4,0.28,0.32,,,5.7,8.7,31.1,,47,49,52,57
2017-01-20 19:00,2190,47,46,0.00,84,0.01,,20.7,13.9,0.27,0.32,,,5.7,8.4,31.1,,47,48,52,57
2017-01-20 20:00,2190,47,46,0.00,88,0.01,,19.9,14.6,0.27,0.32,,,5.2,8.4,31.1,,46,48,52,57
2017-01-20 21:00,2190,46,45,0.00,86,0.01,,18.4,11.7,0.26,0.31,,,5.6,8.4,31.1,,46,48,52,57
2017-01-20 22:00,2190,45,44,0.00,86,0.00,,17.4,12.1,0.25,0.30,,0.0,5.4,8.4,31.1,,46,48,52,57
2017-01-20 23:00,2190,45,44,0.00,83,0.01,,19.7,12.4,0.24,0.30,,0.0,5.8,8.7,31.1,,45,48,52,57
2017-01-21 00:00,2190,45,44,0.00,80,0.01,,15.8,10.8,0.22,0.29,,0.0,5.1,8.7,37.2,,44,47,52,57
2017-01-21 01:00,2190,45,43,0.00,72,0.01,,15.6,8.9,0.22,0.29,,,5.3,8.9,31.1,,44,47,52,57
2017-01-21 02:00,2190,43,41,0.00,76,0.01,,10.9,6.5,0.21,0.28,,,5.3,8.7,31.1,,43,47,52,57
2017-01-21 03:00,2190,41,39,0.00,82,0.00,,5.9,4.0,0.21,0.25,,,4.9,7.9,31.1,,43,46,52,57
2017-01-21 04:00,2190,39,36,0.00,89,0.00,,5.2,3.1,0.21,0.24,,,5.4,8.6,31.1,,42,46,52,57
2017-01-21 05:00,2190,37,36,0.00,89,0.00,,3.0,1.1,0.19,0.21,,0.0,5.4,8.9,31.1,,42,46,51,57
2017-01-21 06:00,2190,37,35,0.00,91,1.19,,4.1,2.0,0.19,0.21,,0.0,4.9,8.9,31.1,,41,45,51,57
2017-01-21 07:00,2190,39,35,0.00,90,92.80,,3.8,1.3,0.19,0.22,,0.0,5.2,9.3,31.1,,40,45,51,57
2017-01-21 08:00,2190,45,39,0.00,87,267.40,,9.3,4.1,0.21,0.27,,0.0,5.3,8.5,31.1,,39,44,51,57
2017-01-21 09:00,2190,49,45,0.00,69,423.90,,16.7,10.8,0.21,0.32,,0.0,4.7,8.5,31.1,,40,44,51,57
2017-01-21 10:00,2190,51,49,0.00,58,536.40,,17.6,13.2,0.20,0.36,,,5.3,8.5,31.1,,42,44,51,57
2017-01-21 11:00,2190,53,51,0.00,51,592.60,,15.3,11.4,0.19,0.39,,,5.2,8.1,31.1,,44,44,51,57
2017-01-21 12:00,2190,54,53,0.00,50,587.80,,17.1,12.0,0.17,0.41,,,5.4,8.5,37.2,,47,45,51,57
2017-01-21 13:00,2190,55,54,0.00,39,521.90,,17.9,12.7,0.17,0.42,,,5.1,8.5,31.1,,50,47,51,57
2017-01-21 14:00,2190,55,54,0.00,44,401.00,,17.2,11.9,0.19,0.43,,,5.4,8.3,31.1,,52,48,51,57
2017-01-21 15:00,2190,55,55,0.00,42,240.40,,16.3,11.1,0.18,0.44,,,5.4,8.5,31.1,,53,49,51,57
2017-01-21 16:00,2190,55,52,0.00,42,61.70,,13.5,10.2,0.19,0.43,,0.0,5.6,8.3,31.1,,54,50,51,57
2017-01-21 17:00,2190,52,50,0.00,52,0.57,,10.6,7.7,0.21,0.38,,0.0,5.7,8.5,31.1,,53,51,51,57
2017-01-21 18:00,2190,50,48,0.00,58,0.02,,7.1,5.2,0.21,0.35,,0.6,5.7,8.5,31.1,,52,51,51,57
2017-01-21 19:00,2190,48,45,0.00,61,0.01,,5.4,1.9,0.21,0.32,,,5.6,8.5,37.2,,50,51,51,57
2017-01-21 20:00,2190,47,45,0.00,69,0.00,,3.5,2.0,0.22,0.30,,,5.6,8.5,31.1,,49,50,52,57
2017-01-21 21:00,2190,49,47,0.00,71,0.01,,7.0,3.5,0.22,0.33,,,5.4,8.5,31.1,,48,50,52,57
2017-01-21 22:00,2190,49,48,0.00,61,0.00,,10.0,4.0,0.22,0.34,,,5.6,8.9,31.1,,47,49,52,57
2017-01-21 23:00,2190,48,48,0.00,66,0.00,,9.9,6.0,0.22,0.34,,,5.2,8.3,37.2,,47,49,52,57
2017-01-22 00:00,2190,48,48,0.00,65,0.01,,13.4,8.6,0.22,0.34,,,5.4,8.9,31.1,,46,48,52,57
2017-01-22 01:00,2190,49,48,0.00,65,0.01,,17.4,11.4,0.22,0.34,,1.1,5.4,8.9,31.1,,46,48,52,57
2017-01-22 02:00,2190,50,49,0.00,63,0.02,,18.5,13.5,0.23,0.35,,0.0,5.4,8.9,31.1,,46,48,52,57
2017-01-22 03:00,2190,49,47,0.00,60,0.01,,14.6,9.2,0.23,0.34,,0.0,5.7,8.9,31.1,,46,48,52,57
2017-01-22 04:00,2190,47,46,0.03,76,0.01,,16.4,10.4,0.25,0.32,,0.0,5.6,8.2,31.1,,46,48,51,57
2017-01-22 05:00,2190,46,45,0.01,81,0.01,,11.4,6.8,0.26,0.31,,0.0,5.7,8.9,31.1,,46,47,52,57
2017-01-22 06:00,2190,45,45,0.02,88,0.13,,12.1,7.5,0.27,0.30,,1.5,5.2,8.3,31.1,,46,47,51,57
2017-01-22 07:00,2190,45,45,0.02,89,10.08,,11.0,7.7,0.27,0.30,,0.0,5.2,8.5,31.1,,45,47,51,57
2017-01-22 08:00,2190,46,44,0.04,90,21.54,,19.5,9.4,0.27,0.30,,0.7,5.2,8.5,31.1,,45,47,51,56
2017-01-22 09:00,2190,47,46,0.02,81,49.10,,22.8,15.8,0.25,0.31,,0.0,5.2,7.8,31.1,,45,47,51,56
2017-01-22 10:00,2190,48,46,0.01,78,85.10,,26.2,16.0,0.25,0.32,,0.0,5.2,8.5,31.1,,45,47,51,57
2017-01-22 11:00,2190,46,46,0.03,86,51.99,,23.3,15.7,0.27,0.31,,0.0,5.2,8.5,31.1,,45,47,51,56
2017-01-22 12:00,2190,48,46,0.01,89,115.50,,26.4,18.2,0.27,0.32,,0.0,5.2,8.5,31.1,,46,47,51,56
2017-01-22 13:00,2190,48,47,0.00,77,131.60,,29.2,20.5,0.27,0.33,,0.0,5.2,8.5,31.1,,46,47,51,56
2017-01-22 14:00,2190,48,47,0.00,81,117.60,,25.7,16.8,0.27,0.33,,,5.2,8.5,31.1,,46,47,51,56
2017-01-22 15:00,2190,47,46,0.01,85,16.33,,20.2,12.5,0.27,0.32,,,5.4,8.5,31.1,,46,47,51,56
2017-01-22 16:00,2190,47,46,0.03,89,9.70,,18.8,12.4,0.28,0.31,,,5.4,8.7,31.1,,47,47,51,56
2017-01-22 17:00,2190,48,46,0.00,90,0.19,,20.1,14.6,0.29,0.32,,0.0,5.4,8.0,31.1,,46,47,51,56
2017-01-22 18:00,2190,49,48,0.01,85,0.01,,30.2,18.0,0.29,0.34,,0.0,5.4,8.1,31.1,,46,47,51,56
2017-01-22 19:00,2190,50,49,0.00,81,0.02,,29.3,22.1,0.28,0.36,,0.0,5.4,8.5,31.1,,46,47,51,56
2017-01-22 20:00,2190,50,48,0.00,79,0.01,,29.4,18.9,0.29,0.35,,0.0,5.4,8.1,31.1,,46,47,51,56
2017-01-22 21:00,2190,49,48,0.00,85,0.00,,24.1,17.6,0.30,0.35,,0.0,5.4,8.5,31.1,,46,47,51,56
2017-01-22 22:00,2190,49,48,0.00,88,0.01,,26.7,18.6,0.30,0.35,,0.0,5.4,8.5,31.1,,46,47,51,56
2017-01-22 23:00,2190,50,49,0.01,85,0.02,,31.0,22.2,0.30,0.35,,0.0,5.4,8.5,31.1,,46,47,51,56
2017-01-23 00:00,2190,50,50,0.00,81,0.01,,30.7,21.0,0.30,0.36,,0.0,5.4,8.5,31.1,,46,47,51,56
2017-01-23 01:00,2190,50,50,0.06,88,0.02,,27.8,18.2,0.31,0.36,,0.0,5.4,8.7,31.1,,46,47,51,56
2017-01-23 02:00,2190,50,48,0.01,81,0.01,,35.7,19.7,0.28,0.35,,0.0,5.4,8.5,31.1,,46,47,51,56
2017-01-23 03:00,2190,49,48,0.00,84,0.02,,35.3,21.3,0.26,0.34,,0.0,5.4,8.1,31.1,,46,47,51,56
2017-01-23 04:00,2190,49,48,0.00,69,0.01,,33.5,23.0,0.24,0.34,,0.0,5.4,8.5,31.1,,46,47,51,56
2017-01-23 05:00,2190,48,47,0.00,68,0.02,,28.9,19.2,0.22,0.33,,0.0,5.4,8.1,31.1,,45,47,51,56
2017-01-23 06:00,2190,47,46,0.00,66,1.30,,23.4,16.5,0.21,0.32,,0.0,5.4,8.5,31.1,,45,47,51,56
2017-01-23 07:00,2190,47,46,0.00,66,89.70,,28.3,15.9,0.20,0.31,,0.0,5.2,8.5,31.1,,44,46,51,56
2017-01-23 08:00,2190,50,47,0.00,59,207.20,,34.2,22.5,0.19,0.34,,0.0,5.7,8.5,31.1,,44,46,51,56
2017-01-23 09:00,2190,50,50,0.00,48,241.40,,32.3,20.2,0.18,0.36,,0.0,5.1,8.5,34.7,,44,46,51,56
2017-01-23 10:00,2190,51,49,0.00,50,234.40,,32.7,20.7,0.19,0.36,,,5.1,8.3,31.1,,45,46,51,56
2017-01-23 11:00,2190,52,51,0.00,51,447.00,,25.5,18.5,0.20,0.38,,,5.6,8.5,34.7,,46,46,51,56
2017-01-23 12:00,2190,52,50,0.00,53,372.10,,26.8,20.8,0.21,0.38,,,5.2,8.5,31.1,,46,46,50,56
2017-01-23 13:00,2190,51,49,0.00,57,222.40,,25.1,19.1,0.22,0.37,,,5.2,8.3,31.1,,48,47,51,56
2017-01-23 14:00,2190,50,49,0.00,61,136.20,,20.0,15.2,0.22,0.36,,,5.6,8.3,31.1,,49,48,50,56
2017-01-23 15:00,2190,51,50,0.00,57,216.60,,22.6,16.6,0.21,0.37,,,5.3,8.3,31.1,,49,48,51,56
2017-01-23 16:00,2190,50,48,0.00,59,48.82,,21.2,15.3,0.21,0.35,,,5.3,8.3,31.1,,49,48,51,56
2017-01-23 17:00,2190,48,46,0.00,62,0.50,,19.4,13.1,0.22,0.32,,0.0,5.6,8.7,31.1,,49,49,51,56
2017-01-23 18:00,2190,46,45,0.00,75,0.01,,14.6,9.9,0.23,0.31,,0.0,5.6,8.1,31.1,,47,48,51,56
2017-01-23 19:00,2190,46,37,0.07,75,0.01,,22.7,11.2,0.22,0.29,,0.0,5.3,8.7,34.7,,47,48,51,56
2017-01-23 20:00,2190,37,36,0.13,90,0.00,,15.0,8.6,0.20,0.22,,0.0,5.3,8.5,34.7,,46,48,51,56
2017-01-23 21:00,2190,39,37,0.01,93,0.00,,16.6,6.7,0.21,0.23,,0.9,5.0,8.1,34.7,,44,47,51,56
2017-01-23 22:00,2190,38,37,0.00,90,0.00,,8.6,4.7,0.21,0.23,,,5.0,8.5,31.1,,43,46,51,56
2017-01-23 23:00,2190,37,36,0.00,93,0.00,,7.0,3.5,0.21,0.22,,0.0,5.7,8.0,31.1,,42,46,51,56
2017-01-24 00:00,2190,36,35,0.00,92,0.00,,5.6,2.5,0.19,0.21,,0.0,5.1,8.7,31.1,,41,45,51,56
2017-01-24 01:00,2190,35,34,0.00,92,0.00,,3.7,2.1,0.18,0.20,,0.0,5.1,8.3,31.1,,41,44,50,56
2017-01-24 02:00,2190,35,33,0.00,93,0.00,,3.9,1.5,0.18,0.19,,0.0,5.4,8.5,31.1,,40,44,50,56
2017-01-24 03:00,2190,33,32,0.00,94,0.00,,2.9,0.6,0.18,0.19,,0.0,5.2,8.3,31.1,,39,43,50,56
2017-01-24 04:00,2190,32,32,0.00,95,0.00,,4.5,1.5,0.17,0.18,,0.0,5.2,8.7,31.1,,38,42,50,56
2017-01-24 05:00,2190,33,32,0.00,96,0.00,,5.3,3.1,0.18,0.19,,0.0,5.0,8.1,31.1,,38,42,49,56
2017-01-24 06:00,2190,33,32,0.00,95,1.47,,5.0,1.9,0.18,0.19,,0.0,4.9,8.1,34.7,,38,42,49,56
2017-01-24 07:00,2190,35,32,0.00,95,109.40,,3.3,0.7,0.18,0.19,,0.0,5.1,8.3,31.1,,37,41,49,56
2017-01-24 08:00,2190,40,35,0.00,92,280.30,,4.0,0.9,0.19,0.22,,0.0,5.1,7.9,37.3,,37,41,49,56
2017-01-24 09:00,2190,42,40,0.00,76,432.40,,4.9,1.2,0.18,0.26,,0.0,5.4,8.3,31.1,,37,40,49,56
2017-01-24 10:00,2190,44,42,0.00,70,551.70,,9.3,3.9,0.16,0.27,,0.0,5.0,8.1,34.7,,38,40,49,56
2017-01-24 11:00,2190,46,44,0.00,52,600.30,,8.0,4.3,0.17,0.30,,,4.9,8.1,31.1,,41,41,48,56
2017-01-24 12:00,2190,49,46,0.00,58,599.90,,12.6,5.1,0.17,0.33,,,5.2,8.3,31.1,,44,42,48,56
2017-01-24 13:00,2190,51,49,0.00,41,517.40,,15.5,9.6,0.14,0.36,,,5.3,7.7,34.5,,47,44,48,56
2017-01-24 14:00,2190,50,50,0.00,38,335.90,,15.5,10.2,0.14,0.36,,,5.4,7.7,34.7,,50,46,48,56
2017-01-24 15:00,2190,51,50,0.00,36,272.30,,12.9,8.8,0.14,0.37,,,5.2,8.3,34.7,,51,47,49,56
2017-01-24 16:00,2190,50,46,0.00,41,61.61,,12.3,6.8,0.15,0.35,,0.0,5.7,8.3,34.7,,51,48,49,56
2017-01-24 17:00,2190,46,42,0.00,56,0.89,,6.1,2.9,0.17,0.30,,,5.2,8.1,34.7,,51,49,49,56
2017-01-24 18:00,2190,42,41,0.00,69,0.00,,3.8,0.8,0.19,0.26,,,5.2,8.1,34.7,,49,49,49,56
2017-01-24 19:00,2190,41,38,0.00,73,0.00,,4.6,2.7,0.18,0.24,,0.0,5.3,7.9,34.7,,47,48,49,56
2017-01-24 20:00,2190,39,37,0.01,75,0.00,,7.4,5.3,0.17,0.23,,0.0,5.2,8.3,34.7,,46,47,49,56
2017-01-24 21:00,2190,39,38,0.00,64,0.00,,7.1,4.9,0.16,0.23,,0.0,5.3,8.3,34.7,,44,47,50,56
2017-01-24 22:00,2190,38,36,0.00,69,0.00,,5.6,3.4,0.16,0.22,,0.0,5.4,8.1,34.7,,43,46,49,56
2017-01-24 23:00,2190,38,36,0.00,73,0.00,,9.4,5.1,0.15,0.22,,0.0,5.2,8.1,34.7,,42,45,50,56
2017-01-25 00:00,2190,37,35,0.00,68,0.00,,5.9,4.4,0.15,0.21,,0.0,5.6,8.9,34.7,,41,44,50,56
2017-01-25 01:00,2190,36,35,0.00,75,0.00,,6.4,2.8,0.15,0.20,,0.0,5.1,8.1,34.7,,40,43,50,56
2017-01-25 02:00,2190,36,35,0.00,71,0.00,,4.4,2.2,0.15,0.21,,0.0,5.1,8.3,34.7,,39,43,49,56
2017-01-25 03:00,2190,37,35,0.00,70,0.00,,7.6,2.5,0.14,0.21,,0.0,5.1,7.9,34.7,,38,42,49,56
2017-01-25 04:00,2190,36,35,0.00,68,0.00,,7.9,4.0,0.14,0.21,,0.0,5.5,7.9,34.7,,38,41,49,56
2017-01-25 05:00,2190,35,34,0.00,67,0.00,,5.2,3.4,0.14,0.20,,0.0,5.4,8.1,34.7,,37,41,48,56
2017-01-25 06:00,2190,35,34,0.00,70,1.63,,10.9,5.7,0.13,0.20,,0.0,5.3,8.1,34.7,,37,41,48,56
2017-01-25 07:00,2190,37,35,0.00,62,97.50,,10.1,6.4,0.13,0.21,,0.0,5.3,8.3,34.7,,37,40,48,56
2017-01-25 08:00,2190,40,37,0.00,57,283.70,,10.2,6.9,0.12,0.23,,0.0,5.6,7.7,34.7,,36,40,48,56
2017-01-25 09:00,2190,42,40,0.00,52,442.50,,11.8,7.5,0.12,0.26,,0.0,5.2,8.3,34.7,,36,40,48,56
2017-01-25 10:00,2190,46,42,0.00,43,556.60,,10.6,7.2,0.12,0.29,,0.0,5.7,7.5,34.7,,37,39,47,56
2017-01-25 11:00,2190,48,46,0.00,40,612.80,,17.4,8.6,0.12,0.32,,0.0,5.7,7.5,34.7,,40,40,47,56
2017-01-25 12:00,2190,49,48,0.00,38,608.80,,13.5,8.8,0.12,0.34,,,6.0,7.5,34.7,,43,41,47,56
2017-01-25 13:00,2190,50,49,0.00,31,542.80,,15.3,9.3,0.11,0.35,,,5.9,7.7,34.7,,46,43,47,56
2017-01-25 14:00,2190,50,49,0.00,31,419.80,,13.2,8.6,0.11,0.36,,,6.3,7.7,34.7,,48,45,47,56
2017-01-25 15:00,2190,51,50,0.00,32,256.30,,12.5,7.1,0.12,0.37,,,6.3,7.7,34.7,,49,46,47,56
2017-01-25 16:00,2190,50,47,0.00,31,74.31,,10.0,5.2,0.12,0.35,,0.0,6.6,7.8,34.7,,50,47,47,56
2017-01-25 17:00,2190,47,43,0.00,44,1.13,,4.9,1.5,0.15,0.30,,,6.9,7.9,34.7,,50,48,48,56
2017-01-25 18:00,2190,43,41,0.00,59,0.01,,3.7,2.0,0.16,0.27,,0.0,6.2,7.9,37.3,,48,48,48,56
2017-01-25 19:00,2190,41,39,0.00,60,0.00,,5.3,2.2,0.16,0.25,,,6.3,7.7,34.7,,47,47,49,56
2017-01-25 20:00,2190,40,37,0.00,55,0.00,,7.2,2.4,0.14,0.24,,,6.5,7.7,34.7,,45,47,49,56
2017-01-25 21:00,2190,38,36,0.00,69,0.00,,7.1,4.2,0.15,0.22,,0.0,6.7,8.1,34.7,,44,46,49,55
2017-01-25 22:00,2190,37,35,0.00,68,0.00,,8.0,5.7,0.15,0.21,,0.0,6.5,8.1,27.0,,42,45,49,56
2017-01-25 23:00,2190,35,35,0.00,75,0.00,,5.9,2.7,0.15,0.20,,0.0,6.7,8.3,34.7,,41,44,49,55
2017-01-26 00:00,2190,36,35,0.00,75,0.00,,3.5,1.3,0.15,0.21,,0.0,6.4,8.1,34.7,,40,43,49,56
2017-01-26 01:00,2190,36,35,0.00,68,0.00,,2.4,1.2,0.14,0.21,,0.0,6.2,8.1,37.3,,40,43,49,55
2017-01-26 02:00,2190,35,32,0.00,72,0.00,,2.9,1.4,0.15,0.19,,0.0,6.4,8.3,34.7,,39,42,48,55
2017-01-26 03:00,2190,35,32,0.00,72,0.00,,5.6,3.5,0.14,0.19,,0.0,6.8,8.3,27.0,,38,42,48,55
2017-01-26 04:00,2190,32,30,0.00,77,0.00,,4.2,2.4,0.14,0.18,,0.0,6.6,8.3,34.7,,38,41,48,55
2017-01-26 05:00,2190,30,30,0.00,84,0.00,,4.0,2.2,0.14,0.17,,0.0,6.5,8.5,34.7,,37,41,48,55
2017-01-26 06:00,2190,31,29,0.00,89,1.80,,3.9,1.5,0.15,0.17,,0.0,6.7,7.9,19.2,,37,40,48,55
2017-01-26 07:00,2190,36,31,0.00,82,96.70,,4.6,1.2,0.14,0.18,,0.0,6.6,7.9,37.3,,36,40,47,55
2017-01-26 08:00,2190,38,35,0.00,72,281.00,,4.3,1.0,0.14,0.22,,0.0,7.1,7.5,37.3,,36,39,47,55
2017-01-26 09:00,2190,42,38,0.00,61,431.60,,4.8,1.8,0.14,0.24,,0.0,6.6,7.7,27.0,,36,39,47,55
2017-01-26 10:00,2190,45,42,0.00,54,555.70,,6.3,3.4,0.14,0.27,,0.0,7.3,7.7,19.2,,37,39,47,55
2017-01-26 11:00,2190,48,45,0.00,46,609.70,,10.9,4.1,0.13,0.32,,0.0,7.1,8.5,19.2,,40,39,47,55
2017-01-26 12:00,2190,50,48,0.00,40,569.50,,13.5,8.5,0.13,0.35,,,7.6,7.9,19.2,,43,41,47,55
2017-01-26 13:00,2190,52,50,0.00,34,546.70,,14.3,7.3,0.13,0.38,,,7.6,7.9,37.3,,46,43,47,55
2017-01-26 14:00,2190,53,52,0.00,34,421.10,,16.9,9.7,0.14,0.39,,,7.6,7.9,34.7,,49,45,47,55
2017-01-26 15:00,2190,53,52,0.00,32,258.00,,15.7,10.3,0.13,0.40,,,7.5,7.9,19.2,,50,46,47,55
2017-01-26 16:00,2190,52,50,0.00,32,77.81,,15.1,10.0,0.13,0.38,,0.0,7.9,7.9,27.0,,51,47,47,55
2017-01-26 17:00,2190,50,45,0.00,34,1.14,,14.1,7.5,0.14,0.33,,,8.0,7.8,19.2,,50,48,47,55
2017-01-26 18:00,2190,45,43,0.00,50,0.01,,12.7,8.7,0.16,0.29,,0.0,8.3,7.5,19.3,,49,48,48,55
2017-01-26 19:00,2190,43,42,0.00,56,0.00,,14.8,9.4,0.15,0.27,,0.0,7.5,7.5,19.2,,47,48,48,55
2017-01-26 20:00,2190,42,40,0.00,56,0.00,,11.5,6.3,0.15,0.26,,0.0,7.9,7.9,19.3,,46,47,48,55
2017-01-26 21:00,2190,41,39,0.00,58,0.00,,11.0,6.6,0.14,0.26,,0.0,8.2,7.7,19.3,,44,46,49,55
2017-01-26 22:00,2190,39,36,0.00,63,0.00,,8.4,5.2,0.15,0.23,,0.0,8.2,7.7,19.3,,43,45,49,55
2017-01-26 23:00,2190,36,35,0.00,72,0.00,,9.3,5.7,0.15,0.21,,0.0,7.7,8.3,19.3,,42,45,49,55
2017-01-27 00:00,2190,35,35,0.00,75,0.00,,8.0,5.1,0.15,0.21,,0.0,7.9,8.3,27.0,,41,44,49,55
2017-01-27 01:00,2190,37,34,0.00,76,0.00,,12.8,4.6,0.15,0.20,,0.0,7.9,7.7,19.3,,40,43,48,55
2017-01-27 02:00,2190,37,36,0.00,65,0.00,,14.0,9.2,0.14,0.22,,0.0,8.2,8.3,19.3,,39,42,48,55
2017-01-27 03:00,2190,36,35,0.00,66,0.00,,14.3,9.8,0.14,0.21,,0.0,8.0,7.7,27.0,,38,42,48,55
2017-01-27 04:00,2190,38,35,0.00,68,0.00,,19.6,12.2,0.13,0.22,,0.0,8.2,7.9,19.3,,38,41,48,55
2017-01-27 05:00,2190,38,37,0.00,55,0.00,,20.6,14.7,0.12,0.22,,0.0,8.2,7.9,19.4,,37,41,48,55
2017-01-27 06:00,2190,37,36,0.00,51,1.85,,15.6,11.4,0.11,0.21,,0.0,8.2,7.9,19.4,,37,40,47,55
2017-01-27 07:00,2190,38,35,0.00,53,102.60,,17.4,10.2,0.11,0.21,,0.0,8.2,7.5,19.4,,37,40,47,55
2017-01-27 08:00,2190,42,38,0.00,45,289.20,,16.8,13.0,0.10,0.24,,0.0,8.2,7.7,27.1,,37,40,47,55
2017-01-27 09:00,2190,46,42,0.00,38,450.60,,20.2,13.8,0.10,0.28,,0.0,7.9,7.7,33.5,,37,39,47,55
2017-01-27 10:00,2190,48,46,0.00,33,568.40,,27.1,18.0,0.10,0.32,,0.0,8.2,7.9,33.5,,38,39,47,55
2017-01-27 11:00,2190,50,48,0.00,27,626.10,,28.7,19.2,0.10,0.35,,0.0,8.3,7.9,27.1,,40,40,47,55
2017-01-27 12:00,2190,52,50,0.00,29,621.20,,27.6,19.8,0.10,0.37,,,8.7,7.9,30.1,,43,41,47,55
2017-01-27 13:00,2190,52,51,0.00,26,555.30,,24.4,17.9,0.10,0.38,,,8.7,8.1,33.5,,45,43,47,55
2017-01-27 14:00,2190,53,52,0.00,25,431.90,,23.5,16.1,0.10,0.40,,,8.2,8.1,30.1,,47,44,47,55
2017-01-27 15:00,2190,53,53,0.00,25,265.00,,18.3,14.1,0.10,0.40,,,9.0,7.9,33.5,,49,46,47,55
2017-01-27 16:00,2190,53,50,0.00,27,80.40,,15.7,11.2,0.11,0.39,,0.0,9.2,7.9,30.1,,49,47,47,55
2017-01-27 17:00,2190,50,45,0.00,31,1.28,,14.4,10.4,0.12,0.34,,0.0,9.4,7.9,33.5,,49,47,47,55
2017-01-27 18:00,2190,45,43,0.00,39,0.01,,15.3,12.1,0.13,0.30,,0.0,9.0,7.7,33.5,,48,47,47,55
2017-01-27 19:00,2190,43,42,0.00,48,0.00,,15.7,12.0,0.14,0.27,,0.0,9.0,7.8,33.5,,47,47,48,55
2017-01-27 20:00,2190,43,42,0.00,48,0.00,,14.1,9.3,0.13,0.27,,0.0,9.1,7.5,30.1,,45,46,48,55
2017-01-27 21:00,2190,42,39,0.00,52,0.00,,12.7,5.9,0.14,0.25,,0.0,9.4,7.9,33.5,,44,46,48,55
2017-01-27 22:00,2190,40,39,0.00,55,0.00,,15.7,8.8,0.13,0.24,,0.0,8.9,7.9,30.1,,43,45,48,55
2017-01-27 23:00,2190,40,37,0.00,50,0.00,,8.9,4.7,0.13,0.23,,0.0,9.1,7.9,30.1,,42,44,48,55
2017-01-28 00:00,2190,40,37,0.00,59,0.00,,16.2,9.5,0.12,0.23,,0.0,9.2,7.9,33.5,,41,44,48,55
2017-01-28 01:00,2190,40,38,0.00,45,0.00,,17.7,12.0,0.12,0.24,,0.0,8.9,7.9,30.1,,40,43,48,55
2017-01-28 02:00,2190,40,37,0.00,48,0.00,,20.3,13.0,0.12,0.24,,0.0,9.4,7.8,33.5,,39,42,48,55
2017-01-28 03:00,2190,38,37,0.00,53,0.01,,16.1,11.8,0.12,0.23,,0.0,8.7,7.5,33.5,,39,42,48,55
2017-01-28 04:00,2190,39,36,0.00,53,0.00,,17.5,10.6,0.11,0.22,,0.0,8.9,7.5,30.1,,38,41,47,55
2017-01-28 05:00,2190,37,36,0.00,54,0.00,,16.7,10.8,0.12,0.22,,0.0,8.9,7.7,30.1,,38,41,47,55
2017-01-28 06:00,2190,37,36,0.00,53,2.00,,14.6,10.3,0.11,0.22,,0.0,8.9,7.7,30.1,,38,40,47,55
2017-01-28 07:00,2190,42,37,0.00,51,107.40,,18.9,10.9,0.11,0.24,,0.0,8.8,7.9,33.5,,37,40,47,55
2017-01-28 08:00,2190,46,42,0.00,40,297.30,,19.6,12.8,0.10,0.28,,0.0,8.8,7.9,33.5,,37,40,47,55
2017-01-28 09:00,2190,50,46,0.00,34,460.60,,19.1,13.6,0.11,0.33,,0.0,9.2,7.9,33.5,,38,39,47,55
2017-01-28 10:00,2190,54,50,0.00,29,577.50,,19.1,15.1,0.10,0.39,,0.0,8.9,7.9,33.5,,39,40,47,55
2017-01-28 11:00,2190,58,54,0.00,24,635.70,,22.5,15.6,0.10,0.44,,,8.6,8.1,33.5,,42,41,46,54
2017-01-28 12:00,2190,61,58,0.00,22,631.80,,20.5,15.0,0.10,0.50,,,9.7,8.1,33.5,,45,42,46,55
2017-01-28 13:00,2190,63,61,0.00,20,565.50,,21.0,14.5,0.11,0.55,,,9.2,8.1,33.5,,48,44,46,54
2017-01-28 14:00,2190,64,63,0.00,18,438.80,,20.4,14.5,0.11,0.58,,,9.4,8.1,33.5,,50,46,47,54
2017-01-28 15:00,2190,65,63,0.00,18,278.30,,16.5,12.3,0.11,0.60,,,10.0,8.1,33.5,,52,47,47,54
2017-01-28 16:00,2190,63,58,0.00,18,49.88,,15.2,10.8,0.12,0.54,,0.0,9.9,7.9,33.5,,53,49,47,54
2017-01-28 17:00,2190,58,53,0.00,25,1.83,,15.3,10.7,0.13,0.45,,0.3,10.1,7.7,33.5,,53,50,47,54
2017-01-28 18:00,2190,54,52,0.00,33,0.05,,17.9,12.4,0.13,0.40,,0.7,9.8,7.8,33.5,,52,50,48,54
2017-01-28 19:00,2190,52,50,0.00,34,0.03,,19.9,14.2,0.13,0.39,,0.0,9.8,7.9,33.5,,51,50,48,54
2017-01-28 20:00,2190,50,47,0.00,36,0.02,,13.8,10.5,0.14,0.34,,0.0,9.8,7.9,30.2,,49,49,49,54
2017-01-28 21:00,2190,47,44,0.00,44,0.01,,13.3,9.4,0.14,0.31,,0.0,9.7,7.7,33.5,,48,49,49,54
2017-01-28 22:00,2190,45,44,0.00,46,0.01,,14.7,8.1,0.14,0.30,,0.0,10.0,8.3,33.5,,47,48,49,54
2017-01-28 23:00,2190,46,44,0.00,43,0.01,,15.5,9.8,0.13,0.30,,0.0,10.2,8.1,33.5,,46,47,49,54
2017-01-29 00:00,2190,46,42,0.00,39,0.00,,15.8,8.2,0.13,0.29,,0.0,10.4,8.1,33.5,,45,47,49,54
2017-01-29 01:00,2190,44,42,0.00,50,0.01,,12.3,7.6,0.13,0.27,,0.0,9.9,8.3,33.5,,44,46,49,54
2017-01-29 02:00,2190,46,43,0.00,42,0.00,,19.9,8.6,0.12,0.29,,0.0,10.4,8.1,33.5,,43,45,49,54
2017-01-29 03:00,2190,45,43,0.00,43,0.00,,14.6,9.2,0.12,0.29,,0.0,9.2,8.1,33.5,,43,45,49,54
2017-01-29 04:00,2190,46,43,0.00,45,0.01,,17.8,9.2,0.12,0.29,,0.0,9.7,8.1,33.5,,42,44,49,54
2017-01-29 05:00,2190,46,43,0.00,36,0.00,,16.7,8.3,0.12,0.29,,0.0,10.0,8.1,33.5,,42,44,49,54
2017-01-29 06:00,2190,43,42,0.00,44,2.10,,10.8,5.3,0.12,0.27,,0.0,9.5,8.3,33.5,,42,44,48,54
2017-01-29 07:00,2190,46,42,0.00,45,106.10,,6.0,3.2,0.12,0.28,,0.0,9.7,7.7,33.5,,41,43,48,54
2017-01-29 08:00,2190,49,46,0.00,36,293.10,,6.2,3.4,0.12,0.33,,0.0,9.2,7.9,33.5,,41,43,48,54
2017-01-29 09:00,2190,54,49,0.00,37,454.60,,10.9,6.2,0.12,0.38,,,9.5,7.9,33.5,,41,42,48,54
2017-01-29 10:00,2190,58,54,0.00,29,571.10,,7.7,4.7,0.12,0.45,,0.0,9.9,7.5,33.5,,43,43,48,54
2017-01-29 11:00,2190,63,58,0.00,25,631.00,,6.6,2.7,0.12,0.51,,,9.4,7.5,33.5,,46,44,48,54
2017-01-29 12:00,2190,66,63,0.00,22,628.00,,5.9,1.9,0.12,0.60,,,9.7,7.5,33.5,,49,45,47,54
2017-01-29 13:00,2190,67,65,0.00,20,561.70,,10.1,3.1,0.12,0.65,,,10.3,7.9,33.5,,53,47,48,54
2017-01-29 14:00,2190,69,67,0.00,18,438.90,,9.4,3.1,0.12,0.69,,,10.5,7.5,33.5,,56,49,48,54
2017-01-29 15:00,2190,71,69,0.00,15,273.50,,8.0,1.4,0.11,0.74,,,10.8,7.9,33.5,,58,52,48,54
2017-01-29 16:00,2190,70,66,0.00,17,87.50,,3.1,0.8,0.12,0.73,,0.0,11.1,7.7,25.3,,59,53,49,54
2017-01-29 17:00,2190,66,55,0.00,23,1.55,,5.0,2.3,0.16,0.56,,0.0,11.8,8.1,33.5,,59,54,49,54
2017-01-29 18:00,2190,55,50,0.00,41,0.16,,7.7,2.7,0.19,0.40,,0.9,10.9,8.1,33.5,,58,55,50,54
2017-01-29 19:00,2190,52,50,0.00,50,0.02,,6.7,4.4,0.17,0.38,,1.6,10.9,8.1,33.5,,56,54,50,54
2017-01-29 20:00,2190,52,49,0.00,43,0.03,,5.3,1.9,0.17,0.37,,0.9,11.6,8.7,33.5,,54,54,51,54
2017-01-29 21:00,2190,49,45,0.00,50,0.01,,8.4,2.7,0.19,0.32,,0.2,11.3,8.5,33.5,,52,53,51,54
2017-01-29 22:00,2190,46,45,0.00,61,0.01,,6.7,4.0,0.18,0.31,,0.0,10.9,8.5,33.5,,51,52,51,54
2017-01-29 23:00,2190,46,42,0.00,58,0.01,,5.3,3.6,0.18,0.29,,0.0,11.0,8.5,33.5,,49,51,51,54
2017-01-30 00:00,2190,43,39,0.00,70,0.00,,5.5,2.4,0.19,0.26,,0.0,10.8,8.5,33.5,,48,50,51,54
2017-01-30 01:00,2190,41,38,0.00,76,0.00,,4.4,1.9,0.18,0.24,,0.0,10.5,8.5,33.5,,47,49,51,54
2017-01-30 02:00,2190,42,39,0.00,69,0.00,,3.9,1.9,0.18,0.26,,0.0,10.8,8.1,33.5,,46,48,51,54
2017-01-30 03:00,2190,42,39,0.00,72,0.00,,4.8,2.4,0.18,0.25,,0.0,10.5,8.7,33.5,,45,47,51,54
2017-01-30 04:00,2190,42,39,0.00,63,0.00,,5.5,4.0,0.16,0.25,,0.0,10.6,8.5,33.5,,44,47,51,54
2017-01-30 05:00,2190,39,36,0.00,68,0.00,,4.8,1.7,0.17,0.22,,0.0,10.7,8.3,33.5,,43,46,51,54
2017-01-30 06:00,2190,39,35,0.00,75,2.06,,4.6,2.3,0.17,0.23,,0.0,10.5,8.3,33.5,,42,45,50,54
2017-01-30 07:00,2190,43,35,0.00,77,81.50,,6.5,3.7,0.17,0.22,,0.0,10.5,8.5,33.5,,42,45,50,54
2017-01-30 08:00,2190,47,43,0.00,58,303.00,,7.8,4.8,0.16,0.30,,0.0,10.3,8.1,33.5,,41,44,50,54
2017-01-30 09:00,2190,53,47,0.00,49,463.00,,5.5,2.9,0.16,0.35,,0.0,10.6,8.1,33.5,,42,44,50,54
2017-01-30 10:00,2190,58,53,0.00,41,514.10,,6.5,3.3,0.15,0.44,,,10.3,8.3,25.4,,44,44,50,54
2017-01-30 11:00,2190,61,58,0.00,30,649.90,,7.0,3.6,0.15,0.51,,,10.5,8.3,33.5,,47,45,49,54
2017-01-30 12:00,2190,65,61,0.00,27,652.20,,6.8,2.4,0.15,0.58,,,10.3,7.9,33.5,,50,46,49,54
2017-01-30 13:00,2190,67,65,0.00,24,542.30,,7.2,2.9,0.14,0.63,,,10.6,8.1,33.5,,53,48,49,54
2017-01-30 14:00,2190,68,67,0.00,19,381.10,,6.5,2.9,0.13,0.68,,,11.3,8.1,25.3,,57,51,49,54
2017-01-30 15:00,2190,67,67,0.00,20,169.00,,5.3,1.3,0.13,0.67,,0.0,11.7,8.3,30.5,,59,53,50,54
2017-01-30 16:00,2190,68,64,0.00,19,84.90,,2.9,1.1,0.14,0.67,,0.0,11.5,8.3,33.5,,59,54,50,54
2017-01-30 17:00,2190,64,55,0.00,29,1.96,,5.5,4.1,0.20,0.53,,0.0,11.7,8.7,33.5,,59,55,50,54
2017-01-30 18:00,2190,55,53,0.00,48,0.11,,5.7,4.9,0.21,0.43,,,11.5,8.5,33.5,,58,55,51,54
2017-01-30 19:00,2190,53,48,0.00,50,0.04,,3.5,1.8,0.21,0.38,,0.0,11.5,8.3,33.5,,56,55,51,54
2017-01-30 20:00,2190,51,48,0.00,62,0.05,,2.9,1.5,0.21,0.35,,0.7,12.2,8.5,33.5,,54,54,52,54
2017-01-30 21:00,2190,48,40,0.00,64,0.02,,3.8,1.5,0.21,0.30,,0.7,12.0,8.3,33.5,,53,53,52,54
2017-01-30 22:00,2190,41,40,0.00,80,0.00,,4.8,3.2,0.20,0.25,,0.0,11.2,8.3,33.5,,51,53,52,54
2017-01-30 23:00,2190,40,39,0.00,78,0.00,,4.1,2.3,0.19,0.25,,0.0,11.4,8.9,33.5,,50,51,52,54
2017-01-31 00:00,2190,39,38,0.00,79,0.00,,4.7,3.1,0.19,0.23,,0.0,11.7,8.7,33.5,,48,51,52,54
2017-01-31 01:00,2190,38,37,0.00,80,0.00,,4.4,2.9,0.18,0.23,,0.0,11.8,8.7,25.3,,47,50,52,54
2017-01-31 02:00,2190,39,37,0.00,79,0.00,,3.6,1.5,0.18,0.23,,0.0,11.4,8.7,33.5,,46,49,52,54
2017-01-31 03:00,2190,39,37,0.00,84,0.00,,4.0,2.0,0.19,0.23,,0.0,11.3,8.6,33.5,,45,48,52,54
2017-01-31 04:00,2190,39,36,0.00,78,0.00,,5.3,3.8,0.18,0.22,,0.0,11.7,7.9,30.5,,44,47,52,54
2017-01-31 05:00,2190,38,33,0.00,81,0.00,,4.6,2.9,0.18,0.22,,0.0,10.8,8.3,33.5,,43,46,51,54
2017-01-31 06:00,2190,33,32,0.00,90,4.99,,4.2,0.6,0.17,0.19,,0.0,10.8,8.5,36.3,,43,46,51,54
2017-01-31 07:00,2190,40,33,0.00,90,130.00,,2.6,0.6,0.18,0.20,,0.0,10.8,8.5,33.5,,42,45,51,54
2017-01-31 08:00,2190,43,40,0.00,85,197.80,,2.2,0.6,0.20,0.26,,0.0,10.7,8.3,33.5,,41,44,51,54
2017-01-31 09:00,2190,48,43,0.00,74,405.00,,5.1,1.4,0.20,0.30,,0.0,10.9,8.3,25.3,,42,44,50,54
2017-01-31 10:00,2190,54,48,0.00,56,579.60,,6.1,3.4,0.19,0.38,,,10.7,8.5,36.3,,43,44,50,54
2017-01-31 11:00,2190,60,54,0.00,46,640.30,,5.0,1.7,0.19,0.48,,,11.0,8.7,33.5,,46,45,50,54
2017-01-31 12:00,2190,63,60,0.00,33,639.20,,5.9,1.7,0.17,0.56,,,11.0,8.9,25.3,,49,46,50,54
2017-01-31 13:00,2190,66,63,0.00,29,574.70,,5.4,1.9,0.17,0.61,,,11.3,8.1,33.5,,53,48,50,54
2017-01-31 14:00,2190,70,66,0.00,26,452.50,,3.7,0.9,0.16,0.67,,0.0,11.7,8.1,36.3,,56,51,50,54
2017-01-31 15:00,2190,70,67,0.00,22,283.80,,5.1,2.1,0.16,0.70,,0.0,11.6,8.7,33.5,,59,53,50,54
2017-01-31 16:00,2190,68,65,0.00,24,94.60,,2.5,0.7,0.17,0.68,,0.0,11.8,8.5,36.3,,60,54,51,54
2017-01-31 17:00,2190,65,62,0.00,27,1.87,,3.6,1.0,0.17,0.58,,0.0,12.2,8.5,36.3,,60,56,51,54
2017-01-31 18:00,2190,62,55,0.00,35,0.18,,6.1,4.0,0.20,0.50,,0.0,12.0,8.1,36.3,,59,56,51,54
2017-01-31 19:00,2190,55,49,0.00,48,0.08,,6.5,2.5,0.21,0.40,,0.0,11.6,9.1,33.5,,57,55,52,54
2017-01-31 20:00,2190,50,48,0.00,62,0.02,,6.3,4.7,0.22,0.35,,0.0,12.2,8.3,33.5,,55,55,52,54
2017-01-31 21:00,2190,50,42,0.00,60,0.02,,4.7,1.3,0.21,0.31,,0.0,11.4,8.4,36.3,,53,54,52,54
2017-01-31 22:00,2190,42,40,0.00,75,0.01,,4.8,3.1,0.20,0.26,,0.0,11.7,8.1,33.5,,52,53,53,54
2017-01-31 23:00,2190,41,40,0.00,79,0.01,,5.5,3.5,0.20,0.25,,0.0,11.9,8.8,33.5,,50,52,53,54
