Date,Station Id,Air Temperature Maximum (degF),Air Temperature Minimum (degF),Precipitation Increment (in),Relative Humidity (pct),Solar Radiation Average (watt/m2),Solar Radiation/langley Total (langley),Wind Speed Maximum (mph),Wind Speed Average (mph),Vapor Pressure - Partial (inch_Hg),Vapor Pressure - Saturated (inch_Hg),Soil Moisture Percent -2in (pct),Soil Moisture Percent -4in (pct),Soil Moisture Percent -8in (pct),Soil Moisture Percent -20in (pct),Soil Moisture Percent -40in (pct),Soil Temperature Observed -2in (degF),Soil Temperature Observed -4in (degF),Soil Temperature Observed -8in (degF),Soil Temperature Observed -20in (degF),Soil Temperature Observed -40in (degF)
2017-01-01 00:00,2191,22,19,0.00,96,0.00,,5.0,2.1,0.10,0.12,0.0,6.7,8.8,2.7,9.2,31,33,35,39,52
2017-01-01 01:00,2191,23,19,0.00,90,0.00,,4.1,2.0,0.10,0.12,0.0,6.8,8.6,3.0,9.2,31,33,35,39,52
2017-01-01 02:00,2191,23,19,0.00,72,0.00,,3.0,1.0,0.09,0.12,0.2,6.3,8.8,3.0,9.2,31,33,35,39,52
2017-01-01 03:00,2191,19,17,0.00,87,0.00,,2.6,0.4,0.09,0.10,0.0,6.3,8.8,2.7,9.2,31,33,35,39,52
2017-01-01 04:00,2191,20,16,0.00,87,0.00,,3.9,0.7,0.09,0.10,0.0,6.3,8.8,3.0,9.2,31,33,35,39,52
2017-01-01 05:00,2191,19,16,0.00,83,0.00,,3.7,1.2,0.08,0.10,0.2,6.3,8.8,2.7,9.2,31,33,35,39,52
2017-01-01 06:00,2191,19,17,0.00,87,0.10,,3.7,1.4,0.08,0.10,0.0,6.3,8.8,2.4,9.2,31,33,35,39,52
2017-01-01 07:00,2191,22,17,0.00,82,10.31,,2.5,0.7,0.09,0.10,0.0,6.3,8.8,2.7,9.2,30,33,35,39,52
2017-01-01 08:00,2191,27,22,0.00,75,61.34,,3.0,1.1,0.09,0.13,0.0,6.3,8.8,3.0,9.2,30,33,35,39,52
2017-01-01 09:00,2191,36,27,0.00,56,165.10,,6.5,2.3,0.09,0.16,0.0,6.5,8.8,3.0,9.2,30,33,35,39,52
2017-01-01 10:00,2191,43,36,0.00,30,494.10,,13.2,3.9,0.05,0.26,0.0,6.5,8.5,3.0,9.2,30,33,35,39,52
2017-01-01 11:00,2191,43,42,0.00,12,553.80,,19.8,7.5,0.04,0.27,0.0,6.3,8.7,3.0,9.2,30,33,35,39,52
2017-01-01 12:00,2191,42,41,0.00,13,550.20,,22.0,8.4,0.03,0.27,0.0,6.5,8.7,3.0,9.2,30,33,35,39,52
2017-01-01 13:00,2191,42,40,0.00,12,486.80,,24.2,9.2,0.04,0.26,0.0,6.5,8.5,2.7,9.2,30,33,35,39,52
2017-01-01 14:00,2191,40,39,0.00,13,370.70,,20.5,10.6,0.03,0.25,0.0,6.5,8.9,3.0,9.2,30,33,35,39,52
2017-01-01 15:00,2191,39,37,0.00,13,111.50,,25.7,12.3,0.02,0.23,0.0,6.5,8.6,3.0,9.2,30,33,35,39,52
2017-01-01 16:00,2191,38,35,0.00,8,8.50,,25.0,13.4,0.02,0.22,0.0,6.5,8.8,3.0,9.2,31,33,35,39,52
2017-01-01 17:00,2191,35,33,0.00,10,0.02,,24.4,9.9,0.02,0.19,0.0,6.2,8.8,3.0,9.2,31,33,35,39,52
2017-01-01 18:00,2191,35,33,0.00,9,0.00,,31.8,13.9,0.02,0.20,0.0,6.2,8.8,3.0,9.2,31,33,35,39,52
2017-01-01 19:00,2191,36,35,0.00,7,0.00,,33.6,17.2,0.01,0.21,0.0,6.5,8.8,2.7,9.2,31,33,35,39,52
2017-01-01 20:00,2191,35,34,0.00,7,0.00,,28.6,16.7,0.01,0.20,0.0,6.2,8.6,2.4,9.2,30,33,35,39,52
2017-01-01 21:00,2191,35,33,0.00,8,0.00,,35.2,17.9,0.01,0.19,0.0,6.2,8.8,3.0,9.2,30,33,35,39,52
2017-01-01 22:00,2191,34,32,0.00,8,0.00,,34.1,18.2,0.01,0.19,0.3,6.3,8.6,2.4,9.2,30,33,35,39,52
2017-01-01 23:00,2191,33,31,0.00,9,0.00,,26.8,13.8,0.01,0.18,0.0,6.3,8.8,2.7,9.2,30,33,35,39,52
2017-01-02 00:00,2191,33,31,0.00,10,0.00,,28.6,15.1,0.01,0.18,0.0,6.3,8.8,2.4,9.2,30,33,35,39,52
2017-01-02 01:00,2191,34,33,0.00,7,0.00,,33.7,16.8,0.01,0.19,0.0,6.3,8.8,2.4,9.2,30,33,35,39,52
2017-01-02 02:00,2191,33,33,0.00,8,0.00,,29.6,14.4,0.01,0.19,0.0,6.3,8.6,2.4,9.2,29,33,35,39,52
2017-01-02 03:00,2191,33,32,0.00,7,0.00,,27.0,13.6,0.01,0.18,0.0,6.3,8.6,2.7,9.2,29,33,35,39,52
2017-01-02 04:00,2191,32,31,0.00,9,0.00,,27.8,14.9,0.01,0.18,0.0,6.5,8.8,2.4,9.2,29,33,35,39,52
2017-01-02 05:00,2191,32,31,0.00,9,0.00,,34.4,16.2,0.01,0.18,0.0,6.5,8.8,2.4,9.2,29,33,35,39,52
2017-01-02 06:00,2191,32,31,0.00,9,0.00,,29.5,15.1,0.02,0.18,0.0,6.1,9.0,2.4,9.2,29,33,35,39,52
2017-01-02 07:00,2191,33,32,0.00,10,15.49,,29.3,15.3,0.02,0.18,0.0,6.5,8.6,2.4,9.2,29,33,35,39,52
2017-01-02 08:00,2191,33,32,0.00,8,87.20,,30.6,13.1,0.02,0.19,0.0,6.1,8.6,2.4,9.2,29,33,35,39,52
2017-01-02 09:00,2191,34,33,0.00,10,197.50,,22.8,11.6,0.02,0.19,0.0,6.2,8.6,2.4,9.2,29,33,35,39,52
2017-01-02 10:00,2191,34,32,0.00,10,280.40,,23.1,10.0,0.02,0.19,0.0,6.2,8.6,2.4,9.2,29,33,35,39,52
2017-01-02 11:00,2191,34,32,0.00,11,319.90,,24.1,11.3,0.02,0.19,0.0,6.2,8.6,2.4,9.3,29,33,35,39,52
2017-01-02 12:00,2191,32,30,0.00,13,240.40,,22.0,11.3,0.02,0.17,0.0,6.2,8.6,2.7,9.3,29,32,35,39,52
2017-01-02 13:00,2191,30,29,0.00,13,174.60,,24.4,11.1,0.02,0.17,0.0,6.1,8.6,2.4,8.9,29,32,35,39,52
2017-01-02 14:00,2191,29,29,0.00,16,126.80,,18.7,7.8,0.02,0.16,0.0,6.2,8.6,2.4,8.9,29,32,35,39,52
2017-01-02 15:00,2191,29,28,0.00,14,67.46,,16.1,5.9,0.02,0.16,0.0,6.2,8.6,2.4,8.9,29,32,35,39,52
2017-01-02 16:00,2191,28,27,0.00,14,13.74,,12.0,4.9,0.02,0.15,0.0,5.9,8.7,2.4,8.9,30,32,35,39,52
2017-01-02 17:00,2191,28,27,0.00,14,0.03,,15.4,5.6,0.02,0.15,0.0,6.2,8.7,2.4,9.3,30,32,35,39,52
2017-01-02 18:00,2191,28,27,0.00,13,0.00,,24.3,11.3,0.02,0.15,0.0,6.3,8.7,2.4,8.9,30,32,35,39,52
2017-01-02 19:00,2191,28,26,0.00,15,0.00,,25.4,10.1,0.02,0.15,0.0,6.4,8.4,2.4,9.3,29,32,35,39,52
2017-01-02 20:00,2191,28,25,0.00,15,0.00,,30.2,14.1,0.02,0.15,0.0,6.3,8.7,2.4,9.2,29,32,35,39,52
2017-01-02 21:00,2191,29,23,0.00,20,0.00,,31.8,13.6,0.03,0.15,0.0,6.3,8.7,2.4,9.2,29,32,35,39,52
2017-01-02 22:00,2191,31,29,0.00,11,0.00,,25.8,13.0,0.02,0.16,0.0,6.1,8.4,2.4,9.2,29,32,35,39,52
2017-01-02 23:00,2191,31,31,0.00,11,0.00,,22.6,10.6,0.02,0.17,0.0,6.4,8.7,2.4,9.1,28,32,35,39,52
2017-01-03 00:00,2191,32,31,0.00,12,0.00,,23.3,10.5,0.02,0.17,0.0,6.4,8.4,2.4,9.1,28,32,35,39,52
2017-01-03 01:00,2191,32,31,0.00,12,0.00,,26.9,12.0,0.02,0.18,0.0,6.4,8.5,2.4,9.1,28,32,35,39,52
2017-01-03 02:00,2191,31,30,0.00,14,0.00,,22.8,7.3,0.03,0.17,0.0,6.4,8.7,2.4,9.1,28,32,35,39,52
2017-01-03 03:00,2191,30,29,0.00,13,0.00,,17.4,6.9,0.03,0.17,0.0,6.4,8.4,2.4,9.1,28,32,35,39,52
2017-01-03 04:00,2191,29,27,0.00,25,0.00,,16.9,4.7,0.05,0.16,0.0,6.4,8.5,3.0,9.1,28,32,35,39,52
2017-01-03 05:00,2191,30,25,0.00,31,0.00,,15.0,4.3,0.05,0.15,0.0,5.7,8.5,3.0,8.9,28,32,35,39,52
2017-01-03 06:00,2191,27,23,0.00,48,0.02,,9.4,3.2,0.07,0.14,0.0,6.0,8.5,3.0,9.1,28,32,35,39,52
2017-01-03 07:00,2191,23,21,0.00,52,18.58,,8.9,3.2,0.07,0.12,0.0,6.0,8.6,3.0,9.1,28,32,35,39,52
2017-01-03 08:00,2191,24,21,0.00,68,71.17,,7.6,2.5,0.08,0.12,0.0,6.2,8.6,2.4,9.1,28,32,35,39,52
2017-01-03 09:00,2191,28,24,0.00,65,149.90,,6.7,2.5,0.09,0.14,0.0,6.2,8.5,2.4,9.1,28,32,35,39,52
2017-01-03 10:00,2191,33,28,0.00,58,301.20,,6.3,2.4,0.09,0.17,0.0,5.8,8.2,2.4,9.3,28,32,35,39,52
2017-01-03 11:00,2191,37,33,0.00,52,372.40,,12.2,2.6,0.10,0.20,0.0,6.2,8.2,2.4,9.1,28,32,35,39,52
2017-01-03 12:00,2191,41,37,0.00,48,542.40,,7.1,2.7,0.11,0.24,0.0,6.2,8.2,2.4,9.1,29,32,35,39,52
2017-01-03 13:00,2191,41,38,0.00,43,397.10,,15.4,3.6,0.11,0.25,0.0,6.2,8.2,2.4,9.1,29,32,35,39,52
2017-01-03 14:00,2191,39,36,0.00,51,163.10,,8.9,2.6,0.12,0.23,0.0,6.0,8.4,2.4,9.3,30,32,35,39,52
2017-01-03 15:00,2191,36,33,0.00,58,63.57,,7.6,2.6,0.12,0.20,0.0,6.0,8.4,2.4,9.3,30,32,35,39,52
2017-01-03 16:00,2191,33,29,0.00,72,6.33,,4.8,1.7,0.14,0.17,0.0,6.0,8.4,2.4,8.9,31,32,35,39,52
2017-01-03 17:00,2191,29,28,0.00,94,0.00,,7.4,1.7,0.15,0.16,0.0,6.0,8.4,2.4,8.9,31,32,35,39,52
2017-01-03 18:00,2191,28,28,0.00,97,0.00,,6.8,2.0,0.15,0.15,0.0,6.1,8.4,3.0,9.3,31,32,35,39,52
2017-01-03 19:00,2191,28,28,0.00,98,0.00,,4.3,1.2,0.15,0.15,0.0,5.8,8.4,3.0,9.3,31,32,35,39,52
2017-01-03 20:00,2191,28,28,0.00,98,0.00,,3.6,0.7,0.15,0.15,0.0,5.8,8.4,3.0,9.3,31,32,35,39,52
2017-01-03 21:00,2191,28,28,0.00,98,0.00,,3.0,0.8,0.15,0.15,0.2,6.0,8.4,3.0,9.3,31,32,35,39,52
2017-01-03 22:00,2191,28,28,0.00,98,0.00,,5.8,1.7,0.15,0.15,0.0,6.0,8.4,3.0,9.1,31,32,35,39,52
2017-01-03 23:00,2191,28,28,0.00,98,0.00,,4.2,1.0,0.15,0.15,0.0,6.0,8.4,3.0,9.3,31,32,35,39,52
2017-01-04 00:00,2191,28,28,0.00,98,0.00,,1.8,0.2,0.15,0.15,0.0,6.0,8.4,3.0,9.1,31,32,35,39,52
2017-01-04 01:00,2191,29,28,0.00,98,0.00,,0.0,0.0,0.15,0.15,0.0,5.6,8.4,3.0,9.1,31,32,35,39,52
2017-01-04 02:00,2191,29,28,0.00,98,0.00,,0.0,0.0,0.15,0.16,0.0,5.6,8.4,3.0,9.1,31,32,35,39,52
2017-01-04 03:00,2191,29,28,0.00,99,0.00,,0.0,0.0,0.15,0.16,0.0,5.6,8.4,3.0,9.3,31,32,35,39,52
2017-01-04 04:00,2191,28,28,0.00,98,0.00,,0.0,0.0,0.15,0.15,0.4,5.6,8.4,3.0,9.3,31,32,35,39,52
2017-01-04 05:00,2191,29,28,0.00,99,0.00,,0.0,0.0,0.15,0.15,0.4,5.7,8.7,3.0,9.3,31,32,35,39,52
2017-01-04 06:00,2191,36,29,0.00,99,0.00,,21.9,3.6,0.16,0.17,0.1,5.7,8.5,3.0,9.3,31,32,35,39,52
2017-01-04 07:00,2191,37,34,0.07,79,7.78,,24.5,9.7,0.17,0.21,0.1,5.7,8.2,3.0,9.3,31,32,35,39,52
2017-01-04 08:00,2191,37,34,0.02,80,61.63,,16.8,5.2,0.18,0.21,0.1,5.7,8.5,3.0,9.1,31,32,35,39,52
2017-01-04 09:00,2191,36,33,0.03,80,67.81,,18.9,4.5,0.17,0.20,0.6,5.7,8.2,3.0,9.1,31,32,35,39,52
2017-01-04 10:00,2191,34,33,0.04,91,94.00,,14.5,4.4,0.17,0.19,0.6,5.7,8.4,3.0,9.3,31,32,35,39,52
2017-01-04 11:00,2191,36,33,0.05,93,88.70,,20.3,6.1,0.17,0.20,0.6,5.7,8.4,3.0,9.3,31,32,35,39,52
2017-01-04 12:00,2191,36,33,0.06,92,102.10,,16.5,6.1,0.17,0.20,0.4,6.0,8.4,3.0,9.3,31,32,35,39,52
2017-01-04 13:00,2191,35,32,0.04,85,64.72,,14.9,4.0,0.17,0.19,0.4,5.7,8.2,3.0,9.3,31,32,35,39,52
2017-01-04 14:00,2191,36,32,0.05,91,71.31,,19.2,6.7,0.17,0.19,0.4,5.6,8.2,3.0,9.1,31,32,35,39,52
2017-01-04 15:00,2191,36,34,0.01,82,41.53,,14.8,5.9,0.17,0.21,0.4,5.6,8.6,3.0,9.1,32,32,35,39,52
2017-01-04 16:00,2191,36,32,0.03,90,6.27,,21.3,6.1,0.17,0.19,0.4,5.8,8.4,3.0,9.1,31,32,35,39,52
2017-01-04 17:00,2191,36,31,0.01,81,0.00,,16.7,4.7,0.17,0.19,0.0,5.8,8.6,3.0,9.1,32,32,35,39,52
2017-01-04 18:00,2191,31,31,0.00,98,0.00,,5.9,2.9,0.17,0.17,0.0,5.7,8.4,3.0,9.1,31,33,35,39,52
2017-01-04 19:00,2191,31,31,0.00,99,0.00,,4.6,1.2,0.17,0.17,0.0,5.7,8.6,2.8,9.1,31,33,35,39,52
2017-01-04 20:00,2191,31,31,0.00,99,0.00,,7.6,1.6,0.17,0.17,0.0,5.7,8.4,3.2,9.1,32,33,35,39,52
2017-01-04 21:00,2191,31,30,0.00,99,0.00,,5.4,2.1,0.17,0.17,0.4,5.7,8.2,3.0,9.1,32,33,35,39,52
2017-01-04 22:00,2191,30,30,0.00,99,0.00,,6.4,2.2,0.17,0.17,0.4,5.7,8.4,2.8,9.1,32,33,35,39,52
2017-01-04 23:00,2191,30,30,0.00,99,0.00,,11.7,3.0,0.17,0.17,0.4,5.7,8.2,2.8,9.1,32,33,35,39,52
2017-01-05 00:00,2191,30,30,0.00,99,0.00,,7.4,2.5,0.17,0.17,0.4,6.0,8.4,3.2,8.9,32,33,35,39,52
2017-01-05 01:00,2191,31,30,0.00,99,0.00,,7.0,2.0,0.17,0.17,1.1,5.7,9.0,3.2,9.1,32,33,35,39,52
2017-01-05 02:00,2191,32,31,0.00,99,0.00,,14.7,3.0,0.17,0.17,0.4,5.7,8.7,3.2,9.1,32,33,35,39,52
2017-01-05 03:00,2191,37,32,0.00,99,0.00,,21.9,7.4,0.17,0.20,0.2,5.7,8.9,3.2,9.1,32,33,35,39,52
2017-01-05 04:00,2191,38,35,0.01,77,0.00,,17.9,8.3,0.16,0.21,0.4,5.7,8.7,3.2,9.1,32,33,35,39,52
2017-01-05 05:00,2191,38,35,0.04,60,0.00,,23.7,9.5,0.14,0.22,0.7,5.7,9.0,3.2,9.1,32,33,35,39,52
2017-01-05 06:00,2191,36,35,0.02,75,0.01,,21.6,8.0,0.14,0.21,0.1,5.8,8.9,3.2,9.1,32,33,35,39,52
2017-01-05 07:00,2191,36,33,0.02,55,13.07,,18.4,7.8,0.14,0.20,0.6,5.8,8.8,3.2,9.1,32,33,35,39,52
2017-01-05 08:00,2191,37,35,0.05,65,75.57,,19.6,7.9,0.12,0.21,0.6,5.8,9.0,3.2,9.1,32,33,35,39,52
2017-01-05 09:00,2191,37,36,0.08,52,181.60,,19.6,8.5,0.12,0.22,0.6,6.0,9.1,3.2,9.1,32,33,35,39,52
2017-01-05 10:00,2191,36,36,0.10,55,247.30,,18.5,9.0,0.12,0.21,1.1,5.9,9.2,3.2,9.1,32,33,35,39,52
2017-01-05 11:00,2191,36,35,0.17,56,443.40,,18.7,8.2,0.12,0.21,0.9,5.7,9.3,3.2,9.1,32,33,35,39,52
2017-01-05 12:00,2191,37,35,0.00,60,544.70,,16.7,7.2,0.11,0.21,0.9,5.7,9.1,3.2,9.1,32,33,35,39,52
2017-01-05 13:00,2191,36,36,0.00,51,500.90,,27.2,9.8,0.07,0.21,0.9,6.1,9.5,3.2,9.1,32,33,35,39,52
2017-01-05 14:00,2191,36,34,0.00,33,383.00,,28.6,10.3,0.07,0.21,0.9,6.0,9.2,3.2,9.3,32,33,35,39,52
2017-01-05 15:00,2191,34,30,0.00,32,124.80,,26.8,8.6,0.06,0.19,1.3,6.1,9.2,3.2,9.3,32,33,35,39,52
2017-01-05 16:00,2191,30,27,0.00,45,14.34,,15.3,6.7,0.07,0.16,1.1,6.6,9.3,3.2,9.3,32,33,35,39,52
2017-01-05 17:00,2191,27,23,0.00,51,0.16,,14.0,7.0,0.07,0.14,1.1,6.2,9.3,3.2,9.3,32,33,35,39,52
2017-01-05 18:00,2191,23,17,0.00,65,0.00,,12.7,6.0,0.07,0.11,0.6,6.4,9.1,3.2,9.3,32,33,35,39,52
2017-01-05 19:00,2191,17,15,0.00,72,0.00,,12.1,5.4,0.07,0.09,1.1,6.0,9.5,3.2,9.1,32,33,35,39,52
2017-01-05 20:00,2191,15,12,0.00,81,0.00,,7.4,2.6,0.07,0.08,1.1,6.0,9.5,3.2,9.1,32,33,35,39,52
2017-01-05 21:00,2191,12,10,0.00,85,0.00,,4.0,1.6,0.06,0.08,0.8,6.4,9.5,3.2,9.1,32,33,35,39,52
2017-01-05 22:00,2191,11,10,0.00,86,0.00,,6.2,1.9,0.06,0.07,1.5,6.2,9.3,3.2,9.1,32,33,35,39,52
2017-01-05 23:00,2191,11,9,0.00,86,0.00,,7.1,3.2,0.06,0.07,0.9,6.7,9.3,3.2,9.1,32,33,35,39,52
2017-01-06 00:00,2191,10,8,0.00,84,0.00,,5.6,2.8,0.06,0.07,1.3,6.6,9.3,3.2,9.1,32,33,35,39,52
2017-01-06 01:00,2191,9,7,0.00,82,0.00,,3.2,1.3,0.05,0.06,1.3,6.7,9.5,3.2,9.1,32,33,35,39,52
2017-01-06 02:00,2191,8,2,0.00,76,0.00,,2.2,0.6,0.05,0.06,1.1,6.4,9.5,3.0,8.9,32,33,35,39,52
2017-01-06 03:00,2191,3,2,0.00,88,0.01,,1.6,0.7,0.04,0.05,1.8,6.7,9.2,3.2,9.1,32,33,35,39,52
2017-01-06 04:00,2191,4,2,0.00,90,0.01,,2.5,0.7,0.04,0.05,1.8,7.0,9.5,3.2,8.9,32,33,35,39,52
2017-01-06 05:00,2191,3,2,0.00,85,0.01,,2.0,0.6,0.04,0.05,1.5,6.8,9.7,3.2,8.9,32,33,35,39,52
2017-01-06 06:00,2191,3,1,0.00,85,0.20,,1.9,0.2,0.04,0.05,1.7,7.0,9.2,3.2,8.9,32,33,35,39,52
2017-01-06 07:00,2191,4,1,0.00,85,28.09,,1.7,0.3,0.04,0.05,1.5,6.9,9.4,3.0,8.9,32,33,35,39,52
2017-01-06 08:00,2191,10,4,0.00,77,109.80,,2.4,0.6,0.05,0.06,1.5,7.1,9.4,3.2,9.1,32,33,35,39,52
2017-01-06 09:00,2191,15,9,0.00,67,218.10,,3.3,1.5,0.05,0.07,2.0,6.9,9.6,3.2,9.1,32,33,35,39,52
2017-01-06 10:00,2191,22,15,0.00,60,458.50,,3.0,0.9,0.05,0.10,2.0,7.1,9.8,3.2,9.1,32,33,35,39,52
2017-01-06 11:00,2191,29,21,0.00,44,557.60,,4.5,1.3,0.06,0.12,2.2,7.1,9.6,3.2,9.1,32,33,35,39,52
2017-01-06 12:00,2191,32,25,0.00,40,546.00,,4.1,1.1,0.06,0.16,1.9,6.9,9.8,3.2,9.1,32,33,35,39,52
2017-01-06 13:00,2191,31,26,0.00,37,494.80,,4.3,1.5,0.06,0.15,2.4,7.2,9.6,3.2,9.1,32,33,35,39,52
2017-01-06 14:00,2191,34,26,0.00,35,363.80,,4.3,1.3,0.05,0.17,2.4,7.0,9.6,3.2,9.1,32,33,35,39,52
2017-01-06 15:00,2191,26,23,0.00,34,110.70,,4.1,0.8,0.04,0.14,2.2,7.3,9.6,3.2,9.1,32,33,35,39,51
2017-01-06 16:00,2191,24,20,0.00,44,30.08,,2.6,0.9,0.04,0.12,2.2,7.2,9.6,3.2,9.1,32,33,35,39,51
2017-01-06 17:00,2191,20,19,0.00,30,0.10,,2.6,0.7,0.04,0.11,2.4,7.2,9.4,3.0,9.1,32,33,35,39,52
2017-01-06 18:00,2191,19,17,0.00,38,0.00,,3.1,0.7,0.04,0.10,2.4,7.1,9.4,2.8,9.1,32,33,35,39,51
2017-01-06 19:00,2191,18,15,0.00,46,0.00,,2.7,0.7,0.05,0.10,2.5,7.4,9.4,2.8,9.1,32,33,35,39,52
2017-01-06 20:00,2191,17,15,0.00,57,0.00,,4.7,1.0,0.06,0.09,2.8,7.4,9.4,3.0,9.1,32,33,35,39,51
2017-01-06 21:00,2191,18,17,0.00,65,0.00,,4.7,1.5,0.06,0.10,2.4,7.2,9.7,2.8,9.1,32,33,35,39,51
2017-01-06 22:00,2191,18,17,0.00,57,0.00,,8.1,2.2,0.06,0.10,2.8,7.5,9.7,2.8,9.1,32,33,35,39,51
2017-01-06 23:00,2191,17,16,0.00,64,0.00,,6.6,1.9,0.06,0.09,2.6,7.4,9.4,2.8,8.9,32,33,35,39,51
2017-01-07 00:00,2191,16,15,0.00,69,0.00,,6.0,1.5,0.06,0.09,2.8,7.4,9.4,2.8,9.1,32,33,35,39,51
2017-01-07 01:00,2191,17,15,0.00,70,0.00,,6.4,1.8,0.06,0.09,3.2,7.5,9.4,2.8,9.1,32,33,35,39,51
2017-01-07 02:00,2191,17,15,0.00,71,0.00,,5.6,1.6,0.06,0.09,3.0,7.5,9.7,2.8,9.1,32,33,35,39,51
2017-01-07 03:00,2191,16,15,0.00,72,0.00,,6.6,1.9,0.06,0.09,3.2,7.8,9.5,2.8,9.1,32,33,35,39,51
2017-01-07 04:00,2191,19,15,0.00,75,0.00,,5.2,1.3,0.07,0.09,3.2,7.7,9.7,2.8,9.1,32,33,35,39,51
2017-01-07 05:00,2191,19,14,0.00,71,0.00,,4.5,1.5,0.07,0.09,3.4,7.4,9.7,2.8,9.1,32,33,35,39,51
2017-01-07 06:00,2191,18,17,0.00,88,0.00,,4.2,1.1,0.09,0.10,3.4,7.7,9.6,2.8,9.1,32,33,35,39,51
2017-01-07 07:00,2191,18,16,0.00,89,7.92,,3.9,1.0,0.09,0.09,3.8,7.7,9.5,2.8,9.1,32,33,35,39,51
2017-01-07 08:00,2191,19,18,0.00,92,30.15,,6.5,1.6,0.09,0.10,3.9,7.7,9.6,2.8,9.1,32,33,35,39,51
2017-01-07 09:00,2191,19,19,0.00,91,37.54,,6.6,1.6,0.10,0.11,3.9,7.6,9.6,2.8,9.1,32,33,35,39,51
2017-01-07 10:00,2191,21,19,0.00,92,34.34,,4.5,1.9,0.10,0.11,3.8,7.9,9.6,2.8,9.1,32,33,35,39,51
2017-01-07 11:00,2191,22,21,0.00,92,54.33,,5.1,1.6,0.10,0.12,4.2,7.9,9.4,2.8,9.1,32,33,35,39,51
2017-01-07 12:00,2191,22,21,0.00,90,28.54,,4.8,1.8,0.11,0.12,4.1,7.6,9.6,2.8,9.1,32,33,35,39,51
2017-01-07 13:00,2191,23,22,0.00,93,33.75,,4.3,1.7,0.11,0.12,4.0,7.5,9.6,2.8,9.1,32,33,35,39,51
2017-01-07 14:00,2191,23,22,0.00,94,29.99,,5.4,1.4,0.11,0.12,4.2,8.0,9.4,2.8,9.1,32,33,35,39,51
2017-01-07 15:00,2191,24,22,0.00,93,23.42,,4.4,1.3,0.12,0.12,4.4,8.0,9.4,2.8,9.1,32,33,35,39,51
2017-01-07 16:00,2191,24,23,0.00,95,7.14,,4.3,1.2,0.12,0.13,4.5,7.9,9.6,2.8,9.1,32,33,35,39,51
2017-01-07 17:00,2191,24,24,0.00,96,0.00,,5.0,1.3,0.12,0.13,4.8,7.9,9.4,2.8,9.1,32,33,35,39,51
2017-01-07 18:00,2191,27,24,0.00,97,0.00,,4.9,1.6,0.14,0.14,5.1,8.2,9.4,2.8,9.1,32,33,35,39,51
2017-01-07 19:00,2191,28,27,0.00,98,0.00,,3.0,0.9,0.14,0.14,5.0,8.0,9.4,2.8,8.9,32,33,35,39,51
2017-01-07 20:00,2191,29,28,0.00,98,0.00,,3.1,0.5,0.15,0.16,5.1,8.0,9.4,2.8,9.1,32,33,35,39,51
2017-01-07 21:00,2191,31,29,0.00,98,0.00,,2.8,0.2,0.16,0.17,5.3,8.0,9.7,2.8,8.9,32,33,35,39,51
2017-01-07 22:00,2191,31,31,0.00,99,0.00,,0.0,0.0,0.17,0.17,5.1,7.8,9.6,2.8,9.1,32,33,35,39,51
2017-01-07 23:00,2191,31,30,0.00,99,0.00,,0.0,0.0,0.17,0.17,5.4,7.9,9.6,2.8,9.1,32,33,35,39,51
2017-01-08 00:00,2191,31,30,0.00,99,0.00,,0.0,0.0,0.17,0.17,5.0,7.9,9.6,2.8,9.1,32,33,35,39,51
2017-01-08 01:00,2191,31,31,0.00,99,0.00,,0.0,0.0,0.17,0.17,5.4,7.9,9.6,2.8,9.1,32,33,35,39,51
2017-01-08 02:00,2191,31,30,0.00,99,0.00,,0.0,0.0,0.17,0.17,5.0,7.9,9.6,2.8,8.9,32,33,35,39,51
2017-01-08 03:00,2191,32,30,0.00,99,0.00,,0.0,0.0,0.17,0.17,5.3,7.9,9.5,2.8,8.9,32,33,35,39,51
2017-01-08 04:00,2191,33,32,0.00,99,0.00,,0.0,0.0,0.18,0.18,5.7,7.9,9.5,2.8,8.9,32,33,35,39,51
2017-01-08 05:00,2191,32,31,0.00,99,0.00,,0.0,0.0,0.17,0.17,5.8,7.9,9.4,2.8,8.9,32,33,35,39,51
2017-01-08 06:00,2191,31,30,0.00,99,0.00,,0.0,0.0,0.17,0.17,5.5,7.9,9.9,2.8,8.9,32,33,35,39,51
2017-01-08 07:00,2191,32,31,0.00,99,3.38,,0.0,0.0,0.18,0.18,6.0,8.4,10.2,2.8,8.9,32,33,35,39,51
2017-01-08 08:00,2191,33,32,0.00,99,13.51,,11.7,0.7,0.18,0.19,6.7,9.1,10.1,2.8,8.9,32,33,35,39,51
2017-01-08 09:00,2191,35,32,0.09,99,30.33,,10.4,3.0,0.19,0.19,7.2,10.1,10.8,3.4,8.9,32,33,35,39,51
2017-01-08 10:00,2191,43,35,0.81,97,66.95,,16.2,5.5,0.20,0.23,8.0,11.5,12.0,3.4,8.7,32,33,35,39,51
2017-01-08 11:00,2191,46,43,0.64,74,118.70,,26.6,9.2,0.20,0.30,8.8,12.8,12.7,3.4,8.9,32,33,35,39,51
2017-01-08 12:00,2191,44,43,0.31,67,94.20,,26.5,7.5,0.19,0.29,9.3,14.6,13.6,3.2,9.1,32,33,35,39,51
2017-01-08 13:00,2191,45,43,0.06,68,114.70,,22.7,10.4,0.18,0.29,10.2,16.4,14.8,3.2,8.7,32,33,35,39,51
2017-01-08 14:00,2191,46,45,0.00,55,92.00,,25.4,11.1,0.16,0.30,10.8,17.3,16.1,3.2,8.7,32,33,35,39,51
2017-01-08 15:00,2191,45,44,0.00,50,39.48,,23.9,11.1,0.15,0.29,10.8,17.5,16.9,3.2,8.7,32,33,34,39,51
2017-01-08 16:00,2191,44,38,0.02,48,3.50,,17.8,3.7,0.16,0.26,10.8,17.7,17.5,3.2,9.3,32,33,34,39,51
2017-01-08 17:00,2191,38,35,0.09,79,0.00,,11.1,2.8,0.19,0.22,11.1,17.7,17.5,3.2,9.3,32,33,34,39,51
2017-01-08 18:00,2191,35,31,0.09,95,0.00,,4.4,0.8,0.18,0.19,11.3,17.9,17.9,3.2,9.3,32,33,34,39,51
2017-01-08 19:00,2191,31,31,0.00,98,0.00,,0.0,0.0,0.17,0.17,11.6,17.9,18.0,3.2,9.3,32,33,34,38,51
2017-01-08 20:00,2191,31,31,0.00,99,0.00,,0.0,0.0,0.17,0.17,11.2,17.9,18.0,4.3,9.3,32,33,34,38,51
2017-01-08 21:00,2191,32,31,0.01,99,0.00,,7.6,0.2,0.17,0.18,11.0,17.7,18.0,6.3,9.3,32,33,34,38,51
2017-01-08 22:00,2191,32,31,0.02,99,0.00,,15.8,4.4,0.18,0.18,10.9,17.2,17.7,7.8,9.3,32,33,34,38,51
2017-01-08 23:00,2191,32,32,0.07,99,0.00,,11.7,4.3,0.18,0.18,10.4,16.8,17.5,9.2,9.1,32,33,34,38,51
2017-01-09 00:00,2191,35,32,0.18,99,0.00,,20.3,4.9,0.19,0.19,10.3,16.4,17.2,9.4,9.1,32,33,34,38,51
2017-01-09 01:00,2191,36,32,0.13,97,0.00,,16.3,7.0,0.18,0.20,11.2,17.2,17.6,10.0,9.1,32,33,34,38,51
2017-01-09 02:00,2191,38,32,0.08,97,0.00,,14.9,4.1,0.18,0.20,11.3,17.4,17.8,10.7,9.3,32,33,34,38,51
2017-01-09 03:00,2191,38,33,0.04,87,0.00,,14.0,4.0,0.17,0.20,11.4,17.5,17.9,11.0,9.3,32,33,34,38,51
2017-01-09 04:00,2191,39,38,0.06,59,0.00,,19.6,6.7,0.13,0.24,11.4,17.4,17.9,11.3,9.3,32,33,34,38,51
2017-01-09 05:00,2191,39,35,0.05,47,0.00,,21.0,6.1,0.12,0.23,11.2,17.0,17.7,11.7,9.1,32,33,34,38,51
2017-01-09 06:00,2191,35,33,0.01,73,0.01,,9.3,2.9,0.16,0.19,10.5,16.6,17.4,12.0,9.1,32,33,34,38,51
2017-01-09 07:00,2191,33,30,0.00,88,2.79,,8.4,3.3,0.17,0.18,10.7,16.1,17.4,11.7,9.1,32,33,34,38,51
2017-01-09 08:00,2191,30,29,0.00,97,18.73,,19.0,6.5,0.16,0.17,10.3,15.9,16.8,11.7,9.1,32,33,34,38,51
2017-01-09 09:00,2191,30,30,0.00,98,54.89,,17.6,3.6,0.16,0.17,10.1,15.1,16.8,11.7,9.1,32,33,34,38,51
2017-01-09 10:00,2191,31,30,0.04,96,175.60,,5.9,2.2,0.16,0.17,9.9,14.9,16.5,11.7,9.1,32,33,34,38,51
2017-01-09 11:00,2191,33,31,0.09,95,282.20,,15.1,4.5,0.16,0.18,9.8,14.5,16.2,11.9,9.1,32,33,34,38,51
2017-01-09 12:00,2191,33,33,0.10,53,297.70,,14.2,7.0,0.10,0.19,9.5,14.3,15.8,11.9,9.1,32,33,34,38,51
2017-01-09 13:00,2191,34,33,0.08,51,283.10,,18.4,7.4,0.09,0.19,9.4,14.1,15.5,11.9,9.1,32,33,34,38,51
2017-01-09 14:00,2191,34,32,0.04,36,164.90,,24.2,8.6,0.08,0.19,9.3,13.8,15.0,11.6,9.1,32,33,34,38,51
2017-01-09 15:00,2191,33,32,0.00,48,70.23,,21.1,9.4,0.09,0.18,9.4,13.6,15.0,11.7,9.1,32,33,34,38,51
2017-01-09 16:00,2191,33,31,0.01,47,17.05,,27.7,11.7,0.09,0.18,8.9,13.5,14.9,11.6,9.1,32,33,34,38,51
2017-01-09 17:00,2191,31,29,0.00,66,0.05,,20.8,8.1,0.12,0.17,9.0,13.3,14.7,11.7,9.3,32,33,34,38,51
2017-01-09 18:00,2191,31,29,0.00,76,0.00,,29.3,12.3,0.11,0.17,9.1,13.2,14.2,11.4,9.1,32,33,34,38,51
2017-01-09 19:00,2191,31,28,0.00,61,0.00,,25.0,9.0,0.11,0.17,9.1,13.0,14.2,11.5,9.1,32,33,34,38,51
2017-01-09 20:00,2191,30,28,0.00,84,0.00,,26.7,9.0,0.12,0.16,8.8,12.8,14.3,11.5,9.1,32,33,34,38,51
2017-01-09 21:00,2191,30,29,0.00,63,0.00,,21.5,8.6,0.11,0.17,8.9,12.9,14.0,11.1,9.1,32,33,34,38,51
2017-01-09 22:00,2191,29,29,0.00,80,0.00,,21.7,8.4,0.13,0.16,9.0,12.5,13.8,11.3,9.1,32,33,34,38,51
2017-01-09 23:00,2191,31,29,0.00,83,0.00,,24.4,9.0,0.13,0.17,8.8,12.4,13.7,11.2,9.1,32,33,34,38,51
2017-01-10 00:00,2191,34,31,0.00,72,0.00,,35.8,15.5,0.12,0.18,8.6,12.3,13.5,11.3,9.1,32,33,34,38,51
2017-01-10 01:00,2191,34,33,0.00,55,0.00,,30.6,10.3,0.10,0.19,8.7,12.4,13.5,11.2,9.1,32,33,34,38,51
2017-01-10 02:00,2191,34,33,0.00,49,0.00,,16.9,5.0,0.10,0.19,8.8,12.3,13.4,11.2,9.1,32,33,34,38,51
2017-01-10 03:00,2191,35,33,0.00,50,0.00,,16.7,4.3,0.10,0.20,8.8,12.3,13.1,10.8,9.1,32,33,34,38,51
2017-01-10 04:00,2191,35,34,0.00,48,0.00,,24.7,3.8,0.10,0.20,8.5,12.0,13.1,11.1,9.3,32,33,35,38,51
2017-01-10 05:00,2191,36,33,0.00,53,0.00,,22.3,6.2,0.10,0.21,8.6,12.1,13.1,11.0,9.3,32,33,34,38,51
2017-01-10 06:00,2191,34,29,0.00,57,0.07,,10.3,3.2,0.11,0.18,8.3,12.0,13.2,11.1,9.3,32,33,34,38,51
2017-01-10 07:00,2191,30,29,0.00,70,36.25,,7.7,3.4,0.11,0.16,8.3,11.8,13.2,11.1,9.3,32,33,34,38,51
2017-01-10 08:00,2191,33,30,0.00,68,140.10,,9.7,4.0,0.11,0.18,8.2,11.8,13.0,10.7,9.3,32,33,35,38,51
2017-01-10 09:00,2191,37,32,0.00,62,198.90,,29.7,7.3,0.11,0.20,8.2,11.7,13.0,10.9,9.3,32,33,34,38,51
2017-01-10 10:00,2191,37,35,0.01,47,340.40,,20.4,6.6,0.11,0.22,8.0,11.8,12.8,10.8,9.3,32,33,35,38,51
2017-01-10 11:00,2191,39,35,0.14,59,491.00,,36.0,9.7,0.11,0.23,8.2,11.8,12.9,10.8,9.3,32,33,35,38,51
2017-01-10 12:00,2191,39,36,0.03,45,329.60,,26.4,10.7,0.12,0.22,8.3,11.5,12.7,10.9,9.3,32,33,35,38,51
2017-01-10 13:00,2191,36,35,0.00,51,241.20,,20.9,7.5,0.12,0.21,8.3,11.6,12.6,10.4,9.3,32,33,35,38,51
2017-01-10 14:00,2191,35,33,0.00,55,163.70,,22.8,5.8,0.12,0.19,8.1,11.7,12.7,10.9,9.3,32,33,35,38,51
2017-01-10 15:00,2191,33,30,0.00,66,59.60,,12.5,3.3,0.13,0.18,8.1,11.4,12.5,10.9,8.6,32,33,35,38,51
2017-01-10 16:00,2191,31,29,0.00,84,17.87,,11.3,3.6,0.14,0.17,8.1,11.6,12.2,10.6,9.3,32,33,35,38,51
2017-01-10 17:00,2191,31,30,0.00,80,0.09,,8.1,2.6,0.14,0.17,8.1,11.4,12.4,10.7,9.3,32,33,35,38,51
2017-01-10 18:00,2191,30,29,0.00,90,0.00,,10.4,4.6,0.15,0.16,8.1,11.2,12.2,10.7,9.3,32,33,35,38,51
2017-01-10 19:00,2191,29,29,0.00,97,0.00,,6.6,2.6,0.16,0.16,8.1,10.9,12.2,10.2,9.3,32,33,35,38,51
2017-01-10 20:00,2191,29,29,0.00,98,0.00,,3.9,1.0,0.16,0.16,8.3,11.2,12.2,10.6,9.3,32,33,35,38,51
2017-01-10 21:00,2191,30,29,0.00,98,0.00,,9.9,2.8,0.16,0.16,8.0,11.2,12.3,10.6,9.3,32,33,35,38,51
2017-01-10 22:00,2191,31,30,0.00,99,0.00,,10.8,3.6,0.17,0.17,8.0,10.9,12.3,10.6,9.3,32,33,35,38,51
2017-01-10 23:00,2191,31,31,0.00,99,0.00,,11.9,3.7,0.17,0.17,8.2,11.3,12.2,10.4,9.3,32,33,35,38,51
2017-01-11 00:00,2191,32,31,0.00,99,0.00,,29.1,11.3,0.17,0.18,8.2,11.3,12.0,10.4,9.3,32,33,35,38,51
2017-01-11 01:00,2191,34,32,0.00,89,0.00,,25.5,11.8,0.16,0.19,8.3,11.1,12.2,10.5,9.3,32,33,35,38,51
2017-01-11 02:00,2191,32,31,0.00,79,0.00,,28.8,12.0,0.12,0.18,7.8,11.1,12.3,10.4,9.3,32,33,35,38,51
2017-01-11 03:00,2191,31,30,0.00,60,0.00,,30.2,13.6,0.10,0.17,7.8,11.1,12.0,10.4,9.3,32,33,35,38,51
2017-01-11 04:00,2191,31,26,0.00,59,0.00,,23.6,8.9,0.11,0.16,8.0,11.1,12.0,10.6,9.3,32,33,35,38,51
2017-01-11 05:00,2191,27,26,0.00,97,0.00,,14.5,5.1,0.14,0.14,8.0,10.9,11.9,10.2,9.3,32,33,35,38,51
2017-01-11 06:00,2191,28,26,0.00,97,0.08,,16.0,6.2,0.14,0.15,8.0,10.9,11.9,10.2,9.2,32,33,35,38,51
2017-01-11 07:00,2191,28,26,0.00,81,14.94,,10.4,2.9,0.11,0.14,8.0,10.7,12.0,10.2,9.3,32,33,35,38,51
2017-01-11 08:00,2191,27,26,0.00,66,76.56,,14.7,5.2,0.12,0.14,7.7,11.0,11.7,10.3,9.2,32,33,35,38,51
2017-01-11 09:00,2191,27,26,0.00,91,133.30,,7.0,1.5,0.13,0.14,7.8,11.0,11.7,10.3,9.2,32,33,35,38,51
2017-01-11 10:00,2191,31,27,0.11,88,445.90,,11.2,2.9,0.12,0.16,8.1,11.0,11.7,10.4,9.2,32,33,35,38,51
2017-01-11 11:00,2191,33,31,0.17,71,512.80,,16.4,6.0,0.10,0.18,8.1,10.7,11.6,10.4,9.2,32,33,35,38,51
2017-01-11 12:00,2191,34,33,0.10,44,539.90,,16.9,7.7,0.08,0.19,8.1,10.8,11.8,10.3,9.2,32,33,35,38,51
2017-01-11 13:00,2191,34,32,0.00,39,369.10,,20.6,8.8,0.07,0.19,8.1,10.9,12.1,10.3,9.2,32,33,35,38,51
2017-01-11 14:00,2191,32,30,0.00,45,222.50,,17.5,8.3,0.07,0.17,8.3,10.8,11.7,10.3,9.2,32,33,35,38,51
2017-01-11 15:00,2191,30,29,0.00,39,94.40,,16.4,6.4,0.08,0.17,7.8,10.8,11.5,9.8,9.2,32,33,35,38,51
2017-01-11 16:00,2191,30,29,0.00,41,22.11,,13.3,7.3,0.07,0.17,7.8,11.0,11.5,10.0,9.2,32,33,35,38,51
2017-01-11 17:00,2191,29,29,0.00,47,0.16,,11.4,3.9,0.07,0.16,7.8,10.9,11.7,10.0,9.2,32,33,35,38,51
2017-01-11 18:00,2191,29,24,0.00,48,0.00,,11.6,2.9,0.09,0.14,7.8,10.7,11.5,10.0,9.2,32,33,35,38,51
2017-01-11 19:00,2191,28,24,0.00,60,0.00,,9.3,3.6,0.09,0.14,7.8,10.7,11.5,10.1,9.2,32,33,35,38,51
2017-01-11 20:00,2191,28,26,0.00,60,0.00,,11.5,2.9,0.09,0.15,7.8,10.7,11.7,10.3,9.2,32,33,35,38,51
2017-01-11 21:00,2191,26,24,0.00,66,0.00,,6.0,2.0,0.10,0.14,7.9,10.6,11.7,10.3,9.2,32,33,35,38,51
2017-01-11 22:00,2191,25,24,0.00,82,0.00,,6.2,1.9,0.11,0.13,7.9,10.6,11.5,10.0,9.2,32,33,35,38,51
2017-01-11 23:00,2191,26,24,0.00,92,0.00,,6.9,2.2,0.12,0.14,7.9,10.6,11.6,10.0,9.2,32,33,35,38,50
2017-01-12 00:00,2191,27,24,0.00,86,0.00,,6.7,2.0,0.11,0.13,7.6,10.7,11.6,10.0,9.2,32,33,35,38,50
2017-01-12 01:00,2191,27,25,0.00,60,0.00,,6.6,2.2,0.09,0.14,7.6,10.7,11.6,10.1,9.2,32,33,35,38,50
2017-01-12 02:00,2191,25,24,0.00,74,0.00,,4.5,1.4,0.11,0.14,7.6,10.5,11.3,10.1,9.2,32,33,35,39,50
2017-01-12 03:00,2191,24,22,0.00,89,0.00,,4.3,1.4,0.11,0.13,7.6,10.6,11.4,9.7,9.2,32,33,35,38,50
2017-01-12 04:00,2191,22,21,0.00,86,0.00,,2.3,0.6,0.10,0.12,7.8,10.5,11.6,9.7,9.2,32,33,35,38,50
2017-01-12 05:00,2191,22,21,0.00,88,0.00,,2.2,0.6,0.10,0.12,7.7,10.6,11.6,9.8,9.2,32,33,35,38,50
2017-01-12 06:00,2191,23,21,0.00,92,0.00,,3.0,0.8,0.11,0.12,7.9,10.3,11.4,9.8,9.2,32,33,35,38,50
2017-01-12 07:00,2191,23,23,0.00,95,3.79,,2.7,1.0,0.12,0.12,7.9,10.3,11.4,10.1,9.2,32,34,35,38,50
2017-01-12 08:00,2191,23,23,0.00,96,11.62,,3.7,1.3,0.12,0.12,7.9,10.5,11.3,10.1,9.2,32,34,35,38,50
2017-01-12 09:00,2191,25,23,0.00,94,26.00,,5.5,1.6,0.12,0.13,7.7,10.5,11.6,10.1,9.2,32,33,35,39,50
2017-01-12 10:00,2191,26,25,0.00,92,33.54,,5.0,1.5,0.12,0.14,7.9,10.5,11.3,10.1,9.2,32,33,35,39,50
2017-01-12 11:00,2191,31,26,0.01,92,42.45,,2.7,0.8,0.13,0.14,7.4,10.3,11.1,10.1,9.2,32,34,35,39,50
2017-01-12 12:00,2191,31,28,0.06,76,54.26,,3.7,1.3,0.14,0.17,7.4,10.4,11.1,9.9,9.2,32,34,35,39,50
2017-01-12 13:00,2191,31,28,0.15,85,73.64,,3.8,1.1,0.13,0.16,7.4,10.4,11.1,9.9,9.2,32,34,35,39,50
2017-01-12 14:00,2191,33,29,0.09,80,105.50,,4.4,1.1,0.13,0.17,7.4,10.4,11.1,9.9,9.2,32,34,35,39,50
2017-01-12 15:00,2191,33,25,0.02,68,43.76,,4.1,0.9,0.12,0.16,7.6,10.4,11.5,9.9,9.2,32,34,35,39,50
2017-01-12 16:00,2191,25,23,0.00,90,8.54,,2.1,0.7,0.12,0.13,7.6,10.4,11.5,9.9,9.2,32,34,35,39,50
2017-01-12 17:00,2191,25,22,0.00,92,0.11,,2.4,0.7,0.12,0.13,7.6,10.1,11.3,10.0,9.2,32,34,35,39,50
2017-01-12 18:00,2191,24,22,0.00,96,0.00,,4.6,0.9,0.12,0.12,7.6,10.1,11.2,9.6,9.2,32,34,35,39,50
2017-01-12 19:00,2191,24,21,0.00,92,0.00,,2.6,0.6,0.12,0.12,7.6,10.2,11.2,9.6,9.2,32,34,35,39,50
2017-01-12 20:00,2191,21,19,0.00,94,0.00,,2.3,0.2,0.11,0.11,7.6,10.2,11.3,9.6,9.2,32,34,35,39,50
2017-01-12 21:00,2191,20,18,0.00,97,0.00,,3.5,1.0,0.10,0.11,7.6,10.2,11.3,9.6,9.2,32,34,35,39,50
2017-01-12 22:00,2191,21,19,0.00,93,0.00,,4.6,1.5,0.10,0.11,7.9,10.4,11.3,9.7,9.2,32,34,35,39,50
2017-01-12 23:00,2191,20,20,0.00,88,0.00,,2.7,0.4,0.10,0.11,7.9,10.4,11.3,9.7,9.2,32,34,35,39,50
2017-01-13 00:00,2191,20,19,0.00,94,0.00,,1.9,0.4,0.10,0.11,7.9,10.5,11.3,9.7,9.2,32,34,35,39,50
2017-01-13 01:00,2191,21,20,0.00,94,0.00,,3.6,1.1,0.10,0.11,7.9,10.3,11.3,9.9,9.2,32,34,35,39,50
2017-01-13 02:00,2191,21,21,0.00,94,0.00,,3.1,0.7,0.11,0.12,7.6,10.3,11.1,9.9,9.2,32,34,35,39,50
2017-01-13 03:00,2191,21,21,0.00,95,0.00,,3.6,0.9,0.11,0.12,7.6,10.3,11.1,9.9,9.2,32,34,35,39,50
2017-01-13 04:00,2191,21,21,0.00,96,0.00,,4.0,1.0,0.11,0.12,7.7,10.2,11.1,9.6,9.2,32,34,35,39,50
2017-01-13 05:00,2191,22,21,0.00,95,0.00,,3.3,0.9,0.11,0.12,7.7,10.3,11.1,9.6,9.2,32,34,35,39,50
2017-01-13 06:00,2191,22,21,0.00,93,0.00,,4.6,1.2,0.11,0.12,7.7,10.3,11.1,9.6,9.2,32,34,35,39,50
2017-01-13 07:00,2191,22,21,0.00,91,8.82,,6.1,1.0,0.11,0.12,7.7,10.0,11.1,9.6,9.2,32,34,35,39,50
2017-01-13 08:00,2191,24,22,0.00,90,53.13,,4.9,1.7,0.11,0.13,7.7,10.4,11.1,9.6,9.2,32,34,35,39,50
2017-01-13 09:00,2191,26,24,0.00,86,84.80,,4.9,2.0,0.11,0.13,7.7,10.2,11.3,9.7,9.2,32,34,35,39,50
2017-01-13 10:00,2191,29,26,0.03,79,114.50,,4.3,1.5,0.11,0.14,7.7,10.2,11.1,9.7,9.2,32,34,35,39,50
2017-01-13 11:00,2191,29,28,0.02,70,169.70,,2.6,0.9,0.11,0.16,7.7,10.2,11.1,9.7,9.2,32,34,35,39,50
2017-01-13 12:00,2191,34,29,0.03,67,360.20,,3.1,0.9,0.11,0.17,7.7,10.2,11.1,9.7,9.2,33,34,35,39,50
2017-01-13 13:00,2191,33,29,0.03,69,474.60,,3.2,1.5,0.11,0.17,7.7,10.2,11.1,9.7,9.2,33,34,35,39,50
2017-01-13 14:00,2191,37,31,0.03,61,401.00,,3.9,1.4,0.11,0.18,7.7,10.2,11.1,9.4,9.2,32,34,35,39,50
2017-01-13 15:00,2191,37,26,0.00,46,171.00,,5.2,2.5,0.10,0.17,7.2,10.2,11.1,9.4,9.2,33,34,35,39,50
2017-01-13 16:00,2191,26,21,0.00,69,45.59,,4.6,1.1,0.09,0.13,7.2,10.3,11.1,9.4,9.2,33,34,35,39,50
2017-01-13 17:00,2191,21,19,0.00,78,0.62,,2.1,0.5,0.09,0.11,7.7,10.0,11.1,9.4,9.2,33,34,35,39,50
2017-01-13 18:00,2191,20,17,0.00,85,0.00,,2.5,0.2,0.09,0.10,7.2,10.0,11.1,9.4,9.2,33,34,35,39,50
2017-01-13 19:00,2191,22,18,0.00,84,0.00,,3.6,0.7,0.09,0.11,7.2,10.0,10.8,9.6,9.2,33,34,35,39,50
2017-01-13 20:00,2191,22,19,0.00,86,0.00,,2.7,0.6,0.10,0.11,7.2,10.0,11.0,9.6,9.2,33,34,35,39,50
2017-01-13 21:00,2191,19,18,0.00,89,0.00,,2.7,0.6,0.09,0.11,7.2,10.0,11.2,9.6,9.2,33,34,35,39,50
2017-01-13 22:00,2191,18,15,0.00,90,0.00,,2.8,0.5,0.09,0.09,7.2,10.0,11.2,9.6,9.2,33,34,35,39,50
2017-01-13 23:00,2191,15,13,0.00,93,0.00,,2.7,1.0,0.08,0.09,7.2,10.0,10.8,9.6,9.2,33,34,35,39,50
2017-01-14 00:00,2191,14,12,0.00,96,0.00,,2.2,0.5,0.08,0.08,7.2,10.0,11.0,9.6,9.2,33,34,35,39,50
2017-01-14 01:00,2191,12,11,0.00,94,0.00,,2.5,0.4,0.07,0.08,7.2,10.4,10.8,9.6,9.2,33,34,35,39,50
2017-01-14 02:00,2191,13,11,0.00,96,0.00,,3.1,0.8,0.07,0.08,7.4,10.0,10.8,9.6,9.2,33,34,35,39,50
2017-01-14 03:00,2191,12,12,0.00,92,0.00,,2.8,0.7,0.07,0.08,7.2,10.2,10.9,9.6,9.2,33,34,35,39,50
2017-01-14 04:00,2191,13,10,0.00,92,0.00,,2.1,0.7,0.07,0.08,7.4,10.0,10.9,9.6,9.2,33,34,35,39,50
2017-01-14 05:00,2191,11,9,0.00,90,0.00,,2.0,0.2,0.06,0.07,7.2,10.0,10.9,9.1,9.2,33,34,35,39,50
2017-01-14 06:00,2191,12,9,0.00,92,0.15,,2.1,0.4,0.07,0.07,7.4,10.4,10.9,9.3,9.2,33,34,35,39,50
2017-01-14 07:00,2191,12,10,0.00,93,10.42,,1.7,0.4,0.07,0.07,7.2,10.0,11.1,9.7,9.2,33,34,35,39,50
2017-01-14 08:00,2191,18,12,0.00,94,75.31,,2.0,0.7,0.08,0.09,7.4,10.0,10.9,9.5,9.2,33,34,35,39,50
2017-01-14 09:00,2191,24,15,0.00,91,165.70,,2.7,0.8,0.09,0.10,7.6,10.0,10.8,9.5,9.5,33,34,35,39,50
2017-01-14 10:00,2191,29,24,0.00,82,468.00,,2.8,1.3,0.10,0.14,7.6,10.0,11.1,9.5,9.2,33,34,36,39,50
2017-01-14 11:00,2191,31,24,0.00,69,575.10,,2.8,0.9,0.09,0.16,7.6,10.0,10.8,9.5,9.2,33,34,36,39,50
2017-01-14 12:00,2191,32,26,0.00,55,577.00,,3.9,1.8,0.09,0.17,7.6,10.0,10.8,9.5,9.2,33,34,35,39,50
2017-01-14 13:00,2191,36,31,0.00,55,519.70,,2.9,1.1,0.10,0.19,7.4,10.0,11.1,9.5,9.2,33,34,36,39,50
2017-01-14 14:00,2191,36,31,0.00,49,404.30,,2.9,1.5,0.10,0.19,7.6,10.0,10.9,9.5,9.2,33,34,35,39,50
2017-01-14 15:00,2191,33,25,0.00,54,162.70,,3.0,0.9,0.10,0.16,7.6,10.0,10.9,9.5,9.2,33,34,36,39,50
2017-01-14 16:00,2191,31,23,0.00,66,43.20,,2.2,0.3,0.10,0.15,7.6,10.0,10.9,9.5,9.2,33,34,36,39,50
2017-01-14 17:00,2191,23,19,0.00,82,0.44,,3.4,0.4,0.09,0.11,7.4,10.0,10.9,9.5,9.2,33,34,36,39,50
2017-01-14 18:00,2191,21,17,0.00,85,0.00,,3.8,0.9,0.09,0.10,7.4,10.0,10.8,9.5,9.2,33,34,36,39,50
2017-01-14 19:00,2191,22,17,0.00,90,0.00,,2.4,0.8,0.10,0.11,7.6,10.1,10.9,9.7,9.2,33,34,36,39,50
2017-01-14 20:00,2191,18,16,0.00,92,0.00,,2.2,0.6,0.09,0.09,7.6,10.1,10.9,9.9,9.2,33,34,36,39,50
2017-01-14 21:00,2191,18,15,0.00,96,0.00,,2.5,0.9,0.09,0.09,7.6,10.0,10.9,9.7,9.2,33,34,36,39,50
2017-01-14 22:00,2191,16,14,0.00,95,0.00,,3.0,1.0,0.09,0.09,7.6,10.0,10.9,9.6,9.2,33,34,36,39,50
2017-01-14 23:00,2191,16,14,0.00,96,0.00,,4.0,1.1,0.08,0.09,7.4,10.1,10.9,9.9,9.2,33,34,36,39,50
2017-01-15 00:00,2191,14,12,0.00,94,0.00,,5.6,1.3,0.08,0.08,7.6,10.1,11.1,9.6,9.2,33,34,36,39,50
2017-01-15 01:00,2191,15,13,0.00,89,0.00,,4.3,1.3,0.08,0.09,7.4,10.0,10.9,9.6,9.2,33,34,36,39,50
2017-01-15 02:00,2191,13,11,0.00,87,0.00,,2.4,0.6,0.07,0.08,7.6,9.8,10.9,9.6,9.2,33,34,36,39,50
2017-01-15 03:00,2191,13,11,0.00,92,0.00,,2.6,1.0,0.07,0.08,7.6,10.1,10.9,9.6,9.2,33,34,36,39,50
2017-01-15 04:00,2191,13,9,0.00,93,0.00,,1.4,0.2,0.07,0.07,7.6,10.0,10.9,9.6,9.2,33,34,36,39,50
2017-01-15 05:00,2191,13,10,0.00,94,0.00,,3.6,0.7,0.07,0.08,7.6,9.8,10.9,9.6,9.2,33,34,36,39,50
2017-01-15 06:00,2191,11,9,0.00,90,0.18,,2.1,0.1,0.06,0.07,7.4,10.0,10.9,9.6,9.2,33,34,36,39,50
2017-01-15 07:00,2191,11,10,0.00,90,10.31,,2.7,0.9,0.06,0.07,7.4,9.8,10.9,9.6,9.2,33,34,36,39,50
2017-01-15 08:00,2191,18,11,0.00,90,82.20,,1.6,0.2,0.07,0.08,7.6,9.8,10.9,9.6,9.2,33,34,36,39,50
2017-01-15 09:00,2191,23,18,0.00,80,161.70,,2.4,0.5,0.08,0.11,7.7,10.0,11.1,9.6,9.2,33,34,36,39,50
2017-01-15 10:00,2191,32,23,0.00,68,487.90,,2.5,0.9,0.09,0.14,7.6,10.0,10.8,9.7,9.2,33,34,36,39,50
2017-01-15 11:00,2191,37,30,0.00,52,581.00,,2.0,0.8,0.09,0.17,7.7,9.8,11.0,9.6,9.5,33,34,36,39,50
2017-01-15 12:00,2191,37,33,0.00,41,590.00,,2.7,1.4,0.08,0.21,7.6,10.0,10.8,9.7,9.2,33,34,36,39,50
2017-01-15 13:00,2191,41,33,0.00,33,532.40,,2.7,1.1,0.06,0.22,7.7,9.8,11.0,9.7,9.2,33,34,36,39,50
2017-01-15 14:00,2191,38,35,0.00,25,414.30,,3.1,1.6,0.06,0.21,7.6,9.8,10.8,9.6,9.2,33,34,36,39,50
2017-01-15 15:00,2191,37,34,0.00,30,189.30,,3.6,1.0,0.06,0.21,7.7,10.0,10.8,9.7,9.2,33,34,36,39,50
2017-01-15 16:00,2191,36,27,0.00,31,76.61,,2.7,0.8,0.07,0.19,7.7,9.8,11.0,9.7,9.2,33,34,36,39,50
2017-01-15 17:00,2191,30,27,0.00,52,1.44,,5.3,1.8,0.07,0.15,7.6,10.0,10.8,9.7,9.2,33,34,36,39,50
2017-01-15 18:00,2191,30,27,0.00,45,0.00,,4.4,1.7,0.07,0.16,7.7,10.0,11.0,9.7,9.2,33,34,36,39,50
2017-01-15 19:00,2191,27,26,0.00,57,0.00,,5.0,2.0,0.08,0.14,7.6,10.0,10.8,9.7,9.2,33,34,36,39,50
2017-01-15 20:00,2191,26,23,0.00,60,0.00,,5.2,2.4,0.08,0.14,7.7,10.0,11.0,9.7,9.2,33,34,36,39,50
2017-01-15 21:00,2191,24,22,0.00,59,0.00,,4.9,2.8,0.07,0.13,7.7,10.0,11.0,9.2,9.2,33,34,36,39,50
2017-01-15 22:00,2191,22,20,0.00,63,0.00,,5.2,2.9,0.07,0.12,7.7,10.0,11.1,9.2,9.2,33,34,36,39,50
2017-01-15 23:00,2191,20,19,0.00,60,0.00,,6.0,3.4,0.07,0.11,7.7,10.0,11.0,9.2,9.2,33,34,36,39,50
2017-01-16 00:00,2191,22,18,0.00,60,0.00,,7.5,3.3,0.06,0.11,7.4,10.1,11.0,9.2,9.2,33,34,36,39,50
2017-01-16 01:00,2191,22,19,0.00,55,0.00,,9.0,2.8,0.07,0.12,7.7,10.1,10.8,9.7,9.2,33,34,36,39,50
2017-01-16 02:00,2191,22,20,0.00,65,0.00,,8.0,2.8,0.07,0.11,7.7,10.1,10.8,9.2,9.2,33,34,36,39,50
2017-01-16 03:00,2191,22,20,0.00,66,0.00,,6.8,2.8,0.07,0.12,7.7,10.1,11.0,9.2,9.2,33,34,36,39,50
2017-01-16 04:00,2191,21,20,0.00,62,0.00,,7.0,2.4,0.07,0.11,7.4,10.1,10.8,9.2,9.2,33,34,36,39,50
2017-01-16 05:00,2191,20,19,0.00,57,0.00,,7.4,2.3,0.06,0.11,7.4,9.8,11.0,9.2,9.2,33,34,36,39,50
2017-01-16 06:00,2191,19,19,0.00,56,0.12,,5.6,2.8,0.06,0.10,7.7,9.8,10.8,9.2,8.9,33,34,36,39,50
2017-01-16 07:00,2191,20,16,0.00,53,11.23,,5.5,2.8,0.06,0.10,7.7,9.8,10.8,9.2,8.9,33,34,36,39,50
2017-01-16 08:00,2191,24,16,0.00,59,98.20,,4.7,2.5,0.05,0.11,7.4,9.8,10.8,9.2,9.2,33,34,36,39,50
2017-01-16 09:00,2191,32,24,0.00,38,183.70,,4.7,2.2,0.05,0.14,7.4,9.8,11.0,9.2,9.2,33,34,36,39,50
2017-01-16 10:00,2191,37,32,0.00,26,522.10,,4.1,2.1,0.04,0.20,7.4,9.8,10.6,9.2,9.2,33,34,36,39,50
2017-01-16 11:00,2191,39,37,0.00,21,588.20,,5.2,2.6,0.04,0.23,7.4,9.8,10.6,9.2,9.2,33,34,36,39,50
2017-01-16 12:00,2191,40,39,0.00,22,591.90,,6.4,2.4,0.06,0.25,7.4,9.8,10.7,9.2,9.2,33,34,36,39,50
2017-01-16 13:00,2191,45,40,0.00,26,534.90,,4.6,1.8,0.06,0.27,7.4,9.8,10.9,9.4,9.2,33,34,36,39,50
2017-01-16 14:00,2191,45,40,0.00,18,420.60,,4.5,1.8,0.06,0.28,7.4,9.8,10.6,9.2,9.2,33,34,36,39,50
2017-01-16 15:00,2191,42,36,0.00,28,188.80,,4.0,1.6,0.06,0.24,7.4,9.8,10.7,9.2,9.2,33,34,36,39,50
2017-01-16 16:00,2191,36,28,0.00,23,53.49,,4.0,1.8,0.05,0.19,7.4,9.8,10.9,9.2,9.2,33,34,36,39,50
2017-01-16 17:00,2191,28,25,0.00,30,0.71,,5.0,2.4,0.06,0.15,7.4,9.8,10.7,9.4,9.2,33,34,36,39,50
2017-01-16 18:00,2191,26,24,0.00,48,0.00,,5.5,2.6,0.06,0.13,7.4,10.0,10.6,9.4,9.2,33,34,36,39,50
2017-01-16 19:00,2191,24,22,0.00,51,0.00,,5.0,2.1,0.06,0.13,7.4,9.8,10.7,9.4,9.2,33,34,36,39,50
2017-01-16 20:00,2191,22,20,0.00,52,0.00,,5.7,2.9,0.06,0.12,7.4,10.0,10.7,9.4,9.2,33,34,36,39,50
2017-01-16 21:00,2191,21,19,0.00,50,0.00,,5.2,2.6,0.06,0.11,7.4,10.0,10.9,9.4,9.2,33,34,36,39,50
2017-01-16 22:00,2191,20,19,0.00,50,0.00,,5.8,3.3,0.05,0.11,7.4,9.6,10.7,9.4,9.2,33,34,36,39,50
2017-01-16 23:00,2191,23,20,0.00,45,0.00,,6.2,2.9,0.04,0.12,7.4,9.6,10.7,9.4,9.2,33,34,36,39,50
2017-01-17 00:00,2191,23,18,0.00,36,0.00,,6.0,2.1,0.04,0.12,7.4,10.0,10.7,9.4,9.2,33,34,36,39,50
2017-01-17 01:00,2191,22,16,0.00,44,0.00,,5.2,2.0,0.04,0.11,7.4,9.6,10.7,9.4,9.2,33,34,36,39,50
2017-01-17 02:00,2191,20,16,0.00,38,0.00,,2.9,0.8,0.04,0.10,7.4,9.6,10.7,9.4,9.2,33,34,36,39,50
2017-01-17 03:00,2191,19,16,0.00,44,0.00,,4.1,1.4,0.04,0.10,7.4,9.8,10.7,9.4,9.2,33,34,36,39,50
2017-01-17 04:00,2191,18,17,0.00,48,0.00,,2.7,0.6,0.04,0.10,7.4,10.2,10.7,9.4,9.2,33,34,36,39,50
2017-01-17 05:00,2191,18,17,0.00,45,0.00,,2.4,0.7,0.04,0.10,7.4,9.8,10.9,9.4,9.2,33,34,36,39,50
2017-01-17 06:00,2191,18,16,0.00,42,0.19,,2.9,0.5,0.04,0.10,7.4,9.8,10.7,9.7,9.2,33,34,36,39,50
2017-01-17 07:00,2191,20,17,0.00,48,11.28,,3.0,0.5,0.05,0.10,7.4,9.8,10.7,9.4,9.2,33,34,36,39,50
2017-01-17 08:00,2191,27,20,0.00,45,97.70,,2.5,0.8,0.05,0.12,7.4,9.8,10.7,9.4,9.2,33,34,36,39,50
2017-01-17 09:00,2191,34,27,0.00,34,208.80,,2.8,1.3,0.05,0.15,7.4,9.8,10.7,9.7,9.2,33,34,36,39,50
2017-01-17 10:00,2191,38,31,0.00,26,522.90,,3.0,1.0,0.05,0.20,7.4,9.8,10.7,9.7,9.2,33,34,36,39,50
2017-01-17 11:00,2191,46,38,0.00,25,591.40,,3.0,1.0,0.06,0.27,7.4,9.9,10.7,9.7,9.2,33,34,36,39,50
2017-01-17 12:00,2191,46,33,0.00,20,588.30,,5.5,2.3,0.06,0.24,7.4,9.9,10.7,9.4,9.2,33,34,36,39,50
2017-01-17 13:00,2191,41,32,0.00,36,418.70,,5.0,1.8,0.06,0.21,7.4,9.9,11.0,9.4,9.2,33,34,36,39,50
2017-01-17 14:00,2191,41,31,0.00,18,250.80,,5.7,2.2,0.06,0.20,7.4,9.9,10.9,9.7,9.2,33,34,36,39,50
2017-01-17 15:00,2191,40,29,0.00,27,150.80,,4.8,1.5,0.06,0.22,7.6,9.9,10.9,9.4,9.2,33,34,36,39,50
2017-01-17 16:00,2191,33,29,0.00,41,61.51,,2.7,0.8,0.06,0.18,7.6,9.9,10.7,9.4,9.2,33,34,36,39,50
2017-01-17 17:00,2191,32,24,0.00,34,0.65,,2.5,0.3,0.06,0.16,7.6,9.9,10.9,9.3,8.9,33,34,36,39,50
2017-01-17 18:00,2191,28,23,0.00,47,0.00,,2.1,0.6,0.06,0.14,7.6,9.9,10.7,9.4,8.9,33,34,36,39,50
2017-01-17 19:00,2191,28,23,0.00,46,0.00,,2.8,0.8,0.06,0.14,7.4,9.8,11.0,9.4,9.2,33,34,36,39,50
2017-01-17 20:00,2191,27,23,0.00,49,0.00,,2.2,0.3,0.08,0.14,7.4,9.9,10.9,9.1,9.2,33,34,36,39,50
2017-01-17 21:00,2191,23,22,0.00,59,0.00,,2.3,0.4,0.08,0.12,7.6,9.9,11.0,9.4,9.2,33,34,36,39,50
2017-01-17 22:00,2191,24,21,0.00,72,0.00,,3.0,0.7,0.08,0.12,7.6,9.8,10.6,9.4,9.2,33,34,36,39,49
2017-01-17 23:00,2191,23,17,0.00,66,0.00,,3.9,1.3,0.07,0.11,7.6,9.8,10.7,9.4,8.9,33,34,36,39,49
2017-01-18 00:00,2191,20,17,0.00,74,0.00,,3.9,0.9,0.07,0.10,7.6,9.9,10.6,9.5,8.9,33,34,36,39,49
2017-01-18 01:00,2191,23,20,0.00,67,0.00,,4.1,1.1,0.07,0.12,7.6,9.8,10.6,9.4,9.2,33,34,36,39,49
2017-01-18 02:00,2191,23,22,0.00,59,0.00,,4.4,1.0,0.07,0.12,7.6,9.9,10.7,9.4,9.2,33,34,36,39,49
2017-01-18 03:00,2191,23,21,0.00,58,0.00,,3.9,1.3,0.07,0.12,7.6,9.9,10.6,9.3,8.9,33,34,36,39,49
2017-01-18 04:00,2191,23,20,0.00,60,0.00,,6.1,1.6,0.07,0.12,7.3,9.9,10.7,9.4,9.2,33,34,36,39,49
2017-01-18 05:00,2191,23,18,0.00,64,0.00,,6.0,1.9,0.07,0.11,7.3,9.6,10.6,9.4,9.2,33,34,36,39,49
2017-01-18 06:00,2191,26,21,0.00,65,0.42,,4.8,1.3,0.07,0.13,7.3,9.9,10.6,9.4,8.9,33,34,36,39,49
2017-01-18 07:00,2191,26,24,0.00,60,22.11,,4.4,1.2,0.08,0.14,7.3,9.9,10.6,9.4,9.2,33,34,36,39,49
2017-01-18 08:00,2191,30,24,0.00,54,71.73,,5.9,1.2,0.08,0.14,7.3,9.9,10.7,9.5,9.2,33,34,36,39,49
2017-01-18 09:00,2191,39,30,0.00,48,295.30,,6.9,1.8,0.08,0.19,7.6,9.9,10.8,9.5,9.2,33,35,36,39,49
2017-01-18 10:00,2191,39,36,0.00,26,276.10,,4.3,1.6,0.08,0.22,7.6,9.9,10.8,9.5,9.2,33,35,36,39,49
2017-01-18 11:00,2191,38,34,0.00,32,294.80,,5.5,1.5,0.07,0.21,7.6,9.9,10.8,9.5,8.9,33,34,36,39,49
2017-01-18 12:00,2191,38,35,0.00,39,464.20,,7.7,2.9,0.09,0.22,7.6,9.9,10.8,9.5,8.9,33,35,36,39,49
2017-01-18 13:00,2191,38,35,0.00,46,316.50,,6.7,2.4,0.10,0.22,7.6,9.6,10.8,9.5,9.2,33,35,36,39,49
2017-01-18 14:00,2191,35,33,0.00,41,167.00,,4.5,1.9,0.09,0.19,7.3,9.6,11.1,9.5,9.2,33,35,36,39,49
2017-01-18 15:00,2191,34,29,0.00,59,89.30,,5.4,2.0,0.13,0.19,7.6,9.6,10.8,9.5,9.2,33,35,36,39,49
2017-01-18 16:00,2191,29,28,0.00,87,22.21,,6.5,2.0,0.14,0.16,7.7,9.6,10.4,9.5,9.2,33,35,36,39,49
2017-01-18 17:00,2191,31,27,0.00,96,0.35,,9.1,3.4,0.15,0.15,7.6,9.6,10.8,9.5,9.2,33,35,36,39,49
2017-01-18 18:00,2191,32,28,0.00,90,0.00,,8.6,3.4,0.15,0.17,7.3,9.6,10.8,9.5,9.2,33,35,36,39,49
2017-01-18 19:00,2191,28,27,0.00,97,0.00,,7.2,3.1,0.15,0.15,7.3,9.6,10.8,9.5,9.2,33,35,36,39,49
2017-01-18 20:00,2191,28,26,0.00,98,0.00,,8.4,3.1,0.14,0.15,7.6,9.6,10.8,9.5,8.9,33,35,36,39,49
2017-01-18 21:00,2191,28,26,0.00,98,0.00,,7.2,1.8,0.14,0.15,7.7,9.6,10.4,9.5,9.2,33,35,36,39,49
2017-01-18 22:00,2191,28,26,0.00,98,0.00,,6.5,2.1,0.14,0.15,7.6,9.6,10.8,9.5,9.2,33,35,36,39,49
2017-01-18 23:00,2191,29,27,0.00,98,0.00,,6.9,1.5,0.15,0.15,7.7,9.6,10.4,9.5,9.2,33,35,36,39,49
2017-01-19 00:00,2191,29,26,0.00,99,0.00,,4.7,2.0,0.14,0.15,7.7,9.5,10.7,9.5,9.2,33,35,36,39,49
2017-01-19 01:00,2191,26,25,0.00,98,0.00,,5.3,2.5,0.14,0.14,7.4,9.6,10.8,9.5,8.9,33,35,36,39,49
2017-01-19 02:00,2191,27,25,0.00,98,0.00,,6.9,2.8,0.14,0.14,7.4,9.6,10.8,9.5,9.2,33,35,36,39,49
2017-01-19 03:00,2191,27,26,0.00,98,0.00,,16.3,2.5,0.14,0.14,7.4,9.5,10.6,9.5,9.2,33,35,36,39,49
2017-01-19 04:00,2191,26,26,0.00,98,0.00,,6.9,2.4,0.14,0.14,7.7,9.5,10.8,9.5,8.9,33,35,36,39,49
2017-01-19 05:00,2191,27,26,0.00,98,0.00,,9.2,2.6,0.14,0.14,7.7,9.5,10.8,9.5,8.9,33,35,36,39,49
2017-01-19 06:00,2191,26,24,0.00,98,0.00,,10.6,4.1,0.13,0.13,7.7,9.5,10.6,9.5,9.2,33,35,36,39,49
2017-01-19 07:00,2191,24,21,0.00,97,2.43,,7.5,1.4,0.12,0.12,7.4,9.5,10.8,9.5,8.9,33,35,36,39,49
2017-01-19 08:00,2191,25,22,0.00,94,22.02,,7.8,1.7,0.12,0.13,7.7,9.5,10.8,9.5,8.9,33,35,36,39,49
2017-01-19 09:00,2191,27,24,0.00,89,47.23,,11.0,3.5,0.11,0.13,7.7,9.5,10.8,9.5,8.9,33,35,36,39,49
2017-01-19 10:00,2191,30,27,0.09,69,113.20,,8.6,2.6,0.11,0.15,7.7,9.5,10.6,9.5,9.2,33,35,36,39,49
2017-01-19 11:00,2191,31,28,0.17,68,200.80,,12.2,4.5,0.09,0.17,7.7,9.5,10.5,9.6,9.2,33,35,36,39,49
2017-01-19 12:00,2191,32,28,0.18,70,300.50,,6.0,2.0,0.10,0.17,7.7,9.7,10.5,9.5,9.2,33,35,36,39,49
2017-01-19 13:00,2191,34,29,0.02,64,480.50,,8.0,3.1,0.10,0.17,7.7,9.5,10.6,9.6,9.2,33,35,36,39,49
2017-01-19 14:00,2191,30,28,0.00,55,253.00,,10.4,3.1,0.09,0.16,7.7,9.7,10.7,9.6,9.2,33,35,36,39,49
2017-01-19 15:00,2191,29,27,0.00,64,134.90,,7.7,1.6,0.10,0.15,7.7,9.5,10.6,9.6,9.2,33,35,36,39,49
2017-01-19 16:00,2191,27,23,0.00,61,30.67,,7.6,2.1,0.09,0.14,7.2,9.7,10.6,9.6,8.9,33,35,36,39,49
2017-01-19 17:00,2191,24,21,0.00,73,0.71,,6.8,1.4,0.09,0.12,7.7,9.3,10.6,9.6,8.9,33,35,36,39,49
2017-01-19 18:00,2191,22,20,0.00,77,0.00,,5.3,1.5,0.09,0.11,7.2,9.7,10.6,9.6,8.9,33,35,36,39,49
2017-01-19 19:00,2191,22,20,0.00,78,0.00,,5.6,2.1,0.09,0.12,7.2,9.7,10.6,9.6,8.9,33,35,36,39,49
2017-01-19 20:00,2191,22,20,0.00,82,0.00,,6.0,2.2,0.09,0.11,7.2,9.8,10.6,9.6,8.9,33,35,36,39,49
2017-01-19 21:00,2191,22,20,0.00,75,0.00,,4.7,1.1,0.09,0.12,7.7,9.8,10.6,9.6,9.2,33,35,36,39,49
2017-01-19 22:00,2191,20,18,0.00,78,0.00,,7.3,2.0,0.08,0.10,7.7,9.4,10.6,9.6,9.2,33,35,36,39,49
2017-01-19 23:00,2191,20,18,0.00,82,0.00,,5.1,1.2,0.09,0.11,7.7,9.4,10.6,9.6,8.9,33,35,36,39,49
2017-01-20 00:00,2191,20,16,0.00,75,0.00,,4.3,1.2,0.08,0.10,7.2,9.4,10.6,9.6,9.2,33,35,36,39,49
2017-01-20 01:00,2191,20,16,0.00,84,0.00,,4.5,2.2,0.08,0.11,7.2,9.4,10.6,9.6,8.9,33,35,36,39,49
2017-01-20 02:00,2191,18,15,0.00,83,0.00,,4.8,1.2,0.08,0.09,7.2,9.4,10.6,9.1,8.9,33,35,36,39,49
2017-01-20 03:00,2191,18,15,0.00,80,0.00,,6.1,1.4,0.08,0.10,7.2,9.4,10.6,9.1,8.9,33,35,36,39,49
2017-01-20 04:00,2191,19,16,0.00,88,0.00,,4.8,1.5,0.09,0.10,7.2,9.4,10.6,9.1,9.2,33,35,36,39,49
2017-01-20 05:00,2191,19,15,0.00,92,0.00,,6.6,1.4,0.09,0.10,7.2,9.4,10.9,9.1,8.9,33,35,36,39,49
2017-01-20 06:00,2191,19,16,0.00,91,0.00,,6.4,1.7,0.09,0.10,7.2,9.4,10.6,9.1,9.2,33,35,36,39,49
2017-01-20 07:00,2191,20,19,0.00,94,5.40,,5.7,2.6,0.10,0.11,6.9,9.4,10.6,9.1,9.2,33,35,36,39,49
2017-01-20 08:00,2191,23,20,0.00,95,20.76,,9.1,2.3,0.11,0.12,7.2,9.4,10.6,9.1,8.9,33,35,36,39,49
2017-01-20 09:00,2191,24,23,0.00,96,47.29,,9.7,3.3,0.12,0.13,7.2,9.4,10.6,9.1,9.2,33,35,36,39,49
2017-01-20 10:00,2191,26,24,0.00,95,64.23,,9.7,3.4,0.12,0.13,7.2,9.4,10.6,9.1,8.9,33,35,36,39,49
2017-01-20 11:00,2191,27,25,0.03,92,86.80,,12.2,3.7,0.12,0.14,7.2,9.4,10.6,9.1,9.2,33,35,36,39,49
2017-01-20 12:00,2191,27,26,0.10,85,135.00,,8.8,3.7,0.12,0.14,7.2,9.4,10.8,9.3,9.2,33,35,36,39,49
2017-01-20 13:00,2191,29,27,0.13,84,255.20,,6.2,2.9,0.12,0.16,7.2,9.4,10.6,9.1,9.2,33,35,36,39,49
2017-01-20 14:00,2191,28,26,0.04,75,321.40,,7.6,3.4,0.12,0.15,7.2,9.4,10.6,9.3,8.9,33,35,36,39,49
2017-01-20 15:00,2191,26,24,0.00,80,129.10,,7.9,3.1,0.12,0.14,7.2,9.4,10.6,9.3,9.2,33,35,36,39,49
2017-01-20 16:00,2191,24,24,0.00,89,24.04,,6.7,1.9,0.12,0.13,7.2,9.4,10.6,9.1,9.2,33,35,36,39,49
2017-01-20 17:00,2191,24,23,0.00,96,0.10,,6.1,1.5,0.12,0.13,7.2,9.4,10.6,9.1,8.9,33,35,36,39,49
2017-01-20 18:00,2191,23,21,0.00,96,0.00,,6.2,1.5,0.12,0.12,7.2,9.4,10.8,9.3,8.9,33,35,36,39,49
2017-01-20 19:00,2191,22,21,0.00,96,0.00,,7.8,2.3,0.11,0.12,7.2,9.4,10.6,9.5,9.2,33,35,36,39,49
2017-01-20 20:00,2191,22,21,0.00,96,0.00,,8.8,4.0,0.11,0.12,7.2,9.4,10.6,9.5,9.2,33,35,36,40,49
2017-01-20 21:00,2191,21,20,0.00,90,0.00,,10.7,3.4,0.09,0.11,7.2,9.4,10.8,9.1,8.9,33,35,36,39,49
2017-01-20 22:00,2191,20,20,0.00,80,0.00,,6.6,2.2,0.09,0.11,7.2,9.4,10.6,9.1,8.9,33,35,36,39,49
2017-01-20 23:00,2191,20,20,0.00,92,0.00,,6.1,1.7,0.10,0.11,7.2,9.4,10.6,9.1,8.9,33,35,36,39,49
2017-01-21 00:00,2191,20,18,0.00,83,0.00,,4.3,1.7,0.09,0.10,7.2,9.4,10.6,9.5,8.9,33,35,36,39,49
2017-01-21 01:00,2191,20,17,0.00,84,0.00,,8.8,2.4,0.08,0.11,7.2,9.4,10.8,9.5,8.9,33,35,36,39,49
2017-01-21 02:00,2191,21,19,0.00,83,0.00,,12.0,2.9,0.08,0.11,7.2,9.4,10.5,9.5,8.9,33,35,36,39,49
2017-01-21 03:00,2191,22,21,0.00,66,0.00,,14.1,4.5,0.07,0.12,6.9,9.4,10.8,9.5,8.9,33,35,36,39,49
2017-01-21 04:00,2191,23,22,0.00,57,0.00,,16.6,7.6,0.06,0.12,7.2,9.4,10.8,9.5,8.9,33,35,36,39,49
2017-01-21 05:00,2191,23,18,0.00,57,0.00,,8.1,2.7,0.07,0.11,7.2,9.4,10.8,9.5,8.9,33,35,36,39,49
2017-01-21 06:00,2191,22,20,0.00,61,0.23,,9.4,2.3,0.07,0.12,7.2,9.4,10.8,9.5,8.9,33,35,36,39,49
2017-01-21 07:00,2191,24,20,0.00,68,28.27,,10.4,3.0,0.07,0.12,7.2,9.4,10.8,9.5,8.9,33,35,36,39,49
2017-01-21 08:00,2191,24,22,0.00,52,68.10,,15.3,2.9,0.07,0.12,7.2,9.4,10.8,9.5,8.9,33,35,36,39,49
2017-01-21 09:00,2191,24,22,0.00,69,157.50,,11.4,3.5,0.09,0.12,7.2,9.4,10.4,9.2,9.2,33,35,36,39,49
2017-01-21 10:00,2191,30,24,0.12,66,483.30,,10.4,3.9,0.08,0.15,7.3,9.4,10.4,9.2,9.2,33,35,36,39,49
2017-01-21 11:00,2191,31,30,0.10,45,605.30,,10.7,3.5,0.08,0.17,7.2,9.5,10.8,9.2,9.2,33,35,36,39,49
2017-01-21 12:00,2191,32,29,0.00,42,503.60,,8.2,2.5,0.08,0.17,7.3,9.5,10.8,9.2,9.2,33,35,36,39,49
2017-01-21 13:00,2191,31,29,0.00,50,519.30,,6.3,3.0,0.08,0.17,7.2,9.5,10.4,9.2,8.9,33,35,36,39,49
2017-01-21 14:00,2191,31,29,0.00,47,397.70,,7.4,3.1,0.09,0.16,7.2,9.4,10.4,9.2,9.2,33,35,36,39,49
2017-01-21 15:00,2191,30,25,0.00,50,157.60,,5.5,2.7,0.08,0.15,7.2,9.4,10.4,9.2,8.9,33,35,36,39,49
2017-01-21 16:00,2191,25,23,0.00,58,40.07,,6.0,2.6,0.08,0.13,7.2,9.4,10.4,9.2,9.2,33,35,36,39,49
2017-01-21 17:00,2191,23,21,0.00,64,0.76,,2.5,0.5,0.08,0.12,7.2,9.6,10.4,9.2,8.9,33,35,36,39,49
2017-01-21 18:00,2191,22,20,0.00,66,0.00,,1.5,0.2,0.08,0.11,7.2,9.4,10.4,9.2,8.9,33,35,36,39,49
2017-01-21 19:00,2191,21,19,0.00,68,0.00,,3.4,0.4,0.08,0.11,7.2,9.5,10.5,9.2,8.9,33,35,36,39,49
2017-01-21 20:00,2191,22,19,0.00,76,0.00,,3.8,0.6,0.08,0.11,7.2,9.4,10.4,9.2,8.9,33,35,36,39,49
2017-01-21 21:00,2191,23,17,0.00,68,0.00,,7.5,1.8,0.08,0.11,7.2,9.4,10.8,9.2,8.9,33,35,36,39,49
2017-01-21 22:00,2191,21,18,0.00,78,0.00,,3.7,0.9,0.08,0.11,7.3,9.5,10.4,9.2,8.9,33,35,36,39,49
2017-01-21 23:00,2191,21,18,0.00,76,0.00,,4.0,0.8,0.09,0.11,7.2,9.4,10.4,9.2,8.9,33,35,36,39,49
2017-01-22 00:00,2191,20,19,0.00,80,0.00,,2.9,0.8,0.09,0.11,7.2,9.4,10.4,9.2,8.9,33,35,36,39,49
2017-01-22 01:00,2191,20,18,0.00,94,0.00,,5.7,1.6,0.10,0.11,7.2,9.5,10.8,9.2,8.9,33,35,36,39,49
2017-01-22 02:00,2191,20,18,0.00,93,0.00,,3.7,1.0,0.10,0.10,7.2,9.5,10.8,9.2,9.2,33,35,36,39,49
2017-01-22 03:00,2191,21,20,0.00,96,0.00,,3.8,0.8,0.11,0.11,7.2,9.6,10.4,9.2,8.9,33,35,36,39,49
2017-01-22 04:00,2191,21,20,0.00,96,0.00,,5.1,0.9,0.11,0.11,7.2,9.5,10.4,9.2,8.9,33,35,36,39,49
2017-01-22 05:00,2191,21,20,0.00,95,0.00,,3.1,0.7,0.11,0.11,7.2,9.5,10.4,9.2,9.2,33,35,36,39,49
2017-01-22 06:00,2191,21,21,0.00,96,0.00,,4.3,1.0,0.11,0.11,7.2,9.5,10.8,9.2,8.9,33,35,36,39,49
2017-01-22 07:00,2191,23,21,0.00,96,2.07,,6.5,1.6,0.11,0.12,7.2,9.5,10.8,9.2,8.9,33,35,36,39,49
2017-01-22 08:00,2191,23,23,0.00,96,8.33,,7.3,2.1,0.12,0.12,7.2,9.6,10.8,9.2,8.9,33,35,36,39,49
2017-01-22 09:00,2191,23,23,0.00,96,17.42,,7.0,3.2,0.12,0.12,7.2,9.5,10.8,9.2,8.9,33,35,36,39,49
2017-01-22 10:00,2191,24,23,0.00,96,81.40,,11.9,4.9,0.12,0.12,7.2,9.5,10.8,9.2,8.9,33,35,36,39,49
2017-01-22 11:00,2191,24,23,0.00,96,141.40,,11.5,5.0,0.12,0.13,7.2,9.5,10.4,9.2,8.9,33,35,36,39,49
2017-01-22 12:00,2191,24,24,0.00,96,140.20,,12.5,5.0,0.12,0.13,7.2,9.5,10.4,9.2,8.9,33,35,36,39,49
2017-01-22 13:00,2191,27,24,0.00,96,193.80,,11.6,4.7,0.13,0.14,7.2,9.5,10.4,9.2,8.9,33,35,36,39,49
2017-01-22 14:00,2191,26,24,0.00,96,121.90,,11.3,4.9,0.13,0.14,7.2,9.5,10.5,9.2,9.2,33,35,36,39,49
2017-01-22 15:00,2191,26,24,0.00,97,44.20,,11.8,5.2,0.13,0.13,7.2,9.5,10.4,9.2,8.9,33,35,36,39,49
2017-01-22 16:00,2191,26,25,0.00,98,18.60,,8.8,3.8,0.13,0.14,7.2,9.5,10.8,9.2,8.9,33,35,36,39,49
2017-01-22 17:00,2191,26,25,0.00,98,2.40,,7.1,2.6,0.13,0.14,7.2,9.5,10.7,9.2,8.9,33,35,36,39,49
2017-01-22 18:00,2191,26,25,0.00,98,0.00,,12.0,3.9,0.14,0.14,7.2,9.5,10.7,9.2,9.2,33,35,36,39,49
2017-01-22 19:00,2191,26,25,0.00,98,0.00,,7.1,2.7,0.14,0.14,7.2,9.5,10.8,9.2,8.9,33,35,36,39,49
2017-01-22 20:00,2191,27,26,0.00,98,0.00,,5.3,2.0,0.14,0.14,7.2,9.5,10.8,9.3,9.2,33,35,36,40,49
2017-01-22 21:00,2191,27,26,0.00,98,0.00,,12.9,3.9,0.14,0.14,7.2,9.5,10.7,9.2,8.9,33,35,36,39,49
2017-01-22 22:00,2191,26,26,0.00,98,0.00,,5.9,2.2,0.14,0.14,7.4,9.5,10.7,9.2,8.9,33,35,36,40,49
2017-01-22 23:00,2191,26,25,0.00,98,0.00,,12.6,4.0,0.14,0.14,7.2,9.5,10.7,9.2,8.9,33,35,36,39,49
2017-01-23 00:00,2191,25,22,0.00,97,0.00,,12.3,4.4,0.12,0.12,7.2,9.5,10.7,9.2,8.9,33,35,36,39,49
2017-01-23 01:00,2191,22,21,0.00,97,0.00,,19.6,7.3,0.12,0.12,7.2,9.5,10.7,9.2,8.9,33,35,36,39,49
2017-01-23 02:00,2191,22,21,0.00,96,0.00,,7.8,2.4,0.11,0.12,7.2,9.5,10.7,9.2,8.9,33,35,36,40,49
2017-01-23 03:00,2191,21,20,0.00,96,0.00,,12.0,4.1,0.11,0.12,7.2,9.5,10.7,9.2,8.9,33,35,36,40,49
2017-01-23 04:00,2191,20,20,0.00,96,0.00,,12.9,2.8,0.11,0.11,7.2,9.5,10.7,9.2,8.9,33,35,36,40,49
2017-01-23 05:00,2191,20,19,0.00,96,0.00,,12.3,4.2,0.10,0.11,7.7,9.5,10.7,9.2,8.9,33,35,36,40,49
2017-01-23 06:00,2191,19,18,0.00,95,0.12,,7.5,3.1,0.10,0.10,7.7,9.5,10.7,9.2,8.9,33,35,36,40,49
2017-01-23 07:00,2191,18,16,0.00,95,17.54,,7.4,2.1,0.09,0.09,7.2,9.5,10.7,9.2,8.9,33,35,36,39,49
2017-01-23 08:00,2191,22,17,0.00,95,99.90,,8.5,2.6,0.10,0.11,7.7,9.5,10.8,9.2,8.9,33,35,36,39,49
2017-01-23 09:00,2191,22,20,0.00,96,124.60,,8.6,3.2,0.11,0.12,7.7,9.5,10.7,9.2,8.9,33,35,36,40,49
2017-01-23 10:00,2191,23,21,0.00,94,168.60,,5.3,2.6,0.11,0.12,7.7,9.5,10.7,9.2,8.9,33,35,36,39,49
2017-01-23 11:00,2191,24,23,0.06,94,213.90,,6.1,2.9,0.12,0.13,7.7,9.5,10.7,9.2,8.9,33,35,36,39,49
2017-01-23 12:00,2191,24,23,0.10,92,245.30,,4.7,1.9,0.12,0.13,7.7,9.5,10.7,9.2,8.9,33,35,36,40,49
2017-01-23 13:00,2191,28,24,0.12,91,455.90,,6.8,1.5,0.13,0.14,7.2,9.5,10.8,9.2,8.9,33,35,36,40,49
2017-01-23 14:00,2191,28,21,0.10,84,315.10,,10.3,2.4,0.11,0.13,7.2,9.9,10.7,9.2,9.2,33,35,36,40,49
2017-01-23 15:00,2191,22,20,0.00,86,172.50,,7.9,2.8,0.10,0.11,7.7,9.5,10.8,9.2,8.9,33,35,36,40,49
2017-01-23 16:00,2191,22,15,0.00,88,79.27,,6.0,1.4,0.10,0.11,7.2,9.5,10.7,9.2,8.9,33,35,36,40,49
2017-01-23 17:00,2191,15,13,0.00,88,1.12,,3.7,1.2,0.08,0.09,7.7,9.5,10.7,9.2,8.9,33,35,36,40,49
2017-01-23 18:00,2191,13,12,0.00,88,0.00,,3.0,0.6,0.07,0.08,6.9,9.5,10.7,9.2,8.9,33,35,36,40,49
2017-01-23 19:00,2191,13,12,0.00,88,0.00,,3.7,0.8,0.06,0.08,7.7,9.5,10.7,9.2,8.9,33,35,36,40,49
2017-01-23 20:00,2191,12,11,0.00,83,0.00,,3.4,0.9,0.06,0.08,7.7,9.9,10.7,9.2,8.9,33,35,36,40,49
2017-01-23 21:00,2191,11,7,0.00,85,0.00,,3.6,0.8,0.06,0.07,7.7,9.5,10.7,9.2,8.9,33,35,36,40,49
2017-01-23 22:00,2191,9,7,0.00,88,0.00,,3.8,1.0,0.06,0.07,7.7,9.5,10.7,9.2,8.9,33,35,36,40,49
2017-01-23 23:00,2191,10,7,0.00,90,0.00,,4.4,1.0,0.06,0.06,7.7,9.5,10.7,9.2,8.9,33,35,36,40,49
2017-01-24 00:00,2191,10,5,0.00,87,0.00,,2.1,0.3,0.06,0.06,7.4,9.5,10.7,9.2,8.9,33,35,36,40,49
2017-01-24 01:00,2191,6,5,0.00,90,0.00,,2.3,0.7,0.05,0.06,7.7,9.5,10.7,9.2,8.9,33,35,36,40,49
2017-01-24 02:00,2191,6,4,0.00,90,0.00,,2.7,0.3,0.05,0.06,7.7,9.5,10.7,9.2,8.9,33,35,36,40,49
2017-01-24 03:00,2191,4,1,0.00,90,0.00,,1.9,0.2,0.04,0.05,7.7,9.5,10.7,9.2,8.9,33,35,36,40,49
2017-01-24 04:00,2191,4,0,0.00,91,0.00,,3.8,0.8,0.04,0.05,7.7,9.5,10.7,9.2,8.9,33,35,36,40,49
2017-01-24 05:00,2191,5,4,0.00,87,0.00,,4.6,2.0,0.05,0.05,7.7,9.5,10.4,9.2,9.3,33,35,36,39,49
2017-01-24 06:00,2191,5,2,0.00,81,0.54,,4.1,1.8,0.04,0.05,7.7,9.5,10.7,9.2,8.9,33,35,36,40,49
2017-01-24 07:00,2191,3,2,0.00,82,22.55,,2.2,0.4,0.04,0.05,7.7,9.5,10.7,9.2,8.9,33,35,36,40,49
2017-01-24 08:00,2191,9,2,0.00,87,77.86,,3.9,1.0,0.04,0.05,7.7,9.5,10.7,9.2,8.9,33,35,36,40,49
2017-01-24 09:00,2191,15,9,0.00,79,114.10,,4.9,1.8,0.05,0.07,7.7,9.5,10.7,9.2,8.9,33,35,36,40,49
2017-01-24 10:00,2191,19,15,0.00,72,405.90,,5.9,2.9,0.06,0.09,7.7,9.9,10.7,9.2,8.9,33,35,36,39,49
2017-01-24 11:00,2191,23,19,0.11,60,658.00,,5.8,2.4,0.06,0.12,7.2,9.5,10.7,9.2,8.9,33,35,36,40,49
2017-01-24 12:00,2191,30,21,0.00,52,622.80,,4.1,1.6,0.06,0.13,7.7,9.9,10.7,9.2,8.9,33,35,36,40,49
2017-01-24 13:00,2191,29,25,0.00,36,568.60,,4.6,1.8,0.06,0.14,7.7,9.9,10.9,9.2,8.9,34,35,36,40,49
2017-01-24 14:00,2191,26,25,0.00,42,454.10,,3.8,1.4,0.06,0.14,7.2,9.5,10.7,9.2,8.9,33,35,36,40,49
2017-01-24 15:00,2191,31,23,0.00,42,292.30,,3.4,1.2,0.06,0.14,7.4,9.5,10.7,9.2,8.9,33,35,36,40,49
2017-01-24 16:00,2191,23,12,0.00,44,86.10,,3.7,0.5,0.05,0.12,7.2,9.5,10.7,9.2,8.9,34,35,36,40,49
2017-01-24 17:00,2191,12,10,0.00,62,1.50,,3.3,0.7,0.05,0.08,7.7,9.5,10.7,9.2,8.9,33,35,36,40,49
2017-01-24 18:00,2191,11,8,0.00,64,0.00,,4.1,1.7,0.05,0.07,7.7,9.9,10.7,9.2,8.9,34,35,36,40,49
2017-01-24 19:00,2191,8,5,0.00,73,0.00,,4.2,1.3,0.04,0.06,7.7,9.5,10.7,9.2,8.9,34,35,36,40,49
2017-01-24 20:00,2191,7,3,0.00,67,0.00,,5.8,0.9,0.04,0.06,7.7,9.8,10.5,9.2,8.9,33,35,36,40,49
2017-01-24 21:00,2191,7,5,0.00,77,0.00,,6.8,2.3,0.04,0.06,7.7,9.9,10.7,9.2,8.9,33,35,36,40,49
2017-01-24 22:00,2191,7,5,0.00,70,0.00,,4.6,1.5,0.04,0.06,7.4,9.5,10.6,9.2,8.9,34,35,36,40,49
2017-01-24 23:00,2191,5,4,0.00,73,0.00,,4.5,2.1,0.04,0.06,7.7,9.9,10.6,9.2,8.9,34,35,36,40,49
2017-01-25 00:00,2191,6,3,0.00,73,0.00,,5.3,2.0,0.04,0.06,7.7,9.9,10.5,9.2,8.9,33,35,36,40,49
2017-01-25 01:00,2191,5,1,0.00,69,0.00,,4.5,1.8,0.04,0.05,7.7,9.9,10.6,9.2,8.9,34,35,36,40,49
2017-01-25 02:00,2191,3,-3,0.00,76,0.00,,2.8,0.6,0.04,0.04,7.7,9.5,10.6,9.2,8.9,34,35,36,40,49
2017-01-25 03:00,2191,1,-3,0.00,82,0.01,,3.8,1.0,0.03,0.04,7.4,9.8,10.6,9.2,8.9,34,35,36,40,49
2017-01-25 04:00,2191,1,-2,0.00,74,0.01,,3.0,0.7,0.04,0.04,7.7,9.8,10.6,9.2,8.9,34,35,36,40,49
2017-01-25 05:00,2191,-2,-5,0.00,80,0.03,,1.7,0.2,0.03,0.04,7.7,9.8,10.6,9.2,8.9,34,35,36,40,49
2017-01-25 06:00,2191,1,-2,0.00,85,0.42,,2.9,0.7,0.04,0.04,7.7,9.8,10.6,9.2,8.9,34,35,36,40,49
2017-01-25 07:00,2191,1,-3,0.00,80,13.04,,3.0,0.7,0.04,0.04,7.7,9.8,10.6,9.2,9.3,34,35,36,40,49
2017-01-25 08:00,2191,10,-1,0.00,79,91.70,,3.7,0.5,0.04,0.05,7.7,9.8,10.8,9.2,8.9,34,35,36,40,49
2017-01-25 09:00,2191,17,10,0.00,53,190.40,,6.1,1.1,0.04,0.08,7.4,9.5,10.6,9.2,8.9,34,35,36,40,49
2017-01-25 10:00,2191,24,15,0.00,54,422.20,,4.6,1.3,0.05,0.11,7.7,9.8,10.6,9.2,8.9,34,35,36,40,49
2017-01-25 11:00,2191,20,13,0.00,47,605.70,,7.6,2.3,0.04,0.10,7.7,9.9,10.8,9.2,8.9,34,35,36,40,49
2017-01-25 12:00,2191,24,18,0.00,38,603.80,,5.7,2.1,0.04,0.12,7.7,9.8,10.6,9.2,8.9,34,35,36,40,49
2017-01-25 13:00,2191,31,23,0.00,33,577.00,,5.0,1.6,0.04,0.14,7.7,9.9,10.6,9.2,8.9,34,35,36,40,49
2017-01-25 14:00,2191,31,19,0.00,27,281.20,,3.3,1.8,0.04,0.13,7.7,9.8,10.6,9.2,9.2,34,35,36,40,49
2017-01-25 15:00,2191,25,19,0.00,38,244.00,,2.8,0.8,0.04,0.12,7.7,9.8,10.6,9.2,8.9,34,35,36,40,49
2017-01-25 16:00,2191,24,16,0.00,36,78.62,,2.3,0.5,0.04,0.12,7.7,9.8,10.6,9.2,8.9,34,35,36,40,49
2017-01-25 17:00,2191,16,12,0.00,49,2.41,,0.6,0.0,0.04,0.09,7.7,9.8,10.6,9.2,8.9,34,35,36,40,49
2017-01-25 18:00,2191,13,10,0.00,52,0.00,,1.4,0.3,0.04,0.08,7.7,9.8,10.6,9.2,8.9,34,35,36,40,49
2017-01-25 19:00,2191,12,10,0.00,55,0.00,,3.2,0.5,0.04,0.07,7.7,9.8,10.8,9.2,9.3,34,35,36,40,49
2017-01-25 20:00,2191,11,8,0.00,50,0.00,,3.3,0.5,0.04,0.07,7.4,9.8,10.8,9.2,8.9,34,35,36,40,49
2017-01-25 21:00,2191,10,8,0.00,61,0.00,,0.7,0.0,0.04,0.06,7.7,9.8,10.6,9.2,8.9,34,35,36,40,49
2017-01-25 22:00,2191,10,6,0.00,61,0.00,,1.9,0.2,0.04,0.07,7.7,9.8,10.8,9.2,8.9,34,35,36,40,49
2017-01-25 23:00,2191,6,5,0.00,72,0.00,,2.1,0.3,0.05,0.06,7.7,9.8,10.6,9.5,9.3,34,35,36,40,49
2017-01-26 00:00,2191,7,5,0.00,80,0.00,,2.7,0.3,0.05,0.06,7.7,9.8,10.8,9.3,8.9,34,35,36,40,49
2017-01-26 01:00,2191,7,6,0.00,84,0.00,,2.9,0.8,0.05,0.06,7.7,9.9,10.8,9.5,8.9,34,35,36,40,49
2017-01-26 02:00,2191,9,7,0.00,80,0.00,,3.3,0.9,0.05,0.06,7.7,9.8,10.6,9.5,9.3,34,35,36,40,49
2017-01-26 03:00,2191,9,6,0.00,73,0.00,,3.8,0.6,0.05,0.06,7.7,9.8,10.8,9.5,9.3,34,35,36,40,49
2017-01-26 04:00,2191,6,3,0.00,77,0.00,,3.6,0.8,0.04,0.06,7.7,9.8,10.8,9.5,8.9,34,35,36,40,49
2017-01-26 05:00,2191,5,2,0.00,85,0.00,,2.2,0.4,0.04,0.05,7.7,9.8,10.8,9.3,9.3,34,35,36,40,49
2017-01-26 06:00,2191,8,2,0.00,88,0.47,,2.6,0.3,0.05,0.06,7.7,9.8,10.8,9.5,9.3,34,35,36,40,49
2017-01-26 07:00,2191,9,6,0.00,79,23.84,,3.1,0.8,0.05,0.06,7.7,9.5,10.8,9.3,8.9,34,35,36,40,49
2017-01-26 08:00,2191,10,6,0.00,75,102.50,,7.2,1.5,0.05,0.06,7.7,9.8,10.8,9.5,9.3,34,35,36,40,49
2017-01-26 09:00,2191,18,10,0.00,71,127.90,,3.9,1.5,0.05,0.08,7.7,9.5,10.8,9.2,9.3,34,35,36,40,49
2017-01-26 10:00,2191,24,18,0.00,62,442.10,,6.1,2.4,0.07,0.12,7.7,9.5,10.8,9.5,8.9,34,35,36,40,49
2017-01-26 11:00,2191,27,21,0.00,58,432.60,,5.2,1.6,0.07,0.13,7.7,9.8,10.8,9.5,8.9,34,35,36,40,49
2017-01-26 12:00,2191,25,19,0.00,55,387.10,,6.9,2.1,0.07,0.12,7.7,9.5,10.8,9.5,8.9,34,35,36,40,49
2017-01-26 13:00,2191,25,19,0.00,58,397.10,,5.2,1.6,0.07,0.12,7.7,9.5,10.8,9.5,8.9,34,35,36,40,49
2017-01-26 14:00,2191,27,23,0.00,52,385.50,,5.7,2.3,0.07,0.14,7.7,9.8,10.6,9.5,8.9,34,35,36,40,49
2017-01-26 15:00,2191,28,24,0.00,52,349.60,,7.2,3.4,0.08,0.14,7.7,9.8,10.6,9.5,8.9,34,35,36,40,49
2017-01-26 16:00,2191,24,23,0.00,63,54.37,,5.8,2.4,0.08,0.13,7.7,9.8,10.6,9.5,8.9,34,35,36,40,49
2017-01-26 17:00,2191,23,21,0.00,69,1.84,,5.2,1.8,0.09,0.12,7.7,9.8,10.6,9.5,9.3,34,35,36,40,49
2017-01-26 18:00,2191,21,19,0.00,77,0.00,,4.6,1.6,0.09,0.11,7.4,9.5,10.8,9.5,9.3,34,35,36,40,49
2017-01-26 19:00,2191,20,15,0.00,76,0.00,,5.2,2.1,0.08,0.10,7.7,9.5,10.8,9.5,9.3,34,35,36,40,49
2017-01-26 20:00,2191,15,12,0.00,83,0.00,,5.7,1.5,0.07,0.09,7.7,9.5,10.8,9.3,9.3,34,35,36,40,49
2017-01-26 21:00,2191,15,12,0.00,86,0.00,,5.4,1.7,0.07,0.08,7.7,9.8,10.6,9.5,9.1,34,35,36,40,49
2017-01-26 22:00,2191,16,15,0.00,81,0.00,,3.3,1.3,0.07,0.09,7.7,9.5,10.6,9.5,9.1,34,35,36,40,49
2017-01-26 23:00,2191,16,13,0.00,83,0.00,,5.2,1.1,0.07,0.09,7.6,9.5,10.6,9.3,9.1,34,35,36,40,49
2017-01-27 00:00,2191,13,10,0.00,85,0.00,,4.1,1.5,0.06,0.08,7.7,9.5,10.7,9.5,9.1,34,35,36,40,49
2017-01-27 01:00,2191,10,9,0.00,86,0.00,,4.3,1.3,0.06,0.07,7.4,9.5,10.8,9.3,9.1,34,35,36,40,49
2017-01-27 02:00,2191,9,5,0.00,86,0.00,,3.2,1.1,0.06,0.06,7.3,9.5,11.0,9.5,9.1,34,35,36,40,49
2017-01-27 03:00,2191,8,4,0.00,84,0.01,,6.6,2.7,0.05,0.06,7.4,9.8,10.8,9.3,9.1,34,35,36,40,49
2017-01-27 04:00,2191,9,6,0.00,76,0.00,,6.9,3.0,0.05,0.06,7.7,9.5,10.8,9.3,9.1,34,35,36,40,49
2017-01-27 05:00,2191,10,8,0.00,81,0.00,,7.5,2.9,0.05,0.07,7.6,9.5,10.8,9.3,9.3,34,35,36,40,49
2017-01-27 06:00,2191,10,7,0.00,68,0.48,,6.6,2.7,0.04,0.06,7.3,9.5,10.6,9.3,9.1,34,35,36,40,49
2017-01-27 07:00,2191,9,6,0.00,63,14.44,,4.7,2.4,0.04,0.06,7.7,9.5,10.7,9.1,9.3,34,35,36,40,49
2017-01-27 08:00,2191,18,9,0.00,54,98.40,,4.3,2.3,0.04,0.08,7.7,9.8,10.8,9.3,8.9,34,35,36,40,49
2017-01-27 09:00,2191,23,18,0.00,38,95.20,,4.4,2.2,0.04,0.11,7.7,9.8,10.8,9.5,9.3,34,35,36,40,49
2017-01-27 10:00,2191,37,23,0.00,32,547.30,,4.4,2.1,0.04,0.15,7.7,9.5,10.8,9.5,8.9,34,35,36,40,49
2017-01-27 11:00,2191,40,34,0.00,18,636.50,,4.1,2.4,0.03,0.22,7.7,9.5,10.6,9.3,8.9,34,35,36,40,49
2017-01-27 12:00,2191,43,40,0.00,18,650.30,,5.3,2.3,0.04,0.26,7.7,9.5,10.8,9.3,9.3,34,35,36,40,49
2017-01-27 13:00,2191,43,41,0.00,15,563.50,,4.8,2.1,0.04,0.27,7.7,9.5,10.8,9.5,8.9,34,35,36,40,49
2017-01-27 14:00,2191,43,35,0.00,13,468.60,,4.5,1.8,0.04,0.24,7.6,9.5,10.8,9.5,9.1,34,35,36,40,49
2017-01-27 15:00,2191,38,36,0.00,16,304.50,,3.4,1.3,0.04,0.21,7.4,9.5,10.8,9.3,9.1,34,35,36,40,49
2017-01-27 16:00,2191,42,26,0.00,14,96.20,,2.2,0.3,0.04,0.22,7.7,9.5,10.8,9.1,9.3,34,35,36,40,49
2017-01-27 17:00,2191,26,21,0.00,32,1.88,,2.9,0.7,0.04,0.13,7.6,9.5,10.6,9.3,9.3,34,35,36,40,49
2017-01-27 18:00,2191,24,23,0.00,36,0.00,,4.4,2.1,0.04,0.12,7.7,9.5,10.7,9.3,9.1,34,35,36,40,49
2017-01-27 19:00,2191,23,22,0.00,34,0.00,,4.3,1.9,0.04,0.12,7.6,9.5,10.4,9.1,9.1,34,35,36,40,49
2017-01-27 20:00,2191,22,19,0.00,34,0.00,,1.9,0.5,0.04,0.12,7.3,9.5,10.4,9.1,9.1,34,35,36,40,49
2017-01-27 21:00,2191,20,19,0.00,38,0.00,,2.9,1.1,0.04,0.11,7.3,9.5,10.6,9.1,9.1,34,35,36,40,49
2017-01-27 22:00,2191,19,15,0.00,44,0.00,,2.9,1.2,0.05,0.09,7.6,9.5,10.6,9.1,9.1,34,35,36,40,49
2017-01-27 23:00,2191,18,14,0.00,49,0.00,,1.7,0.4,0.05,0.09,7.6,9.5,10.4,9.1,9.1,34,35,36,40,49
2017-01-28 00:00,2191,15,12,0.00,53,0.00,,2.7,0.7,0.05,0.08,7.3,9.5,10.7,9.1,9.1,34,35,36,40,49
2017-01-28 01:00,2191,13,9,0.00,59,0.00,,2.2,0.8,0.04,0.08,7.6,9.5,10.4,9.1,9.1,34,35,36,40,49
2017-01-28 02:00,2191,14,10,0.00,66,0.00,,4.7,1.7,0.05,0.08,7.3,9.5,10.7,9.1,9.1,34,35,36,40,49
2017-01-28 03:00,2191,14,10,0.00,59,0.00,,3.6,1.0,0.05,0.08,7.6,9.5,10.4,9.1,9.1,34,35,36,40,49
2017-01-28 04:00,2191,10,6,0.00,67,0.00,,2.4,0.4,0.04,0.06,7.6,9.5,10.7,9.1,9.1,34,35,36,40,49
2017-01-28 05:00,2191,10,9,0.00,67,0.00,,3.1,0.8,0.05,0.07,7.3,9.5,10.4,9.1,9.1,34,35,36,40,49
2017-01-28 06:00,2191,10,8,0.00,69,1.36,,1.9,0.4,0.05,0.07,7.6,9.5,10.4,9.1,9.1,34,35,36,40,49
2017-01-28 07:00,2191,13,9,0.00,67,21.95,,2.3,0.4,0.05,0.07,7.6,9.5,10.7,9.1,9.1,34,35,36,40,49
2017-01-28 08:00,2191,18,13,0.00,62,88.70,,2.0,0.3,0.05,0.09,7.6,9.5,10.7,9.1,9.1,34,35,36,40,49
2017-01-28 09:00,2191,26,18,0.00,47,102.20,,2.5,0.3,0.05,0.12,7.7,9.5,10.7,9.1,9.1,34,35,36,40,49
2017-01-28 10:00,2191,32,24,0.00,38,541.40,,3.7,1.7,0.05,0.15,7.6,9.5,10.7,9.1,9.1,34,35,36,40,49
2017-01-28 11:00,2191,37,26,0.00,39,632.50,,3.6,1.4,0.06,0.19,7.7,9.5,10.4,9.1,9.1,34,35,36,40,49
2017-01-28 12:00,2191,36,33,0.00,37,652.10,,3.0,1.8,0.06,0.20,7.3,9.5,10.7,9.1,9.1,34,35,36,40,49
2017-01-28 13:00,2191,47,35,0.00,24,598.40,,3.0,0.8,0.06,0.23,7.4,9.8,10.7,9.1,9.1,34,35,36,40,49
2017-01-28 14:00,2191,47,39,0.00,16,483.50,,2.8,1.2,0.05,0.27,7.6,9.8,10.7,9.1,9.1,34,35,36,40,49
2017-01-28 15:00,2191,50,40,0.00,18,320.20,,1.8,0.1,0.05,0.30,7.6,9.8,10.9,9.1,9.1,34,35,36,40,49
2017-01-28 16:00,2191,50,30,0.00,15,104.40,,1.9,0.3,0.05,0.28,7.6,9.5,10.7,9.1,9.1,34,35,36,40,49
2017-01-28 17:00,2191,30,25,0.00,34,1.98,,4.4,0.8,0.05,0.14,7.6,9.8,10.4,9.1,9.1,34,35,36,40,49
2017-01-28 18:00,2191,26,23,0.00,48,0.00,,4.5,1.5,0.06,0.14,7.6,9.8,10.4,9.6,9.1,34,35,36,40,49
2017-01-28 19:00,2191,24,22,0.00,48,0.00,,3.0,1.3,0.06,0.12,7.6,9.8,10.4,9.6,9.1,34,35,36,40,49
2017-01-28 20:00,2191,22,20,0.00,48,0.00,,3.9,1.1,0.06,0.12,7.3,9.5,10.4,9.1,9.1,34,35,36,40,49
2017-01-28 21:00,2191,20,18,0.00,50,0.00,,4.0,0.4,0.05,0.11,7.3,9.5,10.4,9.6,9.1,34,35,36,40,49
2017-01-28 22:00,2191,21,15,0.00,52,0.00,,3.2,0.8,0.05,0.10,7.6,9.5,10.9,9.6,9.1,34,35,36,40,49
2017-01-28 23:00,2191,18,15,0.00,60,0.00,,2.4,0.8,0.05,0.09,7.3,9.5,10.7,9.1,9.1,34,35,36,40,49
2017-01-29 00:00,2191,18,17,0.00,50,0.00,,3.5,1.2,0.05,0.10,7.6,9.5,10.9,9.6,9.1,34,35,36,40,49
2017-01-29 01:00,2191,17,15,0.00,52,0.00,,2.7,0.5,0.05,0.09,7.3,9.8,10.9,9.6,9.1,34,35,36,40,49
2017-01-29 02:00,2191,17,15,0.00,56,0.00,,1.8,0.3,0.05,0.09,7.3,9.5,10.4,9.6,9.1,34,35,36,40,49
2017-01-29 03:00,2191,15,14,0.00,54,0.00,,3.2,1.3,0.05,0.09,7.6,9.8,10.7,9.6,9.1,34,35,36,40,49
2017-01-29 04:00,2191,15,13,0.00,55,0.00,,2.3,0.6,0.05,0.09,7.3,9.5,10.9,9.6,9.1,34,35,36,40,49
2017-01-29 05:00,2191,16,13,0.00,55,0.00,,1.6,0.1,0.05,0.09,7.6,9.5,10.4,9.6,9.1,34,35,36,40,49
2017-01-29 06:00,2191,14,11,0.00,57,0.52,,0.6,0.0,0.05,0.08,7.3,9.5,10.7,9.6,9.1,34,35,36,40,49
2017-01-29 07:00,2191,16,12,0.00,60,14.55,,2.5,0.6,0.05,0.08,7.3,9.5,10.7,9.6,9.1,34,35,36,40,49
2017-01-29 08:00,2191,24,16,0.00,52,86.00,,3.1,0.7,0.05,0.11,7.6,9.5,10.7,9.6,9.1,34,35,36,40,49
2017-01-29 09:00,2191,31,24,0.00,36,100.70,,1.4,0.2,0.05,0.15,7.6,9.8,10.4,9.6,9.1,34,35,36,40,49
2017-01-29 10:00,2191,35,27,0.00,31,536.80,,3.4,1.6,0.06,0.17,7.3,9.5,10.7,9.6,9.1,34,35,36,40,49
2017-01-29 11:00,2191,41,32,0.00,27,644.30,,3.8,1.4,0.06,0.22,7.3,9.5,10.4,9.6,9.1,34,35,36,40,49
2017-01-29 12:00,2191,41,37,0.00,29,647.80,,3.5,1.7,0.07,0.24,7.6,9.5,10.4,9.6,9.1,34,35,36,40,49
2017-01-29 13:00,2191,50,39,0.00,25,582.80,,2.8,0.8,0.07,0.28,7.6,9.5,10.7,9.6,9.1,34,35,36,40,49
2017-01-29 14:00,2191,47,42,0.00,21,443.50,,2.9,0.8,0.07,0.29,7.6,9.5,10.7,9.6,9.1,34,35,36,40,49
2017-01-29 15:00,2191,47,38,0.00,23,282.70,,2.5,0.5,0.06,0.28,7.6,9.5,10.7,9.6,9.1,34,35,36,40,49
2017-01-29 16:00,2191,44,32,0.00,26,94.70,,1.7,0.2,0.06,0.25,7.6,9.5,10.7,9.6,9.1,34,35,36,40,49
2017-01-29 17:00,2191,32,28,0.00,38,2.68,,2.0,0.5,0.06,0.17,7.6,9.5,10.4,9.1,9.1,34,35,36,40,49
2017-01-29 18:00,2191,29,27,0.00,33,0.00,,2.7,1.0,0.07,0.15,7.6,9.5,10.4,9.6,9.1,34,35,36,40,49
2017-01-29 19:00,2191,27,23,0.00,54,0.00,,4.3,0.5,0.07,0.14,7.6,9.5,10.9,9.6,9.1,34,35,36,40,49
2017-01-29 20:00,2191,26,23,0.00,51,0.00,,3.0,1.1,0.07,0.13,7.3,9.5,10.7,9.6,9.1,34,35,36,40,49
2017-01-29 21:00,2191,25,21,0.00,56,0.00,,2.9,0.6,0.07,0.12,7.6,9.5,10.4,9.6,9.1,34,35,36,40,49
2017-01-29 22:00,2191,23,18,0.00,52,0.00,,2.3,0.6,0.06,0.12,7.6,9.5,10.4,9.6,9.1,34,35,36,40,49
2017-01-29 23:00,2191,23,18,0.00,64,0.00,,2.6,0.3,0.06,0.11,7.3,9.5,10.4,9.6,9.1,34,35,36,40,49
2017-01-30 00:00,2191,19,17,0.00,65,0.00,,3.7,0.5,0.06,0.10,7.3,9.5,10.7,9.6,9.1,34,35,36,40,49
2017-01-30 01:00,2191,20,19,0.00,57,0.00,,4.0,1.0,0.06,0.11,7.3,9.5,10.4,9.6,9.1,34,35,36,40,49
2017-01-30 02:00,2191,21,17,0.00,53,0.00,,4.3,1.1,0.06,0.11,7.6,9.5,10.7,9.6,9.1,34,35,36,40,49
2017-01-30 03:00,2191,17,15,0.00,57,0.00,,2.1,0.2,0.06,0.09,7.3,9.8,10.7,9.6,9.1,34,35,36,40,49
2017-01-30 04:00,2191,19,17,0.00,58,0.00,,2.6,0.8,0.05,0.10,7.6,9.5,10.7,9.6,9.1,34,35,37,40,49
2017-01-30 05:00,2191,18,15,0.00,52,0.00,,4.2,1.0,0.05,0.09,7.6,9.5,10.4,9.6,9.1,34,35,36,40,49
2017-01-30 06:00,2191,16,14,0.00,54,0.60,,2.7,0.3,0.05,0.09,7.3,9.5,10.4,9.6,9.1,34,35,36,40,49
2017-01-30 07:00,2191,22,16,0.00,59,17.13,,2.5,0.9,0.05,0.10,7.3,9.5,10.7,9.6,9.1,34,35,36,40,49
2017-01-30 08:00,2191,29,22,0.00,42,94.60,,2.8,0.7,0.05,0.13,7.6,9.5,10.7,9.6,9.1,34,35,36,40,49
2017-01-30 09:00,2191,33,27,0.00,31,115.90,,3.9,1.1,0.05,0.17,7.6,9.8,10.4,9.6,9.1,34,35,36,40,49
2017-01-30 10:00,2191,38,30,0.00,32,517.20,,4.1,1.8,0.06,0.18,7.7,9.5,10.4,9.6,9.1,34,35,36,40,49
2017-01-30 11:00,2191,48,38,0.00,20,590.10,,2.8,1.0,0.06,0.27,7.6,9.8,10.7,9.6,9.1,34,35,36,40,49
2017-01-30 12:00,2191,52,45,0.00,17,569.30,,2.1,0.6,0.06,0.33,7.6,9.8,10.8,9.6,9.1,34,35,36,40,49
2017-01-30 13:00,2191,53,47,0.00,18,495.40,,2.1,0.7,0.06,0.34,7.6,9.8,10.7,9.6,9.1,34,35,36,40,49
2017-01-30 14:00,2191,53,38,0.00,14,368.20,,3.6,1.7,0.06,0.32,7.3,9.8,10.7,9.6,9.1,34,35,36,40,49
2017-01-30 15:00,2191,45,40,0.00,28,237.60,,3.2,0.8,0.08,0.27,7.6,9.8,10.4,9.6,9.1,34,35,36,40,49
2017-01-30 16:00,2191,40,36,0.00,24,62.56,,1.8,0.1,0.06,0.24,7.7,9.5,10.4,9.6,9.1,34,35,36,40,49
2017-01-30 17:00,2191,36,32,0.00,35,2.67,,2.6,0.3,0.05,0.19,7.6,9.8,10.7,9.6,9.1,34,35,37,40,49
2017-01-30 18:00,2191,32,28,0.00,28,0.00,,2.0,0.4,0.06,0.17,7.6,9.8,10.9,9.6,9.1,34,35,36,40,49
2017-01-30 19:00,2191,28,27,0.00,41,0.00,,2.4,0.4,0.06,0.15,7.6,9.8,10.4,9.6,9.1,34,35,36,40,49
2017-01-30 20:00,2191,29,26,0.00,50,0.00,,4.0,1.2,0.07,0.15,7.6,9.8,10.4,9.6,9.1,34,35,37,40,49
2017-01-30 21:00,2191,29,28,0.00,45,0.00,,2.8,0.5,0.06,0.16,7.3,9.8,10.6,9.6,9.1,34,35,36,40,49
2017-01-30 22:00,2191,28,26,0.00,39,0.00,,2.5,0.5,0.06,0.15,7.6,9.8,10.6,9.6,9.1,34,35,36,40,49
2017-01-30 23:00,2191,26,24,0.00,52,0.00,,7.3,1.2,0.06,0.14,7.6,9.5,10.7,9.6,9.1,34,35,37,40,49
2017-01-31 00:00,2191,28,25,0.00,42,0.00,,5.5,1.4,0.06,0.14,7.6,9.5,10.4,9.6,9.1,34,35,37,40,49
2017-01-31 01:00,2191,28,23,0.00,42,0.00,,5.7,1.5,0.06,0.14,7.3,9.8,10.7,9.6,9.1,34,35,37,40,49
2017-01-31 02:00,2191,28,25,0.00,42,0.00,,7.8,1.7,0.06,0.14,7.3,9.8,10.4,9.6,9.1,34,35,37,40,49
2017-01-31 03:00,2191,30,23,0.00,41,0.00,,5.1,1.2,0.06,0.14,7.6,9.5,10.4,9.6,9.1,34,35,37,40,49
2017-01-31 04:00,2191,29,26,0.00,39,0.00,,4.8,1.6,0.06,0.15,7.6,9.9,10.7,9.6,9.1,34,35,37,40,49
2017-01-31 05:00,2191,28,22,0.00,41,0.00,,6.6,1.4,0.06,0.14,7.6,9.8,10.7,9.6,9.1,34,35,37,40,49
2017-01-31 06:00,2191,31,26,0.00,42,0.41,,3.7,1.1,0.06,0.15,7.6,9.8,10.7,9.6,9.1,34,35,37,40,49
2017-01-31 07:00,2191,32,25,0.00,28,14.71,,4.2,0.9,0.05,0.16,7.6,9.8,10.8,9.6,9.1,34,35,36,40,49
2017-01-31 08:00,2191,37,28,0.00,33,87.10,,4.4,1.5,0.05,0.17,7.6,9.8,10.6,9.6,9.1,34,35,36,40,49
2017-01-31 09:00,2191,40,36,0.00,27,105.20,,4.2,1.2,0.06,0.22,7.6,9.8,10.7,9.6,9.1,34,35,37,40,49
2017-01-31 10:00,2191,47,40,0.00,27,553.50,,3.8,1.5,0.06,0.27,7.7,9.9,10.7,9.6,9.1,34,35,37,40,49
2017-01-31 11:00,2191,49,41,0.00,16,660.10,,7.2,1.7,0.07,0.30,7.6,9.8,10.7,9.6,9.1,34,35,37,40,49
2017-01-31 12:00,2191,53,46,0.00,27,711.80,,4.9,1.4,0.08,0.35,7.7,9.8,10.7,9.6,9.1,34,35,37,40,49
2017-01-31 13:00,2191,55,44,0.00,18,650.20,,5.6,2.1,0.07,0.38,7.6,9.5,10.8,9.6,9.1,34,35,37,40,49
2017-01-31 14:00,2191,51,44,0.00,21,546.90,,4.3,1.3,0.07,0.34,7.6,9.8,10.8,9.6,9.1,34,35,37,40,49
2017-01-31 15:00,2191,53,48,0.00,23,319.10,,4.0,1.2,0.08,0.37,7.3,9.8,10.8,9.6,9.1,34,35,37,40,49
2017-01-31 16:00,2191,50,40,0.00,19,102.90,,3.0,1.3,0.06,0.31,7.7,9.8,10.8,9.6,9.1,34,35,37,40,49
2017-01-31 17:00,2191,41,35,0.00,19,3.28,,4.8,0.6,0.06,0.24,7.6,9.5,10.6,9.6,9.1,34,35,36,40,49
2017-01-31 18:00,2191,40,34,0.00,40,0.00,,2.5,0.6,0.06,0.22,7.6,9.8,10.8,9.6,9.1,34,35,37,40,49
2017-01-31 19:00,2191,35,33,0.00,33,0.00,,2.4,0.4,0.06,0.19,7.7,9.8,10.8,9.6,9.1,34,35,37,40,49
2017-01-31 20:00,2191,33,28,0.00,28,0.00,,3.0,0.3,0.06,0.17,7.7,9.9,10.8,9.6,9.1,34,35,37,40,49
2017-01-31 21:00,2191,29,28,0.00,35,0.00,,3.0,0.9,0.05,0.16,7.6,9.9,10.8,9.6,9.1,34,35,37,40,49
2017-01-31 22:00,2191,29,26,0.00,38,0.00,,2.9,0.7,0.06,0.15,7.6,9.8,10.8,9.6,9.1,34,35,37,40,49
2017-01-31 23:00,2191,29,26,0.00,41,0.00,,5.5,1.3,0.06,0.15,7.3,9.8,10.8,9.6,9.1,34,35,37,40,49
