Date,Station Id,Air Temperature Maximum (degF),Air Temperature Minimum (degF),Precipitation Increment (in),Relative Humidity (pct),Solar Radiation Average (watt/m2),Solar Radiation/langley Total (langley),Wind Speed Maximum (mph),Wind Speed Average (mph),Vapor Pressure - Partial (inch_Hg),Vapor Pressure - Saturated (inch_Hg),Soil Moisture Percent -2in (pct),Soil Moisture Percent -4in (pct),Soil Moisture Percent -8in (pct),Soil Moisture Percent -20in (pct),Soil Moisture Percent -40in (pct),Soil Temperature Observed -2in (degF),Soil Temperature Observed -4in (degF),Soil Temperature Observed -8in (degF),Soil Temperature Observed -20in (degF),Soil Temperature Observed -40in (degF)
2017-01-01 00:00,2189,35,35,0.00,100,0.05,,6.0,1.8,0.20,0.20,22.6,19.6,13.7,5.2,9.9,39,42,46,53,57
2017-01-01 01:00,2189,35,35,0.00,100,0.09,,2.6,0.8,0.20,0.20,22.1,19.3,13.0,4.8,9.6,39,42,46,53,57
2017-01-01 02:00,2189,35,35,0.00,100,0.07,,4.4,1.8,0.21,0.21,22.2,19.1,14.5,4.8,10.1,39,42,46,53,57
2017-01-01 03:00,2189,35,35,0.00,100,0.08,,6.3,2.8,0.20,0.20,21.8,19.1,14.5,4.5,10.3,39,42,45,53,57
2017-01-01 04:00,2189,36,35,0.00,100,0.06,,6.5,2.1,0.21,0.21,22.4,19.1,14.0,5.0,10.1,38,41,45,53,57
2017-01-01 05:00,2189,36,33,0.00,100,0.07,,6.7,2.0,0.21,0.21,22.0,19.1,14.1,5.2,9.5,37,41,45,53,57
2017-01-01 06:00,2189,33,32,0.00,100,0.04,,3.0,0.6,0.18,0.18,21.3,18.7,14.6,5.2,9.5,36,40,45,53,58
2017-01-01 07:00,2189,33,32,0.00,100,0.36,,4.4,1.6,0.18,0.18,21.9,18.7,14.7,4.5,9.9,36,40,45,53,57
2017-01-01 08:00,2189,36,33,0.00,100,43.42,,5.2,3.0,0.20,0.20,21.8,18.6,14.7,5.2,9.5,36,39,44,53,57
2017-01-01 09:00,2189,44,36,0.00,100,219.90,,4.8,2.5,0.23,0.24,21.5,18.3,15.1,5.0,10.3,35,39,44,53,57
2017-01-01 10:00,2189,49,44,0.00,86,375.70,,3.0,1.0,0.25,0.31,21.4,18.9,15.2,5.0,10.3,37,39,44,53,57
2017-01-01 11:00,2189,50,48,0.00,72,508.20,,5.4,2.1,0.24,0.35,21.8,18.3,13.8,5.0,9.5,42,39,44,52,57
2017-01-01 12:00,2189,52,50,0.00,65,581.80,,7.1,3.0,0.25,0.38,21.5,19.0,14.4,4.5,10.3,48,41,43,52,57
2017-01-01 13:00,2189,53,51,0.00,64,597.70,,8.7,4.5,0.25,0.39,21.7,18.5,15.0,4.8,10.3,52,43,43,52,57
2017-01-01 14:00,2189,53,51,0.00,66,544.70,,14.5,7.6,0.28,0.39,21.6,18.6,14.6,5.0,10.3,55,46,44,52,57
2017-01-01 15:00,2189,52,47,0.00,77,428.80,,11.8,5.9,0.30,0.37,21.3,18.3,15.2,5.0,9.5,54,48,44,52,57
2017-01-01 16:00,2189,50,46,0.00,94,183.90,,10.7,4.5,0.31,0.34,22.1,18.3,14.2,4.8,10.5,54,49,45,52,57
2017-01-01 17:00,2189,48,45,0.00,83,42.18,,10.3,5.7,0.28,0.32,21.7,18.8,15.1,4.8,10.3,53,50,45,52,57
2017-01-01 18:00,2189,45,43,0.00,96,0.34,,8.1,3.7,0.29,0.29,21.0,18.1,15.1,5.2,10.3,50,49,46,52,57
2017-01-01 19:00,2189,44,43,0.00,100,0.07,,6.1,3.2,0.28,0.28,21.1,18.2,14.6,4.8,10.3,47,49,46,52,57
2017-01-01 20:00,2189,44,40,0.00,100,0.07,,8.9,4.7,0.27,0.27,20.7,18.1,14.7,5.0,9.5,47,48,47,52,57
2017-01-01 21:00,2189,41,40,0.00,100,0.09,,9.1,5.0,0.25,0.25,20.4,17.6,15.2,5.0,10.3,46,47,47,52,57
2017-01-01 22:00,2189,40,39,0.00,99,0.08,,10.4,5.5,0.25,0.25,20.4,18.2,15.4,5.0,10.3,45,47,47,52,57
2017-01-01 23:00,2189,39,39,0.00,100,0.08,,10.9,6.2,0.24,0.24,20.7,17.4,15.0,5.3,9.6,43,46,47,52,57
2017-01-02 00:00,2189,39,39,0.00,100,0.08,,7.5,3.0,0.23,0.24,20.0,17.4,15.0,4.8,9.5,42,46,47,52,57
2017-01-02 01:00,2189,39,38,0.00,100,0.07,,4.5,2.1,0.23,0.23,20.6,17.4,15.4,5.6,9.5,42,45,47,52,57
2017-01-02 02:00,2189,38,38,0.00,100,0.07,,2.2,0.6,0.23,0.23,20.7,18.2,15.2,5.0,9.5,41,44,47,52,57
2017-01-02 03:00,2189,38,38,0.00,100,0.07,,4.7,2.5,0.23,0.23,20.7,17.5,15.4,5.0,9.5,42,44,47,52,57
2017-01-02 04:00,2189,38,36,0.00,100,0.04,,4.1,1.7,0.22,0.22,20.4,17.4,15.4,5.0,9.7,41,44,47,52,57
2017-01-02 05:00,2189,36,36,0.00,100,0.04,,2.3,0.9,0.22,0.22,20.0,17.5,15.4,5.2,10.3,40,44,47,52,57
2017-01-02 06:00,2189,37,36,0.00,100,0.08,,3.5,1.3,0.22,0.22,20.0,17.3,15.4,5.0,9.7,40,43,47,52,57
2017-01-02 07:00,2189,37,37,0.00,100,0.10,,2.1,0.5,0.22,0.22,20.1,17.0,15.5,4.8,9.5,40,43,46,52,57
2017-01-02 08:00,2189,38,37,0.00,100,9.90,,2.8,1.3,0.22,0.22,20.2,17.1,15.5,4.8,9.5,40,42,46,52,57
2017-01-02 09:00,2189,39,38,0.00,98,45.63,,4.1,0.9,0.22,0.23,19.9,17.1,14.9,5.0,9.5,39,42,46,52,57
2017-01-02 10:00,2189,41,39,0.00,94,94.90,,4.9,1.5,0.22,0.25,19.8,16.8,15.1,5.0,9.9,40,42,46,52,57
2017-01-02 11:00,2189,43,40,0.00,89,174.40,,5.8,1.1,0.23,0.26,19.8,16.9,14.9,5.2,9.9,42,42,46,52,57
2017-01-02 12:00,2189,45,43,0.00,82,268.70,,5.7,2.3,0.22,0.28,19.6,16.9,14.9,5.0,9.9,43,42,45,52,57
2017-01-02 13:00,2189,45,44,0.00,75,225.00,,8.8,3.9,0.23,0.30,20.0,17.0,14.9,5.6,10.1,46,43,45,52,57
2017-01-02 14:00,2189,45,45,0.00,78,157.20,,10.0,5.7,0.23,0.30,20.0,16.9,14.9,5.0,9.9,47,44,45,52,57
2017-01-02 15:00,2189,45,45,0.00,75,116.50,,8.6,3.3,0.23,0.30,20.2,17.0,15.1,5.6,9.7,47,45,45,52,57
2017-01-02 16:00,2189,45,44,0.00,84,36.27,,7.4,3.6,0.25,0.29,19.9,17.0,15.1,5.2,10.1,47,45,45,52,57
2017-01-02 17:00,2189,44,43,0.00,90,6.29,,7.8,4.3,0.26,0.28,19.8,16.7,14.7,5.2,9.7,47,46,45,52,57
2017-01-02 18:00,2189,43,43,0.00,91,0.15,,6.2,3.1,0.24,0.28,20.3,17.2,14.6,5.3,9.4,45,46,46,52,57
2017-01-02 19:00,2189,43,41,0.00,81,0.04,,4.3,2.0,0.22,0.27,19.8,16.9,14.6,5.3,10.5,44,46,46,52,57
2017-01-02 20:00,2189,42,41,0.00,84,0.04,,5.0,2.5,0.21,0.27,19.6,16.6,15.5,4.8,10.8,42,45,46,52,57
2017-01-02 21:00,2189,43,42,0.00,76,0.03,,4.4,2.1,0.20,0.27,19.1,16.6,15.4,5.3,9.7,41,45,46,52,57
2017-01-02 22:00,2189,43,43,0.00,75,0.03,,9.8,5.1,0.20,0.28,19.3,16.9,15.6,5.6,9.7,40,44,46,52,57
2017-01-02 23:00,2189,43,41,0.00,72,0.02,,8.9,2.6,0.20,0.27,19.1,16.7,15.5,5.2,10.5,40,43,46,52,57
2017-01-03 00:00,2189,41,40,0.00,83,0.03,,4.2,2.1,0.21,0.25,19.0,16.5,15.3,5.0,9.4,40,43,46,51,57
2017-01-03 01:00,2189,41,40,0.00,85,0.02,,4.2,2.7,0.21,0.25,19.0,16.6,15.5,5.3,9.4,39,42,46,52,57
2017-01-03 02:00,2189,42,41,0.00,82,0.02,,4.4,2.0,0.20,0.26,18.9,16.4,15.5,4.8,9.4,39,42,46,51,57
2017-01-03 03:00,2189,41,41,0.00,83,0.03,,4.0,2.2,0.21,0.26,19.1,16.4,15.1,5.3,9.9,39,42,45,52,57
2017-01-03 04:00,2189,43,41,0.00,84,0.03,,3.7,1.7,0.21,0.27,18.9,16.3,15.4,4.6,10.1,39,42,45,51,57
2017-01-03 05:00,2189,43,42,0.00,79,0.04,,3.3,1.6,0.21,0.27,19.3,16.4,15.1,5.0,9.6,39,41,45,51,57
2017-01-03 06:00,2189,43,42,0.00,74,0.03,,3.7,1.1,0.20,0.27,18.7,16.4,14.7,4.8,10.1,39,41,45,52,57
2017-01-03 07:00,2189,44,42,0.00,75,0.09,,10.7,3.9,0.21,0.28,18.9,16.1,14.6,5.3,9.7,39,41,45,52,57
2017-01-03 08:00,2189,45,44,0.00,72,12.27,,10.5,6.6,0.20,0.29,18.8,16.5,14.2,4.8,10.5,39,41,45,52,57
2017-01-03 09:00,2189,45,44,0.00,70,70.79,,7.2,2.3,0.21,0.29,19.0,16.5,15.1,5.3,9.7,39,41,44,52,57
2017-01-03 10:00,2189,48,45,0.00,72,176.20,,5.6,1.3,0.23,0.32,18.9,16.1,15.1,4.8,9.7,40,41,44,51,57
2017-01-03 11:00,2189,50,48,0.00,69,302.30,,7.1,4.6,0.22,0.34,19.3,16.1,15.1,5.2,10.1,42,41,44,52,57
2017-01-03 12:00,2189,51,49,0.00,64,322.50,,7.2,3.3,0.23,0.36,18.9,16.0,15.4,5.2,10.1,45,42,44,51,57
2017-01-03 13:00,2189,53,51,0.00,62,368.50,,8.2,4.9,0.24,0.38,19.6,16.2,15.5,5.2,10.1,48,43,44,51,57
2017-01-03 14:00,2189,53,52,0.00,62,223.00,,5.6,2.6,0.25,0.39,19.5,16.6,14.9,5.2,9.9,50,45,44,51,57
2017-01-03 15:00,2189,53,51,0.00,64,186.50,,6.1,2.4,0.26,0.39,19.4,16.8,15.1,5.4,9.9,51,46,44,51,57
2017-01-03 16:00,2189,51,50,0.00,71,108.00,,6.2,3.7,0.26,0.37,19.4,16.4,15.1,5.2,10.1,51,47,45,51,57
2017-01-03 17:00,2189,50,49,0.00,67,37.37,,4.8,2.3,0.24,0.36,19.7,16.2,14.9,5.4,10.1,50,47,45,51,57
2017-01-03 18:00,2189,49,49,0.00,67,0.39,,5.4,2.5,0.23,0.35,19.1,16.4,15.3,5.2,10.1,49,47,45,51,57
2017-01-03 19:00,2189,49,49,0.00,65,0.06,,6.0,2.7,0.24,0.35,18.8,16.3,15.4,4.8,9.7,47,47,46,51,57
2017-01-03 20:00,2189,49,49,0.00,66,0.06,,6.6,2.8,0.24,0.35,19.0,16.1,14.9,5.2,10.1,46,47,46,51,57
2017-01-03 21:00,2189,49,47,0.00,71,0.05,,7.4,3.0,0.26,0.34,18.5,16.3,14.9,5.0,9.9,45,46,46,51,57
2017-01-03 22:00,2189,48,47,0.00,76,0.04,,9.2,4.8,0.26,0.33,18.6,16.1,15.4,5.4,10.1,44,46,47,51,57
2017-01-03 23:00,2189,48,47,0.00,82,0.03,,6.5,3.9,0.26,0.33,18.4,16.4,15.6,5.4,10.1,44,46,47,51,57
2017-01-04 00:00,2189,48,46,0.00,73,0.06,,7.3,4.7,0.25,0.33,19.2,16.3,15.5,5.4,9.9,43,45,47,51,57
2017-01-04 01:00,2189,48,46,0.00,83,0.06,,10.9,6.4,0.27,0.32,18.9,15.9,15.8,5.4,10.1,42,45,47,51,57
2017-01-04 02:00,2189,49,48,0.00,80,0.03,,11.3,6.6,0.27,0.34,19.0,16.0,14.9,5.2,10.1,42,44,46,51,57
2017-01-04 03:00,2189,51,49,0.00,75,0.04,,14.2,4.0,0.27,0.37,18.5,16.2,14.2,5.4,9.9,43,44,46,51,57
2017-01-04 04:00,2189,51,49,0.00,72,0.04,,13.5,5.0,0.27,0.37,18.4,15.6,15.2,5.4,9.9,44,44,46,51,57
2017-01-04 05:00,2189,51,50,0.00,75,0.04,,10.0,3.3,0.29,0.37,18.2,15.6,15.2,5.4,9.9,44,44,46,51,57
2017-01-04 06:00,2189,52,51,0.00,87,0.03,,18.0,8.3,0.33,0.38,19.1,15.9,15.0,5.4,10.1,44,44,46,51,57
2017-01-04 07:00,2189,52,51,0.00,88,0.20,,15.0,5.7,0.34,0.38,19.1,15.9,15.4,5.4,9.9,45,45,46,51,57
2017-01-04 08:00,2189,52,51,0.00,92,7.07,,10.8,3.2,0.35,0.38,19.2,15.9,14.8,5.0,9.9,45,45,46,51,57
2017-01-04 09:00,2189,53,52,0.00,92,21.04,,5.7,1.5,0.36,0.40,18.6,15.9,15.4,5.2,9.9,46,45,46,51,57
2017-01-04 10:00,2189,54,53,0.00,90,56.19,,7.3,2.9,0.37,0.42,18.5,16.5,14.6,5.2,10.1,46,45,46,51,57
2017-01-04 11:00,2189,56,54,0.00,89,45.72,,10.3,2.6,0.38,0.43,19.4,15.8,15.4,5.2,10.1,47,46,46,51,57
2017-01-04 12:00,2189,56,55,0.00,89,44.63,,5.5,1.9,0.40,0.44,19.3,15.8,15.1,5.4,9.9,48,46,46,51,57
2017-01-04 13:00,2189,57,55,0.00,96,118.20,,14.1,7.8,0.41,0.46,18.4,16.2,15.4,5.2,10.1,48,47,46,51,57
2017-01-04 14:00,2189,56,55,0.00,85,166.00,,18.0,11.8,0.38,0.45,18.6,16.2,15.5,5.2,10.7,50,47,46,51,57
2017-01-04 15:00,2189,56,56,0.00,84,112.80,,14.1,7.9,0.38,0.45,19.0,16.4,15.2,5.2,9.2,51,47,47,51,57
2017-01-04 16:00,2189,56,55,0.00,84,43.75,,13.1,8.0,0.38,0.45,18.7,15.9,15.3,5.2,10.4,51,48,47,51,57
2017-01-04 17:00,2189,55,53,0.00,88,10.92,,11.0,6.7,0.41,0.43,18.7,16.3,15.0,5.2,10.1,51,49,47,51,57
2017-01-04 18:00,2189,54,53,0.00,100,0.28,,7.1,4.0,0.41,0.41,18.7,16.3,15.7,5.2,10.7,51,49,47,51,57
2017-01-04 19:00,2189,53,53,0.00,100,0.06,,7.4,3.5,0.40,0.40,18.3,16.3,15.5,5.2,10.1,50,49,48,51,57
2017-01-04 20:00,2189,53,52,0.00,100,0.05,,13.1,6.1,0.40,0.40,18.4,16.3,15.2,4.8,9.9,50,49,48,51,57
2017-01-04 21:00,2189,53,53,0.00,100,0.03,,15.4,11.4,0.41,0.41,18.6,15.9,15.2,5.2,9.2,49,49,48,51,57
2017-01-04 22:00,2189,54,53,0.00,100,0.03,,11.9,6.7,0.41,0.41,18.6,16.0,15.3,5.2,9.9,49,49,48,51,57
2017-01-04 23:00,2189,53,53,0.00,100,0.02,,10.8,6.4,0.41,0.41,18.7,16.0,14.7,5.4,10.1,50,49,48,51,57
2017-01-05 00:00,2189,55,53,0.00,100,0.03,,16.3,9.0,0.42,0.42,19.4,16.0,15.0,5.2,9.9,50,49,48,51,57
2017-01-05 01:00,2189,54,53,0.00,100,0.03,,11.1,5.5,0.41,0.41,18.4,16.8,14.8,5.2,10.3,50,49,49,51,57
2017-01-05 02:00,2189,53,53,0.00,100,0.02,,10.8,4.1,0.41,0.41,19.2,16.0,15.7,5.2,10.1,50,49,49,51,57
2017-01-05 03:00,2189,54,53,0.00,100,0.02,,10.6,6.0,0.41,0.41,18.1,16.2,15.0,4.8,9.2,49,49,49,51,57
2017-01-05 04:00,2189,54,53,0.00,100,0.03,,11.4,6.2,0.41,0.41,19.4,15.5,15.4,5.4,10.1,49,49,49,51,57
2017-01-05 05:00,2189,53,52,0.00,100,0.04,,15.4,6.5,0.40,0.40,18.1,15.9,15.0,4.8,9.9,50,49,49,51,57
2017-01-05 06:00,2189,52,52,0.00,100,0.03,,16.2,7.6,0.39,0.39,18.4,15.5,15.0,5.4,9.9,50,49,49,51,57
2017-01-05 07:00,2189,52,52,0.00,100,0.12,,13.7,7.1,0.39,0.39,18.7,16.4,15.4,4.8,10.1,50,49,49,52,57
2017-01-05 08:00,2189,52,52,0.01,100,15.36,,13.0,6.8,0.39,0.39,18.6,15.7,15.7,4.8,9.9,50,49,49,52,57
2017-01-05 09:00,2189,52,51,0.00,100,38.01,,14.3,8.4,0.39,0.39,19.4,15.7,15.0,5.2,10.1,49,49,49,51,57
2017-01-05 10:00,2189,53,51,0.01,100,85.20,,11.2,5.8,0.39,0.39,18.4,15.9,15.6,5.2,9.9,50,49,49,51,57
2017-01-05 11:00,2189,52,51,0.00,100,109.20,,12.0,5.3,0.39,0.39,19.1,16.4,15.7,5.4,10.5,50,49,49,51,57
2017-01-05 12:00,2189,53,52,0.00,100,137.50,,15.3,7.2,0.40,0.40,19.0,15.7,15.0,4.5,10.5,51,50,49,52,57
2017-01-05 13:00,2189,55,53,0.01,100,312.20,,17.4,10.8,0.39,0.41,18.6,16.3,15.3,5.2,9.2,53,50,49,52,57
2017-01-05 14:00,2189,56,54,0.00,89,353.60,,18.9,12.0,0.37,0.43,19.2,15.9,15.6,4.8,10.1,54,51,49,52,57
2017-01-05 15:00,2189,57,56,0.00,76,494.80,,17.3,10.6,0.35,0.46,19.0,16.0,14.5,5.3,10.1,55,51,50,52,57
2017-01-05 16:00,2189,56,50,0.00,73,340.20,,15.0,8.9,0.33,0.44,19.3,15.8,15.3,4.8,9.5,57,52,50,52,57
2017-01-05 17:00,2189,50,47,0.00,100,66.06,,11.5,6.9,0.35,0.35,18.9,15.9,15.4,5.0,10.3,57,53,50,52,57
2017-01-05 18:00,2189,47,44,0.00,100,0.54,,12.7,7.6,0.31,0.31,19.1,16.4,15.5,5.3,10.3,55,53,50,52,57
2017-01-05 19:00,2189,44,43,0.00,100,0.05,,15.4,9.5,0.29,0.29,19.2,16.0,15.8,5.0,10.3,52,53,51,52,57
2017-01-05 20:00,2189,43,42,0.00,100,0.05,,14.7,9.4,0.27,0.27,19.2,16.0,15.3,4.6,10.1,50,52,51,52,57
2017-01-05 21:00,2189,42,41,0.00,100,0.04,,14.3,9.3,0.26,0.26,18.3,16.1,15.1,5.0,9.9,49,51,51,52,57
2017-01-05 22:00,2189,41,40,0.00,100,0.04,,15.2,9.1,0.25,0.25,18.2,15.9,15.3,5.0,10.1,47,50,51,52,56
2017-01-05 23:00,2189,40,39,0.00,100,0.04,,15.4,8.5,0.24,0.24,18.7,15.7,15.5,4.6,9.9,47,50,51,52,57
2017-01-06 00:00,2189,39,38,0.00,100,0.03,,11.0,7.4,0.24,0.24,18.5,16.3,15.3,4.6,10.3,46,49,51,52,57
2017-01-06 01:00,2189,39,37,0.00,100,0.05,,13.3,7.7,0.23,0.23,18.4,15.9,14.5,5.3,10.1,44,49,51,52,57
2017-01-06 02:00,2189,38,36,0.00,100,0.05,,13.7,8.2,0.22,0.22,17.6,15.7,15.1,4.8,10.1,43,48,51,52,57
2017-01-06 03:00,2189,36,35,0.00,100,0.05,,14.6,7.5,0.21,0.21,18.0,15.5,15.1,5.0,10.3,41,47,50,52,57
2017-01-06 04:00,2189,35,35,0.00,100,0.04,,11.9,6.2,0.20,0.20,18.0,15.5,14.7,4.8,9.2,40,46,50,53,57
2017-01-06 05:00,2189,35,35,0.00,95,0.05,,12.4,7.5,0.19,0.21,18.0,15.3,14.7,4.8,10.1,39,45,50,52,57
2017-01-06 06:00,2189,36,35,0.00,96,0.04,,13.1,7.8,0.20,0.20,18.4,15.3,15.2,4.8,9.9,38,44,49,53,57
2017-01-06 07:00,2189,36,35,0.00,100,0.39,,13.0,6.2,0.21,0.21,18.0,15.4,15.2,5.0,10.1,37,43,49,53,57
2017-01-06 08:00,2189,37,35,0.00,100,41.00,,3.4,0.9,0.20,0.20,18.2,15.6,14.8,4.8,10.1,37,43,48,53,57
2017-01-06 09:00,2189,43,37,0.00,96,227.60,,4.3,1.1,0.22,0.24,17.2,15.3,14.6,5.0,10.3,37,42,48,53,57
2017-01-06 10:00,2189,49,43,0.00,86,416.60,,4.9,2.2,0.25,0.30,17.4,15.4,15.1,5.0,9.2,38,42,47,53,57
2017-01-06 11:00,2189,51,48,0.00,68,512.40,,9.3,5.2,0.23,0.35,17.8,15.3,14.6,5.0,10.1,44,42,47,53,57
2017-01-06 12:00,2189,52,50,0.00,69,511.40,,6.8,3.9,0.23,0.37,18.5,15.0,15.1,4.8,10.5,49,44,47,53,57
2017-01-06 13:00,2189,57,52,0.00,50,596.20,,6.9,1.9,0.17,0.44,18.2,15.3,14.9,5.5,10.1,53,46,47,53,57
2017-01-06 14:00,2189,60,56,0.00,36,552.80,,8.3,3.1,0.17,0.48,18.3,15.3,14.6,5.0,10.5,57,48,47,53,57
2017-01-06 15:00,2189,58,56,0.00,40,435.50,,7.5,4.1,0.20,0.48,18.6,16.1,15.4,5.0,10.3,57,50,47,53,57
2017-01-06 16:00,2189,56,52,0.00,51,263.40,,8.9,5.4,0.24,0.42,18.9,16.3,15.3,4.6,10.5,57,51,47,52,57
2017-01-06 17:00,2189,55,48,0.00,52,67.72,,6.4,2.0,0.24,0.38,18.1,15.6,14.6,5.1,9.2,55,52,48,52,57
2017-01-06 18:00,2189,51,48,0.00,76,0.45,,9.8,6.9,0.14,0.37,18.6,15.6,15.5,4.8,9.2,52,51,48,52,57
2017-01-06 19:00,2189,52,50,0.00,20,0.03,,8.7,4.9,0.08,0.39,17.8,15.6,14.8,5.1,9.9,49,51,49,52,57
2017-01-06 20:00,2189,52,49,0.00,25,0.05,,4.5,2.5,0.10,0.36,17.6,15.6,14.7,5.7,10.5,47,50,49,52,57
2017-01-06 21:00,2189,53,50,0.00,25,0.03,,5.3,2.1,0.10,0.39,18.1,16.4,15.7,4.8,10.3,45,49,49,52,57
2017-01-06 22:00,2189,52,50,0.00,28,0.02,,5.9,3.4,0.12,0.38,18.2,15.6,15.2,4.8,10.5,45,48,49,52,57
2017-01-06 23:00,2189,52,48,0.00,36,0.03,,5.5,1.3,0.16,0.38,17.9,15.4,15.5,5.0,10.3,45,47,49,52,57
2017-01-07 00:00,2189,50,48,0.00,56,0.05,,5.4,2.1,0.17,0.35,17.6,15.2,14.8,5.0,10.3,45,47,49,52,57
2017-01-07 01:00,2189,50,46,0.04,43,0.04,,5.7,1.9,0.18,0.34,18.1,15.2,14.7,4.8,10.3,45,47,49,52,57
2017-01-07 02:00,2189,49,46,0.03,78,0.04,,7.5,4.3,0.25,0.32,18.1,15.2,14.3,5.1,9.9,45,47,49,52,57
2017-01-07 03:00,2189,49,49,0.02,72,0.02,,12.4,5.4,0.26,0.35,17.7,15.4,14.8,5.0,10.1,45,47,49,52,57
2017-01-07 04:00,2189,50,48,0.00,75,0.01,,18.8,10.7,0.27,0.36,17.9,15.4,15.1,4.8,10.8,45,46,48,52,57
2017-01-07 05:00,2189,49,48,0.01,81,0.01,,14.3,6.0,0.30,0.34,17.1,15.4,15.1,4.8,10.1,45,46,48,52,57
2017-01-07 06:00,2189,55,49,0.00,91,0.01,,12.5,7.7,0.33,0.38,17.7,15.4,14.6,5.0,10.3,46,46,48,52,57
2017-01-07 07:00,2189,56,54,0.00,81,0.06,,17.5,11.2,0.37,0.43,18.0,15.2,14.6,4.8,9.2,46,46,48,52,57
2017-01-07 08:00,2189,55,54,0.00,90,10.59,,23.2,15.1,0.36,0.43,18.7,15.2,15.5,4.8,9.5,47,47,48,53,57
2017-01-07 09:00,2189,57,54,0.00,82,31.43,,21.0,12.6,0.36,0.45,18.4,15.7,14.6,4.8,9.5,47,47,48,52,57
2017-01-07 10:00,2189,56,54,0.04,87,54.65,,17.0,10.5,0.42,0.44,19.0,15.2,14.9,4.8,10.1,48,47,48,52,57
2017-01-07 11:00,2189,58,55,0.00,97,162.70,,22.8,15.4,0.41,0.46,19.0,15.0,15.1,4.8,9.2,49,47,48,52,57
2017-01-07 12:00,2189,59,58,0.00,81,133.50,,24.4,17.1,0.39,0.49,19.9,15.7,14.4,4.6,10.3,51,48,48,52,57
2017-01-07 13:00,2189,58,58,0.00,77,145.50,,25.9,17.5,0.38,0.48,20.4,16.0,15.5,5.0,10.1,51,49,48,53,57
2017-01-07 14:00,2189,59,58,0.00,74,140.40,,25.2,15.5,0.35,0.50,20.0,15.8,14.9,5.1,9.2,52,49,48,52,57
2017-01-07 15:00,2189,58,56,0.04,69,95.70,,20.5,12.2,0.36,0.47,20.0,15.7,14.3,5.0,10.1,53,50,49,52,57
2017-01-07 16:00,2189,57,55,0.01,79,68.04,,16.8,9.8,0.37,0.45,19.9,15.9,15.1,5.3,10.3,52,50,49,52,57
2017-01-07 17:00,2189,56,54,0.02,85,8.73,,14.6,8.9,0.37,0.44,20.2,16.1,15.7,5.0,10.1,52,51,49,52,57
2017-01-07 18:00,2189,55,54,0.00,88,0.22,,11.3,6.9,0.38,0.42,21.0,16.1,15.3,5.0,10.3,52,51,49,52,57
2017-01-07 19:00,2189,55,54,0.08,85,0.04,,10.5,6.1,0.39,0.43,20.9,16.1,15.5,5.0,9.9,51,51,49,52,57
2017-01-07 20:00,2189,55,54,0.03,100,0.06,,13.5,7.3,0.41,0.42,21.5,16.1,14.5,5.0,9.2,51,51,50,52,57
2017-01-07 21:00,2189,56,54,0.00,94,0.04,,13.6,6.0,0.39,0.44,23.3,17.1,14.9,4.8,9.2,51,51,50,52,57
2017-01-07 22:00,2189,57,56,0.00,80,0.03,,12.4,5.8,0.35,0.46,23.2,17.9,15.3,5.0,10.8,50,51,50,52,57
2017-01-07 23:00,2189,58,56,0.00,75,0.02,,8.5,4.5,0.35,0.45,22.5,17.9,15.1,5.0,9.2,50,50,50,52,57
2017-01-08 00:00,2189,58,58,0.00,69,0.03,,16.6,6.6,0.32,0.48,22.6,17.7,15.9,4.8,10.3,50,50,50,52,57
2017-01-08 01:00,2189,58,58,0.00,65,0.02,,16.8,8.9,0.31,0.48,22.3,17.7,15.5,5.0,9.2,50,50,50,52,57
2017-01-08 02:00,2189,58,58,0.00,69,0.05,,15.8,9.3,0.33,0.48,22.1,18.1,15.5,4.5,10.8,50,50,50,52,57
2017-01-08 03:00,2189,58,58,0.00,69,0.03,,16.0,11.1,0.33,0.48,21.8,17.8,15.3,4.8,10.8,50,50,50,53,57
2017-01-08 04:00,2189,58,56,0.00,65,0.06,,16.9,10.0,0.30,0.47,22.0,17.8,15.5,4.6,9.2,50,50,50,52,57
2017-01-08 05:00,2189,58,57,0.00,65,0.04,,14.9,10.5,0.30,0.48,21.5,17.9,15.2,4.8,10.1,49,50,50,53,57
2017-01-08 06:00,2189,59,58,0.00,62,0.05,,16.6,10.3,0.30,0.49,21.4,17.3,15.2,5.1,9.9,49,50,50,52,57
2017-01-08 07:00,2189,60,59,0.00,59,0.39,,17.3,10.1,0.29,0.52,21.2,17.5,15.0,4.8,10.5,49,50,50,53,57
2017-01-08 08:00,2189,63,60,0.00,55,34.29,,14.0,6.3,0.28,0.54,21.1,17.5,15.8,5.0,10.1,49,50,50,53,57
2017-01-08 09:00,2189,66,63,0.00,46,228.10,,9.2,4.1,0.26,0.60,21.3,17.3,15.1,4.8,10.1,49,49,50,53,57
2017-01-08 10:00,2189,67,66,0.00,40,344.00,,17.1,7.8,0.27,0.65,20.8,17.3,15.8,5.4,9.5,51,50,50,53,57
2017-01-08 11:00,2189,67,66,0.00,42,455.70,,20.8,10.2,0.26,0.66,21.6,17.2,15.3,4.8,9.2,54,50,50,53,57
2017-01-08 12:00,2189,67,65,0.00,40,507.60,,21.9,11.8,0.25,0.64,21.7,17.4,16.1,5.0,9.5,56,51,50,53,57
2017-01-08 13:00,2189,66,64,0.00,38,434.60,,27.9,15.0,0.24,0.63,21.3,17.6,15.5,4.8,10.3,58,53,51,53,57
2017-01-08 14:00,2189,65,64,0.00,38,263.10,,27.5,16.0,0.23,0.60,21.3,17.5,16.2,5.5,10.1,58,54,51,53,57
2017-01-08 15:00,2189,64,64,0.00,35,132.50,,31.6,20.1,0.22,0.60,20.7,17.5,15.4,4.8,9.5,57,54,51,53,57
2017-01-08 16:00,2189,65,64,0.00,37,138.60,,31.2,19.8,0.22,0.61,20.3,17.1,16.0,4.5,9.2,55,54,51,53,57
2017-01-08 17:00,2189,64,62,0.00,38,55.07,,22.7,13.4,0.23,0.58,20.8,17.3,16.5,4.5,10.1,54,54,52,53,57
2017-01-08 18:00,2189,62,60,0.00,43,0.37,,26.5,13.5,0.24,0.55,20.5,17.7,16.3,5.0,10.1,53,54,52,53,57
2017-01-08 19:00,2189,61,60,0.00,47,0.06,,29.7,18.5,0.27,0.54,20.3,17.3,16.3,4.5,9.5,52,53,52,53,57
2017-01-08 20:00,2189,60,59,0.00,54,0.05,,22.5,11.6,0.28,0.52,19.6,17.3,16.0,5.0,9.2,52,53,52,53,57
2017-01-08 21:00,2189,60,58,0.00,53,0.05,,13.3,5.0,0.27,0.52,19.8,16.9,16.7,5.2,10.1,51,53,52,53,57
2017-01-08 22:00,2189,58,54,0.01,62,0.06,,6.4,1.7,0.32,0.45,20.3,16.9,16.7,5.0,10.1,51,52,52,53,57
2017-01-08 23:00,2189,54,51,0.27,78,0.04,,10.5,6.4,0.36,0.40,20.0,17.0,16.0,5.0,9.9,52,52,52,53,57
2017-01-09 00:00,2189,53,51,0.35,100,0.06,,20.8,10.6,0.39,0.39,20.6,17.1,16.7,5.0,9.2,51,52,52,53,57
2017-01-09 01:00,2189,54,53,0.15,100,0.05,,19.8,13.1,0.41,0.41,25.0,18.4,16.7,5.0,10.1,51,52,52,53,57
2017-01-09 02:00,2189,54,53,0.08,100,0.04,,18.9,7.6,0.41,0.41,26.1,20.7,16.3,4.8,10.1,51,52,52,53,57
2017-01-09 03:00,2189,54,53,0.01,100,0.04,,10.7,5.6,0.42,0.42,26.7,21.1,16.0,5.0,9.2,51,52,52,53,57
2017-01-09 04:00,2189,54,54,0.00,100,0.04,,13.0,4.4,0.42,0.42,25.8,21.3,16.6,4.8,9.2,52,51,52,53,57
2017-01-09 05:00,2189,54,53,0.00,98,0.03,,17.8,8.4,0.41,0.41,24.8,21.1,17.7,4.8,10.1,51,52,52,53,57
2017-01-09 06:00,2189,54,53,0.00,100,0.04,,19.7,12.8,0.38,0.41,25.1,20.8,18.6,5.0,10.3,51,51,52,54,57
2017-01-09 07:00,2189,54,52,0.00,89,0.18,,16.3,11.2,0.35,0.40,24.2,20.8,18.7,4.8,9.2,50,51,52,53,57
2017-01-09 08:00,2189,54,51,0.00,90,33.13,,16.8,8.5,0.34,0.40,23.9,20.4,18.9,4.8,10.1,50,51,52,54,57
2017-01-09 09:00,2189,53,50,0.00,80,81.20,,17.3,7.6,0.35,0.39,23.5,20.3,18.8,5.0,10.1,49,51,52,53,57
2017-01-09 10:00,2189,50,49,0.00,100,152.60,,19.0,10.7,0.36,0.36,23.6,20.4,19.1,4.8,10.8,50,51,52,54,57
2017-01-09 11:00,2189,53,50,0.00,95,349.60,,13.8,9.3,0.32,0.38,23.3,20.2,19.4,5.0,10.1,51,51,52,53,57
2017-01-09 12:00,2189,53,53,0.00,68,458.40,,14.6,8.2,0.25,0.40,23.4,20.4,19.4,4.8,9.5,53,51,52,53,57
2017-01-09 13:00,2189,53,52,0.00,58,362.40,,16.0,9.1,0.24,0.40,22.9,19.9,19.3,4.8,10.5,56,51,51,54,57
2017-01-09 14:00,2189,53,52,0.00,66,343.80,,10.3,5.7,0.25,0.40,22.7,20.1,19.3,5.0,9.2,56,53,51,54,57
2017-01-09 15:00,2189,52,52,0.00,61,220.40,,11.0,6.0,0.24,0.39,22.8,20.1,19.3,4.8,10.3,56,53,52,54,57
2017-01-09 16:00,2189,52,51,0.00,62,123.40,,12.5,7.5,0.25,0.38,22.4,19.8,19.3,4.8,10.8,56,54,52,54,57
2017-01-09 17:00,2189,51,50,0.00,70,28.44,,10.6,6.6,0.26,0.37,22.9,19.7,19.7,4.8,9.2,54,54,52,54,57
2017-01-09 18:00,2189,50,49,0.00,73,0.32,,9.9,6.0,0.27,0.36,22.5,19.6,19.5,4.8,9.2,52,54,52,54,57
2017-01-09 19:00,2189,50,49,0.00,75,0.05,,10.9,5.0,0.26,0.35,21.9,19.6,19.5,4.8,9.2,51,53,52,54,57
2017-01-09 20:00,2189,49,48,0.00,76,0.06,,5.1,1.8,0.28,0.34,22.1,19.1,19.5,5.5,9.9,50,52,53,54,57
2017-01-09 21:00,2189,48,47,0.00,83,0.06,,4.0,2.2,0.28,0.33,21.7,19.7,18.9,4.8,9.9,49,52,53,54,57
2017-01-09 22:00,2189,48,47,0.00,82,0.07,,5.0,1.2,0.28,0.33,22.4,19.6,19.5,5.5,9.9,49,51,52,54,57
2017-01-09 23:00,2189,48,47,0.00,82,0.06,,4.7,2.4,0.27,0.33,21.8,18.9,19.3,5.0,9.2,48,51,52,54,57
2017-01-10 00:00,2189,48,46,0.00,82,0.06,,3.7,1.5,0.27,0.32,21.5,19.0,18.5,4.8,10.1,48,51,52,54,57
2017-01-10 01:00,2189,46,46,0.00,90,0.06,,3.9,1.8,0.28,0.31,21.2,19.2,19.4,4.5,10.1,47,50,52,54,57
2017-01-10 02:00,2189,47,46,0.00,90,0.06,,3.4,1.3,0.28,0.31,21.1,19.1,19.7,4.8,10.1,47,50,52,54,57
2017-01-10 03:00,2189,47,46,0.00,89,0.03,,1.8,0.2,0.28,0.32,21.7,19.4,19.2,4.8,10.1,47,49,52,54,57
2017-01-10 04:00,2189,46,46,0.00,90,0.02,,1.6,0.3,0.28,0.31,21.4,18.6,19.2,5.5,10.1,47,49,51,54,57
2017-01-10 05:00,2189,46,46,0.00,93,0.03,,3.5,1.9,0.29,0.31,21.1,18.9,18.9,4.4,10.1,47,49,51,54,57
2017-01-10 06:00,2189,46,46,0.00,95,0.04,,3.4,0.9,0.29,0.31,21.7,18.5,19.1,5.5,9.9,47,49,51,54,57
2017-01-10 07:00,2189,46,46,0.00,93,0.13,,4.2,0.9,0.28,0.31,21.5,18.8,19.3,4.5,9.2,46,48,51,54,57
2017-01-10 08:00,2189,47,45,0.00,90,18.83,,4.2,2.2,0.29,0.31,21.6,18.5,18.6,5.2,9.9,46,48,51,54,57
2017-01-10 09:00,2189,48,47,0.00,88,109.20,,8.3,4.5,0.30,0.33,21.3,18.5,18.6,5.2,10.1,46,48,51,54,57
2017-01-10 10:00,2189,50,48,0.00,96,168.40,,9.6,6.5,0.32,0.35,21.7,18.5,19.3,4.5,9.2,47,48,51,54,57
2017-01-10 11:00,2189,52,50,0.00,89,300.10,,9.8,6.1,0.32,0.37,21.5,18.5,19.3,5.5,9.9,49,48,51,54,57
2017-01-10 12:00,2189,54,52,0.00,82,407.90,,10.8,5.9,0.31,0.40,21.8,18.5,19.3,5.2,10.4,51,49,50,54,57
2017-01-10 13:00,2189,54,53,0.00,76,382.70,,14.3,8.4,0.29,0.41,21.7,18.5,18.9,4.8,10.1,55,50,50,54,57
2017-01-10 14:00,2189,54,53,0.00,67,198.40,,12.8,7.9,0.29,0.41,21.4,18.4,18.9,5.0,9.9,56,51,50,54,57
2017-01-10 15:00,2189,54,53,0.00,73,155.40,,12.3,7.8,0.29,0.41,21.0,18.3,18.9,4.8,10.1,55,52,51,54,57
2017-01-10 16:00,2189,54,52,0.00,73,168.60,,14.0,7.2,0.31,0.40,21.6,18.3,18.7,4.8,10.1,55,53,51,54,57
2017-01-10 17:00,2189,52,51,0.00,81,19.25,,12.4,6.7,0.31,0.38,20.9,18.5,18.6,4.5,9.9,55,53,51,54,57
2017-01-10 18:00,2189,51,50,0.00,83,0.30,,10.5,6.2,0.32,0.37,21.1,18.1,18.3,4.8,10.1,53,53,51,54,57
2017-01-10 19:00,2189,51,49,0.00,85,0.06,,11.0,6.9,0.32,0.37,20.9,18.4,18.4,4.8,9.9,52,53,51,54,57
2017-01-10 20:00,2189,50,49,0.00,95,0.05,,12.2,6.4,0.33,0.35,20.9,18.5,19.1,5.0,10.1,51,52,51,54,57
2017-01-10 21:00,2189,51,50,0.00,89,0.06,,15.4,9.2,0.32,0.37,20.3,18.1,19.1,4.8,10.1,50,52,52,54,57
2017-01-10 22:00,2189,53,51,0.00,89,0.04,,26.8,13.7,0.32,0.38,20.6,18.1,19.1,4.8,9.9,50,51,52,54,57
2017-01-10 23:00,2189,53,52,0.00,73,0.05,,23.5,14.1,0.30,0.40,20.7,18.4,18.1,4.8,9.9,49,51,52,54,57
2017-01-11 00:00,2189,53,51,0.00,77,0.06,,16.5,9.8,0.32,0.39,20.4,18.0,18.8,4.8,10.1,49,51,52,54,57
2017-01-11 01:00,2189,52,51,0.01,82,0.04,,20.7,8.8,0.31,0.39,20.4,17.9,18.6,4.5,9.9,49,50,52,54,57
2017-01-11 02:00,2189,51,50,0.01,90,0.06,,19.7,9.8,0.34,0.37,20.4,17.9,18.4,4.8,10.1,49,50,51,54,57
2017-01-11 03:00,2189,50,50,0.02,99,0.08,,18.8,9.7,0.36,0.36,20.5,18.0,18.6,4.8,9.9,49,50,51,54,57
2017-01-11 04:00,2189,50,48,0.00,100,0.05,,21.4,13.9,0.35,0.36,20.4,18.0,18.6,4.8,10.1,49,50,51,54,57
2017-01-11 05:00,2189,48,48,0.00,96,0.07,,17.8,9.8,0.31,0.34,20.7,18.0,18.2,4.8,11.1,49,50,51,54,57
2017-01-11 06:00,2189,48,46,0.00,95,0.06,,15.3,9.1,0.30,0.33,20.5,17.4,18.9,4.8,9.9,47,50,51,54,57
2017-01-11 07:00,2189,47,46,0.00,97,0.22,,14.5,7.9,0.29,0.32,20.6,17.6,18.3,5.0,10.1,46,49,51,54,57
2017-01-11 08:00,2189,47,46,0.00,91,43.80,,12.5,6.5,0.28,0.32,20.2,17.7,18.7,5.0,10.1,46,49,51,54,57
2017-01-11 09:00,2189,50,47,0.00,92,200.50,,16.1,9.1,0.31,0.34,20.2,17.9,18.7,4.8,10.1,46,48,51,54,57
2017-01-11 10:00,2189,51,50,0.00,77,385.00,,13.3,6.8,0.28,0.37,20.9,17.9,18.2,5.0,9.9,47,48,51,54,57
2017-01-11 11:00,2189,52,51,0.00,70,523.00,,12.9,6.7,0.25,0.38,20.6,17.9,18.3,4.8,10.1,50,48,51,54,57
2017-01-11 12:00,2189,54,52,0.00,66,564.60,,10.1,4.2,0.26,0.40,21.2,17.6,18.6,4.8,10.1,54,49,50,54,57
2017-01-11 13:00,2189,54,51,0.00,58,408.60,,12.7,7.1,0.25,0.41,20.7,18.2,18.0,4.8,10.7,57,51,50,54,57
2017-01-11 14:00,2189,52,51,0.00,66,154.10,,11.8,6.8,0.26,0.38,21.2,17.8,18.8,4.8,9.9,59,53,50,54,57
2017-01-11 15:00,2189,54,52,0.00,67,323.10,,10.8,5.4,0.27,0.40,21.0,17.8,18.3,5.5,10.1,56,54,51,54,57
2017-01-11 16:00,2189,53,52,0.00,63,131.20,,12.6,7.7,0.25,0.40,21.1,17.8,19.0,4.8,10.1,57,54,51,54,57
2017-01-11 17:00,2189,52,49,0.00,66,27.40,,11.3,5.2,0.27,0.37,20.9,17.8,19.0,5.5,10.1,56,54,51,54,57
2017-01-11 18:00,2189,49,48,0.00,88,0.46,,6.3,3.2,0.30,0.35,20.4,17.9,18.8,4.8,10.1,54,54,52,54,57
2017-01-11 19:00,2189,48,47,0.00,85,0.07,,4.5,1.7,0.30,0.34,20.2,17.7,18.5,4.8,10.1,52,53,52,54,57
2017-01-11 20:00,2189,49,48,0.00,89,0.06,,10.4,4.2,0.29,0.34,19.6,17.4,18.8,4.8,10.4,51,53,52,54,57
2017-01-11 21:00,2189,49,47,0.01,80,0.05,,5.7,2.9,0.28,0.34,19.5,17.6,18.6,4.8,10.1,50,52,52,54,57
2017-01-11 22:00,2189,47,46,0.00,98,0.06,,3.1,1.2,0.32,0.32,20.4,17.2,18.2,4.8,10.1,49,51,52,54,57
2017-01-11 23:00,2189,47,46,0.00,100,0.07,,5.2,1.5,0.31,0.32,19.8,17.6,18.6,5.0,10.4,49,51,52,54,57
2017-01-12 00:00,2189,47,46,0.00,100,0.07,,5.5,2.1,0.31,0.31,20.1,17.2,18.8,4.8,10.1,48,51,52,54,57
2017-01-12 01:00,2189,47,47,0.00,86,0.06,,7.3,1.5,0.29,0.32,20.2,17.3,18.8,5.5,10.1,48,50,52,54,57
2017-01-12 02:00,2189,47,46,0.00,90,0.07,,6.9,2.5,0.29,0.32,19.9,17.2,19.0,4.8,10.1,48,50,52,54,57
2017-01-12 03:00,2189,47,46,0.00,88,0.06,,11.0,6.6,0.27,0.32,20.3,17.2,19.0,4.8,9.9,47,50,52,54,57
2017-01-12 04:00,2189,47,46,0.00,80,0.04,,15.8,10.0,0.25,0.32,19.8,17.4,18.6,5.2,9.9,47,49,51,54,57
2017-01-12 05:00,2189,47,47,0.00,77,0.06,,16.9,12.3,0.25,0.32,19.5,17.2,18.3,5.5,9.9,46,49,51,54,57
2017-01-12 06:00,2189,47,47,0.00,76,0.06,,20.8,14.4,0.25,0.32,19.8,17.4,18.3,5.5,11.1,46,48,51,54,57
2017-01-12 07:00,2189,47,47,0.00,77,0.14,,16.9,10.6,0.25,0.32,19.9,17.0,19.0,5.5,10.4,45,48,51,54,57
2017-01-12 08:00,2189,47,45,0.00,74,20.12,,15.4,7.3,0.25,0.31,19.3,17.2,18.8,4.8,10.4,45,48,51,54,57
2017-01-12 09:00,2189,46,45,0.00,84,57.54,,11.0,5.5,0.27,0.30,19.7,17.3,17.7,4.8,9.9,45,47,51,54,57
2017-01-12 10:00,2189,45,44,0.00,100,126.60,,8.8,3.5,0.30,0.30,19.6,17.1,17.9,5.5,9.9,46,47,51,54,57
2017-01-12 11:00,2189,48,45,0.00,98,339.80,,12.7,5.9,0.28,0.33,20.3,17.0,18.4,5.5,10.1,47,47,50,54,57
2017-01-12 12:00,2189,51,48,0.00,78,416.70,,11.8,6.6,0.27,0.36,20.1,17.3,18.4,4.8,9.9,50,48,50,54,57
2017-01-12 13:00,2189,50,47,0.00,80,391.90,,14.0,6.3,0.26,0.34,19.8,17.0,18.0,4.8,10.1,53,49,50,54,57
2017-01-12 14:00,2189,50,47,0.00,82,418.20,,15.4,8.8,0.26,0.34,20.2,17.4,18.5,4.5,9.9,55,50,50,54,57
2017-01-12 15:00,2189,50,45,0.00,78,322.30,,18.0,9.8,0.25,0.34,19.9,17.4,18.5,4.8,10.7,55,51,50,54,57
2017-01-12 16:00,2189,46,45,0.00,81,96.30,,17.6,10.3,0.25,0.30,20.0,17.3,18.0,4.8,9.9,55,52,50,54,57
2017-01-12 17:00,2189,46,43,0.00,75,98.60,,13.6,8.3,0.24,0.30,19.7,17.4,17.8,5.5,9.2,52,52,51,54,57
2017-01-12 18:00,2189,43,42,0.00,86,1.53,,12.4,6.5,0.23,0.28,19.2,17.3,18.4,4.8,9.9,50,52,51,54,57
2017-01-12 19:00,2189,43,40,0.00,83,0.05,,9.3,4.9,0.23,0.27,19.6,17.1,18.4,4.8,10.4,47,51,51,54,57
2017-01-12 20:00,2189,41,40,0.00,97,0.04,,5.0,3.0,0.24,0.25,19.2,17.3,18.2,4.8,10.1,46,50,51,54,57
2017-01-12 21:00,2189,40,39,0.00,96,0.05,,9.7,4.5,0.23,0.25,19.3,17.1,17.4,4.5,10.1,44,49,51,54,57
2017-01-12 22:00,2189,40,38,0.00,88,0.06,,8.3,3.4,0.23,0.24,19.5,16.9,18.4,4.8,9.9,43,48,51,54,57
2017-01-12 23:00,2189,38,37,0.00,100,0.06,,4.5,1.4,0.23,0.23,19.1,16.8,18.0,4.8,10.1,42,47,51,54,57
2017-01-13 00:00,2189,38,38,0.00,100,0.04,,4.2,1.6,0.23,0.23,18.9,16.6,18.2,4.8,11.1,42,46,50,54,57
2017-01-13 01:00,2189,38,37,0.00,100,0.04,,4.1,2.4,0.22,0.22,19.2,16.9,18.3,4.8,9.9,41,46,50,54,57
2017-01-13 02:00,2189,38,36,0.00,100,0.05,,4.7,0.9,0.22,0.22,19.6,16.6,17.8,4.8,10.4,41,45,50,54,57
2017-01-13 03:00,2189,39,38,0.00,100,0.05,,5.4,1.3,0.23,0.23,19.3,16.4,18.3,4.8,11.1,41,45,49,54,57
2017-01-13 04:00,2189,39,38,0.02,100,0.05,,7.5,2.9,0.23,0.23,19.3,17.1,17.6,4.8,9.9,41,45,49,54,57
2017-01-13 05:00,2189,38,37,0.04,100,0.04,,7.3,2.9,0.22,0.22,19.6,16.6,17.5,5.5,10.1,42,44,49,54,57
2017-01-13 06:00,2189,38,38,0.06,100,0.04,,12.7,6.5,0.23,0.23,18.9,16.7,17.9,4.8,9.9,41,44,49,54,57
2017-01-13 07:00,2189,38,38,0.08,100,0.14,,13.2,8.4,0.23,0.23,19.8,16.3,17.4,4.8,9.9,41,44,48,54,57
2017-01-13 08:00,2189,38,37,0.08,100,5.70,,14.6,9.5,0.22,0.22,21.3,16.7,18.1,4.8,9.9,41,44,48,54,57
2017-01-13 09:00,2189,37,37,0.02,100,46.64,,14.3,9.0,0.22,0.22,24.2,16.9,17.8,5.0,9.9,40,44,48,54,57
2017-01-13 10:00,2189,38,37,0.01,100,117.00,,14.0,8.7,0.22,0.22,24.0,18.6,17.8,5.0,9.9,41,43,48,53,57
2017-01-13 11:00,2189,38,38,0.00,100,185.20,,11.4,6.3,0.23,0.23,23.3,18.8,18.0,5.0,10.1,42,43,47,54,57
2017-01-13 12:00,2189,40,38,0.00,100,307.90,,10.2,4.4,0.24,0.24,23.4,18.5,18.2,5.0,10.1,44,44,47,53,57
2017-01-13 13:00,2189,41,40,0.00,100,273.90,,12.3,7.8,0.25,0.25,23.0,18.7,17.4,5.0,10.1,47,44,47,54,57
2017-01-13 14:00,2189,41,40,0.00,100,82.20,,9.6,5.5,0.25,0.25,23.0,18.4,18.4,4.8,10.1,48,45,47,53,57
2017-01-13 15:00,2189,40,39,0.00,100,39.32,,11.3,5.3,0.24,0.24,22.6,18.4,18.6,4.8,11.1,47,46,47,53,57
2017-01-13 16:00,2189,40,39,0.00,100,40.64,,11.2,5.4,0.24,0.24,22.4,18.4,18.2,5.0,10.1,46,46,47,53,57
2017-01-13 17:00,2189,40,39,0.00,100,17.44,,9.5,4.7,0.25,0.25,22.9,18.8,18.0,5.0,10.1,46,46,47,53,57
2017-01-13 18:00,2189,40,38,0.00,100,0.35,,9.5,4.1,0.24,0.24,21.8,18.8,18.4,5.0,10.1,45,46,47,53,57
2017-01-13 19:00,2189,38,37,0.00,100,0.06,,7.1,4.5,0.23,0.23,22.2,18.6,18.6,5.2,9.9,44,46,47,53,57
2017-01-13 20:00,2189,38,38,0.00,100,0.05,,8.2,4.3,0.23,0.23,21.9,18.9,19.0,5.0,10.1,43,46,47,53,57
2017-01-13 21:00,2189,38,36,0.00,100,0.05,,5.9,1.8,0.22,0.22,22.3,18.7,19.0,5.0,10.1,42,45,47,53,57
2017-01-13 22:00,2189,36,35,0.00,100,0.09,,5.9,2.0,0.21,0.21,21.8,19.0,18.8,4.5,10.1,42,45,47,53,57
2017-01-13 23:00,2189,39,35,0.00,100,0.08,,6.8,2.9,0.21,0.21,21.5,18.6,18.3,4.5,9.9,40,44,47,53,57
2017-01-14 00:00,2189,41,39,0.00,100,0.06,,10.5,4.8,0.23,0.24,22.0,18.4,18.8,5.2,10.1,40,44,47,53,57
2017-01-14 01:00,2189,39,38,0.00,100,0.06,,9.5,3.0,0.24,0.24,21.8,18.1,19.1,5.2,9.9,39,43,47,53,57
2017-01-14 02:00,2189,38,37,0.00,100,0.08,,5.0,1.4,0.23,0.23,21.2,18.2,18.9,4.8,9.9,39,42,47,53,57
2017-01-14 03:00,2189,38,37,0.00,100,0.07,,3.2,1.5,0.22,0.22,20.9,18.0,19.1,4.8,10.1,38,42,47,52,57
2017-01-14 04:00,2189,37,36,0.00,100,0.09,,4.6,2.5,0.22,0.22,21.5,18.5,18.2,4.5,10.1,37,42,47,53,57
2017-01-14 05:00,2189,38,35,0.00,100,0.09,,6.6,3.7,0.21,0.21,20.9,18.1,18.3,4.5,10.1,36,41,46,52,57
2017-01-14 06:00,2189,39,37,0.00,94,0.07,,7.6,2.1,0.20,0.23,21.2,17.9,18.8,4.8,9.9,36,41,46,53,57
2017-01-14 07:00,2189,38,36,0.00,88,0.32,,8.3,3.2,0.19,0.22,21.0,18.0,18.6,5.0,10.1,36,40,46,52,57
2017-01-14 08:00,2189,40,37,0.01,83,39.90,,8.1,5.8,0.20,0.24,21.2,18.1,17.9,4.8,10.1,36,40,45,52,57
2017-01-14 09:00,2189,42,40,0.00,86,227.60,,9.6,6.1,0.22,0.26,21.3,18.0,19.0,5.1,10.1,35,39,45,52,57
2017-01-14 10:00,2189,45,42,0.00,83,390.80,,9.8,6.8,0.23,0.29,20.7,18.2,18.2,4.8,10.1,37,39,45,52,57
2017-01-14 11:00,2189,46,45,0.00,81,525.10,,9.6,6.7,0.25,0.30,21.2,18.0,18.2,5.4,10.4,42,40,44,52,57
2017-01-14 12:00,2189,50,46,0.00,81,605.10,,6.1,1.8,0.23,0.33,21.5,17.8,18.5,5.0,9.2,46,41,44,52,57
2017-01-14 13:00,2189,50,46,0.00,74,619.60,,11.5,8.1,0.29,0.33,21.4,18.2,18.7,5.0,9.2,52,43,44,52,57
2017-01-14 14:00,2189,53,49,0.00,81,573.60,,7.7,3.3,0.27,0.38,21.8,19.1,18.7,5.0,10.1,54,45,44,52,57
2017-01-14 15:00,2189,51,48,0.00,82,460.20,,10.4,5.3,0.30,0.35,21.3,18.3,18.2,5.2,9.9,56,47,45,52,57
2017-01-14 16:00,2189,50,43,0.00,86,299.40,,12.8,8.2,0.28,0.33,21.4,18.4,19.2,5.2,9.9,56,49,45,52,57
2017-01-14 17:00,2189,44,41,0.00,100,112.40,,15.5,9.4,0.26,0.27,21.0,18.4,19.1,5.0,9.9,54,50,45,52,57
2017-01-14 18:00,2189,42,40,0.00,100,1.54,,4.4,1.8,0.25,0.25,20.6,18.2,18.5,5.2,9.2,51,50,46,52,57
2017-01-14 19:00,2189,45,39,0.00,100,0.08,,6.7,1.9,0.23,0.26,21.2,18.0,18.9,4.8,10.4,48,49,47,52,57
2017-01-14 20:00,2189,45,44,0.00,66,0.06,,8.4,6.1,0.19,0.30,20.5,18.0,18.8,5.3,9.9,45,48,47,51,57
2017-01-14 21:00,2189,45,41,0.00,60,0.06,,7.4,2.5,0.18,0.29,20.9,17.9,18.5,5.0,10.1,44,47,47,51,57
2017-01-14 22:00,2189,44,41,0.00,73,0.06,,9.4,3.9,0.16,0.28,19.9,17.7,18.5,5.6,9.9,42,46,47,51,57
2017-01-14 23:00,2189,44,35,0.00,53,0.09,,4.7,1.6,0.18,0.24,20.7,17.7,19.3,5.4,9.2,41,45,47,51,57
2017-01-15 00:00,2189,38,36,0.00,89,0.08,,4.3,1.0,0.19,0.22,19.9,17.5,19.0,5.2,10.8,40,45,47,51,57
2017-01-15 01:00,2189,41,35,0.00,78,0.08,,2.7,0.8,0.18,0.23,20.3,17.8,19.1,4.8,9.9,39,44,47,51,57
2017-01-15 02:00,2189,36,34,0.00,95,0.10,,3.6,1.4,0.19,0.20,19.8,17.8,19.0,5.2,9.9,38,43,47,51,57
2017-01-15 03:00,2189,42,35,0.00,94,0.08,,5.5,0.9,0.19,0.21,19.6,17.5,18.5,5.2,9.9,37,42,47,51,57
2017-01-15 04:00,2189,42,36,0.00,63,0.05,,7.6,2.7,0.17,0.26,20.4,17.4,19.1,4.5,10.1,37,42,46,51,57
2017-01-15 05:00,2189,36,34,0.00,85,0.08,,3.9,1.3,0.18,0.20,20.1,17.6,18.1,5.4,9.2,36,41,46,51,57
2017-01-15 06:00,2189,36,35,0.00,83,0.10,,3.7,0.9,0.18,0.21,19.5,17.3,18.7,4.8,10.1,36,40,46,51,57
2017-01-15 07:00,2189,35,33,0.00,90,0.44,,2.5,0.8,0.18,0.19,20.0,17.5,18.3,5.3,10.1,36,40,45,51,57
2017-01-15 08:00,2189,37,33,0.00,98,41.98,,9.1,5.8,0.19,0.19,20.3,17.3,18.5,5.3,10.3,35,39,45,51,57
2017-01-15 09:00,2189,38,35,0.00,81,226.40,,13.4,6.0,0.19,0.22,19.5,16.8,18.6,5.4,9.2,35,39,45,51,57
2017-01-15 10:00,2189,45,35,0.00,100,377.50,,12.9,5.2,0.21,0.24,19.4,17.0,18.8,4.8,10.1,35,39,44,51,57
2017-01-15 11:00,2189,45,41,0.00,80,545.20,,12.4,4.9,0.23,0.28,19.3,17.2,18.3,5.4,10.8,39,39,44,51,57
2017-01-15 12:00,2189,46,41,0.00,88,621.30,,12.8,6.5,0.23,0.28,20.3,17.2,18.4,5.4,9.5,45,40,44,51,57
2017-01-15 13:00,2189,41,41,0.00,91,650.70,,14.3,9.9,0.24,0.26,20.5,17.6,18.4,4.8,9.5,49,42,44,51,57
2017-01-15 14:00,2189,41,40,0.00,100,597.30,,15.4,10.1,0.25,0.25,20.4,17.5,18.7,5.2,10.3,51,44,44,51,57
2017-01-15 15:00,2189,41,39,0.00,100,421.70,,15.6,8.2,0.24,0.24,20.8,17.7,18.4,5.4,10.3,52,46,44,51,56
2017-01-15 16:00,2189,44,41,0.00,93,310.80,,9.6,4.6,0.23,0.27,20.6,17.6,18.7,5.4,10.1,51,47,44,51,56
2017-01-15 17:00,2189,41,36,0.00,94,113.40,,14.7,8.5,0.24,0.24,20.2,17.6,17.9,5.4,9.5,51,47,45,51,57
2017-01-15 18:00,2189,36,35,0.00,100,1.78,,17.0,11.2,0.21,0.21,19.7,17.6,18.1,5.4,10.1,47,47,45,51,56
2017-01-15 19:00,2189,35,35,0.00,100,0.10,,16.6,11.2,0.20,0.20,20.3,17.4,18.1,5.2,10.5,45,47,46,51,56
2017-01-15 20:00,2189,35,35,0.00,100,0.07,,13.6,9.0,0.20,0.20,19.5,17.4,18.9,5.4,10.3,43,46,46,51,56
2017-01-15 21:00,2189,35,34,0.00,100,0.08,,9.0,4.6,0.20,0.20,19.3,17.2,18.6,5.7,10.1,42,45,46,51,56
2017-01-15 22:00,2189,35,33,0.00,100,0.10,,6.0,2.0,0.19,0.19,19.8,17.2,17.8,5.4,10.3,40,44,46,51,56
2017-01-15 23:00,2189,39,35,0.00,100,0.08,,7.8,5.4,0.22,0.22,18.8,16.8,18.1,5.4,9.5,39,43,46,51,56
2017-01-16 00:00,2189,38,32,0.00,99,0.07,,2.3,0.6,0.19,0.19,19.6,17.1,18.1,5.7,10.1,38,42,46,51,56
2017-01-16 01:00,2189,34,31,0.00,100,0.09,,2.4,0.7,0.18,0.18,18.8,17.1,18.6,5.3,10.3,37,42,45,50,56
2017-01-16 02:00,2189,31,31,0.00,100,0.08,,3.9,1.4,0.17,0.17,18.8,17.1,18.6,5.4,10.3,36,41,45,51,56
2017-01-16 03:00,2189,34,31,0.00,100,0.07,,11.7,4.7,0.18,0.18,18.8,16.7,18.1,5.7,9.5,36,40,45,50,56
2017-01-16 04:00,2189,34,30,0.00,100,0.10,,2.7,0.7,0.18,0.18,19.5,16.9,18.5,5.4,10.3,36,40,45,51,56
2017-01-16 05:00,2189,32,30,0.00,100,0.08,,4.4,1.3,0.17,0.17,19.3,16.7,18.5,5.7,10.3,35,39,45,50,56
2017-01-16 06:00,2189,35,31,0.00,100,0.10,,5.0,1.9,0.18,0.18,18.9,17.1,18.4,5.7,9.7,35,39,44,50,56
2017-01-16 07:00,2189,41,32,0.00,93,0.33,,19.4,6.6,0.17,0.23,19.3,17.2,18.8,5.4,9.5,35,39,44,50,56
2017-01-16 08:00,2189,33,30,0.00,100,23.02,,13.2,6.5,0.18,0.18,19.3,16.5,18.3,5.4,9.5,35,39,44,50,56
2017-01-16 09:00,2189,35,33,0.00,100,235.50,,12.7,7.8,0.19,0.19,18.5,16.9,18.6,5.4,9.9,35,38,43,50,56
2017-01-16 10:00,2189,42,35,0.00,100,416.10,,11.8,4.0,0.22,0.22,19.5,16.7,18.3,4.7,9.5,35,38,43,50,56
2017-01-16 11:00,2189,48,42,0.00,89,545.00,,7.9,3.7,0.26,0.28,19.3,16.7,17.8,4.7,9.5,39,38,43,50,56
2017-01-16 12:00,2189,51,47,0.00,85,626.10,,8.0,2.6,0.27,0.35,19.5,16.8,18.4,5.4,9.7,45,39,43,50,56
2017-01-16 13:00,2189,51,45,0.00,71,639.00,,11.7,5.8,0.27,0.33,19.8,17.0,18.1,5.4,9.5,51,42,43,50,56
2017-01-16 14:00,2189,48,43,0.00,83,586.60,,12.7,6.5,0.28,0.31,20.3,17.0,18.3,4.7,9.5,53,44,43,50,56
2017-01-16 15:00,2189,47,41,0.00,97,471.70,,15.2,9.0,0.26,0.27,20.5,16.9,17.9,5.7,9.9,54,46,43,50,56
2017-01-16 16:00,2189,49,43,0.00,82,311.70,,11.7,5.1,0.27,0.32,19.5,17.1,17.5,5.7,9.7,53,47,44,50,56
2017-01-16 17:00,2189,43,40,0.00,90,120.10,,8.4,2.8,0.26,0.27,19.8,17.1,18.1,4.7,9.5,52,48,44,50,56
2017-01-16 18:00,2189,43,40,0.00,100,1.84,,4.1,1.6,0.26,0.27,19.8,17.3,18.6,4.7,9.5,50,48,45,50,56
2017-01-16 19:00,2189,46,43,0.00,93,0.08,,5.6,3.4,0.22,0.29,19.3,16.9,18.5,5.0,9.7,47,47,45,50,56
2017-01-16 20:00,2189,46,44,0.00,63,0.04,,5.9,3.2,0.22,0.30,18.7,17.0,18.1,5.0,10.8,44,47,45,50,56
2017-01-16 21:00,2189,44,42,0.00,69,0.09,,7.0,5.0,0.19,0.28,18.8,17.1,18.4,5.0,10.2,43,46,46,50,56
2017-01-16 22:00,2189,46,42,0.00,67,0.10,,6.4,4.2,0.17,0.29,18.8,16.7,18.4,5.0,9.5,41,45,46,50,56
2017-01-16 23:00,2189,46,44,0.00,50,0.07,,7.0,5.2,0.15,0.30,18.5,17.0,18.4,5.0,11.1,40,44,46,49,56
2017-01-17 00:00,2189,46,44,0.00,54,0.07,,6.9,4.8,0.14,0.30,18.6,17.3,18.5,5.0,9.5,39,43,46,50,56
2017-01-17 01:00,2189,45,43,0.00,47,0.08,,8.5,6.5,0.15,0.29,19.2,16.7,18.5,5.0,10.2,39,43,46,50,56
2017-01-17 02:00,2189,45,44,0.00,52,0.07,,7.7,6.5,0.14,0.29,18.8,17.0,18.5,5.0,9.2,38,42,45,50,56
2017-01-17 03:00,2189,45,42,0.00,49,0.08,,7.7,5.9,0.14,0.29,18.2,16.7,18.1,5.0,9.2,38,42,45,50,56
2017-01-17 04:00,2189,46,42,0.00,53,0.11,,6.4,4.0,0.14,0.28,18.9,16.4,18.3,5.7,10.2,37,41,45,50,56
2017-01-17 05:00,2189,47,45,0.00,43,0.07,,5.6,3.1,0.13,0.31,18.6,16.4,17.5,4.7,9.2,37,41,45,50,56
2017-01-17 06:00,2189,45,44,0.00,42,0.10,,6.9,4.2,0.12,0.29,18.3,16.6,18.1,5.7,10.2,36,40,45,50,56
2017-01-17 07:00,2189,46,44,0.00,42,0.40,,7.7,6.0,0.12,0.30,18.4,16.6,18.1,5.0,9.7,36,40,44,50,56
2017-01-17 08:00,2189,50,44,0.00,43,40.03,,7.2,4.6,0.12,0.30,18.1,16.3,18.3,5.0,10.2,35,39,44,50,56
2017-01-17 09:00,2189,55,50,0.00,30,236.10,,5.4,2.0,0.12,0.39,18.7,16.0,17.8,5.0,9.5,35,39,44,50,56
2017-01-17 10:00,2189,57,54,0.00,31,410.80,,2.5,1.0,0.12,0.44,18.5,16.4,17.9,5.7,9.2,38,39,44,50,56
2017-01-17 11:00,2189,59,57,0.00,25,548.40,,5.1,1.7,0.12,0.48,18.4,16.2,18.1,5.0,10.1,43,40,43,50,56
2017-01-17 12:00,2189,62,59,0.00,22,636.40,,8.4,3.7,0.12,0.52,18.6,16.7,17.3,5.0,10.1,49,41,43,50,56
2017-01-17 13:00,2189,63,60,0.00,20,613.10,,10.5,4.2,0.14,0.56,19.5,16.7,17.9,5.0,9.9,53,44,43,50,56
2017-01-17 14:00,2189,62,58,0.00,30,506.40,,10.2,3.8,0.17,0.55,19.5,17.0,17.9,5.0,9.9,57,46,43,49,56
2017-01-17 15:00,2189,60,58,0.00,39,325.80,,9.8,4.9,0.15,0.50,19.2,16.6,18.3,5.0,10.5,57,48,44,49,56
2017-01-17 16:00,2189,59,57,0.00,36,201.10,,7.5,3.4,0.15,0.48,19.8,17.1,18.2,5.0,10.1,56,50,44,49,56
2017-01-17 17:00,2189,59,54,0.00,32,117.40,,10.0,5.5,0.12,0.47,19.7,16.9,17.8,5.0,9.5,54,50,45,49,56
2017-01-17 18:00,2189,54,52,0.00,32,2.22,,9.7,6.4,0.12,0.40,19.5,16.5,18.1,5.2,9.5,52,50,46,49,56
2017-01-17 19:00,2189,52,50,0.00,28,0.09,,7.3,4.2,0.13,0.37,19.1,16.7,18.2,5.0,9.9,49,50,46,49,56
2017-01-17 20:00,2189,51,49,0.00,37,0.07,,4.8,2.6,0.14,0.36,18.2,16.8,17.5,5.2,10.1,47,49,47,49,56
2017-01-17 21:00,2189,50,48,0.00,40,0.07,,5.5,4.0,0.15,0.35,18.8,16.5,18.2,5.2,9.5,45,48,47,49,56
2017-01-17 22:00,2189,49,46,0.00,45,0.06,,6.0,4.0,0.15,0.34,18.1,16.4,18.2,5.2,9.5,44,47,47,49,56
2017-01-17 23:00,2189,47,46,0.00,52,0.05,,5.9,3.8,0.19,0.32,18.5,16.4,18.2,5.0,9.5,43,46,47,49,56
2017-01-18 00:00,2189,48,47,0.00,59,0.07,,6.8,3.3,0.19,0.33,18.0,16.3,18.2,5.0,10.1,42,46,47,49,56
2017-01-18 01:00,2189,49,46,0.00,57,0.10,,6.5,4.0,0.19,0.32,18.6,16.6,18.2,5.0,10.1,42,45,47,49,56
2017-01-18 02:00,2189,48,47,0.00,56,0.05,,6.9,4.8,0.19,0.33,18.2,16.1,18.3,5.2,9.7,41,44,47,49,56
2017-01-18 03:00,2189,48,47,0.00,52,0.05,,7.4,4.2,0.18,0.33,18.3,16.2,18.0,5.0,10.5,41,44,46,49,56
2017-01-18 04:00,2189,51,46,0.00,51,0.04,,7.3,3.7,0.16,0.35,18.7,16.0,17.1,5.0,10.6,40,44,46,49,56
2017-01-18 05:00,2189,51,48,0.00,36,0.06,,5.2,3.4,0.13,0.35,17.6,16.2,18.6,5.0,10.1,39,43,46,50,56
2017-01-18 06:00,2189,49,46,0.00,36,0.04,,7.2,4.0,0.13,0.34,17.7,16.1,17.6,4.7,9.5,39,43,46,50,56
2017-01-18 07:00,2189,46,44,0.00,43,0.46,,6.2,3.3,0.14,0.30,17.2,16.3,18.3,5.0,10.1,39,42,46,50,55
2017-01-18 08:00,2189,48,46,0.00,44,24.45,,5.7,2.3,0.14,0.32,18.4,15.9,17.8,5.0,10.1,39,42,46,50,56
2017-01-18 09:00,2189,51,48,0.00,43,82.40,,4.0,1.2,0.15,0.36,17.2,15.9,18.1,5.7,9.5,39,42,45,50,56
2017-01-18 10:00,2189,57,51,0.00,40,299.10,,5.8,2.2,0.17,0.41,17.6,15.9,18.0,5.7,9.5,41,42,45,50,55
2017-01-18 11:00,2189,58,56,0.00,33,377.50,,7.7,4.5,0.14,0.47,18.6,15.8,18.0,5.0,9.7,45,42,45,50,55
2017-01-18 12:00,2189,56,56,0.00,38,172.90,,7.8,4.1,0.17,0.45,18.1,16.1,18.2,5.0,9.7,49,43,45,50,55
2017-01-18 13:00,2189,56,53,0.00,38,177.60,,12.5,5.1,0.18,0.44,18.2,16.1,17.7,5.0,9.7,49,45,45,50,55
2017-01-18 14:00,2189,53,48,0.00,52,79.29,,14.4,6.6,0.22,0.38,18.1,16.3,17.7,5.7,10.6,50,46,45,50,55
2017-01-18 15:00,2189,48,48,0.00,77,32.88,,10.0,5.1,0.27,0.34,18.2,15.9,17.7,5.7,9.7,49,47,45,50,55
2017-01-18 16:00,2189,50,47,0.00,77,18.68,,14.4,4.2,0.25,0.34,18.5,16.1,17.4,5.0,9.7,48,47,45,50,55
2017-01-18 17:00,2189,47,44,0.10,79,4.62,,12.2,5.1,0.27,0.31,18.6,16.1,18.0,4.7,9.7,47,47,46,50,55
2017-01-18 18:00,2189,44,44,0.02,100,0.29,,14.7,9.1,0.28,0.29,18.4,16.3,18.0,5.7,9.9,46,47,46,50,55
2017-01-18 19:00,2189,46,44,0.03,92,0.05,,15.8,8.7,0.26,0.30,18.5,16.4,17.6,5.7,9.7,45,46,46,50,55
2017-01-18 20:00,2189,47,46,0.00,82,0.03,,12.7,7.4,0.26,0.32,18.9,16.3,17.9,4.6,9.7,45,46,46,50,55
2017-01-18 21:00,2189,51,47,0.00,82,0.03,,15.3,4.6,0.27,0.35,19.5,16.6,17.8,5.7,9.9,44,46,46,50,55
2017-01-18 22:00,2189,53,51,0.00,72,0.05,,20.2,13.5,0.26,0.39,19.8,16.3,17.2,5.7,9.5,44,45,47,50,55
2017-01-18 23:00,2189,53,51,0.00,60,0.02,,14.9,6.5,0.25,0.39,20.4,16.1,16.9,5.0,9.9,44,45,46,50,55
2017-01-19 00:00,2189,51,48,0.01,66,0.06,,16.1,5.5,0.28,0.36,20.0,16.0,17.8,5.0,9.7,45,45,46,50,55
2017-01-19 01:00,2189,50,47,0.02,74,0.04,,15.6,8.4,0.28,0.35,20.2,16.5,17.8,5.7,10.2,45,45,46,50,55
2017-01-19 02:00,2189,47,46,0.05,94,0.02,,11.9,6.1,0.30,0.32,20.0,16.8,18.1,5.0,9.9,45,45,46,50,55
2017-01-19 03:00,2189,46,45,0.15,98,0.03,,15.0,8.0,0.30,0.30,20.8,16.4,17.8,5.7,9.7,45,45,46,50,55
2017-01-19 04:00,2189,46,44,0.00,100,0.04,,18.9,9.0,0.29,0.30,23.6,17.0,17.8,5.7,9.7,45,45,46,50,55
2017-01-19 05:00,2189,47,43,0.00,93,0.07,,15.0,5.4,0.28,0.30,23.9,18.6,17.6,5.0,9.7,44,45,46,50,55
2017-01-19 06:00,2189,47,46,0.00,84,0.04,,11.8,7.0,0.27,0.31,23.3,18.9,17.9,5.7,9.7,42,45,46,50,55
2017-01-19 07:00,2189,46,44,0.00,87,0.18,,11.7,6.9,0.27,0.30,23.8,19.1,18.1,5.7,9.7,42,44,46,50,55
2017-01-19 08:00,2189,45,44,0.00,99,40.25,,12.7,7.5,0.29,0.29,23.2,19.1,17.8,5.4,9.7,42,44,46,50,55
2017-01-19 09:00,2189,46,45,0.00,97,221.10,,13.4,8.8,0.28,0.30,22.9,18.7,18.2,5.7,9.9,42,44,46,50,55
2017-01-19 10:00,2189,47,46,0.00,90,220.70,,13.4,8.2,0.28,0.31,22.8,18.9,17.9,4.7,9.7,43,44,46,50,55
2017-01-19 11:00,2189,47,46,0.00,85,142.10,,12.2,7.6,0.28,0.31,22.6,18.7,18.6,5.7,9.9,45,44,46,50,55
2017-01-19 12:00,2189,49,46,0.00,94,455.50,,15.4,9.3,0.27,0.32,22.2,18.6,18.8,5.7,9.3,46,45,46,50,55
2017-01-19 13:00,2189,49,48,0.00,77,447.60,,16.0,9.4,0.27,0.35,22.6,18.6,18.4,5.0,9.7,49,45,46,50,55
2017-01-19 14:00,2189,50,48,0.00,77,350.70,,14.2,8.9,0.26,0.35,22.4,18.6,18.6,5.7,10.2,52,47,46,50,55
2017-01-19 15:00,2189,51,48,0.00,73,453.90,,12.5,6.9,0.27,0.35,22.6,18.9,18.5,5.0,9.7,53,48,46,50,55
2017-01-19 16:00,2189,50,47,0.00,71,174.50,,11.7,5.8,0.27,0.34,22.7,18.8,18.7,5.4,9.7,54,49,46,50,55
2017-01-19 17:00,2189,48,46,0.00,85,85.40,,11.7,5.8,0.28,0.33,22.6,18.6,19.0,5.7,9.3,53,50,47,50,55
2017-01-19 18:00,2189,46,45,0.00,87,2.16,,10.7,5.4,0.27,0.31,21.6,18.4,18.2,5.7,10.2,51,50,47,50,55
2017-01-19 19:00,2189,45,44,0.00,92,0.08,,10.4,5.7,0.27,0.30,21.6,18.7,19.0,5.0,9.7,48,50,47,50,55
2017-01-19 20:00,2189,45,44,0.00,90,0.07,,9.9,5.7,0.27,0.30,22.0,18.5,19.2,5.4,9.7,47,49,47,50,55
2017-01-19 21:00,2189,44,43,0.00,97,0.07,,7.3,4.1,0.28,0.29,21.3,18.7,19.2,4.7,9.7,46,48,48,50,55
2017-01-19 22:00,2189,43,42,0.00,100,0.05,,5.1,2.5,0.27,0.27,21.6,18.4,18.4,5.4,9.3,45,47,48,50,55
2017-01-19 23:00,2189,42,41,0.00,100,0.05,,4.0,1.4,0.26,0.26,21.1,18.6,18.8,5.7,9.9,44,47,48,50,55
2017-01-20 00:00,2189,42,41,0.00,100,0.05,,2.3,0.6,0.26,0.26,20.8,18.3,18.8,5.4,9.7,43,46,48,50,55
2017-01-20 01:00,2189,43,42,0.02,100,0.04,,4.0,0.4,0.27,0.27,20.9,18.2,18.8,5.4,9.9,43,46,47,50,55
2017-01-20 02:00,2189,42,42,0.02,100,0.06,,9.5,4.3,0.27,0.27,21.4,18.2,19.5,4.5,9.7,44,45,47,50,55
2017-01-20 03:00,2189,43,42,0.00,99,0.04,,13.1,4.7,0.25,0.27,22.2,18.5,18.9,5.4,9.7,43,45,47,50,55
2017-01-20 04:00,2189,42,42,0.00,88,0.05,,12.0,6.5,0.24,0.27,22.3,18.3,18.7,5.4,9.7,43,45,47,50,55
2017-01-20 05:00,2189,43,42,0.00,87,0.06,,11.2,5.2,0.24,0.27,21.4,18.3,18.9,5.7,10.2,43,45,47,50,55
2017-01-20 06:00,2189,45,42,0.01,86,0.06,,16.5,10.2,0.23,0.29,21.3,18.5,19.3,5.1,9.3,43,45,47,50,55
2017-01-20 07:00,2189,45,44,0.01,85,0.15,,19.4,7.5,0.25,0.29,21.4,18.5,18.7,5.7,10.2,42,44,47,50,55
2017-01-20 08:00,2189,45,44,0.06,80,7.95,,24.9,8.6,0.25,0.29,21.9,19.0,18.5,5.4,9.3,42,44,47,50,55
2017-01-20 09:00,2189,45,44,0.07,88,55.66,,29.8,15.5,0.27,0.29,22.1,18.6,18.9,5.4,9.7,43,44,47,50,55
2017-01-20 10:00,2189,47,44,0.03,92,40.93,,27.9,18.8,0.25,0.30,24.2,19.0,19.1,4.5,9.9,43,44,46,50,55
2017-01-20 11:00,2189,46,45,0.00,75,125.00,,16.7,10.9,0.24,0.30,25.0,19.7,18.9,5.4,9.7,43,44,46,50,55
2017-01-20 12:00,2189,46,41,0.18,81,61.36,,27.4,11.8,0.25,0.30,24.3,19.9,18.7,5.7,9.7,44,44,46,50,55
2017-01-20 13:00,2189,41,39,0.13,100,80.90,,22.1,11.3,0.25,0.25,24.4,19.9,19.4,4.5,9.7,44,44,46,50,55
2017-01-20 14:00,2189,41,40,0.02,100,267.70,,12.6,6.0,0.25,0.25,24.8,20.4,19.6,5.4,9.9,44,45,46,50,55
2017-01-20 15:00,2189,44,41,0.01,100,125.60,,15.2,8.0,0.26,0.27,25.9,21.1,20.3,5.7,10.5,46,45,46,50,55
2017-01-20 16:00,2189,44,44,0.00,91,88.20,,12.3,7.0,0.25,0.29,24.7,21.7,20.5,5.7,9.7,47,45,46,50,55
2017-01-20 17:00,2189,44,42,0.00,87,15.55,,15.3,8.2,0.26,0.28,24.4,21.1,21.2,5.4,9.9,46,45,46,50,55
2017-01-20 18:00,2189,42,41,0.00,100,0.66,,19.6,10.9,0.26,0.27,23.9,21.2,21.1,4.6,10.5,45,46,46,50,55
2017-01-20 19:00,2189,41,41,0.00,100,0.08,,11.0,5.2,0.26,0.26,24.0,21.2,21.6,5.2,9.7,44,46,46,50,55
2017-01-20 20:00,2189,41,40,0.00,100,0.07,,17.7,7.0,0.25,0.25,23.5,21.0,21.4,4.5,9.7,43,45,46,50,55
2017-01-20 21:00,2189,41,40,0.00,92,0.06,,12.8,7.1,0.23,0.25,23.2,21.2,21.4,5.4,10.5,42,45,46,50,55
2017-01-20 22:00,2189,40,39,0.00,91,0.07,,16.3,9.6,0.23,0.25,23.1,20.8,21.0,5.4,10.2,42,45,46,50,55
2017-01-20 23:00,2189,40,39,0.00,95,0.06,,17.9,10.6,0.22,0.25,22.8,20.8,21.4,5.7,10.5,41,44,46,50,55
2017-01-21 00:00,2189,39,37,0.05,91,0.06,,21.8,9.9,0.22,0.23,22.7,20.3,21.4,4.1,9.7,40,44,46,50,55
2017-01-21 01:00,2189,38,37,0.00,100,0.06,,13.0,4.8,0.22,0.22,23.6,20.4,21.2,4.8,9.7,40,43,46,50,55
2017-01-21 02:00,2189,38,38,0.00,100,0.04,,13.2,5.9,0.23,0.23,24.1,20.9,21.4,5.4,9.7,39,43,46,50,55
2017-01-21 03:00,2189,38,38,0.00,100,0.06,,9.0,4.8,0.23,0.23,23.6,20.4,21.1,5.4,10.5,40,42,46,50,55
2017-01-21 04:00,2189,38,38,0.00,98,0.04,,7.2,3.7,0.22,0.23,23.3,20.5,21.7,5.4,9.7,40,42,45,50,55
2017-01-21 05:00,2189,39,38,0.00,100,0.03,,5.6,2.4,0.23,0.23,22.8,20.3,21.1,5.4,10.2,40,42,45,50,55
2017-01-21 06:00,2189,39,39,0.00,100,0.03,,7.8,3.3,0.24,0.24,22.8,20.6,21.4,5.2,10.5,40,42,45,50,55
2017-01-21 07:00,2189,39,38,0.00,100,0.53,,5.3,2.4,0.23,0.23,23.2,20.5,21.4,5.4,9.5,40,42,45,50,55
2017-01-21 08:00,2189,39,38,0.01,100,26.03,,7.5,1.9,0.24,0.24,23.2,20.5,21.6,5.7,9.7,39,42,45,50,55
2017-01-21 09:00,2189,42,39,0.00,100,120.10,,11.2,3.3,0.25,0.25,22.6,20.4,21.5,5.4,9.3,40,42,45,50,55
2017-01-21 10:00,2189,45,42,0.00,100,391.10,,9.8,3.3,0.25,0.28,22.6,20.1,20.5,5.4,9.3,41,42,45,50,55
2017-01-21 11:00,2189,46,45,0.00,85,464.90,,10.6,5.3,0.25,0.30,22.9,20.0,21.2,5.4,10.2,45,42,45,50,55
2017-01-21 12:00,2189,45,43,0.00,83,350.90,,8.1,2.8,0.25,0.29,23.3,20.9,21.2,5.4,9.9,49,43,44,50,55
2017-01-21 13:00,2189,47,45,0.00,81,541.40,,6.9,2.7,0.24,0.31,22.9,20.4,20.6,5.4,10.2,51,45,45,50,55
2017-01-21 14:00,2189,47,46,0.00,76,311.50,,7.6,2.2,0.22,0.32,23.3,20.9,20.8,4.7,10.2,55,46,45,49,55
2017-01-21 15:00,2189,49,47,0.00,61,346.50,,5.4,1.7,0.20,0.34,23.3,20.2,20.8,5.7,9.3,55,48,45,50,55
2017-01-21 16:00,2189,49,47,0.00,55,138.60,,5.9,1.7,0.20,0.34,22.7,20.5,21.6,5.7,10.2,56,49,46,49,55
2017-01-21 17:00,2189,48,47,0.00,63,60.10,,5.3,2.2,0.22,0.33,22.8,20.4,21.4,5.7,10.2,54,50,46,49,55
2017-01-21 18:00,2189,47,46,0.00,70,0.78,,5.7,2.6,0.24,0.31,22.4,20.2,21.3,5.7,9.9,52,50,47,49,55
2017-01-21 19:00,2189,46,46,0.00,80,0.07,,4.7,2.0,0.25,0.31,22.1,20.0,20.7,5.7,9.5,50,50,47,49,55
2017-01-21 20:00,2189,46,45,0.00,80,0.05,,5.9,2.0,0.26,0.30,22.6,20.4,20.7,5.7,10.2,48,49,47,49,55
2017-01-21 21:00,2189,46,44,0.00,90,0.08,,8.2,4.2,0.26,0.29,22.2,19.7,21.5,5.7,10.7,47,49,47,49,55
2017-01-21 22:00,2189,46,45,0.00,76,0.06,,7.2,2.8,0.24,0.30,22.2,19.6,21.5,5.4,9.3,47,48,47,49,55
2017-01-21 23:00,2189,47,46,0.00,71,0.04,,17.0,5.7,0.22,0.31,22.0,20.1,21.3,5.4,10.7,46,48,48,49,55
2017-01-22 00:00,2189,47,44,0.00,60,0.06,,17.4,7.9,0.19,0.31,21.6,19.7,21.3,5.7,9.3,46,47,47,49,55
2017-01-22 01:00,2189,44,43,0.00,69,0.06,,14.0,7.7,0.22,0.28,22.0,19.6,21.3,5.4,9.9,45,47,47,49,55
2017-01-22 02:00,2189,44,43,0.00,80,0.03,,22.1,12.6,0.21,0.28,22.0,19.7,21.0,4.7,10.5,45,47,47,49,55
2017-01-22 03:00,2189,44,44,0.02,69,0.03,,20.6,10.2,0.21,0.28,21.9,19.3,21.0,5.4,9.9,44,46,47,50,55
2017-01-22 04:00,2189,44,43,0.02,78,0.03,,27.4,15.6,0.22,0.28,21.6,19.5,21.1,5.4,9.5,44,46,47,50,55
2017-01-22 05:00,2189,44,44,0.00,74,0.03,,28.7,19.0,0.22,0.29,22.0,19.5,21.1,5.4,10.2,43,46,47,50,55
2017-01-22 06:00,2189,44,44,0.00,78,0.04,,30.7,15.1,0.22,0.29,22.1,19.4,20.9,5.4,9.5,43,45,47,50,55
2017-01-22 07:00,2189,45,44,0.01,78,0.16,,22.5,13.2,0.22,0.29,22.3,19.6,21.3,5.2,10.2,43,45,47,50,55
2017-01-22 08:00,2189,47,44,0.00,77,16.56,,20.2,10.2,0.22,0.30,21.8,19.6,20.9,5.4,10.2,43,45,47,50,55
2017-01-22 09:00,2189,47,45,0.02,73,109.10,,33.5,19.8,0.24,0.30,22.0,19.2,20.9,4.8,10.2,43,44,47,50,55
2017-01-22 10:00,2189,46,45,0.06,88,103.50,,36.7,25.0,0.25,0.30,22.5,19.2,21.1,5.2,9.5,43,44,47,50,55
2017-01-22 11:00,2189,49,46,0.01,83,168.80,,28.3,19.0,0.27,0.32,23.3,19.7,21.5,5.4,10.5,44,44,47,50,55
2017-01-22 12:00,2189,51,49,0.00,78,234.10,,34.4,20.2,0.28,0.36,23.7,20.3,21.2,5.0,9.5,45,45,46,50,55
2017-01-22 13:00,2189,50,49,0.03,78,168.20,,31.3,18.6,0.29,0.36,23.5,20.3,21.4,5.2,9.5,47,45,46,50,55
2017-01-22 14:00,2189,49,48,0.09,89,97.50,,15.8,8.7,0.33,0.35,24.0,20.2,20.5,5.4,9.5,47,45,46,50,55
2017-01-22 15:00,2189,50,48,0.02,100,138.30,,19.4,10.2,0.35,0.35,24.7,20.7,21.1,5.4,9.5,48,46,46,50,55
2017-01-22 16:00,2189,54,50,0.00,97,243.00,,15.5,8.9,0.34,0.38,24.9,21.0,21.6,5.2,10.2,48,47,47,50,55
2017-01-22 17:00,2189,54,51,0.00,67,58.15,,22.1,13.5,0.27,0.40,24.4,21.1,21.1,4.8,9.5,50,47,47,50,55
2017-01-22 18:00,2189,51,49,0.00,73,1.36,,22.0,14.8,0.27,0.37,24.5,21.1,21.5,4.7,10.5,49,48,47,50,55
2017-01-22 19:00,2189,49,47,0.00,77,0.02,,23.2,13.9,0.26,0.34,23.9,21.0,22.0,5.0,9.5,48,48,47,50,55
2017-01-22 20:00,2189,47,45,0.04,85,0.04,,18.1,12.1,0.27,0.32,23.2,21.0,21.6,5.2,10.2,47,47,47,50,55
2017-01-22 21:00,2189,45,44,0.10,99,0.05,,18.0,10.9,0.29,0.29,23.7,20.8,21.9,5.2,9.5,46,47,47,50,55
2017-01-22 22:00,2189,44,42,0.03,94,0.06,,19.6,11.4,0.27,0.28,24.3,20.9,21.8,5.0,10.5,46,47,47,50,55
2017-01-22 23:00,2189,42,42,0.00,94,0.09,,12.8,8.9,0.25,0.27,24.7,21.3,21.8,5.4,9.5,45,47,47,50,55
2017-01-23 00:00,2189,42,42,0.00,94,0.06,,15.5,9.9,0.24,0.27,24.3,21.4,21.6,5.1,9.5,44,46,47,50,55
2017-01-23 01:00,2189,42,41,0.00,88,0.06,,15.6,8.0,0.24,0.26,23.9,21.4,22.5,5.7,9.5,43,46,47,50,55
2017-01-23 02:00,2189,41,41,0.00,86,0.05,,18.4,9.8,0.22,0.26,24.1,21.1,22.0,5.7,10.2,42,45,47,50,55
2017-01-23 03:00,2189,41,39,0.01,79,0.09,,17.0,8.7,0.21,0.25,23.7,21.0,22.3,5.2,10.5,42,45,47,50,55
2017-01-23 04:00,2189,39,38,0.02,92,0.08,,13.0,5.4,0.22,0.24,23.4,20.8,22.5,5.8,9.5,41,44,47,50,55
2017-01-23 05:00,2189,40,36,0.05,99,0.05,,18.5,9.1,0.22,0.23,23.3,20.8,22.5,5.5,9.9,42,44,47,50,55
2017-01-23 06:00,2189,36,35,0.10,100,0.05,,11.4,5.6,0.21,0.21,24.1,21.3,22.5,6.5,10.5,41,44,47,50,55
2017-01-23 07:00,2189,35,35,0.05,100,0.16,,12.5,7.3,0.20,0.20,25.0,21.1,22.3,5.8,9.5,39,43,46,50,55
2017-01-23 08:00,2189,35,33,0.06,100,28.48,,10.6,5.0,0.20,0.20,24.8,22.1,22.8,7.1,9.5,39,42,46,50,55
2017-01-23 09:00,2189,38,34,0.04,100,288.30,,8.9,5.4,0.21,0.21,24.9,22.1,22.2,7.3,9.5,38,42,46,50,55
2017-01-23 10:00,2189,40,38,0.00,100,244.20,,8.6,3.9,0.23,0.24,24.8,22.6,23.3,7.1,10.5,39,42,46,50,55
2017-01-23 11:00,2189,42,40,0.00,94,289.80,,11.9,6.7,0.22,0.26,24.5,22.1,23.1,7.7,9.7,42,42,46,50,55
2017-01-23 12:00,2189,42,40,0.00,78,257.80,,16.3,9.4,0.21,0.26,24.6,22.0,23.4,8.6,9.5,45,43,45,50,55
2017-01-23 13:00,2189,42,40,0.00,85,268.00,,15.3,9.0,0.22,0.26,24.6,21.9,23.4,8.0,10.5,46,44,45,50,55
2017-01-23 14:00,2189,41,37,0.04,85,215.90,,17.3,8.8,0.22,0.24,24.0,21.6,23.4,8.7,10.5,47,44,45,50,55
2017-01-23 15:00,2189,39,37,0.00,99,159.00,,13.5,7.4,0.22,0.23,24.6,21.6,23.1,9.3,9.5,47,45,45,50,55
2017-01-23 16:00,2189,42,39,0.00,97,287.20,,11.4,6.3,0.22,0.25,24.3,21.8,23.3,9.5,9.5,46,45,45,50,55
2017-01-23 17:00,2189,41,40,0.00,83,70.46,,10.8,5.5,0.21,0.25,24.1,21.6,23.3,9.9,9.5,47,46,46,49,55
2017-01-23 18:00,2189,40,38,0.00,86,2.22,,8.6,3.9,0.21,0.24,24.2,21.5,23.3,10.7,9.5,46,46,46,49,55
2017-01-23 19:00,2189,38,37,0.00,96,0.09,,5.9,2.7,0.22,0.23,24.0,21.5,23.3,11.1,9.5,45,46,46,49,55
2017-01-23 20:00,2189,37,36,0.00,99,0.07,,5.4,2.0,0.21,0.22,23.4,21.4,23.1,11.1,9.5,43,46,46,49,55
2017-01-23 21:00,2189,36,35,0.00,99,0.05,,4.1,2.5,0.21,0.21,23.4,21.0,23.1,11.4,10.6,41,45,46,49,55
2017-01-23 22:00,2189,35,34,0.00,100,0.11,,4.3,2.7,0.20,0.20,22.4,21.1,22.7,10.9,9.5,40,44,46,49,55
2017-01-23 23:00,2189,35,34,0.00,100,0.07,,5.9,2.6,0.20,0.20,23.1,21.0,23.2,11.4,9.5,39,43,46,49,55
2017-01-24 00:00,2189,35,35,0.00,100,0.09,,4.3,1.8,0.20,0.20,23.1,20.9,22.9,11.4,9.7,38,42,46,49,55
2017-01-24 01:00,2189,36,35,0.00,100,0.08,,4.2,1.4,0.21,0.21,22.5,20.8,23.1,12.1,10.6,38,42,45,49,55
2017-01-24 02:00,2189,35,34,0.00,100,0.10,,4.8,2.2,0.20,0.20,22.2,20.6,22.7,12.2,9.9,38,41,45,49,55
2017-01-24 03:00,2189,35,34,0.00,100,0.08,,4.8,2.2,0.20,0.20,22.6,20.7,23.1,11.9,10.2,37,41,45,49,55
2017-01-24 04:00,2189,34,33,0.00,100,0.05,,4.7,2.5,0.19,0.19,21.9,20.4,23.1,11.9,9.5,36,40,45,49,55
2017-01-24 05:00,2189,34,33,0.00,100,0.04,,4.3,2.7,0.19,0.19,22.3,20.3,22.7,12.2,9.5,36,40,45,49,55
2017-01-24 06:00,2189,35,34,0.00,100,0.08,,4.4,2.5,0.20,0.20,22.6,20.1,22.4,11.5,9.5,36,39,44,49,55
2017-01-24 07:00,2189,35,34,0.00,100,0.48,,4.6,2.9,0.20,0.20,21.7,20.8,22.3,11.8,10.5,36,39,44,49,55
2017-01-24 08:00,2189,36,33,0.00,97,49.18,,4.8,3.6,0.19,0.19,22.4,20.7,22.3,11.8,9.5,35,39,44,49,55
2017-01-24 09:00,2189,39,36,0.00,89,232.90,,4.6,1.8,0.19,0.22,22.4,20.3,22.4,12.5,10.1,35,39,44,49,55
2017-01-24 10:00,2189,42,39,0.00,82,421.00,,5.8,2.2,0.19,0.25,22.1,20.2,22.5,12.0,10.6,36,38,43,49,55
2017-01-24 11:00,2189,42,40,0.00,71,341.20,,7.4,3.7,0.19,0.26,22.1,20.2,21.6,12.0,9.9,41,39,43,49,55
2017-01-24 12:00,2189,43,42,0.00,74,563.70,,9.7,4.6,0.19,0.27,23.1,20.2,21.8,12.0,9.5,44,40,43,49,55
2017-01-24 13:00,2189,44,42,0.00,74,580.40,,11.0,6.6,0.20,0.28,22.9,20.2,21.8,12.2,9.5,48,42,43,49,55
2017-01-24 14:00,2189,43,42,0.00,72,400.50,,12.4,7.7,0.21,0.27,22.6,20.4,22.0,12.2,10.2,51,44,43,49,55
2017-01-24 15:00,2189,43,41,0.00,88,307.40,,12.1,7.4,0.23,0.27,22.6,20.1,22.4,12.7,9.5,51,46,43,49,54
2017-01-24 16:00,2189,42,41,0.00,85,258.20,,10.1,6.6,0.22,0.26,22.2,20.4,21.9,12.0,10.2,51,46,44,49,54
2017-01-24 17:00,2189,41,40,0.00,76,103.50,,10.3,5.9,0.20,0.26,22.7,20.4,22.1,12.2,9.5,50,47,44,49,55
2017-01-24 18:00,2189,40,39,0.00,92,3.32,,11.6,7.2,0.22,0.24,22.4,20.1,22.3,12.4,9.7,47,47,45,49,54
2017-01-24 19:00,2189,39,38,0.00,93,0.11,,11.7,8.4,0.21,0.24,21.5,20.0,22.3,12.7,10.2,45,46,45,48,54
2017-01-24 20:00,2189,38,38,0.00,92,0.11,,13.5,8.8,0.21,0.23,22.0,19.8,22.3,12.4,9.5,43,45,45,49,54
2017-01-24 21:00,2189,38,38,0.00,91,0.11,,10.5,6.9,0.21,0.23,21.8,19.9,22.3,12.7,9.7,41,45,45,48,54
2017-01-24 22:00,2189,38,38,0.00,95,0.11,,9.3,6.2,0.22,0.22,21.7,19.7,22.1,12.7,10.6,40,44,45,48,54
2017-01-24 23:00,2189,38,37,0.00,99,0.08,,14.5,6.9,0.22,0.22,21.0,19.9,22.1,12.2,9.5,40,43,45,48,54
2017-01-25 00:00,2189,37,36,0.00,100,0.08,,9.2,5.4,0.22,0.22,21.1,19.5,22.0,12.9,10.2,40,42,45,48,54
2017-01-25 01:00,2189,36,36,0.00,100,0.10,,9.2,5.8,0.21,0.21,21.2,19.7,22.1,12.9,9.7,39,42,45,48,54
2017-01-25 02:00,2189,36,34,0.00,100,0.10,,4.4,1.9,0.21,0.21,21.0,19.5,22.1,12.9,9.7,38,42,45,48,54
2017-01-25 03:00,2189,35,34,0.00,100,0.11,,5.0,2.8,0.20,0.20,21.4,19.4,21.7,12.9,9.5,37,41,45,48,54
2017-01-25 04:00,2189,36,34,0.00,100,0.08,,7.9,4.6,0.20,0.20,21.3,19.8,22.0,12.9,9.5,36,41,44,48,54
2017-01-25 05:00,2189,36,35,0.00,99,0.10,,9.0,4.0,0.20,0.21,21.2,19.8,22.0,13.0,9.9,36,40,44,48,54
2017-01-25 06:00,2189,35,35,0.00,100,0.08,,10.0,4.7,0.19,0.20,21.0,19.2,21.8,13.0,10.6,36,39,44,48,54
2017-01-25 07:00,2189,36,35,0.00,99,0.32,,8.5,3.7,0.21,0.21,21.2,19.2,21.3,12.9,9.5,35,39,44,48,54
2017-01-25 08:00,2189,36,35,0.00,100,25.95,,7.7,2.0,0.21,0.21,20.9,19.0,21.3,12.9,9.7,35,39,44,48,54
2017-01-25 09:00,2189,38,36,0.00,100,221.50,,5.4,1.8,0.21,0.22,20.9,18.8,21.9,13.0,10.1,35,38,43,48,54
2017-01-25 10:00,2189,40,37,0.00,92,352.90,,5.5,2.6,0.22,0.23,20.7,18.8,21.4,12.9,9.7,37,38,43,48,54
2017-01-25 11:00,2189,42,40,0.00,83,540.00,,9.2,3.9,0.20,0.26,21.2,19.4,21.8,12.9,9.7,40,39,43,48,54
2017-01-25 12:00,2189,43,42,0.00,71,621.80,,10.3,5.8,0.19,0.27,21.7,19.1,21.3,12.9,10.2,46,40,43,48,54
2017-01-25 13:00,2189,43,42,0.00,75,649.80,,10.7,6.5,0.21,0.28,21.8,19.3,21.4,13.0,9.7,50,42,43,48,54
2017-01-25 14:00,2189,44,42,0.00,69,586.60,,9.3,5.5,0.20,0.28,21.5,19.2,21.4,12.8,9.1,54,44,43,48,54
2017-01-25 15:00,2189,44,44,0.00,73,496.80,,8.8,5.4,0.20,0.29,21.4,19.4,21.5,12.6,9.1,54,46,43,48,54
2017-01-25 16:00,2189,44,43,0.00,69,329.20,,10.8,6.7,0.20,0.28,21.6,19.3,21.5,13.3,10.2,54,47,44,48,54
2017-01-25 17:00,2189,43,41,0.00,75,155.60,,10.6,6.6,0.21,0.27,21.3,19.3,21.9,13.3,9.7,53,48,44,48,54
2017-01-25 18:00,2189,41,39,0.00,80,6.73,,10.2,5.6,0.20,0.25,21.1,18.9,21.9,12.8,9.9,50,48,45,48,54
2017-01-25 19:00,2189,40,37,0.00,84,0.16,,8.5,2.3,0.21,0.23,21.1,19.2,21.6,13.4,9.1,47,48,45,48,54
2017-01-25 20:00,2189,38,37,0.00,93,0.11,,3.6,2.1,0.21,0.22,21.2,19.3,21.8,12.8,9.9,44,47,46,48,54
2017-01-25 21:00,2189,37,35,0.00,91,0.11,,5.8,3.4,0.20,0.21,20.4,19.1,20.8,13.0,10.5,42,46,46,48,54
2017-01-25 22:00,2189,36,35,0.00,95,0.11,,5.8,3.7,0.19,0.21,20.9,19.0,21.4,13.4,9.1,41,45,45,48,54
2017-01-25 23:00,2189,36,35,0.00,93,0.11,,5.4,3.6,0.18,0.21,20.2,18.8,21.1,12.5,10.2,39,44,45,48,54
2017-01-26 00:00,2189,36,35,0.00,90,0.12,,4.9,3.5,0.18,0.21,19.9,19.0,21.5,13.0,10.6,38,43,46,48,54
2017-01-26 01:00,2189,37,35,0.00,87,0.06,,5.3,3.5,0.17,0.21,19.9,18.7,21.5,13.0,10.2,37,42,45,48,54
2017-01-26 02:00,2189,37,35,0.00,76,0.07,,6.7,4.5,0.15,0.21,20.6,18.6,21.3,13.0,9.7,37,41,45,48,54
2017-01-26 03:00,2189,37,36,0.00,64,0.07,,8.2,6.3,0.17,0.22,20.2,18.4,21.1,13.0,9.1,36,41,45,48,54
2017-01-26 04:00,2189,36,36,0.00,82,0.08,,7.2,3.1,0.18,0.21,20.5,18.6,20.9,13.0,10.2,36,40,44,48,54
2017-01-26 05:00,2189,37,36,0.00,90,0.06,,6.5,3.7,0.19,0.21,20.4,18.4,20.6,13.0,9.1,36,40,44,48,54
2017-01-26 06:00,2189,37,36,0.00,83,0.06,,7.6,5.4,0.19,0.21,20.0,18.5,20.7,13.0,9.1,35,39,44,48,54
2017-01-26 07:00,2189,37,36,0.00,91,0.56,,9.2,5.5,0.19,0.21,20.1,18.6,21.3,13.2,9.1,35,39,44,48,54
2017-01-26 08:00,2189,37,36,0.00,90,44.31,,9.4,6.9,0.20,0.22,20.3,18.5,21.0,13.0,9.1,35,39,43,48,54
2017-01-26 09:00,2189,38,37,0.00,91,182.50,,8.2,4.9,0.21,0.23,19.6,18.8,20.7,13.0,9.3,35,38,43,48,54
2017-01-26 10:00,2189,41,38,0.00,92,315.50,,6.5,3.4,0.22,0.24,19.9,18.1,20.3,13.2,9.3,35,38,43,48,54
2017-01-26 11:00,2189,42,40,0.00,89,487.10,,9.5,3.7,0.21,0.25,20.1,18.3,21.2,13.2,9.3,39,38,43,48,54
2017-01-26 12:00,2189,43,42,0.00,79,570.90,,9.8,5.2,0.21,0.27,20.1,18.3,20.9,13.2,10.4,44,39,42,48,54
2017-01-26 13:00,2189,43,41,0.00,80,588.90,,11.2,6.0,0.22,0.27,20.8,18.3,20.1,13.0,10.4,49,41,42,48,54
2017-01-26 14:00,2189,44,41,0.00,90,492.30,,10.9,5.1,0.23,0.27,21.2,18.7,21.1,12.8,9.3,52,43,42,48,54
2017-01-26 15:00,2189,43,42,0.00,82,211.50,,9.5,3.8,0.23,0.27,21.6,18.6,20.6,13.0,10.4,53,45,43,48,54
2017-01-26 16:00,2189,,,,87,,,,,,,20.5,18.5,20.9,13.3,9.1,52,47,43,48,54
2017-01-26 18:00,2189,,,,,,,,,0.22,0.25,,,,,,,,,,
2017-01-26 19:00,2189,39,39,0.00,,0.11,,5.8,1.9,0.22,0.24,20.8,18.6,21.1,13.3,9.8,47,47,45,48,54
2017-01-26 20:00,2189,39,38,0.00,95,0.11,,6.0,0.9,0.22,0.23,20.3,18.6,21.1,13.4,9.3,45,47,45,47,54
2017-01-26 21:00,2189,40,38,0.00,98,0.08,,5.3,1.3,0.22,0.24,20.1,18.6,21.1,13.3,9.3,43,46,45,48,54
2017-01-26 22:00,2189,39,39,0.00,94,0.10,,4.3,1.6,0.23,0.24,20.2,18.2,21.1,13.4,9.6,43,45,45,47,54
2017-01-26 23:00,2189,39,38,0.00,100,0.08,,4.6,2.1,0.23,0.23,19.8,18.2,21.1,13.3,9.3,42,45,45,47,54
2017-01-27 00:00,2189,38,38,0.00,100,0.07,,6.8,2.7,0.23,0.23,19.9,18.3,21.6,13.0,9.4,42,44,45,48,54
2017-01-27 01:00,2189,38,38,0.00,100,0.09,,4.2,0.9,0.23,0.23,19.6,18.0,20.8,13.2,9.8,41,44,45,48,54
2017-01-27 02:00,2189,38,38,0.00,100,0.11,,8.8,5.4,0.23,0.23,20.1,18.1,20.3,13.4,9.3,41,43,45,48,54
2017-01-27 03:00,2189,38,38,0.00,100,0.08,,6.9,3.0,0.22,0.22,19.5,18.0,20.8,13.4,9.6,40,43,45,47,54
2017-01-27 04:00,2189,38,38,0.00,100,0.08,,7.8,4.6,0.23,0.23,20.0,18.2,20.8,12.8,9.8,39,42,45,48,53
2017-01-27 05:00,2189,38,37,0.00,100,0.08,,9.5,4.9,0.22,0.22,19.2,17.8,21.0,12.8,9.3,39,42,45,48,53
2017-01-27 06:00,2189,37,37,0.00,100,0.08,,10.4,5.0,0.22,0.22,20.2,18.0,20.1,13.4,9.3,39,42,45,48,54
2017-01-27 07:00,2189,38,37,0.00,100,0.47,,10.5,5.9,0.22,0.22,20.3,18.1,21.1,12.8,9.4,38,41,44,48,53
2017-01-27 08:00,2189,37,37,0.00,100,22.16,,7.1,2.7,0.22,0.22,20.1,17.7,20.8,12.8,10.4,38,41,44,48,53
2017-01-27 09:00,2189,41,37,0.00,100,223.00,,8.3,3.7,0.23,0.24,19.4,17.9,20.8,13.1,9.3,38,41,44,48,53
2017-01-27 10:00,2189,45,40,0.00,96,390.00,,10.0,4.3,0.21,0.27,19.2,18.0,20.9,12.8,9.2,40,41,44,48,53
2017-01-27 11:00,2189,44,42,0.00,75,536.30,,11.8,6.3,0.23,0.28,20.5,17.9,20.3,12.8,9.8,44,41,44,48,53
2017-01-27 12:00,2189,44,42,0.00,89,610.30,,11.3,4.6,0.24,0.28,20.1,17.8,20.5,12.8,9.6,48,42,44,48,54
2017-01-27 13:00,2189,46,44,0.00,84,632.20,,9.7,5.9,0.23,0.30,20.9,18.0,20.9,12.8,10.0,52,44,44,48,53
2017-01-27 14:00,2189,47,46,0.00,73,603.30,,10.4,6.6,0.23,0.31,20.3,18.0,20.8,12.8,9.8,56,46,44,48,53
2017-01-27 15:00,2189,47,46,0.00,75,498.30,,14.3,8.7,0.24,0.32,20.7,18.2,20.0,12.8,9.6,56,48,44,48,53
2017-01-27 16:00,2189,46,45,0.00,73,345.30,,15.4,9.8,0.22,0.30,20.3,18.4,20.6,13.1,9.6,56,49,45,48,54
2017-01-27 17:00,2189,45,43,0.00,75,156.90,,18.5,9.6,0.22,0.29,20.2,17.9,20.7,12.8,9.8,54,49,45,48,53
2017-01-27 18:00,2189,43,41,0.00,78,7.43,,17.9,8.2,0.21,0.27,20.3,18.1,20.5,12.8,9.6,51,50,46,48,53
2017-01-27 19:00,2189,41,39,0.00,79,0.12,,5.0,1.6,0.21,0.25,20.3,18.0,20.7,13.1,9.6,47,49,46,48,53
2017-01-27 20:00,2189,39,37,0.00,91,0.10,,5.0,1.8,0.21,0.23,19.7,18.0,20.7,12.8,9.8,46,48,46,48,53
2017-01-27 21:00,2189,38,36,0.00,93,0.11,,6.0,3.4,0.21,0.22,19.6,17.6,20.0,13.1,9.2,43,47,47,48,53
2017-01-27 22:00,2189,40,37,0.00,94,0.12,,4.6,2.6,0.21,0.23,19.7,18.0,20.7,12.8,10.0,42,46,47,48,53
2017-01-27 23:00,2189,41,40,0.00,83,0.09,,5.7,2.4,0.20,0.25,19.1,18.1,20.5,12.8,9.6,40,45,46,48,53
2017-01-28 00:00,2189,41,40,0.00,84,0.11,,11.0,4.5,0.22,0.25,18.9,18.0,20.5,13.1,9.3,40,44,46,48,53
2017-01-28 01:00,2189,41,37,0.00,86,0.10,,6.2,2.1,0.22,0.25,19.6,17.7,20.4,12.8,9.8,39,43,46,48,53
2017-01-28 02:00,2189,40,37,0.00,92,0.12,,5.8,2.2,0.21,0.23,19.0,17.8,20.2,13.1,10.0,38,43,46,48,53
2017-01-28 03:00,2189,44,40,0.00,75,0.09,,9.1,4.1,0.16,0.26,18.6,17.7,20.3,12.8,9.3,38,42,46,48,53
2017-01-28 04:00,2189,44,42,0.00,47,0.05,,10.7,4.2,0.14,0.28,18.5,18.1,20.7,12.8,10.0,37,41,45,48,53
2017-01-28 05:00,2189,43,40,0.00,56,0.05,,9.7,5.0,0.16,0.26,18.8,17.6,20.0,13.1,9.2,36,41,45,48,53
2017-01-28 06:00,2189,44,39,0.00,54,0.06,,9.5,2.9,0.15,0.27,19.2,17.4,20.3,13.1,9.8,36,40,45,48,53
2017-01-28 07:00,2189,49,43,0.00,45,0.68,,18.6,7.0,0.12,0.30,19.0,17.6,19.9,13.1,9.8,36,40,45,48,53
2017-01-28 08:00,2189,45,43,0.00,52,52.20,,20.6,10.6,0.15,0.28,18.6,17.2,20.4,13.1,9.8,35,39,44,48,53
2017-01-28 09:00,2189,48,45,0.00,51,258.00,,9.6,3.3,0.15,0.31,18.7,17.3,20.4,13.1,10.0,36,39,44,48,53
2017-01-28 10:00,2189,51,47,0.00,50,425.40,,8.4,1.9,0.16,0.35,18.8,17.3,20.5,13.1,9.8,38,39,44,48,53
2017-01-28 11:00,2189,53,51,0.00,43,571.00,,15.4,3.2,0.15,0.39,19.3,17.2,20.2,13.1,9.6,42,40,44,48,53
2017-01-28 12:00,2189,54,50,0.00,36,649.80,,15.0,9.4,0.18,0.38,19.9,17.3,19.3,13.1,10.3,48,41,43,48,53
2017-01-28 13:00,2189,54,49,0.00,43,674.50,,18.1,11.9,0.22,0.38,19.8,17.7,19.5,13.1,10.3,52,44,43,48,53
2017-01-28 14:00,2189,50,49,0.00,66,628.40,,18.5,11.0,0.24,0.35,20.2,17.6,20.2,13.1,9.8,54,46,43,48,53
2017-01-28 15:00,2189,53,49,0.00,64,523.80,,16.5,7.1,0.20,0.38,19.9,17.8,20.2,12.6,10.0,55,47,44,48,53
2017-01-28 16:00,2189,52,50,0.00,59,366.20,,14.6,6.0,0.19,0.38,20.1,17.7,20.0,13.1,9.8,55,48,44,48,53
2017-01-28 17:00,2189,52,50,0.00,43,178.60,,15.5,9.5,0.16,0.38,20.2,18.1,20.0,13.2,10.0,54,49,45,48,53
2017-01-28 18:00,2189,52,46,0.00,37,11.41,,15.5,10.2,0.15,0.35,19.9,17.7,20.0,12.8,9.8,51,49,45,48,53
2017-01-28 19:00,2189,47,45,0.00,56,0.10,,13.0,5.8,0.18,0.31,19.1,17.3,20.4,12.8,10.0,48,49,46,48,53
2017-01-28 20:00,2189,49,46,0.00,60,0.10,,10.6,4.5,0.18,0.32,18.8,17.6,20.0,12.8,10.0,46,48,46,48,53
2017-01-28 21:00,2189,51,44,0.00,41,0.07,,9.1,3.9,0.14,0.35,19.6,17.4,20.3,12.8,9.8,44,47,46,48,53
2017-01-28 22:00,2189,53,44,0.00,54,0.05,,6.1,3.2,0.12,0.36,18.8,17.2,20.3,12.6,9.4,43,46,46,48,53
2017-01-28 23:00,2189,54,52,0.00,26,0.07,,10.0,3.8,0.10,0.41,18.8,17.3,20.3,12.8,8.8,42,45,46,48,53
2017-01-29 00:00,2189,54,53,0.00,23,0.05,,9.9,4.5,0.09,0.41,18.5,17.9,19.8,12.8,9.3,41,45,46,48,53
2017-01-29 01:00,2189,53,50,0.00,23,0.08,,14.2,9.7,0.11,0.39,18.6,17.2,20.4,13.2,9.4,40,44,46,48,53
2017-01-29 02:00,2189,53,43,0.00,28,0.08,,13.6,4.9,0.14,0.35,18.4,17.1,20.1,12.8,10.3,40,43,46,48,53
2017-01-29 03:00,2189,54,44,0.00,53,0.09,,7.4,2.8,0.11,0.35,18.7,17.2,19.4,12.8,9.8,39,43,46,48,53
2017-01-29 04:00,2189,53,46,0.00,19,0.06,,14.5,8.0,0.12,0.37,19.0,16.8,20.5,13.2,9.8,38,42,46,48,53
2017-01-29 05:00,2189,46,46,0.00,52,0.08,,14.5,8.7,0.17,0.32,18.2,17.2,20.2,13.1,9.8,38,42,46,48,53
2017-01-29 06:00,2189,46,46,0.00,54,0.11,,7.3,3.1,0.15,0.31,18.2,16.8,20.0,13.2,9.8,38,42,45,48,53
2017-01-29 07:00,2189,48,44,0.00,43,0.75,,7.4,3.1,0.14,0.31,18.3,16.9,20.3,13.1,9.6,37,41,45,48,53
2017-01-29 08:00,2189,48,47,0.00,38,53.94,,8.2,4.4,0.13,0.33,18.1,17.1,19.9,13.1,10.0,37,41,45,48,53
2017-01-29 09:00,2189,52,48,0.00,41,266.10,,10.4,4.6,0.14,0.36,17.9,16.9,19.7,12.7,9.8,37,40,45,48,53
2017-01-29 10:00,2189,55,52,0.00,35,436.60,,10.7,3.3,0.14,0.41,18.0,16.9,20.2,12.8,10.0,39,40,44,48,53
2017-01-29 11:00,2189,58,55,0.00,30,580.00,,12.2,4.1,0.14,0.45,18.6,17.2,19.9,12.7,9.4,44,41,44,48,53
2017-01-29 12:00,2189,56,54,0.00,34,662.50,,12.6,6.4,0.15,0.44,19.7,16.8,19.9,12.7,10.0,49,42,44,48,53
2017-01-29 13:00,2189,55,54,0.00,39,682.30,,14.2,7.9,0.18,0.44,19.3,16.8,20.2,12.8,9.8,54,45,44,48,53
2017-01-29 14:00,2189,54,51,0.00,48,633.90,,21.6,13.9,0.25,0.39,19.6,17.3,20.2,13.1,10.0,57,47,44,48,53
2017-01-29 15:00,2189,54,51,0.00,61,525.60,,17.0,7.8,0.22,0.40,19.3,17.4,19.4,12.8,10.0,56,49,45,48,53
2017-01-29 16:00,2189,53,51,0.00,42,353.60,,14.8,6.2,0.20,0.40,19.4,17.3,20.1,12.8,10.0,57,50,45,48,53
2017-01-29 17:00,2189,53,51,0.00,54,173.20,,11.8,3.8,0.18,0.39,19.0,17.6,19.5,12.8,10.0,56,50,46,48,53
2017-01-29 18:00,2189,51,48,0.00,45,10.30,,8.2,2.2,0.17,0.35,18.6,17.3,20.0,13.1,9.4,54,51,46,48,53
2017-01-29 19:00,2189,48,45,0.00,50,0.13,,7.8,2.1,0.23,0.32,19.4,17.3,19.8,13.1,9.8,50,50,47,48,53
2017-01-29 20:00,2189,45,44,0.00,93,0.11,,6.2,3.1,0.27,0.30,19.3,17.0,19.8,13.1,10.0,48,49,47,48,53
2017-01-29 21:00,2189,46,44,0.00,88,0.10,,5.1,1.3,0.25,0.30,18.0,16.8,19.7,12.4,9.8,46,49,47,48,53
2017-01-29 22:00,2189,44,43,0.00,81,0.11,,4.6,2.2,0.23,0.28,19.1,17.1,19.9,13.1,10.0,45,48,47,48,53
2017-01-29 23:00,2189,49,43,0.00,82,0.08,,8.1,4.8,0.22,0.29,18.2,16.8,19.8,12.4,9.8,44,47,47,48,53
2017-01-30 00:00,2189,58,46,0.00,52,0.05,,10.3,4.6,0.16,0.40,18.4,17.0,19.8,13.1,9.0,43,46,47,48,53
2017-01-30 01:00,2189,60,57,0.00,28,0.04,,12.5,7.9,0.12,0.51,17.7,16.8,20.0,12.8,9.8,42,45,47,48,53
2017-01-30 02:00,2189,59,57,0.00,24,0.07,,9.4,3.8,0.12,0.48,18.6,16.9,19.8,13.1,9.4,42,45,47,48,53
2017-01-30 03:00,2189,60,52,0.00,24,0.08,,16.0,9.6,0.14,0.46,17.8,16.6,19.8,12.8,10.0,42,45,47,48,53
2017-01-30 04:00,2189,52,49,0.00,46,0.07,,16.4,6.5,0.18,0.37,17.5,16.6,19.8,12.8,10.6,42,44,47,48,53
2017-01-30 05:00,2189,52,50,0.00,48,0.07,,13.5,9.4,0.18,0.38,17.7,16.7,19.3,13.1,10.0,41,44,46,48,53
2017-01-30 06:00,2189,55,51,0.00,47,0.07,,12.5,4.6,0.15,0.41,17.9,16.4,19.6,12.8,9.4,41,44,46,49,53
2017-01-30 07:00,2189,53,44,0.00,39,0.55,,12.5,5.6,0.17,0.40,17.3,16.9,19.4,12.8,10.3,41,43,46,49,53
2017-01-30 08:00,2189,54,42,0.00,69,55.42,,14.8,5.9,0.19,0.31,17.7,16.9,20.0,12.8,9.8,40,43,46,49,53
2017-01-30 09:00,2189,58,53,0.00,43,269.70,,14.3,10.2,0.16,0.45,17.9,16.3,19.4,12.8,9.4,40,43,46,49,53
2017-01-30 10:00,2189,61,57,0.00,34,449.40,,15.3,10.0,0.15,0.48,18.6,16.5,19.4,13.1,10.0,42,43,46,49,53
2017-01-30 11:00,2189,63,61,0.00,25,602.00,,12.0,4.9,0.14,0.55,17.7,16.7,19.8,12.8,9.4,46,43,46,49,53
2017-01-30 12:00,2189,65,63,0.00,24,640.90,,9.0,3.7,0.13,0.59,17.9,16.2,19.6,12.8,10.6,51,45,46,49,53
2017-01-30 13:00,2189,65,64,0.00,20,654.80,,7.8,3.1,0.12,0.61,18.5,16.6,20.0,12.8,10.0,56,47,46,49,53
2017-01-30 14:00,2189,65,63,0.00,22,625.90,,8.5,4.8,0.15,0.60,19.2,16.7,19.2,12.8,10.3,60,49,46,49,53
2017-01-30 15:00,2189,66,63,0.00,29,520.10,,8.3,5.1,0.17,0.60,19.1,17.6,19.3,13.1,9.8,61,51,46,49,53
2017-01-30 16:00,2189,66,62,0.00,23,387.90,,12.6,7.5,0.16,0.60,18.7,16.5,19.7,12.8,9.6,61,53,47,49,53
2017-01-30 17:00,2189,62,60,0.00,24,191.10,,12.2,8.2,0.13,0.56,19.2,16.5,19.4,12.7,9.4,60,54,47,49,53
2017-01-30 18:00,2189,60,58,0.00,23,15.40,,13.6,7.9,0.11,0.50,18.2,17.6,19.1,12.7,10.0,57,54,48,49,53
2017-01-30 19:00,2189,59,57,0.00,17,0.09,,14.3,5.7,0.08,0.49,18.8,16.8,19.4,12.7,9.4,54,53,48,49,53
2017-01-30 20:00,2189,58,56,0.00,16,0.09,,13.8,9.1,0.08,0.47,18.6,16.8,19.4,12.7,10.0,51,53,49,49,53
2017-01-30 21:00,2189,58,56,0.00,18,0.07,,12.5,7.1,0.08,0.47,17.8,16.9,19.4,12.7,9.8,49,52,49,49,53
2017-01-30 22:00,2189,58,56,0.00,19,0.08,,8.9,6.4,0.08,0.47,17.7,16.5,19.4,12.7,10.0,48,51,49,49,53
2017-01-30 23:00,2189,58,56,0.00,17,0.06,,8.4,5.5,0.09,0.48,17.6,16.4,20.1,12.7,9.8,47,50,49,49,53
2017-01-31 00:00,2189,56,54,0.00,22,0.07,,7.7,3.5,0.10,0.45,17.4,16.7,19.2,13.1,9.4,46,49,49,49,53
2017-01-31 01:00,2189,54,51,0.00,28,0.07,,7.5,3.9,0.13,0.40,17.2,16.6,19.4,12.7,9.4,45,49,49,49,53
2017-01-31 02:00,2189,53,51,0.00,35,0.06,,7.5,5.5,0.14,0.39,16.8,16.8,19.8,13.1,10.6,44,48,49,49,53
2017-01-31 03:00,2189,52,52,0.00,36,0.06,,6.9,4.1,0.14,0.39,17.6,16.5,19.8,12.8,10.0,44,47,49,49,53
2017-01-31 04:00,2189,55,52,0.00,36,0.05,,5.2,3.3,0.14,0.41,17.1,16.7,18.8,12.7,9.4,43,47,49,49,53
2017-01-31 05:00,2189,55,52,0.00,30,0.03,,7.2,4.5,0.13,0.42,16.9,16.3,19.3,12.8,10.0,43,46,49,49,53
2017-01-31 06:00,2189,55,52,0.00,35,0.07,,8.6,7.0,0.14,0.40,17.6,16.4,18.6,12.8,9.8,42,46,48,49,53
2017-01-31 07:00,2189,55,52,0.00,29,1.03,,7.4,5.6,0.13,0.41,17.7,16.1,19.2,12.8,9.4,42,45,48,49,53
2017-01-31 08:00,2189,55,51,0.00,32,56.28,,6.8,5.0,0.13,0.39,17.4,16.3,19.6,12.8,10.0,41,45,48,49,53
2017-01-31 09:00,2189,62,55,0.00,31,273.70,,4.8,2.2,0.14,0.49,17.0,15.9,19.6,12.8,10.0,41,45,48,49,53
2017-01-31 10:00,2189,67,62,0.00,29,458.00,,3.4,0.6,0.16,0.62,17.6,16.8,19.7,12.8,9.8,44,44,47,49,53
2017-01-31 11:00,2189,67,66,0.00,17,599.10,,4.8,2.5,0.15,0.65,17.3,15.9,19.3,12.8,9.8,49,45,47,49,53
2017-01-31 12:00,2189,68,67,0.00,22,683.70,,6.9,3.4,0.14,0.67,18.2,16.0,19.4,12.7,10.6,55,47,47,50,53
2017-01-31 13:00,2189,69,68,0.00,22,702.90,,7.3,3.9,0.16,0.70,18.2,16.6,19.1,12.8,9.4,60,49,47,50,53
2017-01-31 14:00,2189,71,69,0.00,27,653.30,,10.4,5.5,0.17,0.74,18.3,16.3,19.3,12.8,10.3,64,52,47,50,53
2017-01-31 15:00,2189,72,68,0.00,23,541.40,,10.0,5.0,0.17,0.76,18.6,16.2,19.1,12.8,9.8,64,54,48,50,53
2017-01-31 16:00,2189,68,65,0.00,30,375.60,,11.1,7.6,0.18,0.67,18.6,16.1,19.1,12.8,9.4,64,56,48,50,53
2017-01-31 17:00,2189,65,62,0.00,22,175.30,,11.3,7.3,0.13,0.61,18.6,17.3,19.2,13.1,10.0,63,56,49,50,53
2017-01-31 18:00,2189,62,60,0.00,22,13.04,,10.9,6.4,0.12,0.54,18.0,16.6,19.1,12.4,10.6,60,56,50,50,53
2017-01-31 19:00,2189,60,57,0.00,23,0.13,,9.0,5.6,0.12,0.50,17.5,17.3,19.3,12.8,10.0,57,56,51,49,53
2017-01-31 20:00,2189,58,53,0.00,33,0.13,,7.4,5.6,0.17,0.45,17.6,15.9,19.8,12.4,9.8,54,55,51,50,53
2017-01-31 21:00,2189,54,52,0.00,44,0.12,,6.9,5.8,0.19,0.40,17.2,16.1,19.6,12.7,9.4,52,54,51,50,53
2017-01-31 22:00,2189,54,50,0.00,47,0.12,,7.6,5.6,0.19,0.38,16.7,16.3,18.6,12.7,10.6,51,53,51,50,53
2017-01-31 23:00,2189,53,51,0.00,47,0.10,,7.0,4.5,0.18,0.40,16.7,16.1,19.6,12.7,9.4,49,52,51,50,53
