Date,Station Id,Air Temperature Maximum (degF),Air Temperature Minimum (degF),Precipitation Increment (in),Relative Humidity (pct),Solar Radiation Average (watt/m2),Solar Radiation/langley Total (langley),Wind Speed Maximum (mph),Wind Speed Average (mph),Vapor Pressure - Partial (inch_Hg),Vapor Pressure - Saturated (inch_Hg),Soil Moisture Percent -2in (pct),Soil Moisture Percent -4in (pct),Soil Moisture Percent -8in (pct),Soil Moisture Percent -20in (pct),Soil Moisture Percent -40in (pct),Soil Temperature Observed -2in (degF),Soil Temperature Observed -4in (degF),Soil Temperature Observed -8in (degF),Soil Temperature Observed -20in (degF),Soil Temperature Observed -40in (degF)
2017-01-01 00:00,2215,17,15,0.00,80,0.04,,7.1,3.1,0.07,0.09,4.6,1.5,4.5,2.8,2.0,23,25,28,34,38
2017-01-01 01:00,2215,19,15,0.00,79,0.06,,6.3,2.5,0.07,0.09,4.5,1.5,4.3,2.8,2.0,23,24,28,34,38
2017-01-01 02:00,2215,19,15,0.00,70,0.03,,6.7,3.2,0.07,0.10,4.5,1.1,4.5,2.8,2.9,23,24,28,34,38
2017-01-01 03:00,2215,20,15,0.00,72,0.04,,7.1,3.2,0.07,0.10,4.5,1.1,4.3,2.8,2.3,22,24,28,34,38
2017-01-01 04:00,2215,21,16,0.00,73,0.02,,6.7,2.8,0.07,0.10,4.7,1.1,4.5,2.8,2.0,22,24,28,34,38
2017-01-01 05:00,2215,22,17,0.00,64,0.03,,7.2,2.7,0.07,0.11,4.2,1.1,4.5,2.8,2.0,22,24,28,34,38
2017-01-01 06:00,2215,27,18,0.00,66,0.14,,8.5,3.0,0.07,0.12,4.5,1.1,4.5,2.8,2.0,22,23,28,34,38
2017-01-01 07:00,2215,28,26,0.00,48,8.69,,8.0,3.3,0.06,0.14,4.5,1.3,4.0,2.8,2.0,22,23,28,34,38
2017-01-01 08:00,2215,34,19,0.00,41,188.60,,6.2,2.5,0.05,0.15,4.5,1.3,4.0,2.8,2.0,21,23,28,34,38
2017-01-01 09:00,2215,38,34,0.00,24,380.50,,11.8,5.0,0.03,0.22,4.3,0.8,4.0,2.8,2.0,21,23,28,34,38
2017-01-01 10:00,2215,38,37,0.00,14,493.30,,15.1,9.4,0.03,0.22,4.0,1.7,4.0,2.8,2.3,21,23,28,34,37
2017-01-01 11:00,2215,39,38,0.00,15,547.40,,20.6,11.0,0.03,0.23,4.5,1.2,4.3,2.8,1.6,22,23,27,34,38
2017-01-01 12:00,2215,39,38,0.00,12,541.60,,19.1,11.2,0.03,0.23,4.5,1.2,4.3,2.8,2.0,22,23,27,34,37
2017-01-01 13:00,2215,38,35,0.00,16,475.70,,21.0,13.2,0.04,0.22,4.7,1.2,4.3,2.8,2.3,23,23,27,34,38
2017-01-01 14:00,2215,36,34,0.00,19,356.60,,20.4,12.4,0.04,0.20,4.5,0.8,4.3,2.8,1.6,23,23,27,34,38
2017-01-01 15:00,2215,34,30,0.00,15,195.70,,20.5,12.4,0.03,0.19,4.5,0.8,4.3,2.8,1.6,24,23,27,34,38
2017-01-01 16:00,2215,30,27,0.00,15,12.02,,18.9,11.4,0.02,0.16,4.6,1.3,4.3,2.8,2.3,24,24,27,34,38
2017-01-01 17:00,2215,27,25,0.00,14,0.06,,19.4,9.2,0.02,0.14,4.6,1.1,4.3,2.8,1.6,24,24,27,34,38
2017-01-01 18:00,2215,26,24,0.00,15,0.02,,20.6,9.4,0.02,0.14,4.5,1.1,4.3,2.8,2.0,23,24,27,34,38
2017-01-01 19:00,2215,24,23,0.00,14,0.01,,18.1,9.6,0.02,0.13,4.5,1.1,4.3,2.8,2.0,23,24,27,34,38
2017-01-01 20:00,2215,23,22,0.00,16,0.02,,16.8,7.8,0.02,0.12,4.1,1.1,4.3,3.9,2.3,23,24,27,34,37
2017-01-01 21:00,2215,22,20,0.00,22,0.02,,14.8,7.2,0.04,0.11,4.7,1.3,4.4,2.8,2.3,22,24,27,34,38
2017-01-01 22:00,2215,21,18,0.00,42,0.02,,13.6,6.2,0.04,0.11,4.2,1.3,4.3,2.8,2.3,22,24,27,34,38
2017-01-01 23:00,2215,20,18,0.00,42,0.03,,14.2,6.0,0.05,0.10,4.5,1.3,4.3,3.0,2.0,22,23,27,34,38
2017-01-02 00:00,2215,20,19,0.00,52,0.03,,18.3,9.2,0.05,0.11,4.5,0.8,4.3,2.8,1.6,22,23,27,34,38
2017-01-02 01:00,2215,20,19,0.00,53,0.02,,20.3,10.9,0.06,0.11,4.5,1.2,4.3,2.8,1.6,21,23,27,34,38
2017-01-02 02:00,2215,20,19,0.00,50,0.02,,21.0,11.9,0.06,0.11,4.0,1.2,4.3,3.0,1.6,21,23,27,34,38
2017-01-02 03:00,2215,20,19,0.00,55,0.02,,19.2,9.6,0.06,0.11,4.0,1.2,4.3,2.8,2.3,21,23,27,34,38
2017-01-02 04:00,2215,20,19,0.00,49,0.01,,20.0,10.9,0.05,0.11,4.0,1.2,4.3,2.8,2.0,21,23,27,34,38
2017-01-02 05:00,2215,20,19,0.00,50,0.05,,18.6,9.8,0.05,0.11,4.0,1.2,4.5,3.0,2.0,21,23,27,34,38
2017-01-02 06:00,2215,20,19,0.00,48,0.06,,18.4,11.1,0.05,0.11,4.0,1.2,4.5,2.8,2.3,21,22,27,34,37
2017-01-02 07:00,2215,20,19,0.00,50,6.22,,17.6,9.3,0.05,0.11,4.0,1.2,4.3,2.8,2.0,21,22,27,34,38
2017-01-02 08:00,2215,22,19,0.00,52,152.80,,19.1,10.8,0.06,0.11,4.3,1.2,4.1,2.8,1.6,21,22,27,34,37
2017-01-02 09:00,2215,25,22,0.00,49,327.50,,16.0,8.6,0.06,0.12,4.5,0.6,4.1,3.0,2.3,21,22,27,34,38
2017-01-02 10:00,2215,27,24,0.00,39,441.50,,16.4,6.4,0.06,0.14,4.5,0.6,4.4,3.0,1.6,21,22,27,34,38
2017-01-02 11:00,2215,28,26,0.00,38,546.60,,17.0,8.6,0.06,0.15,4.3,1.4,4.4,3.0,1.6,21,22,27,34,37
2017-01-02 12:00,2215,28,27,0.00,39,534.90,,15.5,7.2,0.06,0.15,4.3,1.4,4.4,3.0,1.6,22,22,27,34,37
2017-01-02 13:00,2215,28,27,0.00,40,466.70,,19.1,8.7,0.06,0.15,4.5,0.6,4.4,3.0,1.6,22,22,26,34,37
2017-01-02 14:00,2215,28,25,0.00,42,316.40,,16.9,8.3,0.06,0.14,4.5,0.4,4.1,3.0,2.0,22,23,26,34,37
2017-01-02 15:00,2215,26,22,0.00,46,112.80,,16.2,8.2,0.06,0.13,4.2,1.2,4.4,3.0,1.6,23,23,26,34,37
2017-01-02 16:00,2215,22,19,0.00,49,17.28,,9.0,3.5,0.06,0.12,4.2,1.2,4.4,3.0,2.0,23,23,26,33,37
2017-01-02 17:00,2215,20,18,0.00,55,0.11,,8.4,2.7,0.06,0.10,4.2,1.2,4.1,2.8,1.6,23,23,26,34,37
2017-01-02 18:00,2215,20,19,0.00,57,0.03,,11.4,3.6,0.06,0.11,4.5,1.2,4.9,3.0,2.0,22,23,27,33,37
2017-01-02 19:00,2215,20,18,0.00,56,0.03,,9.6,3.4,0.06,0.11,4.5,1.2,4.4,3.0,2.0,22,23,27,33,37
2017-01-02 20:00,2215,20,18,0.00,59,0.03,,13.0,3.7,0.06,0.10,4.5,1.2,4.1,3.0,2.0,22,23,27,33,37
2017-01-02 21:00,2215,21,18,0.00,56,0.04,,13.9,4.5,0.06,0.11,4.0,1.2,4.1,3.0,2.3,21,23,27,33,37
2017-01-02 22:00,2215,21,19,0.00,47,0.02,,12.6,6.9,0.06,0.11,4.0,1.2,4.1,3.0,1.6,21,23,27,33,37
2017-01-02 23:00,2215,20,19,0.00,47,0.02,,11.6,6.6,0.05,0.11,4.3,1.2,4.4,3.0,1.6,21,22,27,33,37
2017-01-03 00:00,2215,20,18,0.00,47,0.02,,12.6,7.0,0.05,0.11,4.3,0.6,4.1,2.8,2.0,21,22,26,33,37
2017-01-03 01:00,2215,24,18,0.00,46,0.02,,13.7,7.4,0.04,0.12,4.3,0.6,4.1,2.8,2.0,21,22,26,33,37
2017-01-03 02:00,2215,24,22,0.00,35,0.02,,17.6,7.6,0.04,0.12,4.3,0.6,4.4,3.0,2.0,20,22,26,33,37
2017-01-03 03:00,2215,24,22,0.00,37,0.02,,19.7,8.5,0.05,0.12,4.3,0.6,4.7,3.0,2.3,20,22,26,33,37
2017-01-03 04:00,2215,22,21,0.00,45,0.01,,13.9,7.4,0.06,0.12,4.1,0.6,4.7,3.0,2.9,20,22,26,33,37
2017-01-03 05:00,2215,23,22,0.00,56,0.02,,15.2,7.9,0.06,0.12,4.5,0.6,4.4,3.0,2.0,20,22,26,33,37
2017-01-03 06:00,2215,24,23,0.00,55,0.04,,17.2,5.7,0.07,0.13,4.5,0.6,4.4,2.8,2.0,20,22,26,33,37
2017-01-03 07:00,2215,25,24,0.00,56,7.50,,12.1,4.6,0.07,0.13,3.9,1.0,4.7,3.0,2.0,20,22,26,33,37
2017-01-03 08:00,2215,29,24,0.00,55,160.80,,8.9,2.9,0.08,0.14,4.1,1.0,4.7,3.0,2.4,20,22,26,33,37
2017-01-03 09:00,2215,34,29,0.00,50,331.30,,10.6,4.6,0.09,0.17,4.1,1.2,3.6,3.0,2.0,21,22,26,33,37
2017-01-03 10:00,2215,35,34,0.00,48,473.80,,17.8,9.2,0.10,0.20,4.5,1.0,4.0,3.0,2.0,21,22,26,33,37
2017-01-03 11:00,2215,36,35,0.00,51,569.30,,20.2,12.7,0.11,0.21,4.5,0.9,4.0,3.0,3.6,21,22,26,33,37
2017-01-03 12:00,2215,37,36,0.00,52,569.70,,17.6,11.4,0.11,0.22,4.3,0.6,4.7,3.0,1.6,22,22,26,33,37
2017-01-03 13:00,2215,36,34,0.00,53,409.00,,19.1,11.4,0.11,0.20,4.2,0.6,4.7,3.0,2.0,23,22,26,33,37
2017-01-03 14:00,2215,35,33,0.00,55,303.40,,13.8,6.1,0.11,0.20,4.0,0.4,4.7,3.0,2.0,24,23,26,33,37
2017-01-03 15:00,2215,33,31,0.00,59,93.20,,11.4,3.9,0.11,0.18,4.6,1.2,3.6,3.0,1.6,24,23,26,33,37
2017-01-03 16:00,2215,31,30,0.00,62,13.26,,11.8,4.7,0.12,0.17,4.6,1.2,4.0,3.0,1.6,25,24,26,33,37
2017-01-03 17:00,2215,30,29,0.00,80,0.02,,12.2,4.3,0.14,0.16,4.4,0.8,4.7,3.4,2.0,25,24,26,33,37
2017-01-03 18:00,2215,30,29,0.00,86,0.00,,10.2,4.1,0.14,0.17,4.4,0.8,4.4,3.0,2.0,25,24,26,33,37
2017-01-03 19:00,2215,30,29,0.00,84,0.00,,7.3,3.0,0.14,0.16,4.4,0.8,4.7,2.8,2.3,25,24,26,33,37
2017-01-03 20:00,2215,30,29,0.00,92,0.01,,10.8,3.3,0.14,0.16,4.4,1.1,4.4,3.0,2.0,25,24,26,33,37
2017-01-03 21:00,2215,30,29,0.00,90,0.00,,12.8,4.2,0.14,0.17,4.4,1.1,4.4,3.0,2.4,25,25,27,33,37
2017-01-03 22:00,2215,30,29,0.00,84,0.00,,14.4,4.9,0.14,0.17,4.4,1.1,4.4,3.0,1.6,25,25,27,33,37
2017-01-03 23:00,2215,31,30,0.00,89,0.00,,11.8,3.9,0.15,0.17,5.1,1.1,4.4,3.0,2.3,25,25,27,33,37
2017-01-04 00:00,2215,31,30,0.00,87,0.00,,7.4,3.2,0.15,0.17,4.9,1.1,4.4,3.0,2.3,25,25,27,33,37
2017-01-04 01:00,2215,30,30,0.00,95,0.01,,8.9,3.1,0.16,0.17,4.6,1.9,4.4,3.0,2.3,25,25,27,33,37
2017-01-04 02:00,2215,30,29,0.00,96,0.00,,11.6,3.5,0.16,0.17,4.6,1.5,4.1,3.0,2.0,25,25,27,33,37
2017-01-04 03:00,2215,31,30,0.00,96,0.00,,17.3,4.8,0.16,0.17,4.6,1.5,4.1,3.0,1.6,26,25,27,33,37
2017-01-04 04:00,2215,33,31,0.00,97,0.00,,21.6,7.5,0.17,0.18,4.6,1.5,4.1,3.0,1.6,26,26,27,33,37
2017-01-04 05:00,2215,33,32,0.00,94,0.01,,27.4,11.9,0.17,0.18,4.3,1.5,4.4,3.0,2.0,26,26,27,33,37
2017-01-04 06:00,2215,32,32,0.00,96,0.00,,17.0,6.0,0.17,0.18,4.3,1.5,4.1,3.0,2.3,26,26,27,33,37
2017-01-04 07:00,2215,32,31,0.00,99,3.64,,17.7,9.1,0.18,0.18,4.7,0.9,4.4,3.0,2.3,26,26,27,33,37
2017-01-04 08:00,2215,31,31,0.00,99,36.49,,15.3,8.7,0.17,0.17,4.3,1.3,4.7,3.0,3.4,26,26,28,33,37
2017-01-04 09:00,2215,31,31,0.00,99,80.10,,17.0,8.5,0.17,0.17,4.7,1.3,4.7,3.0,2.0,26,26,28,33,37
2017-01-04 10:00,2215,32,31,0.00,99,117.90,,17.7,9.1,0.18,0.18,4.7,1.3,3.9,3.0,2.3,26,26,28,33,37
2017-01-04 11:00,2215,32,32,0.02,99,104.50,,17.7,9.8,0.18,0.18,4.7,1.3,4.5,3.0,1.6,26,26,28,33,37
2017-01-04 12:00,2215,32,32,0.01,99,117.80,,17.5,9.4,0.18,0.18,4.5,1.8,4.3,3.0,1.6,26,26,28,33,37
2017-01-04 13:00,2215,32,32,0.01,99,120.60,,21.6,10.7,0.18,0.18,4.5,1.2,4.3,3.5,2.3,26,26,28,33,37
2017-01-04 14:00,2215,32,32,0.02,99,91.30,,23.1,11.6,0.18,0.18,4.5,1.2,4.4,2.8,2.0,26,26,28,33,37
2017-01-04 15:00,2215,32,32,0.01,99,34.37,,20.9,9.4,0.18,0.18,4.2,1.2,4.3,3.0,2.0,26,26,28,33,37
2017-01-04 16:00,2215,32,32,0.01,100,6.46,,22.4,10.5,0.18,0.18,4.9,1.2,4.0,3.0,2.3,27,27,28,33,37
2017-01-04 17:00,2215,32,32,0.00,100,0.00,,15.4,7.4,0.18,0.18,4.9,1.2,4.3,3.0,1.6,27,27,28,33,37
2017-01-04 18:00,2215,32,32,0.00,100,0.00,,13.0,6.4,0.18,0.18,4.9,1.2,4.3,3.0,2.0,27,27,28,33,37
2017-01-04 19:00,2215,32,32,0.00,100,0.00,,11.0,6.9,0.18,0.18,4.9,1.2,4.3,3.0,2.3,27,27,28,33,37
2017-01-04 20:00,2215,32,31,0.00,100,0.00,,16.4,9.4,0.18,0.18,4.9,1.4,4.0,3.0,3.2,27,27,28,33,37
2017-01-04 21:00,2215,31,31,0.00,100,0.00,,15.6,5.7,0.17,0.17,4.9,1.4,4.3,3.7,2.7,27,27,28,33,37
2017-01-04 22:00,2215,31,31,0.00,100,0.00,,9.9,4.0,0.17,0.17,4.7,1.4,4.0,3.0,2.3,27,27,28,33,37
2017-01-04 23:00,2215,32,31,0.00,100,0.00,,25.3,9.1,0.18,0.18,4.7,0.8,4.8,3.0,2.0,27,27,28,33,37
2017-01-05 00:00,2215,32,32,0.00,100,0.00,,17.3,8.6,0.18,0.18,4.7,1.4,4.9,3.0,1.6,27,27,28,33,37
2017-01-05 01:00,2215,32,32,0.00,100,0.00,,14.8,6.5,0.18,0.18,4.7,1.4,4.0,3.0,2.3,27,27,28,33,37
2017-01-05 02:00,2215,32,32,0.00,100,0.00,,14.5,7.7,0.18,0.18,4.5,1.4,4.5,2.8,2.3,27,27,28,33,37
2017-01-05 03:00,2215,32,31,0.00,100,0.01,,18.1,9.1,0.17,0.17,5.1,1.1,4.5,3.0,1.6,27,27,28,33,37
2017-01-05 04:00,2215,31,30,0.00,100,0.00,,20.6,11.5,0.17,0.17,4.9,1.1,4.5,3.4,2.7,27,27,28,33,37
2017-01-05 05:00,2215,30,29,0.00,99,0.00,,18.5,11.1,0.16,0.16,4.6,1.1,4.3,2.8,1.6,27,27,29,33,37
2017-01-05 06:00,2215,29,29,0.00,99,0.04,,14.1,8.5,0.16,0.16,4.9,1.1,4.5,2.8,3.2,27,28,29,33,37
2017-01-05 07:00,2215,29,29,0.00,98,22.13,,13.4,7.3,0.16,0.16,4.9,1.1,4.5,3.0,1.6,28,28,29,33,37
2017-01-05 08:00,2215,29,29,0.00,98,121.30,,17.3,9.4,0.15,0.16,4.6,1.1,4.3,3.0,1.6,28,28,29,33,37
2017-01-05 09:00,2215,29,29,0.00,96,238.40,,18.6,11.2,0.15,0.16,4.6,1.1,4.3,3.0,2.0,28,28,29,33,37
2017-01-05 10:00,2215,30,29,0.04,85,457.70,,20.4,12.8,0.13,0.16,4.6,1.9,4.3,2.8,2.3,28,28,29,33,37
2017-01-05 11:00,2215,31,30,0.01,63,495.90,,17.6,10.4,0.09,0.17,4.6,1.9,4.3,3.0,2.3,28,28,29,33,37
2017-01-05 12:00,2215,30,29,0.10,53,493.40,,16.9,9.2,0.09,0.17,4.9,1.6,4.3,3.0,2.3,28,28,29,33,37
2017-01-05 13:00,2215,29,21,0.03,56,431.30,,12.1,6.2,0.09,0.15,4.4,1.6,4.3,3.0,1.6,28,28,29,33,37
2017-01-05 14:00,2215,21,18,0.00,79,331.50,,10.4,6.0,0.09,0.11,5.1,1.6,4.7,3.0,1.6,28,28,29,33,37
2017-01-05 15:00,2215,18,14,0.01,85,185.20,,14.9,6.3,0.08,0.09,5.1,1.6,4.3,3.0,1.6,28,28,29,33,37
2017-01-05 16:00,2215,14,12,0.00,92,34.82,,17.3,8.5,0.07,0.08,5.1,1.6,4.3,3.0,2.7,28,28,29,33,37
2017-01-05 17:00,2215,12,11,0.00,90,0.23,,16.7,7.9,0.07,0.08,5.1,1.6,5.2,3.0,1.6,28,28,29,33,37
2017-01-05 18:00,2215,11,10,0.00,90,0.04,,10.9,5.2,0.06,0.07,5.1,1.3,4.3,3.0,2.3,28,28,29,33,37
2017-01-05 19:00,2215,11,10,0.00,89,0.04,,7.6,3.2,0.06,0.07,4.8,1.1,4.8,3.0,2.0,28,28,29,33,37
2017-01-05 20:00,2215,11,11,0.00,89,0.05,,6.2,2.0,0.06,0.07,4.8,1.6,4.1,2.8,2.3,28,28,29,33,37
2017-01-05 21:00,2215,11,8,0.00,89,0.04,,5.9,2.3,0.06,0.07,4.8,1.6,4.1,3.0,1.6,28,28,29,33,37
2017-01-05 22:00,2215,8,6,0.00,88,0.04,,6.2,4.0,0.06,0.06,4.8,1.6,4.8,3.0,2.3,28,28,29,33,37
2017-01-05 23:00,2215,6,4,0.00,87,0.07,,4.8,2.7,0.05,0.06,4.8,1.6,4.8,2.8,2.3,28,28,29,33,37
2017-01-06 00:00,2215,5,2,0.00,86,0.07,,3.6,1.5,0.05,0.06,4.8,1.6,4.1,3.0,1.6,28,28,29,33,37
2017-01-06 01:00,2215,2,-2,0.00,85,0.10,,3.2,1.2,0.04,0.05,4.8,1.6,4.8,3.0,1.6,28,28,29,33,37
2017-01-06 02:00,2215,-2,-5,0.00,82,0.18,,4.2,1.1,0.03,0.04,4.8,1.6,4.8,3.0,1.6,28,28,29,33,37
2017-01-06 03:00,2215,-3,-6,0.00,81,0.18,,3.6,1.4,0.03,0.04,4.8,1.6,4.1,2.8,2.3,28,28,29,33,37
2017-01-06 04:00,2215,0,-4,0.00,82,0.16,,2.6,1.1,0.04,0.04,4.8,1.6,4.8,3.0,2.3,28,28,29,33,37
2017-01-06 05:00,2215,2,-1,0.00,83,0.14,,3.5,1.8,0.04,0.04,4.8,1.6,4.8,3.0,2.4,28,28,29,33,37
2017-01-06 06:00,2215,2,-1,0.00,83,0.24,,5.7,2.7,0.04,0.04,4.8,1.6,4.8,2.8,2.0,28,28,29,33,37
2017-01-06 07:00,2215,3,0,0.00,82,23.19,,6.2,2.9,0.04,0.05,4.8,1.6,4.5,2.8,1.6,28,28,29,33,37
2017-01-06 08:00,2215,12,3,0.00,70,163.60,,6.2,3.3,0.04,0.06,4.8,1.6,4.8,3.0,2.3,28,28,29,33,37
2017-01-06 09:00,2215,17,12,0.00,64,248.20,,5.5,2.1,0.05,0.09,4.8,1.6,4.8,3.0,1.6,28,28,29,33,37
2017-01-06 10:00,2215,25,17,0.00,62,406.20,,4.3,2.2,0.06,0.12,4.8,1.6,4.5,3.0,2.3,28,28,30,33,37
2017-01-06 11:00,2215,33,25,0.08,50,527.20,,4.1,1.4,0.07,0.15,4.8,1.6,4.8,3.0,2.3,28,28,29,33,37
2017-01-06 12:00,2215,33,26,0.00,40,407.90,,3.9,1.3,0.09,0.17,4.8,1.6,4.5,3.4,2.3,28,28,30,33,37
2017-01-06 13:00,2215,37,25,0.00,63,347.70,,3.4,1.2,0.09,0.15,4.8,1.6,4.8,3.0,2.3,28,28,30,33,37
2017-01-06 14:00,2215,37,34,0.00,31,404.40,,6.3,2.0,0.06,0.22,5.1,1.6,4.5,3.0,2.3,28,28,30,33,37
2017-01-06 15:00,2215,34,29,0.00,34,161.60,,7.2,1.8,0.06,0.18,5.1,1.6,4.5,3.0,1.6,28,28,30,33,37
2017-01-06 16:00,2215,31,27,0.00,40,25.36,,8.1,2.5,0.06,0.17,5.1,1.6,4.8,3.0,1.6,28,28,30,33,37
2017-01-06 17:00,2215,29,24,0.00,46,0.12,,9.0,2.2,0.06,0.15,5.1,1.6,4.5,3.0,2.7,28,28,30,33,37
2017-01-06 18:00,2215,28,26,0.00,33,0.00,,9.1,4.5,0.05,0.15,5.1,1.6,4.5,3.9,1.6,28,28,30,33,37
2017-01-06 19:00,2215,28,26,0.00,35,0.01,,8.5,4.8,0.05,0.15,5.1,1.6,4.5,2.8,1.6,28,28,30,33,37
2017-01-06 20:00,2215,27,22,0.00,44,0.01,,7.5,2.7,0.07,0.13,5.1,1.6,4.5,2.8,2.0,28,28,30,33,37
2017-01-06 21:00,2215,30,25,0.00,52,0.01,,7.2,2.8,0.08,0.16,5.1,1.6,4.5,3.0,2.3,28,28,30,33,37
2017-01-06 22:00,2215,25,22,0.00,63,0.02,,6.9,2.8,0.09,0.13,5.1,1.6,4.5,3.0,2.3,28,28,30,33,37
2017-01-06 23:00,2215,29,22,0.00,66,0.01,,9.1,2.6,0.08,0.14,5.1,1.6,4.5,3.0,2.3,28,28,30,33,37
2017-01-07 00:00,2215,29,20,0.00,57,0.01,,5.8,1.6,0.08,0.15,5.1,1.6,4.5,3.0,1.6,28,28,30,33,37
2017-01-07 01:00,2215,29,20,0.00,70,0.01,,8.9,2.1,0.08,0.13,5.1,1.6,4.6,3.0,2.3,28,28,30,33,37
2017-01-07 02:00,2215,31,28,0.00,55,0.00,,8.8,3.7,0.09,0.16,5.1,1.6,4.5,3.0,2.3,28,28,30,33,37
2017-01-07 03:00,2215,32,27,0.00,58,0.01,,13.3,4.8,0.10,0.17,5.1,1.6,4.5,2.8,2.3,28,28,30,33,37
2017-01-07 04:00,2215,33,31,0.00,63,0.00,,13.2,4.7,0.12,0.18,5.1,1.6,4.5,2.8,2.3,28,28,30,33,37
2017-01-07 05:00,2215,33,32,0.00,69,0.00,,10.4,3.5,0.14,0.19,5.1,1.6,4.5,2.8,2.3,28,28,30,33,37
2017-01-07 06:00,2215,34,32,0.00,75,0.01,,11.5,3.8,0.14,0.19,5.1,1.6,4.5,2.8,2.0,28,28,30,34,37
2017-01-07 07:00,2215,34,33,0.00,79,15.68,,16.8,4.0,0.15,0.19,5.1,1.6,4.5,3.0,2.3,28,28,30,33,37
2017-01-07 08:00,2215,35,33,0.00,84,69.87,,8.8,3.4,0.16,0.19,5.1,1.6,4.5,3.0,2.3,28,28,30,33,37
2017-01-07 09:00,2215,35,34,0.04,89,82.10,,14.5,4.2,0.18,0.19,5.1,1.6,4.5,3.0,1.6,28,28,30,33,37
2017-01-07 10:00,2215,36,35,0.09,91,172.60,,14.6,4.5,0.18,0.21,5.1,1.6,4.5,2.8,2.3,28,28,30,34,37
2017-01-07 11:00,2215,37,36,0.02,85,183.50,,10.5,4.0,0.18,0.22,5.1,1.6,4.8,2.8,1.6,28,28,30,34,37
2017-01-07 12:00,2215,38,36,0.05,84,166.40,,11.2,4.0,0.19,0.22,5.1,1.6,4.5,3.0,1.6,28,28,30,34,37
2017-01-07 13:00,2215,36,35,0.10,90,100.70,,9.1,3.3,0.19,0.21,5.1,1.6,4.5,3.0,1.6,28,28,30,34,37
2017-01-07 14:00,2215,37,35,0.07,91,102.60,,9.4,3.4,0.19,0.21,5.1,1.6,4.5,3.0,1.6,28,28,30,34,37
2017-01-07 15:00,2215,37,36,0.02,88,59.62,,8.7,2.7,0.19,0.22,5.2,1.6,4.5,3.0,1.6,28,28,30,34,37
2017-01-07 16:00,2215,36,36,0.04,89,11.79,,6.6,1.8,0.19,0.21,4.7,1.2,4.5,2.8,1.6,28,28,30,34,37
2017-01-07 17:00,2215,36,35,0.05,90,0.05,,6.8,2.4,0.19,0.21,4.8,1.2,4.5,2.8,2.3,29,28,30,34,37
2017-01-07 18:00,2215,36,34,0.07,93,0.00,,8.3,2.4,0.19,0.21,5.7,1.2,4.5,2.8,2.3,29,28,30,34,37
2017-01-07 19:00,2215,36,35,0.12,90,0.00,,10.5,3.1,0.19,0.21,5.5,1.2,5.0,2.8,1.6,29,28,30,34,37
2017-01-07 20:00,2215,36,36,0.08,90,0.00,,14.0,5.2,0.19,0.21,5.0,2.0,4.5,2.8,2.3,29,28,30,34,37
2017-01-07 21:00,2215,37,36,0.03,87,0.00,,17.1,5.7,0.19,0.22,6.0,1.8,4.5,3.2,2.3,30,28,30,34,37
2017-01-07 22:00,2215,36,36,0.03,86,0.00,,13.0,6.6,0.18,0.21,5.9,1.8,4.3,3.3,2.3,30,28,30,34,37
2017-01-07 23:00,2215,36,35,0.05,88,0.00,,12.6,6.0,0.18,0.21,6.5,2.0,4.8,3.2,2.3,30,29,30,34,37
2017-01-08 00:00,2215,36,35,0.04,89,0.00,,16.2,7.0,0.18,0.21,6.8,1.8,4.8,3.2,2.3,31,29,30,34,37
2017-01-08 01:00,2215,37,35,0.02,88,0.00,,13.9,5.7,0.18,0.21,8.2,1.8,4.8,3.0,2.3,31,29,30,34,37
2017-01-08 02:00,2215,37,33,0.03,86,0.00,,15.6,6.9,0.19,0.22,11.5,1.8,4.8,3.2,2.3,31,29,30,34,37
2017-01-08 03:00,2215,33,32,0.01,94,0.00,,10.3,3.4,0.18,0.19,14.5,1.8,4.8,3.2,2.3,31,29,30,34,37
2017-01-08 04:00,2215,36,33,0.13,98,0.00,,9.0,2.2,0.19,0.20,16.5,1.8,4.8,3.0,2.3,31,29,30,34,37
2017-01-08 05:00,2215,39,36,0.23,94,0.00,,9.3,3.9,0.20,0.22,17.9,1.4,4.8,3.0,2.3,31,29,30,34,37
2017-01-08 06:00,2215,40,38,0.21,85,0.00,,15.3,5.8,0.20,0.24,19.4,1.9,5.2,3.2,2.5,31,29,30,34,37
2017-01-08 07:00,2215,39,38,0.11,89,3.61,,12.0,4.6,0.20,0.23,21.4,1.9,5.2,3.2,2.1,31,29,30,34,37
2017-01-08 08:00,2215,41,39,0.05,86,16.80,,15.9,5.6,0.20,0.25,23.5,1.7,5.2,3.2,2.0,31,29,30,34,37
2017-01-08 09:00,2215,41,40,0.03,79,42.44,,13.1,4.2,0.20,0.25,24.2,2.0,4.9,3.2,2.5,31,29,31,34,37
2017-01-08 10:00,2215,43,40,0.02,82,103.30,,18.6,5.8,0.21,0.26,24.6,2.1,4.9,3.0,2.3,31,29,31,34,37
2017-01-08 11:00,2215,43,41,0.02,72,114.60,,18.3,6.7,0.20,0.27,24.7,1.5,5.0,3.2,2.3,31,30,31,34,37
2017-01-08 12:00,2215,43,41,0.00,72,124.80,,16.5,6.2,0.19,0.27,24.7,1.7,4.2,3.2,2.3,31,30,31,34,37
2017-01-08 13:00,2215,41,39,0.00,74,68.67,,16.2,5.9,0.19,0.25,24.9,2.2,5.0,3.2,2.3,31,30,31,34,37
2017-01-08 14:00,2215,39,37,0.03,77,44.12,,14.4,5.2,0.19,0.24,24.8,2.1,4.9,3.2,2.3,31,30,31,34,37
2017-01-08 15:00,2215,37,35,0.18,85,8.76,,12.0,4.0,0.19,0.21,24.8,2.6,5.2,3.2,2.3,31,30,31,34,37
2017-01-08 16:00,2215,35,34,0.13,92,1.45,,12.2,4.1,0.18,0.20,25.2,2.6,5.0,3.2,2.0,31,30,31,34,37
2017-01-08 17:00,2215,35,34,0.15,93,0.00,,14.8,4.0,0.18,0.20,25.9,2.9,5.0,3.2,2.0,31,30,31,34,37
2017-01-08 18:00,2215,35,34,0.15,94,0.00,,18.9,8.5,0.18,0.19,26.1,5.3,5.0,3.2,2.5,31,31,31,34,37
2017-01-08 19:00,2215,35,33,0.01,94,0.00,,22.8,12.4,0.18,0.19,26.3,5.7,5.0,3.7,2.5,31,31,31,34,37
2017-01-08 20:00,2215,37,33,0.07,96,0.00,,24.7,11.4,0.19,0.19,26.3,6.0,5.0,3.0,2.3,31,31,31,34,37
2017-01-08 21:00,2215,38,37,0.18,87,0.00,,17.6,7.1,0.19,0.22,26.0,6.7,4.7,3.2,2.0,31,31,31,34,37
2017-01-08 22:00,2215,38,36,0.12,80,0.00,,25.6,6.0,0.19,0.22,25.8,7.3,4.7,3.2,2.0,31,31,31,34,37
2017-01-08 23:00,2215,38,36,0.13,86,0.00,,31.5,9.2,0.18,0.22,25.7,7.3,5.0,3.0,2.3,31,31,31,34,37
2017-01-09 00:00,2215,38,34,0.11,71,0.00,,20.3,7.8,0.17,0.22,25.7,7.1,4.4,3.2,2.0,31,31,31,34,37
2017-01-09 01:00,2215,34,33,0.03,94,0.00,,17.0,5.2,0.18,0.19,25.5,7.2,4.4,3.2,2.3,31,31,31,34,37
2017-01-09 02:00,2215,35,33,0.02,97,0.00,,21.8,9.6,0.17,0.19,25.5,7.4,4.4,3.2,2.3,31,31,31,34,37
2017-01-09 03:00,2215,35,32,0.00,75,0.00,,21.6,6.7,0.16,0.19,25.6,7.4,4.4,3.2,2.3,31,31,31,34,37
2017-01-09 04:00,2215,33,31,0.01,88,0.00,,20.3,8.3,0.16,0.18,25.5,7.5,5.1,3.2,2.0,31,31,31,34,37
2017-01-09 05:00,2215,34,31,0.01,92,0.00,,28.0,8.2,0.15,0.18,25.2,7.5,4.4,3.2,2.0,31,31,31,34,37
2017-01-09 06:00,2215,32,29,0.00,74,0.01,,18.9,6.9,0.15,0.17,25.4,7.5,4.4,3.2,2.3,31,31,31,34,37
2017-01-09 07:00,2215,30,29,0.00,97,7.29,,11.6,4.0,0.16,0.17,25.4,7.3,4.4,3.2,2.3,31,31,31,34,37
2017-01-09 08:00,2215,30,30,0.00,97,74.34,,14.0,3.5,0.16,0.17,25.2,7.5,4.9,3.2,2.3,31,31,32,34,37
2017-01-09 09:00,2215,31,30,0.00,89,174.90,,16.8,7.4,0.14,0.17,25.0,7.5,4.7,3.2,2.5,31,31,32,34,37
2017-01-09 10:00,2215,31,30,0.04,80,290.30,,14.7,7.5,0.13,0.17,24.9,7.5,4.9,3.2,2.3,31,31,32,34,37
2017-01-09 11:00,2215,33,30,0.06,72,332.20,,18.7,6.5,0.11,0.17,24.8,7.5,4.7,3.2,2.3,31,31,32,34,37
2017-01-09 12:00,2215,31,29,0.05,60,280.10,,13.8,6.7,0.11,0.17,24.7,7.5,4.9,3.2,2.3,31,31,32,34,37
2017-01-09 13:00,2215,30,29,0.05,67,260.30,,12.0,6.2,0.11,0.17,24.7,7.5,4.9,3.2,2.3,31,31,32,34,37
2017-01-09 14:00,2215,31,29,0.03,71,166.00,,14.3,6.0,0.11,0.17,24.6,7.6,5.1,3.0,2.5,31,31,32,34,37
2017-01-09 15:00,2215,29,27,0.00,64,65.49,,17.0,7.6,0.11,0.15,24.7,7.7,4.9,3.0,2.3,31,31,32,34,37
2017-01-09 16:00,2215,28,27,0.00,73,12.26,,20.9,8.4,0.12,0.15,24.5,7.4,4.9,3.7,2.5,31,31,32,34,37
2017-01-09 17:00,2215,27,26,0.00,85,0.05,,14.2,6.6,0.13,0.14,24.3,7.4,4.9,3.2,2.3,31,31,32,34,37
2017-01-09 18:00,2215,26,26,0.00,93,0.00,,15.2,6.3,0.13,0.14,24.4,7.4,4.9,3.2,2.3,31,31,32,34,37
2017-01-09 19:00,2215,26,25,0.00,94,0.00,,15.0,5.4,0.13,0.14,24.3,7.4,4.9,3.2,2.0,31,31,32,34,37
2017-01-09 20:00,2215,26,25,0.00,95,0.00,,10.1,4.7,0.13,0.14,24.3,7.4,4.7,3.2,2.0,31,31,32,34,37
2017-01-09 21:00,2215,26,25,0.00,94,0.00,,14.0,6.0,0.13,0.14,24.0,7.4,5.1,3.0,2.5,31,31,32,34,37
2017-01-09 22:00,2215,27,26,0.00,96,0.00,,14.8,7.0,0.14,0.14,24.0,7.4,4.8,3.0,2.3,31,31,32,34,37
2017-01-09 23:00,2215,27,26,0.00,96,0.00,,15.7,8.1,0.14,0.14,24.1,7.6,4.9,3.2,2.3,31,31,32,34,37
2017-01-10 00:00,2215,27,27,0.00,94,0.01,,18.4,9.3,0.14,0.15,24.1,7.4,5.9,3.0,2.3,31,31,32,34,37
2017-01-10 01:00,2215,28,27,0.00,92,0.00,,24.2,11.2,0.13,0.15,24.1,7.6,7.1,3.2,2.9,31,31,32,34,37
2017-01-10 02:00,2215,29,28,0.00,84,0.00,,19.7,11.1,0.13,0.15,23.9,7.6,9.0,3.2,2.3,31,31,32,34,37
2017-01-10 03:00,2215,29,27,0.00,78,0.00,,21.0,12.1,0.12,0.15,23.9,7.6,10.5,3.2,2.5,31,31,32,34,37
2017-01-10 04:00,2215,30,28,0.00,73,0.01,,29.0,13.4,0.12,0.16,23.8,7.6,12.1,3.0,2.0,31,31,32,34,37
2017-01-10 05:00,2215,29,29,0.00,74,0.01,,15.8,9.3,0.12,0.16,23.8,7.6,12.8,3.0,2.3,31,31,32,34,37
2017-01-10 06:00,2215,30,29,0.00,72,0.04,,17.5,7.3,0.12,0.17,23.9,7.9,13.3,3.2,2.0,31,31,32,34,37
2017-01-10 07:00,2215,31,30,0.00,69,26.72,,12.4,5.3,0.11,0.17,23.7,7.9,13.9,3.0,2.0,31,31,32,34,37
2017-01-10 08:00,2215,34,31,0.00,65,138.90,,14.5,5.5,0.11,0.18,23.8,7.9,14.1,3.2,2.5,31,31,32,34,37
2017-01-10 09:00,2215,35,34,0.02,59,287.20,,14.5,6.3,0.12,0.19,23.5,7.4,14.5,3.0,2.3,31,31,32,34,37
2017-01-10 10:00,2215,35,34,0.08,59,379.40,,21.8,12.2,0.12,0.20,23.6,7.5,14.8,3.2,2.3,31,31,32,34,37
2017-01-10 11:00,2215,34,32,0.00,62,472.60,,24.5,15.2,0.13,0.19,23.4,7.7,15.0,3.2,3.4,31,31,32,34,37
2017-01-10 12:00,2215,33,30,0.00,69,334.70,,22.3,12.3,0.14,0.17,23.6,7.7,15.1,3.2,2.3,31,31,32,34,37
2017-01-10 13:00,2215,31,30,0.00,78,275.40,,16.5,9.6,0.14,0.17,23.6,7.7,15.4,3.2,2.0,31,31,32,34,37
2017-01-10 14:00,2215,30,29,0.00,79,172.30,,15.1,7.2,0.13,0.17,23.6,7.7,15.8,3.2,2.3,31,31,32,34,37
2017-01-10 15:00,2215,29,29,0.00,86,83.30,,15.0,5.9,0.14,0.16,23.4,7.7,15.7,3.2,2.3,31,31,32,34,37
2017-01-10 16:00,2215,30,29,0.00,89,10.81,,9.6,3.5,0.14,0.16,23.4,7.7,15.6,3.2,2.3,31,31,32,34,37
2017-01-10 17:00,2215,30,30,0.00,84,0.08,,12.4,3.7,0.14,0.17,23.4,7.7,16.0,3.2,2.0,31,31,32,34,37
2017-01-10 18:00,2215,30,29,0.00,88,0.00,,20.8,11.3,0.14,0.16,23.2,7.7,15.6,3.2,2.3,31,31,32,34,37
2017-01-10 19:00,2215,29,29,0.00,93,0.00,,22.5,13.5,0.15,0.16,23.4,7.7,16.0,3.2,2.3,31,31,32,34,37
2017-01-10 20:00,2215,31,29,0.00,90,0.00,,21.7,11.0,0.15,0.17,23.4,7.7,16.0,3.2,2.3,31,31,32,34,37
2017-01-10 21:00,2215,31,31,0.00,90,0.00,,20.8,7.4,0.16,0.17,23.2,7.7,16.2,3.2,2.3,31,31,32,34,37
2017-01-10 22:00,2215,32,31,0.00,96,0.00,,21.4,7.8,0.17,0.17,23.2,7.7,16.3,3.0,2.0,31,31,32,34,37
2017-01-10 23:00,2215,32,32,0.00,96,0.00,,39.4,13.1,0.17,0.18,23.0,7.7,16.6,3.2,2.0,31,31,32,34,37
2017-01-11 00:00,2215,32,30,0.00,89,0.00,,33.4,16.9,0.16,0.18,23.0,7.7,16.4,3.7,2.5,31,31,32,34,37
2017-01-11 01:00,2215,30,28,0.00,96,0.01,,38.2,14.4,0.13,0.16,23.0,7.7,16.5,3.2,2.0,31,31,32,34,37
2017-01-11 02:00,2215,28,27,0.00,69,0.00,,25.9,11.0,0.11,0.15,23.1,7.7,16.4,3.2,2.0,31,31,32,34,37
2017-01-11 03:00,2215,27,24,0.00,77,0.00,,33.5,15.5,0.12,0.14,22.8,7.7,16.4,3.0,2.3,31,31,32,34,37
2017-01-11 04:00,2215,25,24,0.00,90,0.01,,21.8,8.8,0.12,0.13,22.7,7.7,16.4,3.2,2.0,31,31,32,34,37
2017-01-11 05:00,2215,25,24,0.00,90,0.01,,9.8,4.3,0.12,0.13,22.8,7.7,16.4,3.2,2.3,31,31,32,34,37
2017-01-11 06:00,2215,24,23,0.00,92,0.06,,18.2,5.3,0.12,0.13,22.8,7.7,16.7,3.0,2.9,31,31,32,34,37
2017-01-11 07:00,2215,26,19,0.00,95,22.41,,10.2,2.2,0.11,0.12,22.8,7.7,16.7,3.2,2.0,31,31,32,34,37
2017-01-11 08:00,2215,28,26,0.00,73,153.20,,14.4,6.3,0.10,0.14,22.6,7.7,16.4,3.2,2.0,31,31,32,34,37
2017-01-11 09:00,2215,28,27,0.01,64,359.70,,15.3,8.6,0.09,0.15,22.7,7.7,16.4,3.2,2.9,31,31,32,35,37
2017-01-11 10:00,2215,28,28,0.02,63,510.70,,16.7,8.9,0.09,0.15,22.7,7.7,16.7,3.2,2.9,31,31,32,35,37
2017-01-11 11:00,2215,29,28,0.01,58,571.20,,15.0,8.4,0.09,0.16,22.4,7.7,16.5,3.2,2.3,31,31,32,34,37
2017-01-11 12:00,2215,31,29,0.02,55,578.50,,13.0,7.0,0.09,0.17,22.5,7.7,16.5,3.2,2.0,31,31,32,35,37
2017-01-11 13:00,2215,31,30,0.09,52,487.60,,18.7,8.0,0.09,0.17,22.6,7.7,16.8,3.2,2.3,31,31,32,34,37
2017-01-11 14:00,2215,30,27,0.05,51,286.60,,13.3,6.4,0.09,0.16,22.6,7.7,16.8,3.2,2.9,31,31,32,35,37
2017-01-11 15:00,2215,27,26,0.00,62,128.40,,11.4,4.1,0.09,0.14,22.4,7.7,16.8,3.2,3.4,31,31,32,35,37
2017-01-11 16:00,2215,27,23,0.00,54,24.70,,8.3,3.1,0.08,0.14,22.5,7.7,16.7,3.2,2.3,31,31,32,35,37
2017-01-11 17:00,2215,25,23,0.00,61,0.23,,13.2,5.0,0.08,0.13,22.5,7.7,16.7,3.2,2.3,31,31,32,35,37
2017-01-11 18:00,2215,25,23,0.00,51,0.01,,15.5,4.4,0.07,0.13,22.5,8.0,16.8,3.7,2.3,31,31,32,35,37
2017-01-11 19:00,2215,24,23,0.00,53,0.01,,7.7,2.7,0.08,0.13,22.2,7.9,16.9,3.2,2.0,31,31,32,35,37
2017-01-11 20:00,2215,23,23,0.00,73,0.01,,8.9,2.7,0.10,0.12,22.2,7.7,16.9,3.7,2.0,31,31,32,35,37
2017-01-11 21:00,2215,26,23,0.00,90,0.00,,10.2,3.3,0.10,0.13,22.3,7.9,16.7,3.2,2.3,31,31,32,35,37
2017-01-11 22:00,2215,25,22,0.00,73,0.01,,10.6,2.1,0.10,0.13,22.4,7.9,17.1,3.0,1.7,31,31,32,35,37
2017-01-11 23:00,2215,22,22,0.00,92,0.00,,7.2,2.5,0.11,0.12,22.2,7.7,17.0,3.2,2.0,31,31,32,35,37
2017-01-12 00:00,2215,23,22,0.00,94,0.01,,8.0,1.3,0.12,0.12,22.2,7.5,17.0,3.5,2.3,31,31,32,35,37
2017-01-12 01:00,2215,23,19,0.00,89,0.01,,8.9,1.8,0.10,0.12,22.3,7.9,17.0,3.5,2.0,31,31,32,35,37
2017-01-12 02:00,2215,23,19,0.00,80,0.01,,6.9,2.0,0.08,0.12,22.3,7.9,16.9,3.0,2.0,31,31,32,35,37
2017-01-12 03:00,2215,22,19,0.00,67,0.01,,3.4,0.9,0.08,0.11,22.0,7.9,17.2,3.7,2.0,31,31,32,35,37
2017-01-12 04:00,2215,20,18,0.00,80,0.00,,4.6,1.5,0.08,0.11,22.0,7.6,16.9,3.2,2.3,31,31,32,35,37
2017-01-12 05:00,2215,22,20,0.00,75,0.01,,5.2,1.4,0.09,0.12,22.0,7.9,17.2,3.0,2.0,31,31,32,35,37
2017-01-12 06:00,2215,21,20,0.00,80,0.02,,3.7,1.0,0.10,0.12,22.0,7.6,17.1,3.0,2.5,31,31,32,35,37
2017-01-12 07:00,2215,20,20,0.00,54,2.16,,3.0,0.5,0.10,0.11,21.9,7.6,17.1,2.8,2.0,31,31,32,35,37
2017-01-12 08:00,2215,22,20,0.00,92,12.68,,4.6,1.2,0.11,0.12,22.1,7.6,16.9,3.5,2.0,31,31,32,35,37
2017-01-12 09:00,2215,24,22,0.00,91,22.28,,9.1,2.6,0.11,0.12,22.1,7.6,17.3,3.7,2.0,31,31,32,35,37
2017-01-12 10:00,2215,28,23,0.00,92,57.05,,3.0,1.4,0.12,0.13,22.1,7.6,17.5,3.0,2.0,31,31,32,35,37
2017-01-12 11:00,2215,30,28,0.25,78,282.60,,5.3,1.2,0.12,0.16,22.2,7.6,17.3,3.0,2.0,31,31,32,35,37
2017-01-12 12:00,2215,31,29,0.05,74,437.50,,5.8,2.1,0.12,0.16,21.8,7.6,17.3,3.2,2.0,31,31,32,35,37
2017-01-12 13:00,2215,31,27,0.00,68,299.60,,8.0,3.3,0.12,0.16,21.8,7.6,17.2,3.2,2.0,31,31,32,35,37
2017-01-12 14:00,2215,27,25,0.00,88,209.90,,8.7,3.6,0.13,0.14,21.9,7.6,17.2,3.0,2.0,31,31,32,35,37
2017-01-12 15:00,2215,27,24,0.00,88,125.60,,5.9,1.5,0.12,0.14,21.9,7.6,17.2,3.2,2.5,31,31,32,35,37
2017-01-12 16:00,2215,24,22,0.00,91,32.17,,6.5,3.1,0.12,0.13,21.8,7.6,17.2,3.5,2.0,31,31,32,35,37
2017-01-12 17:00,2215,22,21,0.00,93,0.37,,8.7,3.8,0.11,0.12,21.7,7.4,17.1,3.2,2.3,31,31,32,35,37
2017-01-12 18:00,2215,22,21,0.00,89,0.01,,10.5,5.2,0.10,0.12,21.9,7.4,17.4,3.2,2.7,31,31,32,35,37
2017-01-12 19:00,2215,22,20,0.00,92,0.01,,14.0,7.7,0.10,0.12,21.9,7.9,17.4,3.0,2.5,31,31,32,35,37
2017-01-12 20:00,2215,21,21,0.00,88,0.01,,14.5,7.3,0.11,0.11,21.8,7.9,17.4,3.0,2.3,31,31,32,35,37
2017-01-12 21:00,2215,21,21,0.00,94,0.01,,13.2,5.2,0.11,0.11,21.9,7.9,17.4,3.0,2.0,31,31,32,35,37
2017-01-12 22:00,2215,21,20,0.00,90,0.01,,10.3,3.9,0.10,0.11,21.7,7.9,17.2,3.0,1.7,31,31,32,35,37
2017-01-12 23:00,2215,20,20,0.00,95,0.01,,8.9,3.0,0.11,0.11,21.7,7.9,17.0,3.0,2.0,31,31,32,35,37
2017-01-13 00:00,2215,21,20,0.00,93,0.01,,5.4,2.3,0.10,0.11,21.7,7.9,17.0,3.0,2.5,31,31,32,35,37
2017-01-13 01:00,2215,21,20,0.00,90,0.00,,6.5,2.6,0.10,0.11,21.4,7.9,17.4,3.0,2.0,31,31,32,35,37
2017-01-13 02:00,2215,20,19,0.00,90,0.01,,4.4,1.4,0.10,0.11,21.8,7.9,17.5,3.2,3.2,31,31,32,35,37
2017-01-13 03:00,2215,20,20,0.00,86,0.02,,9.8,2.8,0.09,0.11,21.8,7.9,17.3,3.7,2.7,31,31,32,35,37
2017-01-13 04:00,2215,20,18,0.00,92,0.01,,9.2,4.4,0.10,0.11,21.5,7.7,17.3,3.5,2.0,31,31,32,35,37
2017-01-13 05:00,2215,20,18,0.00,91,0.00,,9.7,2.7,0.09,0.10,21.5,7.9,17.2,3.2,2.0,31,31,32,35,37
2017-01-13 06:00,2215,20,20,0.00,90,0.06,,9.6,3.1,0.10,0.11,21.5,7.9,17.3,3.5,2.0,31,31,32,35,37
2017-01-13 07:00,2215,20,19,0.00,94,7.23,,7.2,2.7,0.10,0.11,21.6,7.9,17.2,3.0,1.7,31,31,32,35,37
2017-01-13 08:00,2215,20,19,0.00,94,40.05,,11.8,5.6,0.10,0.11,21.6,7.9,17.2,3.5,3.2,31,31,32,35,37
2017-01-13 09:00,2215,24,20,0.00,93,229.50,,10.4,4.8,0.11,0.12,21.8,7.7,17.2,3.5,2.0,31,31,32,35,37
2017-01-13 10:00,2215,24,23,0.02,87,455.80,,12.4,5.0,0.11,0.13,21.5,7.7,17.2,3.0,2.3,31,31,32,35,37
2017-01-13 11:00,2215,28,23,0.00,75,511.50,,7.0,2.4,0.10,0.14,21.5,7.6,17.2,3.5,2.0,31,31,32,35,37
2017-01-13 12:00,2215,26,26,0.00,75,318.10,,5.6,1.7,0.11,0.14,21.5,7.6,17.2,3.0,2.3,31,31,32,35,37
2017-01-13 13:00,2215,27,26,0.00,73,299.50,,6.6,3.0,0.11,0.14,21.5,7.7,17.2,3.2,2.0,31,31,32,35,37
2017-01-13 14:00,2215,27,25,0.00,68,313.20,,8.4,2.9,0.11,0.14,21.6,7.9,17.2,3.2,2.0,31,31,32,35,37
2017-01-13 15:00,2215,26,22,0.00,80,183.30,,6.5,3.2,0.10,0.13,21.6,7.7,17.4,3.0,2.3,31,31,32,35,37
2017-01-13 16:00,2215,22,13,0.00,74,59.45,,6.4,2.4,0.09,0.11,21.6,7.9,17.6,3.2,2.0,31,31,32,35,37
2017-01-13 17:00,2215,18,11,0.00,80,0.68,,5.5,2.6,0.06,0.08,21.6,7.7,17.4,3.0,2.5,31,31,32,35,37
2017-01-13 18:00,2215,18,10,0.00,82,0.04,,7.5,3.3,0.07,0.09,21.3,7.7,17.6,3.7,2.0,31,31,32,35,37
2017-01-13 19:00,2215,13,9,0.00,84,0.06,,7.2,2.7,0.06,0.07,21.4,7.7,17.4,3.0,2.0,31,31,32,35,37
2017-01-13 20:00,2215,15,9,0.00,88,0.06,,5.0,2.6,0.07,0.08,21.4,7.7,17.3,3.2,2.3,31,31,32,35,37
2017-01-13 21:00,2215,13,10,0.00,90,0.05,,4.5,2.2,0.06,0.07,21.4,7.7,17.4,3.5,2.0,31,31,32,35,37
2017-01-13 22:00,2215,16,13,0.00,92,0.05,,4.7,2.4,0.08,0.09,21.4,7.7,17.4,3.5,2.0,31,31,32,35,37
2017-01-13 23:00,2215,14,9,0.00,91,0.05,,4.7,2.2,0.07,0.07,21.4,7.7,17.4,3.5,2.0,31,31,32,35,37
2017-01-14 00:00,2215,12,9,0.00,90,0.04,,6.7,2.3,0.06,0.07,21.4,7.7,17.4,3.0,2.0,31,31,32,35,37
2017-01-14 01:00,2215,11,9,0.00,89,0.08,,4.4,2.0,0.06,0.07,21.2,7.7,17.4,3.5,2.0,31,31,32,35,37
2017-01-14 02:00,2215,14,10,0.00,90,0.07,,5.6,2.7,0.07,0.08,21.3,8.0,17.6,3.5,2.0,31,31,32,35,37
2017-01-14 03:00,2215,12,10,0.00,90,0.06,,5.8,2.4,0.07,0.07,21.3,8.0,17.6,3.7,1.7,31,31,32,35,37
2017-01-14 04:00,2215,14,10,0.00,88,0.06,,6.6,2.8,0.07,0.08,21.3,8.0,17.6,3.5,2.5,31,31,32,35,37
2017-01-14 05:00,2215,11,9,0.00,86,0.06,,5.5,2.5,0.06,0.07,21.3,7.9,17.5,3.2,2.0,31,31,32,35,37
2017-01-14 06:00,2215,10,8,0.00,88,0.21,,4.7,2.3,0.06,0.07,21.3,7.9,17.6,3.5,2.9,31,31,32,35,37
2017-01-14 07:00,2215,12,9,0.00,86,17.17,,4.8,2.3,0.06,0.07,21.3,7.9,17.5,3.0,2.0,31,31,32,35,37
2017-01-14 08:00,2215,19,10,0.00,86,197.80,,5.3,2.5,0.07,0.09,21.3,7.9,17.5,3.0,2.0,31,31,32,35,37
2017-01-14 09:00,2215,26,19,0.00,77,370.60,,4.4,2.3,0.09,0.12,21.1,7.9,17.5,3.2,2.0,31,31,32,35,37
2017-01-14 10:00,2215,28,26,0.00,65,499.00,,4.7,2.4,0.09,0.14,21.1,7.9,17.6,3.2,2.0,31,31,32,35,37
2017-01-14 11:00,2215,33,28,0.00,64,580.80,,4.0,1.7,0.10,0.17,21.1,7.9,17.5,3.0,2.0,31,31,32,35,37
2017-01-14 12:00,2215,33,31,0.00,63,583.60,,2.9,1.6,0.11,0.18,21.1,8.4,17.9,3.2,2.0,31,31,32,35,37
2017-01-14 13:00,2215,35,32,0.00,62,523.30,,3.0,1.3,0.12,0.19,21.1,8.2,17.5,3.0,2.0,31,31,32,35,37
2017-01-14 14:00,2215,35,30,0.00,56,402.10,,5.2,2.7,0.11,0.19,21.1,8.2,17.3,3.5,2.3,31,31,32,35,37
2017-01-14 15:00,2215,34,26,0.00,66,239.50,,3.2,1.6,0.12,0.18,21.2,8.2,17.3,3.5,2.5,31,31,32,35,37
2017-01-14 16:00,2215,26,18,0.00,72,57.36,,4.8,2.3,0.09,0.12,20.9,8.2,17.7,3.2,2.0,31,31,32,35,37
2017-01-14 17:00,2215,19,15,0.00,81,0.49,,7.3,3.2,0.08,0.11,21.4,7.9,17.3,3.2,2.3,31,31,32,35,37
2017-01-14 18:00,2215,16,13,0.00,74,0.07,,6.0,2.4,0.07,0.08,21.1,7.9,17.7,3.2,2.5,31,31,32,35,37
2017-01-14 19:00,2215,16,13,0.00,84,0.06,,7.4,3.0,0.07,0.09,21.1,7.9,17.7,3.0,1.7,31,31,32,35,37
2017-01-14 20:00,2215,16,14,0.00,83,0.08,,6.9,2.6,0.07,0.09,21.1,7.9,17.7,3.0,2.0,31,31,32,35,37
2017-01-14 21:00,2215,17,13,0.00,82,0.06,,8.5,3.0,0.07,0.09,21.1,7.8,17.7,3.5,2.0,31,31,32,35,37
2017-01-14 22:00,2215,15,11,0.00,84,0.08,,6.9,3.0,0.07,0.08,21.2,7.9,17.7,3.0,1.7,31,31,32,35,37
2017-01-14 23:00,2215,14,11,0.00,75,0.09,,7.3,2.9,0.06,0.08,21.2,7.8,17.7,3.0,2.0,31,31,32,35,37
2017-01-15 00:00,2215,15,11,0.00,76,0.09,,5.4,2.6,0.06,0.08,20.9,7.8,17.7,3.2,2.3,31,31,32,35,37
2017-01-15 01:00,2215,15,11,0.00,71,0.08,,5.5,2.8,0.06,0.08,20.9,7.8,17.7,3.0,2.0,31,31,32,35,37
2017-01-15 02:00,2215,13,10,0.00,69,0.08,,6.3,2.9,0.05,0.08,20.9,7.8,17.7,3.5,1.7,31,31,32,35,37
2017-01-15 03:00,2215,17,11,0.00,73,0.07,,6.2,3.1,0.06,0.09,21.0,8.1,17.9,3.0,2.3,31,31,32,35,37
2017-01-15 04:00,2215,16,11,0.00,66,0.06,,6.6,2.9,0.05,0.08,21.0,8.1,17.7,4.2,2.0,31,31,32,35,37
2017-01-15 05:00,2215,13,11,0.00,64,0.09,,5.0,2.4,0.05,0.08,21.0,8.1,17.7,3.5,2.0,31,31,32,35,37
2017-01-15 06:00,2215,12,11,0.00,62,0.23,,4.7,2.6,0.05,0.07,21.0,8.1,17.9,3.0,2.0,31,31,32,35,37
2017-01-15 07:00,2215,12,11,0.00,61,9.83,,4.5,2.8,0.04,0.08,20.8,8.1,17.9,3.2,1.7,31,31,32,35,37
2017-01-15 08:00,2215,22,11,0.00,62,208.60,,3.9,2.0,0.05,0.09,20.8,8.1,17.9,3.0,2.0,31,31,32,35,37
2017-01-15 09:00,2215,30,22,0.00,47,400.70,,4.1,2.0,0.06,0.13,21.0,8.1,17.9,3.2,2.3,31,31,32,35,37
2017-01-15 10:00,2215,33,30,0.00,37,526.30,,4.0,1.5,0.06,0.17,20.8,8.1,17.9,3.2,2.3,31,31,32,35,37
2017-01-15 11:00,2215,41,32,0.00,39,594.30,,3.3,0.9,0.07,0.22,21.0,7.9,17.9,3.7,2.5,31,31,32,35,37
2017-01-15 12:00,2215,38,33,0.00,48,586.20,,3.4,1.3,0.09,0.21,20.8,7.9,17.9,3.0,2.0,31,31,32,35,37
2017-01-15 13:00,2215,40,35,0.00,41,529.80,,3.2,1.3,0.09,0.22,20.8,7.7,17.9,3.5,2.3,31,31,32,35,37
2017-01-15 14:00,2215,39,32,0.00,38,413.10,,5.5,2.5,0.09,0.21,20.8,7.7,17.9,3.7,2.0,31,31,32,35,37
2017-01-15 15:00,2215,34,31,0.00,42,243.60,,6.0,2.0,0.08,0.18,20.8,7.9,17.9,3.5,2.0,31,31,32,35,37
2017-01-15 16:00,2215,33,29,0.00,45,49.21,,8.5,4.3,0.09,0.17,20.9,7.7,17.9,3.2,2.0,31,31,32,35,37
2017-01-15 17:00,2215,29,20,0.00,59,0.93,,7.2,3.7,0.09,0.15,20.9,8.2,18.2,3.0,2.3,31,31,32,35,37
2017-01-15 18:00,2215,20,17,0.00,63,0.05,,6.0,3.4,0.06,0.10,20.6,8.2,17.9,3.2,2.0,31,31,32,35,37
2017-01-15 19:00,2215,18,12,0.00,64,0.08,,6.4,3.9,0.06,0.09,20.6,8.2,17.7,3.5,2.0,31,31,32,35,37
2017-01-15 20:00,2215,15,12,0.00,67,0.09,,7.0,3.0,0.05,0.08,20.6,8.2,17.8,3.7,2.0,31,31,32,35,37
2017-01-15 21:00,2215,20,13,0.00,68,0.07,,7.3,2.8,0.06,0.09,20.6,8.1,17.7,3.0,2.0,31,31,32,35,37
2017-01-15 22:00,2215,16,13,0.00,55,0.06,,5.7,3.4,0.05,0.09,20.8,8.1,17.7,2.8,2.5,31,31,32,35,37
2017-01-15 23:00,2215,16,11,0.00,60,0.07,,6.4,2.8,0.06,0.08,20.4,8.1,17.6,3.0,2.0,31,31,32,35,37
2017-01-16 00:00,2215,14,7,0.00,77,0.07,,8.1,2.8,0.06,0.08,20.6,8.1,17.8,3.5,2.0,31,31,32,35,37
2017-01-16 01:00,2215,15,7,0.00,82,0.12,,5.9,2.2,0.06,0.07,20.6,8.1,17.6,3.0,3.2,31,31,32,35,37
2017-01-16 02:00,2215,8,5,0.00,86,0.14,,5.6,2.9,0.05,0.06,20.6,8.1,17.6,3.5,1.7,31,31,32,35,37
2017-01-16 03:00,2215,10,6,0.00,78,0.14,,6.4,3.4,0.05,0.06,20.6,8.1,17.6,3.5,2.3,31,31,32,35,37
2017-01-16 04:00,2215,13,10,0.00,68,0.12,,6.8,2.6,0.05,0.07,20.6,8.1,18.0,3.2,2.0,31,31,32,35,37
2017-01-16 05:00,2215,15,9,0.00,62,0.10,,6.4,3.2,0.05,0.08,20.4,8.1,17.6,3.5,2.0,31,31,32,35,37
2017-01-16 06:00,2215,16,10,0.00,64,0.22,,7.6,4.0,0.05,0.08,20.4,8.1,17.6,3.5,2.5,31,31,32,35,37
2017-01-16 07:00,2215,17,13,0.00,56,9.38,,8.9,4.1,0.05,0.09,20.4,8.4,18.0,3.0,2.0,31,31,32,35,37
2017-01-16 08:00,2215,23,15,0.00,55,212.30,,8.8,4.9,0.05,0.10,20.4,8.4,18.0,3.5,2.0,31,31,32,35,37
2017-01-16 09:00,2215,27,23,0.00,41,403.70,,7.6,4.9,0.05,0.13,20.2,8.1,17.8,3.2,2.0,31,31,32,35,37
2017-01-16 10:00,2215,30,26,0.00,38,527.00,,6.7,4.1,0.06,0.15,20.2,8.4,17.6,3.5,2.0,31,31,32,35,37
2017-01-16 11:00,2215,35,30,0.00,38,592.70,,6.0,3.5,0.06,0.18,20.2,8.4,17.6,3.5,2.0,31,31,32,35,37
2017-01-16 12:00,2215,35,33,0.00,34,593.70,,5.4,3.8,0.07,0.19,20.2,8.1,17.6,3.5,2.3,31,31,32,35,37
2017-01-16 13:00,2215,36,35,0.00,36,532.20,,6.6,4.0,0.07,0.21,20.4,8.3,18.0,3.0,2.0,31,31,32,35,37
2017-01-16 14:00,2215,37,35,0.00,33,409.30,,7.3,3.6,0.07,0.22,20.3,8.3,18.0,3.0,2.3,31,31,32,35,37
2017-01-16 15:00,2215,36,34,0.00,40,248.20,,7.5,2.8,0.08,0.20,20.2,8.3,18.0,3.0,2.0,31,31,32,35,37
2017-01-16 16:00,2215,34,26,0.00,40,62.63,,7.5,3.8,0.07,0.17,20.2,8.3,17.9,3.5,2.0,31,31,32,35,37
2017-01-16 17:00,2215,26,19,0.00,48,0.77,,5.0,2.7,0.06,0.12,20.2,8.3,18.0,3.5,1.7,31,31,32,35,37
2017-01-16 18:00,2215,19,16,0.00,46,0.04,,5.0,2.2,0.05,0.10,20.2,8.3,18.0,3.5,1.7,31,31,32,35,37
2017-01-16 19:00,2215,17,16,0.00,51,0.04,,4.0,2.2,0.05,0.10,20.2,8.3,17.9,3.2,2.9,31,31,32,35,37
2017-01-16 20:00,2215,19,15,0.00,51,0.04,,6.4,2.5,0.04,0.10,20.2,8.3,18.0,3.5,2.0,31,31,32,35,37
2017-01-16 21:00,2215,15,13,0.00,49,0.06,,5.9,3.1,0.04,0.08,20.2,8.3,18.0,3.5,2.3,31,31,32,35,37
2017-01-16 22:00,2215,14,12,0.00,53,0.07,,6.1,3.1,0.04,0.08,20.0,8.3,18.0,3.5,2.0,31,31,32,35,37
2017-01-16 23:00,2215,15,14,0.00,47,0.05,,4.2,2.5,0.04,0.09,20.1,8.3,18.0,3.0,2.3,31,31,32,35,37
2017-01-17 00:00,2215,18,15,0.00,46,0.06,,5.9,2.3,0.04,0.09,20.1,8.8,18.0,3.5,2.0,31,31,32,35,37
2017-01-17 01:00,2215,22,18,0.00,40,0.05,,4.8,2.2,0.04,0.11,20.1,8.3,18.0,3.5,2.0,31,31,32,35,37
2017-01-17 02:00,2215,20,18,0.00,36,0.04,,6.8,3.1,0.04,0.11,20.1,8.3,17.9,3.5,2.0,31,31,33,35,37
2017-01-17 03:00,2215,19,14,0.00,37,0.02,,6.1,3.2,0.04,0.09,20.1,8.8,18.0,3.0,1.7,31,31,32,35,37
2017-01-17 04:00,2215,19,16,0.00,41,0.05,,6.7,3.4,0.04,0.09,20.3,8.3,18.0,3.3,2.0,31,31,32,35,37
2017-01-17 05:00,2215,19,17,0.00,40,0.06,,6.3,3.2,0.04,0.10,20.0,8.8,17.9,3.5,1.7,31,31,32,35,37
2017-01-17 06:00,2215,19,16,0.00,44,0.22,,5.1,2.9,0.04,0.10,20.1,8.4,17.9,3.5,2.0,31,31,32,35,37
2017-01-17 07:00,2215,20,18,0.00,40,9.74,,5.1,2.7,0.04,0.11,20.1,8.4,18.0,3.0,2.0,31,31,32,35,37
2017-01-17 08:00,2215,30,20,0.00,42,218.80,,5.1,2.5,0.05,0.12,20.1,8.6,18.0,3.3,2.3,31,31,32,35,37
2017-01-17 09:00,2215,36,30,0.00,37,403.40,,6.2,2.4,0.06,0.18,20.1,8.3,18.0,3.5,2.3,31,31,32,35,37
2017-01-17 10:00,2215,41,36,0.00,33,529.00,,6.8,2.7,0.07,0.24,20.2,8.4,18.0,2.8,2.0,31,31,32,35,37
2017-01-17 11:00,2215,45,39,0.00,28,596.70,,11.4,4.0,0.08,0.27,20.2,8.6,18.0,3.5,2.0,31,31,32,35,37
2017-01-17 12:00,2215,46,39,0.00,40,531.20,,8.2,2.9,0.09,0.27,19.9,8.4,17.9,3.5,2.0,31,31,33,35,37
2017-01-17 13:00,2215,46,42,0.00,27,356.50,,6.1,2.1,0.10,0.28,19.9,8.6,17.9,3.0,2.0,31,31,32,35,37
2017-01-17 14:00,2215,44,40,0.00,35,269.40,,5.0,2.4,0.11,0.27,19.9,8.4,18.0,3.0,2.0,31,31,33,35,37
2017-01-17 15:00,2215,43,39,0.00,40,179.80,,5.4,1.8,0.11,0.26,19.9,8.4,17.9,3.5,2.0,31,31,33,35,37
2017-01-17 16:00,2215,39,33,0.00,48,68.09,,7.2,2.8,0.11,0.22,19.9,8.4,18.0,3.5,2.0,31,31,33,35,37
2017-01-17 17:00,2215,33,30,0.00,58,0.60,,5.3,2.7,0.11,0.18,19.9,8.4,17.9,3.0,2.3,31,31,33,35,37
2017-01-17 18:00,2215,32,31,0.00,62,0.01,,5.7,2.5,0.11,0.18,19.9,8.4,17.9,3.0,2.5,31,31,32,35,37
2017-01-17 19:00,2215,32,28,0.00,65,0.01,,6.3,2.8,0.11,0.17,19.7,8.2,17.9,3.0,2.0,31,31,33,35,37
2017-01-17 20:00,2215,33,28,0.00,70,0.00,,6.0,2.5,0.11,0.17,19.9,8.4,18.0,3.3,1.7,31,31,32,35,37
2017-01-17 21:00,2215,33,26,0.00,65,0.01,,6.8,2.6,0.10,0.17,19.7,8.2,18.1,3.3,2.3,31,31,33,35,37
2017-01-17 22:00,2215,38,31,0.00,60,0.00,,6.8,2.6,0.11,0.20,19.9,8.2,18.0,3.5,2.0,31,31,32,35,37
2017-01-17 23:00,2215,37,33,0.00,48,0.00,,5.5,2.3,0.11,0.21,20.0,8.6,18.1,3.5,2.0,31,31,33,35,37
2017-01-18 00:00,2215,36,34,0.00,53,0.00,,5.6,2.5,0.11,0.20,19.8,8.2,17.9,3.3,2.3,31,31,33,35,37
2017-01-18 01:00,2215,38,34,0.00,51,0.00,,5.4,2.0,0.09,0.22,20.0,8.6,17.9,3.5,2.3,31,31,33,35,37
2017-01-18 02:00,2215,37,34,0.00,45,0.00,,7.9,3.0,0.09,0.21,20.0,8.6,17.9,3.5,1.7,31,31,33,35,37
2017-01-18 03:00,2215,40,36,0.00,36,0.00,,6.6,2.1,0.07,0.22,20.0,8.6,17.9,3.3,2.0,31,31,33,35,37
2017-01-18 04:00,2215,40,37,0.00,19,0.00,,8.7,2.4,0.06,0.24,20.0,8.6,17.9,3.5,1.8,31,31,33,35,37
2017-01-18 05:00,2215,40,38,0.00,32,0.00,,6.7,2.3,0.08,0.24,20.0,8.6,18.1,3.5,2.9,31,31,33,35,37
2017-01-18 06:00,2215,39,37,0.00,46,0.12,,9.3,3.1,0.12,0.23,19.6,8.6,17.9,3.5,2.0,31,31,32,35,37
2017-01-18 07:00,2215,37,35,0.00,57,19.37,,6.0,1.8,0.13,0.21,19.7,8.6,17.9,3.3,2.0,31,31,33,35,37
2017-01-18 08:00,2215,39,36,0.00,61,176.80,,11.7,3.2,0.13,0.22,19.7,8.6,17.9,3.5,2.0,31,32,33,35,37
2017-01-18 09:00,2215,42,39,0.00,56,244.40,,10.2,4.1,0.14,0.25,19.7,8.6,17.9,3.3,2.3,31,31,33,35,37
2017-01-18 10:00,2215,43,40,0.00,57,328.60,,13.8,4.9,0.15,0.27,19.7,8.6,18.1,3.5,2.3,31,31,33,35,37
2017-01-18 11:00,2215,43,41,0.00,57,286.40,,8.8,3.7,0.16,0.27,19.7,8.4,17.9,3.5,2.0,31,31,33,35,37
2017-01-18 12:00,2215,45,43,0.00,60,299.20,,5.7,2.0,0.17,0.28,19.7,8.1,17.9,3.5,2.5,31,32,33,35,37
2017-01-18 13:00,2215,45,39,0.00,59,317.80,,13.8,7.3,0.17,0.27,19.7,8.6,17.9,3.5,2.3,31,31,33,35,37
2017-01-18 14:00,2215,39,38,0.00,67,166.10,,12.2,6.1,0.16,0.24,19.7,8.4,17.9,3.5,2.0,31,31,33,35,37
2017-01-18 15:00,2215,39,35,0.00,70,100.00,,14.2,6.2,0.17,0.22,19.7,8.6,17.9,2.8,1.7,31,32,33,35,37
2017-01-18 16:00,2215,35,33,0.00,85,32.71,,15.8,6.2,0.17,0.20,19.7,8.6,17.9,3.3,2.3,31,32,33,35,37
2017-01-18 17:00,2215,33,32,0.00,90,0.24,,10.2,3.7,0.17,0.19,19.7,8.5,17.9,3.5,2.0,31,31,33,35,37
2017-01-18 18:00,2215,33,32,0.00,95,0.00,,11.7,4.9,0.17,0.18,19.7,8.5,17.9,3.3,2.3,31,31,33,35,37
2017-01-18 19:00,2215,33,32,0.00,96,0.00,,17.9,6.5,0.17,0.18,19.7,8.5,17.9,3.5,2.0,31,31,33,35,37
2017-01-18 20:00,2215,35,33,0.00,92,0.00,,21.2,6.7,0.17,0.19,19.7,8.5,17.9,3.3,1.7,31,31,33,35,37
2017-01-18 21:00,2215,35,34,0.00,83,0.00,,16.7,5.8,0.17,0.19,19.7,8.5,17.9,3.3,2.0,31,31,33,35,37
2017-01-18 22:00,2215,34,32,0.00,85,0.00,,14.0,4.0,0.17,0.19,19.7,8.5,17.9,3.5,3.2,31,31,33,35,37
2017-01-18 23:00,2215,32,30,0.00,91,0.00,,13.3,6.3,0.16,0.17,19.7,8.6,17.9,3.5,2.0,31,31,33,35,37
2017-01-19 00:00,2215,30,29,0.00,90,0.00,,12.4,6.3,0.15,0.16,19.7,8.6,17.9,3.3,2.0,31,31,33,35,37
2017-01-19 01:00,2215,29,26,0.00,94,0.01,,13.8,7.3,0.14,0.15,19.7,8.6,18.1,3.5,2.0,31,32,33,35,37
2017-01-19 02:00,2215,26,25,0.00,96,0.00,,16.7,8.2,0.13,0.14,19.7,8.6,17.9,3.5,2.0,31,31,33,35,37
2017-01-19 03:00,2215,25,24,0.00,96,0.00,,10.2,4.2,0.12,0.13,19.7,8.6,17.9,3.5,2.0,31,31,33,35,37
2017-01-19 04:00,2215,24,19,0.00,92,0.01,,6.7,2.5,0.10,0.12,19.7,8.6,18.1,3.3,2.0,31,32,33,35,37
2017-01-19 05:00,2215,23,22,0.00,72,0.01,,7.2,2.3,0.09,0.12,19.7,8.6,18.1,3.3,2.0,31,31,33,35,37
2017-01-19 06:00,2215,23,22,0.00,65,0.14,,10.9,3.8,0.08,0.12,19.7,8.6,17.9,3.3,2.0,31,31,33,35,37
2017-01-19 07:00,2215,24,21,0.00,66,14.13,,10.5,3.6,0.08,0.12,19.6,8.6,18.1,3.3,2.7,31,32,33,35,37
2017-01-19 08:00,2215,26,21,0.00,71,221.00,,11.8,4.7,0.08,0.13,20.0,8.6,18.0,3.3,2.0,31,31,33,35,37
2017-01-19 09:00,2215,27,26,0.05,58,405.90,,9.4,4.7,0.08,0.14,19.6,8.4,18.1,3.5,2.3,31,32,33,35,37
2017-01-19 10:00,2215,28,27,0.10,55,530.10,,11.8,6.8,0.09,0.15,20.0,8.4,17.9,3.5,3.5,31,32,33,35,37
2017-01-19 11:00,2215,29,28,0.02,58,541.80,,11.6,6.2,0.09,0.16,20.0,8.9,18.1,3.5,2.0,31,32,33,35,37
2017-01-19 12:00,2215,31,28,0.00,55,528.70,,18.4,9.8,0.09,0.16,20.0,8.6,17.9,3.5,2.0,31,32,33,35,37
2017-01-19 13:00,2215,28,25,0.00,73,394.80,,16.9,8.4,0.11,0.14,20.0,8.5,18.0,3.5,2.3,31,31,33,35,37
2017-01-19 14:00,2215,28,26,0.02,79,378.40,,11.3,4.9,0.11,0.15,20.0,8.8,18.1,3.5,2.3,31,32,33,35,37
2017-01-19 15:00,2215,28,26,0.00,73,243.10,,8.9,3.1,0.11,0.15,20.0,8.8,18.0,3.5,2.0,31,32,33,35,37
2017-01-19 16:00,2215,26,23,0.00,67,24.06,,4.2,2.1,0.10,0.13,20.0,8.7,18.1,3.5,2.3,31,32,33,35,37
2017-01-19 17:00,2215,23,19,0.00,81,0.68,,4.0,1.7,0.09,0.11,20.0,8.7,17.9,3.5,1.7,31,32,33,35,37
2017-01-19 18:00,2215,22,18,0.00,77,0.02,,5.2,1.7,0.08,0.11,19.9,8.7,17.9,3.5,2.0,31,32,33,35,37
2017-01-19 19:00,2215,24,22,0.00,73,0.02,,9.3,4.2,0.09,0.13,19.9,9.0,17.9,3.5,2.0,31,32,33,35,37
2017-01-19 20:00,2215,25,23,0.00,69,0.02,,12.5,3.8,0.08,0.13,19.9,9.0,18.1,3.5,2.3,31,32,33,35,37
2017-01-19 21:00,2215,25,24,0.00,62,0.01,,11.8,3.5,0.09,0.13,19.7,9.0,18.0,3.5,2.0,31,32,33,35,37
2017-01-19 22:00,2215,24,20,0.00,65,0.00,,6.8,1.5,0.08,0.12,19.9,9.0,18.1,3.5,2.7,31,32,33,35,37
2017-01-19 23:00,2215,24,19,0.00,66,0.01,,8.1,2.2,0.07,0.12,19.9,9.0,18.1,3.3,2.0,31,32,33,35,37
2017-01-20 00:00,2215,24,21,0.00,57,0.01,,9.4,2.6,0.08,0.12,19.7,9.0,18.1,4.0,2.7,31,32,33,35,37
2017-01-20 01:00,2215,25,21,0.00,68,0.02,,9.8,3.7,0.08,0.13,19.7,9.0,18.1,3.5,2.7,31,32,33,35,37
2017-01-20 02:00,2215,27,25,0.00,61,0.02,,12.7,5.0,0.08,0.14,19.9,8.8,18.0,3.5,2.0,31,32,33,35,37
2017-01-20 03:00,2215,27,26,0.00,58,0.01,,12.3,4.4,0.09,0.14,19.9,9.0,18.1,3.3,2.7,31,32,33,35,37
2017-01-20 04:00,2215,27,25,0.00,60,0.00,,16.4,5.9,0.09,0.14,19.7,9.0,18.0,4.0,1.8,31,32,33,35,37
2017-01-20 05:00,2215,26,24,0.00,66,0.01,,18.3,10.2,0.10,0.14,19.9,8.9,18.1,3.5,2.7,31,32,33,35,37
2017-01-20 06:00,2215,25,23,0.00,76,0.13,,23.3,12.2,0.11,0.13,19.9,8.9,18.1,3.5,2.0,31,32,33,35,37
2017-01-20 07:00,2215,24,23,0.01,86,8.55,,27.6,15.2,0.11,0.13,19.9,8.9,18.1,3.3,2.0,31,32,33,35,37
2017-01-20 08:00,2215,24,24,0.00,87,52.79,,20.0,12.2,,,19.9,8.9,18.0,3.5,2.0,31,32,33,35,37
2017-01-20 09:00,2215,26,24,0.00,90,170.70,,23.7,13.6,0.12,0.13,19.9,9.2,17.9,3.5,,,,,,
2017-01-20 10:00,2215,27,26,0.00,81,253.10,,18.1,10.1,0.12,0.14,19.9,9.0,18.1,3.3,2.0,31,32,33,35,37
2017-01-20 11:00,2215,29,27,0.00,81,320.10,,12.9,5.9,0.12,0.15,19.9,9.0,18.0,3.5,2.0,31,32,33,35,37
2017-01-20 12:00,2215,29,27,0.04,83,396.10,,13.6,4.5,0.12,0.15,19.9,9.0,17.9,3.5,2.3,31,32,33,35,37
2017-01-20 13:00,2215,28,26,0.00,78,310.50,,10.8,5.3,0.12,0.15,19.9,9.0,18.0,3.3,2.3,31,32,33,35,37
2017-01-20 14:00,2215,30,26,0.00,81,285.10,,10.9,5.0,0.12,0.15,19.9,9.2,18.0,3.5,2.0,31,32,33,35,37
2017-01-20 15:00,2215,27,22,0.00,81,215.30,,16.0,4.5,0.11,0.14,19.8,9.2,18.0,3.5,2.0,31,32,33,35,37
2017-01-20 16:00,2215,24,22,0.00,82,28.80,,13.5,4.2,0.10,0.12,20.0,9.2,18.0,3.3,2.0,31,32,33,35,37
2017-01-20 17:00,2215,23,20,0.00,81,0.87,,9.4,2.0,0.10,0.12,20.0,9.5,18.0,3.3,2.0,31,32,33,35,37
2017-01-20 18:00,2215,22,21,0.00,92,0.01,,10.5,2.2,0.10,0.12,20.0,9.3,18.0,3.3,2.7,31,32,33,35,37
2017-01-20 19:00,2215,22,20,0.00,69,0.01,,11.1,3.8,0.09,0.12,20.0,9.3,18.0,3.5,2.0,31,32,33,35,37
2017-01-20 20:00,2215,20,18,0.00,87,0.02,,5.2,2.3,0.09,0.11,20.0,9.3,18.0,3.5,2.7,31,32,33,35,37
2017-01-20 21:00,2215,20,17,0.00,86,0.02,,4.4,2.2,0.09,0.10,20.0,9.3,18.0,3.3,3.2,31,32,33,35,37
2017-01-20 22:00,2215,19,16,0.00,82,0.04,,6.8,2.9,0.08,0.10,20.0,9.0,18.0,3.5,2.7,31,32,33,35,37
2017-01-20 23:00,2215,20,17,0.00,76,0.02,,9.4,3.4,0.08,0.10,20.0,9.2,18.0,4.0,2.7,31,32,33,35,37
2017-01-21 00:00,2215,19,17,0.00,78,0.06,,7.3,2.5,0.08,0.10,20.0,9.0,18.0,3.3,3.0,31,32,33,35,37
2017-01-21 01:00,2215,18,17,0.00,78,0.03,,8.9,4.7,0.08,0.10,20.0,9.3,17.9,3.3,2.0,31,32,33,35,37
2017-01-21 02:00,2215,19,18,0.00,80,0.02,,13.3,5.5,0.08,0.10,19.6,9.5,18.0,3.3,2.0,31,32,33,35,37
2017-01-21 03:00,2215,18,17,0.00,82,0.03,,14.0,7.1,0.08,0.10,19.6,9.3,18.0,3.5,2.0,31,32,33,35,37
2017-01-21 04:00,2215,21,17,0.00,74,0.02,,18.6,10.3,0.07,0.11,19.6,9.2,18.0,3.5,2.7,31,32,33,35,37
2017-01-21 05:00,2215,20,18,0.00,60,0.03,,14.0,7.2,0.07,0.10,19.6,9.2,17.9,3.3,2.0,31,32,33,35,37
2017-01-21 06:00,2215,20,18,0.00,66,0.21,,7.7,3.2,0.07,0.11,19.6,9.2,17.9,3.5,2.7,31,32,33,35,37
2017-01-21 07:00,2215,20,17,0.00,70,40.13,,5.8,1.3,0.08,0.10,19.6,9.2,17.9,3.5,2.0,31,32,33,35,37
2017-01-21 08:00,2215,21,19,0.00,76,148.60,,5.4,2.4,0.08,0.10,19.7,9.2,18.0,3.3,2.7,31,32,33,35,37
2017-01-21 09:00,2215,23,21,0.00,79,246.50,,5.9,2.8,0.09,0.12,19.7,9.2,18.0,3.5,3.2,31,32,33,35,37
2017-01-21 10:00,2215,28,23,0.01,66,404.60,,9.7,2.7,0.09,0.13,19.6,9.2,18.0,3.5,2.3,31,32,33,35,37
2017-01-21 11:00,2215,28,25,0.01,58,610.70,,14.5,7.6,0.08,0.14,19.6,9.5,18.1,3.3,2.0,31,32,33,35,37
2017-01-21 12:00,2215,28,28,0.00,55,656.00,,14.3,7.9,0.08,0.15,19.6,9.5,18.0,3.5,3.0,31,32,33,35,37
2017-01-21 13:00,2215,28,28,0.00,52,519.80,,15.3,8.1,0.08,0.15,19.6,9.5,18.1,3.5,1.8,31,32,33,35,37
2017-01-21 14:00,2215,29,28,0.00,48,422.60,,10.4,5.0,0.07,0.16,19.7,9.5,18.0,3.3,3.0,31,32,33,35,37
2017-01-21 15:00,2215,29,27,0.00,44,223.00,,13.1,7.1,0.07,0.15,19.7,9.5,17.9,3.3,1.8,31,32,33,35,37
2017-01-21 16:00,2215,27,22,0.00,49,48.80,,8.3,3.9,0.07,0.13,19.7,9.5,18.1,3.3,2.0,31,32,33,35,37
2017-01-21 17:00,2215,24,21,0.00,54,0.77,,9.6,3.7,0.06,0.12,19.7,9.5,18.0,3.5,2.0,31,32,33,35,37
2017-01-21 18:00,2215,26,21,0.00,49,0.01,,13.3,3.3,0.06,0.13,19.7,9.3,18.0,3.3,2.0,31,32,33,35,37
2017-01-21 19:00,2215,27,25,0.00,45,0.01,,15.2,6.2,0.06,0.14,19.7,9.5,18.0,3.3,2.0,31,32,33,35,37
2017-01-21 20:00,2215,26,25,0.00,44,0.00,,11.0,5.8,0.06,0.14,19.7,9.7,18.0,3.5,2.7,31,32,33,35,37
2017-01-21 21:00,2215,26,24,0.00,50,0.01,,11.2,2.9,0.07,0.13,19.7,9.3,17.9,3.3,1.8,31,32,33,35,37
2017-01-21 22:00,2215,27,24,0.00,54,0.01,,18.7,10.5,0.09,0.13,19.7,9.7,18.0,3.3,2.0,31,32,33,35,37
2017-01-21 23:00,2215,27,25,0.00,75,0.01,,25.3,16.4,0.11,0.14,19.7,9.7,18.0,3.3,2.7,31,32,33,35,37
2017-01-22 00:00,2215,27,25,0.00,77,0.01,,23.3,13.2,0.11,0.14,19.7,9.7,17.9,3.5,2.5,31,32,33,35,37
2017-01-22 01:00,2215,29,25,0.00,79,0.00,,25.2,13.3,0.12,0.15,19.7,9.7,17.9,3.3,2.0,31,32,33,35,37
2017-01-22 02:00,2215,31,29,0.00,75,0.00,,22.5,7.4,0.13,0.16,19.7,9.4,18.0,3.0,1.8,31,32,33,35,37
2017-01-22 03:00,2215,31,27,0.00,80,0.00,,21.9,11.2,0.13,0.16,19.7,9.4,18.0,3.5,2.5,31,32,33,35,37
2017-01-22 04:00,2215,28,26,0.00,91,0.00,,24.5,15.4,0.13,0.15,19.5,9.4,18.0,3.3,1.8,31,32,33,35,37
2017-01-22 05:00,2215,30,26,0.00,91,0.00,,25.1,13.4,0.14,0.15,19.5,9.4,18.0,3.5,3.5,31,32,33,35,37
2017-01-22 06:00,2215,31,30,0.00,90,0.02,,15.1,5.9,0.15,0.17,19.5,9.2,18.0,3.3,2.8,31,32,33,35,37
2017-01-22 07:00,2215,31,30,0.00,89,10.68,,18.0,6.4,0.15,0.17,19.5,9.2,18.0,3.0,2.7,31,32,33,35,37
2017-01-22 08:00,2215,31,30,0.00,91,66.66,,16.5,6.3,0.15,0.17,19.6,9.2,18.0,3.0,1.8,31,32,33,35,37
2017-01-22 09:00,2215,31,31,0.00,88,120.80,,15.3,7.0,0.15,0.17,19.6,9.2,18.0,3.3,2.7,31,32,33,35,37
2017-01-22 10:00,2215,32,31,0.00,90,184.60,,14.3,5.9,0.16,0.17,19.5,9.7,17.9,3.3,2.0,31,32,33,35,37
2017-01-22 11:00,2215,32,32,0.08,87,237.20,,12.4,4.8,0.15,0.18,19.5,9.2,18.0,3.3,1.8,31,32,33,35,37
2017-01-22 12:00,2215,33,31,0.10,84,231.40,,20.1,7.5,0.15,0.18,19.5,9.7,18.0,3.3,2.7,31,32,33,35,37
2017-01-22 13:00,2215,31,30,0.04,87,172.40,,12.5,5.8,0.15,0.17,19.5,9.7,17.9,3.3,2.8,31,32,33,35,37
2017-01-22 14:00,2215,30,29,0.03,91,120.80,,12.9,4.9,0.15,0.17,19.7,9.7,18.0,3.3,2.7,31,32,33,35,37
2017-01-22 15:00,2215,29,27,0.01,91,73.33,,19.8,7.8,0.14,0.16,19.7,9.7,17.9,3.3,1.8,31,32,33,35,37
2017-01-22 16:00,2215,27,26,0.00,95,42.03,,17.8,7.0,0.14,0.14,19.7,9.7,18.0,3.0,1.8,31,32,33,35,37
2017-01-22 17:00,2215,28,26,0.00,94,1.16,,12.2,4.2,0.13,0.14,19.7,9.6,17.9,3.3,2.7,31,32,33,35,37
2017-01-22 18:00,2215,28,26,0.00,88,0.00,,12.2,5.4,0.14,0.15,19.6,9.7,18.0,3.5,1.8,31,32,33,35,37
2017-01-22 19:00,2215,26,26,0.00,96,0.00,,14.8,5.7,0.14,0.14,19.6,9.7,17.9,3.3,1.8,31,32,33,35,37
2017-01-22 20:00,2215,26,25,0.00,94,0.01,,13.5,4.1,0.13,0.14,19.7,9.6,18.0,3.0,2.7,31,32,33,35,37
2017-01-22 21:00,2215,25,24,0.00,96,0.00,,8.2,4.2,0.13,0.14,19.6,9.6,17.9,3.3,2.0,31,32,33,35,37
2017-01-22 22:00,2215,24,23,0.00,96,0.00,,11.5,4.1,0.12,0.13,19.7,9.6,18.0,3.0,1.8,31,32,33,35,37
2017-01-22 23:00,2215,23,21,0.00,95,0.01,,16.5,9.0,0.11,0.12,19.7,9.6,17.9,3.3,2.5,31,32,33,35,37
2017-01-23 00:00,2215,21,21,0.00,94,0.00,,10.4,4.6,0.11,0.12,19.7,9.6,18.0,3.3,2.8,31,32,33,35,37
2017-01-23 01:00,2215,21,20,0.00,94,0.00,,13.3,6.0,0.11,0.11,19.7,9.4,18.0,3.0,2.7,31,32,33,35,37
2017-01-23 02:00,2215,20,20,0.00,94,0.01,,11.1,5.9,0.10,0.11,19.7,9.6,17.9,3.3,1.8,31,32,33,35,37
2017-01-23 03:00,2215,20,19,0.00,94,0.01,,4.6,2.4,0.10,0.11,19.7,9.4,17.9,3.0,2.7,31,32,33,35,37
2017-01-23 04:00,2215,19,19,0.00,94,0.01,,5.3,2.8,0.10,0.11,19.7,9.6,18.0,3.0,2.7,31,32,33,35,37
2017-01-23 05:00,2215,19,18,0.00,93,0.01,,6.7,2.7,0.10,0.11,19.7,9.4,17.9,3.3,2.5,31,32,33,35,37
2017-01-23 06:00,2215,18,15,0.00,93,0.14,,4.9,2.2,0.09,0.09,19.7,9.9,17.9,3.7,1.8,31,32,33,35,37
2017-01-23 07:00,2215,18,15,0.00,91,12.60,,4.7,1.0,0.08,0.09,19.7,9.7,17.9,3.0,2.5,31,32,33,35,37
2017-01-23 08:00,2215,18,15,0.00,92,55.19,,6.6,2.5,0.09,0.09,19.7,9.7,18.0,3.3,2.5,31,32,33,35,37
2017-01-23 09:00,2215,23,16,0.00,90,119.60,,6.7,3.1,0.09,0.10,19.6,9.5,17.9,3.0,1.8,31,32,33,35,37
2017-01-23 10:00,2215,26,23,0.04,91,305.40,,6.3,3.0,0.12,0.13,19.7,9.7,17.9,4.0,2.7,31,32,33,35,37
2017-01-23 11:00,2215,25,22,0.10,91,437.00,,10.6,3.8,0.12,0.13,19.6,9.7,18.0,3.0,1.8,31,32,33,35,37
2017-01-23 12:00,2215,24,21,0.15,90,372.80,,11.7,3.7,0.12,0.13,19.7,9.7,17.9,3.3,2.8,31,32,33,35,37
2017-01-23 13:00,2215,28,20,0.03,89,328.90,,14.0,5.0,0.11,0.12,19.7,9.5,18.0,3.3,2.7,31,32,33,35,37
2017-01-23 14:00,2215,28,20,0.01,91,337.20,,14.4,5.7,0.11,0.13,19.7,9.5,17.9,3.3,2.7,31,32,33,35,37
2017-01-23 15:00,2215,21,18,0.00,88,200.10,,8.7,4.3,0.10,0.11,19.7,9.5,17.9,3.0,2.7,31,32,33,35,37
2017-01-23 16:00,2215,18,10,0.00,88,82.70,,8.5,4.2,0.08,0.09,19.7,9.5,17.9,3.3,3.2,31,32,33,35,37
2017-01-23 17:00,2215,10,4,0.00,86,1.48,,6.3,3.0,0.05,0.06,19.7,9.5,18.0,3.3,2.0,31,32,33,35,37
2017-01-23 18:00,2215,9,4,0.00,83,0.14,,7.0,2.5,0.05,0.06,19.7,9.5,17.9,3.3,2.7,31,32,33,35,37
2017-01-23 19:00,2215,7,4,0.00,82,0.11,,10.4,5.1,0.05,0.06,19.7,9.5,18.0,3.0,1.8,31,32,33,35,37
2017-01-23 20:00,2215,6,3,0.00,77,0.12,,6.5,2.9,0.04,0.06,19.7,9.5,18.0,3.3,2.5,31,32,33,35,37
2017-01-23 21:00,2215,6,2,0.00,79,0.11,,6.3,2.2,0.04,0.05,19.7,9.5,18.0,3.0,2.5,31,32,33,35,37
2017-01-23 22:00,2215,4,2,0.00,79,0.13,,6.6,2.5,0.04,0.05,19.7,9.5,17.9,3.0,2.5,31,32,33,35,37
2017-01-23 23:00,2215,8,2,0.00,81,0.13,,8.6,4.9,0.04,0.06,19.7,9.5,17.9,3.0,2.7,31,32,33,35,37
2017-01-24 00:00,2215,6,5,0.00,75,0.10,,8.8,4.7,0.04,0.06,19.7,9.5,18.0,3.0,2.7,31,32,33,35,37
2017-01-24 01:00,2215,7,4,0.00,75,0.09,,9.4,5.2,0.04,0.06,19.7,9.5,17.9,3.0,2.7,31,32,33,35,37
2017-01-24 02:00,2215,7,3,0.00,79,0.10,,9.1,3.4,0.04,0.06,19.7,9.8,18.0,3.7,2.8,31,32,33,35,37
2017-01-24 03:00,2215,3,1,0.00,76,0.12,,5.8,2.9,0.04,0.05,19.7,9.8,17.9,3.7,2.0,31,32,33,35,37
2017-01-24 04:00,2215,6,3,0.00,79,0.12,,9.6,5.5,0.04,0.06,19.7,9.8,18.0,3.7,2.7,31,32,33,35,37
2017-01-24 05:00,2215,3,2,0.00,75,0.11,,6.6,2.5,0.04,0.05,19.7,9.8,17.9,3.0,2.5,31,32,33,35,37
2017-01-24 06:00,2215,7,1,0.00,79,0.34,,6.1,2.6,0.04,0.05,19.7,9.8,18.0,3.0,2.7,31,32,33,35,37
2017-01-24 07:00,2215,7,1,0.00,79,29.98,,4.9,2.3,0.04,0.05,19.4,9.8,17.9,3.0,2.7,31,32,33,35,37
2017-01-24 08:00,2215,13,7,0.00,75,147.90,,3.0,0.8,0.05,0.07,19.5,9.8,18.0,3.0,2.7,31,32,33,35,37
2017-01-24 09:00,2215,17,13,0.00,72,220.20,,3.1,1.1,0.06,0.09,19.4,9.4,18.0,3.0,3.2,31,32,33,35,37
2017-01-24 10:00,2215,20,16,0.00,69,384.20,,4.0,1.4,0.07,0.10,19.7,9.8,17.9,3.0,2.7,31,32,33,35,37
2017-01-24 11:00,2215,21,20,0.00,65,576.30,,3.5,1.4,0.07,0.11,19.7,9.8,18.3,3.0,1.8,31,32,33,35,37
2017-01-24 12:00,2215,22,19,0.00,63,533.30,,6.1,2.7,0.07,0.11,19.4,9.8,18.3,3.0,1.8,31,32,33,35,37
2017-01-24 13:00,2215,21,20,0.00,57,569.70,,6.0,3.7,0.06,0.12,19.4,9.8,17.9,3.0,2.7,31,32,33,35,37
2017-01-24 14:00,2215,23,20,0.00,56,449.00,,5.5,2.2,0.06,0.12,19.5,9.8,17.9,3.0,2.7,31,32,33,35,37
2017-01-24 15:00,2215,21,17,0.00,55,290.50,,5.1,1.8,0.06,0.11,19.8,9.8,18.0,3.7,1.8,31,32,33,35,37
2017-01-24 16:00,2215,20,11,0.00,59,89.80,,6.1,3.3,0.06,0.09,19.4,9.8,18.0,3.0,1.8,31,32,33,35,37
2017-01-24 17:00,2215,12,7,0.00,69,1.86,,6.3,3.6,0.05,0.07,19.4,9.8,18.3,3.0,1.8,31,32,33,35,37
2017-01-24 18:00,2215,8,3,0.00,71,0.11,,6.3,2.8,0.04,0.06,19.5,9.7,17.9,3.0,2.8,31,32,33,35,37
2017-01-24 19:00,2215,8,3,0.00,75,0.12,,6.2,3.6,0.04,0.06,19.5,9.7,18.2,3.0,2.7,31,32,33,35,37
2017-01-24 20:00,2215,8,7,0.00,75,0.08,,7.7,3.7,0.05,0.06,19.5,9.7,18.0,3.0,1.8,31,32,33,35,37
2017-01-24 21:00,2215,8,4,0.00,84,0.08,,5.6,2.7,0.05,0.06,19.5,9.7,17.9,3.7,2.5,31,32,33,35,37
2017-01-24 22:00,2215,5,4,0.00,83,0.08,,9.6,5.0,0.04,0.06,19.5,9.7,17.9,3.7,2.7,31,32,33,35,37
2017-01-24 23:00,2215,8,4,0.00,78,0.07,,9.4,5.8,0.05,0.06,19.5,10.0,18.0,3.0,2.7,31,32,33,35,37
2017-01-25 00:00,2215,7,2,0.00,72,0.06,,8.8,4.8,0.04,0.06,19.5,10.0,17.9,3.0,2.5,31,32,33,35,37
2017-01-25 01:00,2215,8,4,0.00,78,0.08,,9.8,4.0,0.04,0.06,19.5,9.8,17.9,3.0,2.7,31,32,33,35,37
2017-01-25 02:00,2215,7,2,0.00,73,0.10,,9.1,3.6,0.04,0.06,19.5,10.0,17.9,3.0,2.7,31,32,33,35,37
2017-01-25 03:00,2215,9,2,0.00,67,0.09,,7.2,3.4,0.03,0.06,19.5,10.0,18.3,3.0,2.7,31,32,33,35,37
2017-01-25 04:00,2215,7,2,0.00,59,0.09,,6.7,3.0,0.03,0.06,19.5,9.8,17.9,3.0,2.5,31,32,33,35,37
2017-01-25 05:00,2215,8,2,0.00,57,0.11,,6.7,2.7,0.03,0.06,19.5,10.0,17.9,3.0,2.5,31,32,33,35,37
2017-01-25 06:00,2215,12,6,0.00,48,0.39,,11.2,4.1,0.03,0.06,19.5,10.0,17.9,3.0,2.5,31,32,33,35,37
2017-01-25 07:00,2215,12,10,0.00,42,35.67,,7.7,3.5,0.03,0.07,19.5,9.8,17.9,3.0,2.8,31,32,33,35,37
2017-01-25 08:00,2215,23,10,0.00,48,305.60,,5.1,2.2,0.04,0.08,19.5,9.8,18.0,3.0,2.5,31,32,33,35,37
2017-01-25 09:00,2215,24,22,0.00,31,372.30,,6.4,1.8,0.04,0.12,19.5,10.0,17.9,3.0,1.8,31,32,33,35,37
2017-01-25 10:00,2215,27,23,0.00,34,429.40,,5.4,1.7,0.04,0.13,19.5,10.0,17.9,3.0,2.8,31,32,33,35,37
2017-01-25 11:00,2215,30,27,0.00,30,638.10,,7.3,3.2,0.04,0.15,19.5,9.8,17.9,3.0,2.7,31,32,33,35,37
2017-01-25 12:00,2215,31,26,0.00,28,683.60,,5.9,1.7,0.04,0.17,19.5,10.0,18.2,3.0,2.7,31,32,33,35,37
2017-01-25 13:00,2215,30,26,0.00,26,539.20,,8.0,4.4,0.04,0.15,19.5,9.8,17.9,3.7,2.7,31,32,33,35,37
2017-01-25 14:00,2215,27,25,0.00,36,265.30,,5.5,2.9,0.05,0.14,19.5,9.8,17.9,3.0,2.7,31,32,33,35,37
2017-01-25 15:00,2215,26,24,0.00,40,264.30,,6.8,3.0,0.06,0.14,19.5,9.6,18.3,3.0,2.8,31,32,33,35,37
2017-01-25 16:00,2215,24,20,0.00,46,88.60,,6.2,2.5,0.06,0.12,19.5,9.6,18.3,3.0,2.5,31,32,33,35,37
2017-01-25 17:00,2215,20,16,0.00,57,1.67,,7.3,2.9,0.06,0.10,19.5,9.8,17.9,3.0,2.7,31,32,33,35,37
2017-01-25 18:00,2215,16,15,0.00,72,0.06,,6.7,3.1,0.07,0.09,19.2,9.6,17.9,3.7,2.5,31,32,33,35,37
2017-01-25 19:00,2215,17,15,0.00,77,0.02,,5.8,3.0,0.07,0.09,19.5,9.6,18.0,3.7,2.5,31,32,33,35,37
2017-01-25 20:00,2215,16,13,0.00,80,0.03,,5.7,1.5,0.07,0.09,19.5,9.6,18.0,3.7,2.5,31,32,33,35,37
2017-01-25 21:00,2215,13,9,0.00,81,0.06,,4.4,2.4,0.06,0.08,19.5,9.6,18.2,3.7,2.5,31,32,33,35,37
2017-01-25 22:00,2215,9,6,0.00,85,0.09,,6.0,2.7,0.05,0.06,19.7,9.6,18.2,3.7,2.5,31,32,33,35,37
2017-01-25 23:00,2215,12,7,0.00,84,0.08,,4.9,2.4,0.06,0.07,19.5,9.6,18.3,3.0,2.5,31,32,33,35,37
2017-01-26 00:00,2215,17,11,0.00,83,0.04,,3.7,1.4,0.07,0.09,19.5,9.6,18.2,3.0,3.2,31,32,33,35,37
2017-01-26 01:00,2215,18,17,0.00,78,0.02,,4.3,1.8,0.08,0.10,19.3,9.9,18.0,3.0,2.5,31,32,33,35,37
2017-01-26 02:00,2215,17,17,0.00,79,0.02,,6.7,3.0,0.08,0.09,19.3,9.6,18.2,3.7,2.5,31,32,33,35,37
2017-01-26 03:00,2215,17,10,0.00,78,0.04,,8.0,4.5,0.07,0.09,19.5,9.6,18.2,3.0,2.5,31,32,33,35,37
2017-01-26 04:00,2215,12,10,0.00,76,0.05,,6.9,3.5,0.06,0.07,19.5,9.9,18.0,3.7,2.5,31,32,33,35,37
2017-01-26 05:00,2215,15,11,0.00,74,0.04,,7.7,3.7,0.06,0.08,19.3,9.9,18.2,3.7,2.5,31,32,33,35,37
2017-01-26 06:00,2215,15,14,0.00,74,0.33,,7.4,2.9,0.06,0.09,19.3,9.9,18.0,3.7,2.7,31,32,33,35,37
2017-01-26 07:00,2215,16,13,0.00,71,12.78,,12.5,4.1,0.06,0.09,19.5,9.6,18.0,3.7,2.5,31,32,33,35,37
2017-01-26 08:00,2215,20,13,0.00,74,260.80,,4.9,1.4,0.07,0.10,19.5,9.9,18.2,3.7,2.5,31,32,33,35,37
2017-01-26 09:00,2215,23,19,0.00,66,328.10,,2.8,1.0,0.07,0.11,19.3,9.6,18.2,3.0,1.8,31,32,33,35,37
2017-01-26 10:00,2215,24,23,0.00,62,450.60,,6.1,2.4,0.08,0.13,19.5,9.6,17.9,3.7,2.7,31,32,33,35,37
2017-01-26 11:00,2215,26,23,0.00,69,597.00,,7.1,3.1,0.09,0.13,19.5,9.9,18.2,3.7,2.5,31,32,33,35,37
2017-01-26 12:00,2215,27,25,0.00,62,565.90,,6.9,3.2,0.09,0.14,19.5,9.6,18.0,3.0,2.5,31,32,33,35,37
2017-01-26 13:00,2215,28,24,0.00,60,564.30,,6.1,3.2,0.09,0.14,19.4,9.9,18.0,3.0,2.7,31,32,33,35,37
2017-01-26 14:00,2215,25,23,0.00,68,290.70,,7.8,3.5,0.09,0.13,19.5,9.6,18.0,3.7,2.5,31,32,33,35,37
2017-01-26 15:00,2215,23,21,0.00,77,194.70,,8.9,3.6,0.09,0.12,19.5,9.6,18.0,3.7,2.5,31,32,33,35,37
2017-01-26 16:00,2215,21,19,0.00,79,61.99,,6.4,2.8,0.09,0.11,19.5,9.9,18.0,3.7,2.5,31,32,33,35,37
2017-01-26 17:00,2215,19,19,0.00,86,1.45,,9.5,3.0,0.09,0.11,19.5,9.6,18.0,3.7,2.5,31,32,33,35,37
2017-01-26 18:00,2215,19,18,0.00,87,0.02,,8.1,4.2,0.09,0.10,19.3,9.9,18.0,3.7,2.5,31,32,33,35,37
2017-01-26 19:00,2215,18,17,0.00,85,0.03,,6.9,2.5,0.08,0.10,19.6,9.6,18.0,3.7,2.5,31,32,33,35,37
2017-01-26 20:00,2215,17,16,0.00,84,0.04,,6.5,2.4,0.08,0.09,19.5,9.9,18.0,3.7,2.5,31,32,33,35,37
2017-01-26 21:00,2215,16,8,0.00,83,0.06,,7.4,2.8,0.07,0.08,19.6,9.6,18.0,3.7,2.5,31,32,33,35,37
2017-01-26 22:00,2215,10,8,0.00,88,0.10,,4.7,2.4,0.06,0.06,19.6,9.6,18.0,3.7,2.5,31,32,33,35,37
2017-01-26 23:00,2215,8,5,0.00,87,0.11,,9.2,4.9,0.05,0.06,19.6,9.9,18.0,3.4,2.7,31,32,33,35,37
2017-01-27 00:00,2215,9,4,0.00,81,0.12,,9.5,4.5,0.04,0.06,19.6,9.6,18.0,3.7,2.5,31,32,33,35,37
2017-01-27 01:00,2215,9,2,0.00,65,0.16,,8.4,3.4,0.04,0.06,19.6,9.6,18.0,3.7,2.5,31,32,33,35,37
2017-01-27 02:00,2215,7,4,0.00,70,0.14,,13.5,6.1,0.04,0.06,19.1,9.6,18.0,3.4,3.0,31,32,33,35,37
2017-01-27 03:00,2215,6,2,0.00,62,0.14,,5.9,3.3,0.04,0.05,19.3,9.9,18.0,3.7,2.5,31,32,33,35,37
2017-01-27 04:00,2215,9,2,0.00,66,0.14,,7.2,2.6,0.04,0.06,19.3,9.6,18.0,3.7,3.0,31,32,33,35,37
2017-01-27 05:00,2215,7,1,0.00,69,0.15,,6.4,2.7,0.04,0.05,19.3,9.6,18.0,3.4,2.7,31,32,33,35,37
2017-01-27 06:00,2215,7,2,0.00,64,0.58,,7.7,3.5,0.03,0.05,19.3,9.9,18.0,3.4,2.2,31,32,33,35,37
2017-01-27 07:00,2215,7,2,0.00,48,15.97,,7.9,2.6,0.03,0.06,19.3,9.6,18.0,3.4,2.5,31,32,33,35,37
2017-01-27 08:00,2215,18,3,0.00,49,251.00,,7.4,3.2,0.03,0.07,19.3,9.9,18.0,3.0,2.5,31,32,33,35,37
2017-01-27 09:00,2215,24,18,0.00,35,442.60,,4.8,1.3,0.03,0.12,19.3,9.8,18.0,3.0,3.4,31,32,33,35,37
2017-01-27 10:00,2215,32,23,0.00,27,571.60,,5.0,2.4,0.04,0.14,19.3,9.6,18.0,3.7,2.5,31,32,33,35,37
2017-01-27 11:00,2215,38,30,0.00,16,610.90,,5.5,1.7,0.04,0.20,19.3,9.6,18.0,3.4,2.5,31,32,33,35,37
2017-01-27 12:00,2215,33,30,0.00,30,523.40,,6.3,3.1,0.05,0.17,19.3,9.6,18.0,3.7,2.7,31,32,33,35,37
2017-01-27 13:00,2215,37,33,0.00,26,582.10,,5.4,2.3,0.04,0.20,19.3,9.6,18.0,3.7,2.5,31,32,33,35,37
2017-01-27 14:00,2215,37,31,0.00,28,463.40,,6.6,2.9,,,19.3,9.6,18.0,3.7,2.5,31,32,33,35,37
2017-01-27 15:00,2215,33,28,0.00,35,296.00,,6.1,2.5,0.06,0.17,,,,,,,,,,
2017-01-27 16:00,2215,28,22,0.00,38,99.40,,6.9,3.5,0.06,0.13,19.3,9.6,18.0,3.7,2.2,31,32,33,35,37
2017-01-27 17:00,2215,24,21,0.00,43,2.33,,9.6,4.5,0.05,0.12,19.3,9.8,18.0,3.0,2.5,31,32,33,35,37
2017-01-27 18:00,2215,22,13,0.00,37,0.03,,5.7,3.2,0.04,0.10,19.3,9.6,18.0,3.4,2.2,31,32,33,35,37
2017-01-27 19:00,2215,17,13,0.00,53,0.04,,6.5,3.0,0.04,0.09,19.3,9.6,18.0,3.4,2.5,31,32,33,35,37
2017-01-27 20:00,2215,18,15,0.00,51,0.04,,6.4,3.1,0.04,0.09,19.3,9.6,18.0,3.4,2.5,31,32,33,35,37
2017-01-27 21:00,2215,16,14,0.00,48,0.04,,6.1,3.3,0.04,0.09,19.3,9.6,18.0,3.7,2.5,31,32,33,35,37
2017-01-27 22:00,2215,21,16,0.00,46,0.02,,7.9,4.0,0.04,0.10,19.3,9.6,18.0,3.7,2.5,31,32,33,35,37
2017-01-27 23:00,2215,20,14,0.00,45,0.04,,6.8,2.9,0.05,0.10,19.3,9.6,18.0,3.7,2.5,31,32,33,35,37
2017-01-28 00:00,2215,18,14,0.00,53,0.04,,8.6,2.6,0.04,0.09,19.3,9.6,18.0,3.4,2.2,31,32,33,35,37
2017-01-28 01:00,2215,22,16,0.00,46,0.04,,8.0,3.6,0.04,0.10,19.3,9.6,18.0,3.7,2.5,31,32,33,35,37
2017-01-28 02:00,2215,22,14,0.00,38,0.03,,10.2,4.6,0.04,0.11,19.3,9.6,17.9,3.4,2.2,31,32,33,35,37
2017-01-28 03:00,2215,19,14,0.00,40,0.04,,10.4,4.1,0.04,0.10,19.3,9.6,17.9,3.4,2.5,31,32,33,35,37
2017-01-28 04:00,2215,18,14,0.00,48,0.04,,9.1,3.3,0.04,0.09,19.3,9.6,18.0,3.4,2.5,31,32,33,35,37
2017-01-28 05:00,2215,18,16,0.00,41,0.04,,6.3,2.4,0.04,0.10,19.3,9.6,17.9,3.7,2.5,31,32,33,35,37
2017-01-28 06:00,2215,18,14,0.00,42,0.90,,6.1,3.3,0.04,0.09,19.3,9.6,18.0,3.7,2.7,31,32,33,35,37
2017-01-28 07:00,2215,19,17,0.00,40,13.35,,7.6,2.8,0.04,0.10,19.5,9.6,18.0,3.7,2.5,31,32,33,35,37
2017-01-28 08:00,2215,29,19,0.00,34,267.30,,9.7,3.6,0.04,0.13,19.3,9.6,18.0,3.4,2.5,31,32,33,35,37
2017-01-28 09:00,2215,33,25,0.00,32,458.70,,6.5,2.5,0.05,0.15,19.1,9.6,18.0,3.7,2.5,31,32,33,35,37
2017-01-28 10:00,2215,37,33,0.00,28,576.80,,6.0,2.1,0.05,0.20,19.1,9.6,18.0,3.7,2.5,31,32,33,35,37
2017-01-28 11:00,2215,44,37,0.00,24,650.90,,6.1,2.3,0.06,0.24,19.2,9.8,18.0,3.4,2.5,31,32,33,35,37
2017-01-28 12:00,2215,45,42,0.00,23,656.80,,3.8,1.3,0.06,0.28,19.2,9.6,18.0,3.4,2.5,31,32,33,35,37
2017-01-28 13:00,2215,44,40,0.00,26,592.40,,5.7,2.6,0.07,0.26,19.2,9.6,18.0,3.0,2.5,31,32,33,35,37
2017-01-28 14:00,2215,44,38,0.00,28,473.90,,5.0,2.0,0.08,0.26,19.2,9.8,17.9,3.4,2.2,31,32,33,35,37
2017-01-28 15:00,2215,38,33,0.00,31,304.40,,6.1,3.3,0.08,0.22,19.2,9.8,18.0,3.0,2.2,31,32,33,35,37
2017-01-28 16:00,2215,33,28,0.00,42,100.90,,5.2,2.6,0.08,0.17,19.2,9.8,18.0,3.7,2.5,31,32,33,35,37
2017-01-28 17:00,2215,28,22,0.00,43,2.42,,7.2,3.5,0.06,0.13,19.3,9.8,18.0,3.7,2.2,31,32,33,35,37
2017-01-28 18:00,2215,26,20,0.00,45,0.03,,8.0,3.6,0.05,0.13,19.2,9.6,18.0,3.7,2.5,31,32,33,35,37
2017-01-28 19:00,2215,26,20,0.00,45,0.02,,8.5,4.9,0.05,0.13,19.3,9.6,18.0,3.4,2.5,31,32,33,35,37
2017-01-28 20:00,2215,27,21,0.00,42,0.02,,10.4,6.8,0.04,0.13,19.3,9.8,17.9,3.7,2.5,31,32,33,35,37
2017-01-28 21:00,2215,27,19,0.00,29,0.03,,8.3,3.0,0.04,0.12,19.3,9.6,18.0,3.7,2.5,31,32,33,35,37
2017-01-28 22:00,2215,21,18,0.00,42,0.03,,7.9,3.2,0.04,0.10,19.3,9.8,18.0,3.7,2.7,31,32,33,35,37
2017-01-28 23:00,2215,23,19,0.00,38,0.03,,6.6,2.8,0.04,0.12,19.3,9.8,17.9,3.4,2.5,31,32,33,35,37
2017-01-29 00:00,2215,25,19,0.00,42,0.02,,6.5,2.9,0.04,0.12,19.3,9.6,18.0,3.7,2.5,31,32,33,35,37
2017-01-29 01:00,2215,23,19,0.00,40,0.05,,5.5,2.6,0.04,0.11,19.3,9.8,18.0,3.7,2.5,31,32,33,35,37
2017-01-29 02:00,2215,21,17,0.00,40,0.04,,4.5,2.5,0.04,0.11,19.3,9.8,18.3,3.7,2.2,31,32,33,35,37
2017-01-29 03:00,2215,20,19,0.00,41,0.04,,5.6,2.6,0.04,0.11,19.1,9.8,18.0,3.7,2.5,31,32,33,35,37
2017-01-29 04:00,2215,19,18,0.00,42,0.03,,4.1,2.6,0.04,0.10,19.3,9.6,18.0,3.7,2.2,31,32,33,35,37
2017-01-29 05:00,2215,19,18,0.00,41,0.05,,4.6,2.9,0.04,0.10,19.3,9.6,18.0,3.4,2.5,31,32,33,35,37
2017-01-29 06:00,2215,20,18,0.00,40,0.74,,5.9,2.8,0.04,0.10,19.3,9.8,18.0,3.4,2.5,31,32,33,35,37
2017-01-29 07:00,2215,20,18,0.00,40,14.07,,6.9,2.8,0.04,0.11,19.1,9.8,18.0,3.4,2.5,31,32,33,35,37
2017-01-29 08:00,2215,28,19,0.00,40,274.50,,6.9,2.7,0.05,0.14,19.1,10.0,18.0,3.7,2.2,31,32,33,35,37
2017-01-29 09:00,2215,35,28,0.00,34,444.00,,5.4,2.1,0.05,0.17,19.2,10.0,18.0,3.7,2.2,31,32,33,35,37
2017-01-29 10:00,2215,40,35,0.00,29,582.50,,5.1,2.4,0.06,0.22,19.2,10.0,18.0,3.4,2.5,31,32,33,35,37
2017-01-29 11:00,2215,44,40,0.00,24,652.10,,5.1,3.2,0.06,0.27,19.2,10.0,18.0,3.7,2.5,31,32,33,35,37
2017-01-29 12:00,2215,46,42,0.00,21,638.10,,6.4,3.5,0.07,0.28,19.2,10.0,18.0,3.7,2.5,31,32,33,35,37
2017-01-29 13:00,2215,46,43,0.00,19,551.10,,6.3,3.3,0.07,0.29,19.2,10.0,18.0,3.4,2.7,31,32,33,35,37
2017-01-29 14:00,2215,44,40,0.00,25,443.60,,8.1,3.8,0.07,0.27,19.2,10.0,18.0,3.7,2.2,31,32,33,35,37
2017-01-29 15:00,2215,44,37,0.00,25,260.20,,6.4,3.1,0.08,0.25,19.2,10.0,18.0,3.4,2.2,31,32,33,35,37
2017-01-29 16:00,2215,38,33,0.00,36,81.70,,8.6,3.7,0.07,0.22,19.2,10.0,18.0,3.4,2.5,31,32,33,35,37
2017-01-29 17:00,2215,33,29,0.00,34,3.54,,7.6,2.8,0.06,0.17,19.2,10.0,18.0,3.7,2.5,31,32,33,35,37
2017-01-29 18:00,2215,34,27,0.00,38,0.00,,9.0,3.6,0.05,0.17,19.2,10.0,18.0,3.4,2.5,31,32,33,35,37
2017-01-29 19:00,2215,32,27,0.00,28,0.01,,8.9,3.3,0.05,0.16,19.2,10.0,17.9,3.7,2.5,31,32,33,35,37
2017-01-29 20:00,2215,31,25,0.00,36,0.02,,10.2,3.8,0.06,0.14,19.2,9.7,18.0,3.4,2.2,31,32,33,35,37
2017-01-29 21:00,2215,31,27,0.00,31,0.02,,8.0,3.3,0.05,0.15,19.2,9.7,18.0,3.4,2.5,31,32,33,35,37
2017-01-29 22:00,2215,31,25,0.00,28,0.01,,6.6,2.4,0.06,0.15,19.3,10.0,18.0,3.4,2.5,31,32,33,35,37
2017-01-29 23:00,2215,32,25,0.00,42,0.01,,10.3,4.8,0.06,0.15,19.3,9.7,18.0,3.4,2.2,31,32,33,35,37
2017-01-30 00:00,2215,32,28,0.00,30,0.00,,11.4,3.6,0.06,0.17,19.2,10.0,18.0,3.4,2.7,31,32,33,35,37
2017-01-30 01:00,2215,28,24,0.00,41,0.01,,7.1,2.6,0.06,0.15,19.3,9.7,18.0,3.4,2.5,31,32,33,35,37
2017-01-30 02:00,2215,30,23,0.00,40,0.01,,8.9,4.5,0.05,0.14,18.9,10.0,18.0,3.7,2.5,31,32,33,35,37
2017-01-30 03:00,2215,29,23,0.00,40,0.01,,9.3,4.4,0.05,0.14,18.9,10.0,18.0,3.4,2.2,31,32,33,35,37
2017-01-30 04:00,2215,29,21,0.00,29,0.01,,9.8,4.0,0.05,0.14,18.9,9.7,18.0,3.4,2.2,31,32,33,35,37
2017-01-30 05:00,2215,27,22,0.00,42,0.02,,5.7,3.0,0.05,0.13,19.0,9.7,18.0,3.4,2.5,31,32,33,35,37
2017-01-30 06:00,2215,27,22,0.00,41,0.65,,5.9,2.5,0.05,0.13,19.0,9.7,18.0,3.4,2.5,31,32,33,35,37
2017-01-30 07:00,2215,31,26,0.00,36,16.07,,7.3,2.7,0.05,0.15,18.9,9.7,18.6,3.4,2.5,31,32,33,35,37
2017-01-30 08:00,2215,39,29,0.00,33,273.30,,7.3,2.9,0.06,0.19,19.0,9.7,18.0,3.4,2.5,31,32,33,35,37
2017-01-30 09:00,2215,42,39,0.00,24,438.00,,7.0,4.0,0.06,0.25,19.0,9.7,18.2,3.4,3.0,31,32,33,35,37
2017-01-30 10:00,2215,44,42,0.00,26,569.50,,7.6,6.1,0.07,0.27,19.0,9.7,18.0,3.4,2.2,31,32,33,35,37
2017-01-30 11:00,2215,47,44,0.00,25,622.00,,7.0,4.6,0.08,0.31,19.0,9.7,18.0,3.4,2.5,31,32,33,35,37
2017-01-30 12:00,2215,47,43,0.00,23,468.30,,8.4,5.0,0.09,0.31,19.0,9.7,18.0,3.4,2.5,31,32,33,35,37
2017-01-30 13:00,2215,46,44,0.00,34,371.90,,6.3,3.5,0.10,0.30,19.1,9.7,18.0,3.4,2.5,31,32,33,35,37
2017-01-30 14:00,2215,46,44,0.00,36,375.20,,4.0,2.2,0.10,0.30,19.1,9.7,18.2,3.4,2.5,31,32,33,35,37
2017-01-30 15:00,2215,45,41,0.00,34,210.80,,4.9,2.0,0.10,0.28,19.1,9.8,18.0,3.7,2.2,31,32,33,35,37
2017-01-30 16:00,2215,43,39,0.00,35,142.10,,7.7,3.0,0.09,0.27,19.1,9.8,18.2,3.4,2.5,31,32,33,35,37
2017-01-30 17:00,2215,40,34,0.00,34,3.15,,7.8,3.3,0.07,0.24,19.1,9.8,18.0,3.4,2.2,31,32,33,35,37
2017-01-30 18:00,2215,35,30,0.00,39,0.01,,10.1,3.0,0.07,0.18,18.9,9.8,18.0,3.4,2.2,31,32,33,35,37
2017-01-30 19:00,2215,36,34,0.00,34,0.00,,10.0,6.3,0.07,0.20,18.9,9.8,18.2,3.1,2.5,31,32,33,35,37
2017-01-30 20:00,2215,34,30,0.00,35,0.00,,10.8,3.6,0.06,0.18,19.1,9.8,18.2,3.4,2.2,31,32,33,35,37
2017-01-30 21:00,2215,36,29,0.00,35,0.00,,7.9,3.1,0.06,0.18,18.9,9.8,17.8,3.4,2.5,31,32,33,35,37
2017-01-30 22:00,2215,34,31,0.00,40,0.01,,6.9,2.6,0.07,0.19,18.9,9.8,18.2,3.1,2.2,31,32,33,35,37
2017-01-30 23:00,2215,33,31,0.00,38,0.01,,6.2,3.0,0.07,0.18,18.9,9.8,18.0,3.4,2.5,31,32,33,35,37
2017-01-31 00:00,2215,31,31,0.00,39,0.01,,7.5,3.1,0.07,0.17,18.9,9.8,18.0,3.4,2.5,31,32,33,35,37
2017-01-31 01:00,2215,39,31,0.00,41,0.00,,6.1,2.8,0.06,0.19,18.9,9.8,18.2,3.4,2.5,31,32,33,35,37
2017-01-31 02:00,2215,39,33,0.00,27,0.00,,6.1,2.8,0.06,0.21,19.0,9.8,18.0,3.4,2.5,31,32,33,35,37
2017-01-31 03:00,2215,39,32,0.00,20,0.00,,5.5,2.2,0.05,0.21,19.0,9.8,18.0,3.4,2.7,31,32,33,35,37
2017-01-31 04:00,2215,36,29,0.00,22,0.00,,7.9,3.9,0.05,0.19,19.0,9.8,18.0,3.4,2.5,31,32,33,35,37
2017-01-31 05:00,2215,33,28,0.00,32,0.01,,12.6,5.4,0.05,0.17,19.0,9.8,18.0,3.4,2.5,31,32,33,35,37
2017-01-31 06:00,2215,32,30,0.00,29,0.44,,9.7,5.1,0.05,0.17,19.0,9.8,18.0,3.4,2.7,31,32,33,35,37
2017-01-31 07:00,2215,32,28,0.00,24,22.08,,9.5,5.1,0.04,0.17,19.0,9.8,18.0,3.4,2.9,31,32,33,35,37
2017-01-31 08:00,2215,37,28,0.00,28,185.00,,5.4,2.9,0.04,0.19,19.0,9.8,18.2,3.4,2.2,31,32,33,35,37
2017-01-31 09:00,2215,47,36,0.00,23,311.90,,6.9,2.9,0.04,0.24,19.0,9.8,18.2,3.4,2.5,31,32,33,35,37
2017-01-31 10:00,2215,51,47,0.00,10,657.20,,6.2,3.4,0.04,0.35,19.0,9.8,18.0,3.4,2.5,31,32,33,35,37
2017-01-31 11:00,2215,50,48,0.00,14,568.00,,7.0,4.3,0.05,0.34,19.0,9.8,18.0,3.4,2.5,31,32,33,35,37
2017-01-31 12:00,2215,52,49,0.00,16,530.10,,4.6,2.0,0.05,0.37,19.0,9.8,18.0,3.4,2.5,31,32,33,35,37
2017-01-31 13:00,2215,50,46,0.00,12,347.20,,5.4,2.5,0.04,0.35,19.0,9.8,18.0,3.4,2.2,31,32,33,35,37
2017-01-31 14:00,2215,52,46,0.00,14,482.30,,6.6,2.9,0.04,0.36,19.0,9.8,18.0,3.4,2.7,31,32,33,35,37
2017-01-31 15:00,2215,51,42,0.00,9,282.40,,7.6,2.8,0.04,0.36,18.6,9.8,18.0,3.1,2.7,31,32,33,35,37
2017-01-31 16:00,2215,42,36,0.00,23,82.10,,7.2,3.8,0.06,0.25,19.0,9.8,17.8,3.4,2.2,31,32,33,35,37
2017-01-31 17:00,2215,40,33,0.00,22,4.20,,7.5,3.3,0.06,0.21,18.6,9.8,18.2,3.4,2.5,31,32,33,35,37
2017-01-31 18:00,2215,40,29,0.00,26,0.01,,8.2,3.2,0.06,0.19,19.0,9.8,18.2,3.4,2.5,31,32,33,35,37
2017-01-31 19:00,2215,40,34,0.00,21,0.00,,10.4,5.4,0.05,0.22,18.6,9.8,17.9,3.4,2.5,31,32,33,35,37
2017-01-31 20:00,2215,36,31,0.00,24,0.00,,9.1,5.2,0.05,0.20,18.6,9.8,17.8,3.4,2.2,31,32,33,35,37
2017-01-31 21:00,2215,37,31,0.00,29,0.01,,8.9,5.1,0.05,0.19,18.6,9.8,17.9,3.4,2.2,31,32,33,35,37
2017-01-31 22:00,2215,39,37,0.00,18,0.00,,9.2,5.1,0.04,0.22,18.6,9.8,18.2,3.4,2.2,31,32,33,35,37
2017-01-31 23:00,2215,39,28,0.00,13,0.00,,7.5,3.7,0.04,0.19,18.6,9.8,17.8,3.4,3.0,31,32,33,35,37
