Date,Station Id,Air Temperature Maximum (degF),Air Temperature Minimum (degF),Precipitation Increment (in),Relative Humidity (pct),Solar Radiation Average (watt/m2),Solar Radiation/langley Total (langley),Wind Speed Maximum (mph),Wind Speed Average (mph),Vapor Pressure - Partial (inch_Hg),Vapor Pressure - Saturated (inch_Hg),Soil Moisture Percent -2in (pct),Soil Moisture Percent -4in (pct),Soil Moisture Percent -8in (pct),Soil Moisture Percent -20in (pct),Soil Moisture Percent -40in (pct),Soil Temperature Observed -2in (degF),Soil Temperature Observed -4in (degF),Soil Temperature Observed -8in (degF),Soil Temperature Observed -20in (degF),Soil Temperature Observed -40in (degF)
2017-07-01 00:00,2214,57,53,0.00,47,0.00,,3.5,2.1,0.22,0.44,2.5,11.7,16.6,11.5,,83,85,80,74,
2017-07-01 01:00,2214,56,53,0.00,56,0.00,,3.8,1.7,0.23,0.43,2.4,11.7,16.6,11.1,,81,83,80,74,
2017-07-01 02:00,2214,54,51,0.00,56,0.00,,4.5,1.8,0.23,0.40,2.4,12.3,16.6,11.1,,79,82,80,74,
2017-07-01 03:00,2214,54,51,0.00,55,0.00,,4.0,1.3,0.23,0.39,2.1,10.8,16.1,11.5,,77,80,79,74,
2017-07-01 04:00,2214,54,50,0.00,56,3.42,,3.1,0.8,0.23,0.39,2.3,11.3,16.7,11.7,,75,79,79,74,
2017-07-01 05:00,2214,54,50,0.00,62,50.78,,2.1,0.4,0.25,0.39,1.1,11.1,16.3,11.1,,73,77,78,74,
2017-07-01 06:00,2214,60,54,0.00,61,180.90,,3.0,1.0,0.27,0.45,2.5,10.7,16.4,11.7,,73,76,78,74,
2017-07-01 07:00,2214,68,60,0.00,56,477.50,,4.4,1.1,0.30,0.61,2.8,11.5,16.0,11.4,,72,76,78,74,
2017-07-01 08:00,2214,72,68,0.00,46,666.20,,7.3,3.3,0.32,0.74,1.9,10.7,16.2,11.5,,73,75,77,74,
2017-07-01 09:00,2214,76,72,0.00,40,821.00,,7.6,2.9,0.33,0.85,2.3,11.5,16.2,11.3,,78,75,76,74,
2017-07-01 10:00,2214,80,76,0.00,36,928.00,,12.2,5.4,0.32,0.96,2.6,11.1,16.1,11.4,,82,77,76,74,
2017-07-01 11:00,2214,82,79,0.00,31,995.00,,13.0,6.6,0.29,1.02,2.6,11.2,15.8,11.4,,89,80,76,74,
2017-07-01 12:00,2214,82,79,0.00,26,767.50,,17.2,6.8,0.27,1.06,3.3,11.7,15.8,11.4,,94,82,76,74,
2017-07-01 13:00,2214,84,81,0.00,25,959.00,,17.4,8.4,0.26,1.13,2.9,12.3,16.3,11.5,,98,86,76,74,
2017-07-01 14:00,2214,85,83,0.00,21,845.00,,18.6,8.0,0.24,1.17,3.8,12.1,15.5,11.4,,102,89,76,73,
2017-07-01 15:00,2214,85,84,0.00,20,698.50,,15.7,7.9,0.23,1.18,3.5,12.3,15.9,11.0,,105,91,76,73,
2017-07-01 16:00,2214,85,84,0.00,17,519.90,,14.7,7.3,0.20,1.20,3.5,12.5,15.8,11.4,,107,93,77,73,
2017-07-01 17:00,2214,85,83,0.00,16,326.90,,15.3,7.6,0.19,1.18,3.6,12.3,16.2,11.5,,107,94,78,74,
2017-07-01 18:00,2214,83,79,0.00,18,137.20,,14.9,9.0,0.25,1.09,3.7,12.3,16.4,11.5,,104,95,78,73,
2017-07-01 19:00,2214,79,73,0.00,30,13.81,,12.0,6.7,0.31,0.94,2.8,12.1,15.9,11.5,,101,94,79,73,
2017-07-01 20:00,2214,73,67,0.00,40,0.00,,9.0,4.8,0.31,0.78,2.9,12.1,16.1,11.4,,98,93,80,74,
2017-07-01 21:00,2214,68,67,0.00,47,0.00,,7.6,2.7,0.26,0.67,2.6,12.0,16.6,11.1,,94,91,80,74,
2017-07-01 22:00,2214,68,61,0.00,34,0.00,,3.9,1.5,0.23,0.65,2.9,12.3,16.3,11.8,,90,90,80,74,
2017-07-01 23:00,2214,61,57,0.00,44,0.00,,4.3,2.0,0.22,0.52,2.6,12.1,16.7,11.5,,87,88,80,74,
2017-07-02 00:00,2214,59,54,0.00,48,0.00,,3.8,2.0,0.22,0.48,2.0,11.2,16.3,11.5,,85,86,80,75,
2017-07-02 01:00,2214,54,53,0.00,50,0.00,,5.9,1.7,0.22,0.41,2.6,10.8,16.3,11.7,,82,84,80,75,
2017-07-02 02:00,2214,55,53,0.00,50,0.00,,3.6,1.8,0.22,0.43,2.0,10.7,16.3,11.4,,80,82,80,75,
2017-07-02 03:00,2214,54,49,0.00,56,0.00,,4.0,2.3,0.24,0.41,2.6,11.1,16.6,11.4,,78,81,80,75,
2017-07-02 04:00,2214,51,49,0.00,65,5.20,,3.8,1.0,0.23,0.36,2.3,11.5,16.6,11.1,,76,80,80,75,
2017-07-02 05:00,2214,56,51,0.00,58,109.30,,3.3,1.0,0.25,0.41,2.4,11.0,16.7,11.2,,74,78,79,75,
2017-07-02 06:00,2214,63,56,0.00,57,291.30,,3.3,1.2,0.27,0.53,1.7,10.3,16.6,11.4,,73,77,79,75,
2017-07-02 07:00,2214,71,63,0.00,50,486.60,,3.8,1.6,0.30,0.65,1.7,11.0,16.4,11.1,,72,76,78,75,
2017-07-02 08:00,2214,76,71,0.00,41,670.30,,6.0,2.1,0.31,0.81,2.6,10.8,16.0,11.4,,73,75,78,75,
2017-07-02 09:00,2214,79,76,0.00,33,822.00,,7.8,3.2,0.31,0.96,2.1,11.0,16.2,11.1,,78,76,77,74,
2017-07-02 10:00,2214,83,79,0.00,31,928.00,,12.3,5.5,0.31,1.06,2.1,11.1,15.9,11.1,,83,77,77,74,
2017-07-02 11:00,2214,86,82,0.00,25,984.00,,14.8,7.3,0.25,1.16,3.0,10.9,16.1,11.4,,89,80,76,75,
2017-07-02 12:00,2214,87,84,0.00,20,987.00,,16.4,6.8,0.25,1.24,3.3,11.0,16.4,11.4,,95,83,76,74,
2017-07-02 13:00,2214,87,85,0.00,20,940.00,,14.5,6.4,0.24,1.23,3.7,11.9,15.8,11.7,,100,86,76,74,
2017-07-02 14:00,2214,87,87,0.00,18,839.00,,16.1,7.3,0.24,1.29,3.4,12.0,15.3,11.4,,104,89,76,74,
2017-07-02 15:00,2214,89,87,0.00,18,695.40,,16.0,8.6,0.22,1.35,3.6,12.0,15.9,11.4,,107,92,77,74,
2017-07-02 16:00,2214,89,87,0.00,16,517.50,,16.7,9.7,0.22,1.32,3.6,12.5,16.2,11.8,,109,94,77,74,
2017-07-02 17:00,2214,87,84,0.00,17,321.70,,17.1,11.7,0.25,1.26,3.2,12.5,16.6,11.7,,108,96,78,74,
2017-07-02 18:00,2214,84,80,0.00,21,140.90,,15.3,9.6,0.26,1.15,3.0,11.9,16.1,10.9,,106,96,79,74,
2017-07-02 19:00,2214,80,75,0.00,29,14.09,,12.9,5.6,0.30,0.97,3.0,12.5,16.1,11.7,,102,96,80,74,
2017-07-02 20:00,2214,75,71,0.00,34,0.00,,5.6,4.2,0.29,0.82,3.1,12.0,16.6,11.5,,99,94,80,75,
2017-07-02 21:00,2214,71,63,0.00,37,0.00,,4.4,1.2,0.28,0.74,2.7,11.4,16.3,11.5,,96,92,81,75,
2017-07-02 22:00,2214,67,63,0.00,50,0.00,,3.8,1.6,0.28,0.63,2.6,12.1,16.7,11.4,,92,91,81,75,
2017-07-02 23:00,2214,64,62,0.00,49,0.00,,4.1,2.6,0.29,0.59,2.5,12.2,16.4,11.4,,89,89,81,75,
2017-07-03 00:00,2214,62,60,0.00,56,0.00,,5.0,2.3,0.31,0.53,2.2,11.4,16.6,10.5,,86,87,82,75,
2017-07-03 01:00,2214,60,56,0.00,60,0.00,,4.9,1.9,0.31,0.49,2.4,10.8,16.6,11.2,,83,85,81,75,
2017-07-03 02:00,2214,56,53,0.00,69,0.00,,3.7,2.0,0.30,0.43,2.8,10.8,16.7,11.7,,81,84,81,76,
2017-07-03 03:00,2214,54,53,0.00,71,0.00,,3.6,1.6,0.29,0.40,1.9,11.0,16.3,11.7,,79,82,80,76,
2017-07-03 04:00,2214,53,51,0.00,75,5.03,,3.4,1.0,0.28,0.39,2.4,10.9,16.6,11.5,,77,81,80,76,
2017-07-03 05:00,2214,58,52,0.00,77,108.20,,1.9,0.4,0.30,0.43,1.4,10.7,16.6,11.5,,76,79,80,76,
2017-07-03 06:00,2214,67,58,0.00,66,291.80,,2.2,0.5,0.33,0.54,1.9,10.9,16.1,10.9,,74,78,80,76,
2017-07-03 07:00,2214,72,67,0.00,51,490.70,,3.9,1.3,0.35,0.71,1.9,10.3,16.3,11.5,,73,77,79,76,
2017-07-03 08:00,2214,75,72,0.00,42,676.00,,7.5,2.9,0.29,0.84,1.9,10.4,16.4,11.7,,74,76,79,76,
2017-07-03 09:00,2214,80,75,0.00,31,832.00,,7.7,3.3,0.28,0.93,2.6,10.3,16.6,10.9,,79,76,78,75,
2017-07-03 10:00,2214,83,80,0.00,26,935.00,,10.0,4.3,0.25,1.06,1.8,10.4,16.0,11.5,,84,78,78,75,
2017-07-03 11:00,2214,86,82,0.00,22,990.00,,11.9,6.4,0.23,1.14,2.6,11.5,15.8,10.9,,90,81,77,75,
2017-07-03 12:00,2214,87,85,0.00,18,990.00,,18.2,10.0,0.22,1.25,2.7,11.6,15.9,11.5,,96,84,77,75,
2017-07-03 13:00,2214,88,86,0.00,20,941.00,,20.0,11.5,0.23,1.29,3.1,11.1,16.5,11.1,,100,87,77,75,
2017-07-03 14:00,2214,87,86,0.00,16,838.00,,20.8,11.6,0.23,1.26,3.7,12.0,16.3,11.1,,105,90,77,75,
2017-07-03 15:00,2214,87,85,0.00,21,690.70,,19.9,12.2,0.27,1.26,3.5,12.0,16.2,11.9,,107,93,78,75,
2017-07-03 16:00,2214,85,83,0.00,23,513.70,,18.4,12.0,0.27,1.19,3.5,12.0,16.0,11.2,,109,95,78,75,
2017-07-03 17:00,2214,83,81,0.00,23,323.40,,16.1,10.7,0.26,1.13,2.7,12.4,16.4,11.4,,108,96,79,75,
2017-07-03 18:00,2214,81,78,0.00,23,142.60,,17.2,9.0,0.24,1.03,3.0,11.8,16.3,11.1,,105,96,80,75,
2017-07-03 19:00,2214,78,71,0.00,25,13.79,,9.5,3.6,0.25,0.88,2.9,12.1,16.6,11.4,,102,96,80,75,
2017-07-03 20:00,2214,72,68,0.00,36,0.00,,7.6,1.9,0.26,0.74,2.7,11.9,16.3,11.2,,98,94,81,75,
2017-07-03 21:00,2214,68,62,0.00,37,0.00,,4.3,2.3,0.27,0.65,2.5,11.5,16.7,11.4,,94,92,82,75,
2017-07-03 22:00,2214,64,61,0.00,48,0.00,,4.1,2.0,0.28,0.57,2.5,11.4,16.4,11.2,,91,90,82,75,
2017-07-03 23:00,2214,64,57,0.00,47,0.00,,5.4,2.5,0.27,0.50,2.9,11.4,16.4,11.7,,87,89,82,76,
2017-07-04 00:00,2214,57,53,0.00,59,0.00,,3.3,1.1,0.27,0.45,2.1,11.2,16.6,11.5,,85,86,82,76,
2017-07-04 01:00,2214,54,52,0.00,70,0.00,,3.5,1.0,0.28,0.41,1.9,10.7,16.4,11.5,,82,85,82,76,
2017-07-04 02:00,2214,53,50,0.00,71,0.00,,3.5,1.3,0.28,0.39,1.6,10.3,16.1,11.5,,80,83,82,76,
2017-07-04 03:00,2214,50,48,0.00,72,0.00,,3.2,1.5,0.27,0.36,1.9,10.7,16.3,11.5,,78,82,81,76,
2017-07-04 04:00,2214,48,46,0.00,80,3.15,,2.2,1.0,0.26,0.33,2.3,10.5,16.6,11.4,,76,80,80,76,
2017-07-04 05:00,2214,54,46,0.00,76,93.40,,2.1,0.2,0.25,0.34,0.6,10.2,16.6,11.4,,74,78,80,76,
2017-07-04 06:00,2214,62,54,0.00,65,285.80,,2.9,0.6,0.29,0.47,1.4,10.6,16.4,11.4,,72,77,80,76,
2017-07-04 07:00,2214,69,62,0.00,54,485.40,,3.6,1.4,0.31,0.60,1.4,9.8,16.3,11.4,,71,76,79,76,
2017-07-04 08:00,2214,77,69,0.00,41,677.30,,8.1,2.1,0.25,0.79,1.7,10.0,16.4,11.4,,72,75,79,76,
2017-07-04 09:00,2214,80,77,0.00,15,828.00,,12.0,4.9,0.14,0.98,2.4,10.4,16.6,11.4,,77,76,78,76,
2017-07-04 10:00,2214,84,80,0.00,12,939.00,,13.2,5.2,0.13,1.07,2.2,10.3,16.2,11.4,,82,77,78,76,
2017-07-04 11:00,2214,85,84,0.00,12,1004.00,,13.9,5.5,0.14,1.18,2.9,10.5,15.9,11.5,,88,80,77,76,
2017-07-04 12:00,2214,88,85,0.00,14,998.00,,17.8,9.3,0.19,1.23,3.2,10.6,16.1,11.5,,94,82,77,76,
2017-07-04 13:00,2214,88,86,0.00,15,951.00,,18.6,9.7,0.18,1.28,3.2,11.4,15.3,11.5,,100,86,77,76,
2017-07-04 14:00,2214,87,86,0.00,15,846.00,,20.1,13.2,0.21,1.27,2.5,11.6,15.9,11.5,,104,89,77,75,
2017-07-04 15:00,2214,86,83,0.00,18,696.20,,20.9,13.7,0.24,1.20,2.7,11.5,16.0,11.7,,107,92,77,75,
2017-07-04 16:00,2214,84,82,0.00,21,517.50,,19.2,13.3,0.25,1.14,3.0,12.1,16.2,11.7,,108,94,78,75,
2017-07-04 17:00,2214,82,80,0.00,23,327.90,,17.3,11.7,0.25,1.08,3.0,11.5,16.0,11.1,,107,95,79,75,
2017-07-04 18:00,2214,80,76,0.00,24,144.40,,14.2,8.3,0.25,0.99,2.8,11.9,16.8,11.5,,105,96,80,75,
2017-07-04 19:00,2214,76,72,0.00,27,13.98,,11.0,3.3,0.25,0.85,2.7,11.7,16.3,11.9,,102,95,80,75,
2017-07-04 20:00,2214,72,68,0.00,31,0.00,,5.8,2.0,0.25,0.74,2.3,11.8,16.6,11.7,,98,94,80,75,
2017-07-04 21:00,2214,68,61,0.00,36,0.00,,5.2,2.6,0.25,0.62,2.5,11.2,16.3,11.2,,94,92,81,75,
2017-07-04 22:00,2214,61,58,0.00,44,0.00,,5.3,2.9,0.25,0.52,2.9,11.1,16.3,11.5,,90,90,82,76,
2017-07-04 23:00,2214,58,52,0.00,50,0.00,,6.8,2.5,0.23,0.45,2.1,10.8,16.7,11.5,,87,88,82,76,
2017-07-05 00:00,2214,52,49,0.00,56,0.00,,8.0,2.2,0.21,0.37,1.7,10.3,16.7,11.4,,83,86,82,76,
2017-07-05 01:00,2214,51,47,0.00,57,0.00,,4.3,0.9,0.21,0.35,1.7,10.1,16.7,11.5,,81,84,81,76,
2017-07-05 02:00,2214,47,42,0.00,58,0.00,,3.7,1.2,0.19,0.30,2.3,10.0,16.3,11.2,,78,82,81,76,
2017-07-05 03:00,2214,45,41,0.00,65,0.00,,3.2,1.6,0.18,0.29,1.4,10.4,16.6,11.4,,76,80,80,76,
2017-07-05 04:00,2214,43,41,0.00,64,4.36,,3.2,1.5,0.17,0.27,1.5,10.0,16.7,11.4,,73,79,80,76,
2017-07-05 05:00,2214,50,42,0.00,58,112.90,,2.1,0.5,0.18,0.30,1.0,9.7,16.1,11.5,,71,77,80,76,
2017-07-05 06:00,2214,58,50,0.00,56,299.50,,2.9,1.2,0.21,0.41,1.7,10.1,16.3,11.4,,70,76,79,76,
2017-07-05 07:00,2214,69,58,0.00,47,485.30,,5.2,2.1,0.25,0.54,1.7,9.5,15.8,11.4,,69,74,79,76,
2017-07-05 08:00,2214,77,69,0.00,36,679.60,,15.7,8.1,0.18,0.85,2.2,10.0,16.0,11.4,,70,73,78,76,
2017-07-05 09:00,2214,80,77,0.00,17,833.00,,15.6,8.5,0.16,1.00,1.7,10.1,15.8,11.4,,74,73,77,76,
2017-07-05 10:00,2214,85,80,0.00,15,937.00,,15.3,8.6,0.16,1.12,2.4,10.3,16.1,11.4,,80,75,77,76,
2017-07-05 11:00,2214,87,83,0.00,14,993.00,,19.5,10.8,0.14,1.21,2.2,10.2,15.8,11.4,,86,78,76,76,
2017-07-05 12:00,2214,89,86,0.00,7,1006.00,,19.2,10.9,0.10,1.29,2.9,10.6,15.9,11.4,,91,81,76,75,
2017-07-05 13:00,2214,90,88,0.00,8,951.00,,19.1,10.7,0.12,1.38,2.4,10.5,15.9,11.7,,96,84,76,75,
2017-07-05 14:00,2214,90,88,0.00,9,780.50,,29.8,10.2,0.13,1.36,2.5,10.4,15.9,11.7,,101,87,76,75,
2017-07-05 15:00,2214,90,88,0.00,10,731.50,,19.1,9.3,0.14,1.37,3.0,11.2,15.8,11.1,,104,90,77,75,
2017-07-05 16:00,2214,90,87,0.00,11,539.70,,18.7,8.9,0.18,1.33,2.7,10.8,15.8,11.7,,105,92,77,75,
2017-07-05 17:00,2214,87,84,0.00,15,250.80,,15.8,7.7,0.18,1.24,2.3,11.6,15.8,11.1,,105,94,78,75,
2017-07-05 18:00,2214,84,80,0.00,16,82.40,,15.8,9.5,0.18,1.11,2.1,11.6,16.0,11.4,,104,94,79,75,
2017-07-05 19:00,2214,80,72,0.00,17,9.88,,13.1,5.4,0.23,0.94,2.8,11.5,16.4,11.1,,101,94,79,75,
2017-07-05 20:00,2214,72,68,0.00,32,0.00,,4.9,2.1,0.25,0.73,2.7,11.4,15.9,11.7,,98,93,80,75,
2017-07-05 21:00,2214,68,64,0.00,36,0.00,,4.7,2.5,0.23,0.63,2.9,11.1,16.1,11.7,,94,91,80,75,
2017-07-05 22:00,2214,64,58,0.00,38,0.00,,4.8,2.2,0.23,0.52,1.7,11.1,16.1,11.7,,90,89,81,75,
2017-07-05 23:00,2214,58,54,0.00,44,0.00,,5.2,2.0,0.22,0.48,2.4,11.0,16.6,11.5,,87,87,81,75,
2017-07-06 00:00,2214,56,53,0.00,52,0.00,,3.7,1.3,0.22,0.42,2.0,10.5,16.1,11.5,,83,86,81,76,
2017-07-06 01:00,2214,53,52,0.00,51,0.00,,4.5,1.1,0.22,0.40,2.3,10.4,16.6,11.5,,82,84,80,76,
2017-07-06 02:00,2214,52,47,0.00,54,0.00,,3.7,1.7,0.21,0.36,1.5,10.0,16.1,11.5,,79,82,80,76,
2017-07-06 03:00,2214,50,46,0.00,64,0.00,,3.0,0.9,0.21,0.35,1.8,10.6,16.1,11.4,,77,80,80,76,
2017-07-06 04:00,2214,48,45,0.00,69,3.96,,3.7,1.2,0.21,0.32,2.2,10.1,16.3,11.4,,74,79,80,76,
2017-07-06 05:00,2214,57,47,0.00,58,112.00,,3.6,0.8,0.22,0.37,1.7,10.4,16.8,11.4,,73,78,80,76,
2017-07-06 06:00,2214,63,57,0.00,53,296.20,,3.7,0.9,0.26,0.51,2.0,9.9,16.4,11.4,,71,76,79,76,
2017-07-06 07:00,2214,77,63,0.00,48,493.70,,7.7,1.9,0.30,0.69,2.0,10.0,16.0,11.4,,70,75,79,76,
2017-07-06 08:00,2214,83,77,0.00,31,673.20,,16.7,8.3,0.25,1.03,2.5,9.3,15.8,11.4,,71,74,78,76,
2017-07-06 09:00,2214,85,82,0.00,15,832.00,,15.6,9.3,0.18,1.17,1.5,9.3,15.9,11.5,,76,74,78,76,
2017-07-06 10:00,2214,89,85,0.00,13,943.00,,18.9,9.0,0.13,1.25,1.3,9.5,16.4,11.4,,81,76,77,76,
2017-07-06 11:00,2214,90,87,0.00,9,997.00,,16.9,7.8,0.13,1.34,2.0,9.4,15.9,11.4,,87,79,76,76,
2017-07-06 12:00,2214,90,89,0.00,10,966.00,,16.6,7.9,0.14,1.37,2.0,10.8,15.9,11.4,,92,82,76,75,
2017-07-06 13:00,2214,91,90,0.00,9,969.00,,21.7,9.8,0.13,1.43,2.7,10.7,15.5,11.5,,98,85,76,75,
2017-07-06 14:00,2214,91,90,0.00,8,862.00,,20.3,9.1,0.12,1.45,2.8,10.6,15.9,11.5,,102,89,76,75,
2017-07-06 15:00,2214,91,89,0.00,11,676.90,,19.9,12.6,0.16,1.40,2.3,10.6,15.8,11.5,,106,91,77,75,
2017-07-06 16:00,2214,89,87,0.00,12,505.30,,20.0,12.4,0.17,1.32,2.5,11.2,15.9,11.7,,107,94,78,75,
2017-07-06 17:00,2214,88,85,0.00,13,332.90,,17.0,11.4,0.15,1.28,3.1,11.2,15.8,11.1,,107,95,78,75,
2017-07-06 18:00,2214,85,82,0.00,10,146.70,,15.7,10.0,0.13,1.18,2.7,11.2,16.0,11.4,,104,95,79,75,
2017-07-06 19:00,2214,82,75,0.00,12,14.55,,7.3,4.4,0.14,1.00,2.6,11.5,16.4,11.1,,102,95,80,75,
2017-07-06 20:00,2214,75,69,0.00,17,0.00,,3.9,1.5,0.16,0.80,2.0,11.1,16.3,11.7,,98,94,80,75,
2017-07-06 21:00,2214,71,63,0.00,25,0.00,,5.4,2.0,0.18,0.67,2.5,11.3,16.1,11.2,,94,92,81,75,
2017-07-06 22:00,2214,64,59,0.00,30,0.00,,5.4,2.4,0.18,0.55,2.4,11.0,16.6,11.5,,90,90,81,76,
2017-07-06 23:00,2214,60,56,0.00,35,0.00,,3.8,2.0,0.19,0.51,1.7,10.7,16.6,11.5,,87,88,81,76,
2017-07-07 00:00,2214,58,54,0.00,41,0.00,,3.6,1.8,0.19,0.45,1.5,10.9,16.6,11.5,,84,86,81,76,
2017-07-07 01:00,2214,56,52,0.00,42,0.00,,3.6,2.1,0.19,0.43,1.8,9.9,16.6,11.5,,82,84,81,76,
2017-07-07 02:00,2214,52,48,0.00,48,0.00,,3.7,1.2,0.18,0.38,2.2,10.2,16.6,11.4,,79,82,81,76,
2017-07-07 03:00,2214,49,48,0.00,52,0.00,,3.6,1.4,0.17,0.35,1.5,9.9,16.1,11.4,,77,81,80,76,
2017-07-07 04:00,2214,49,45,0.00,51,3.39,,4.4,1.1,0.18,0.32,2.0,9.9,16.3,11.4,,75,79,80,76,
2017-07-07 05:00,2214,53,46,0.00,60,96.30,,2.2,0.7,0.18,0.35,1.8,9.3,15.9,11.5,,73,78,80,76,
2017-07-07 06:00,2214,62,53,0.00,49,287.20,,3.6,0.8,0.22,0.48,1.8,9.7,16.4,11.4,,71,76,79,76,
2017-07-07 07:00,2214,71,62,0.00,45,485.00,,4.1,1.5,0.24,0.65,2.2,9.7,16.0,11.4,,71,75,79,76,
2017-07-07 08:00,2214,79,71,0.00,32,669.70,,4.8,2.2,0.25,0.86,1.7,9.4,16.4,11.4,,72,75,78,76,
2017-07-07 09:00,2214,83,79,0.00,27,822.00,,8.5,4.5,0.23,1.09,1.8,9.7,16.1,11.4,,76,75,78,76,
2017-07-07 10:00,2214,87,82,0.00,18,928.00,,14.2,4.8,0.21,1.18,2.0,10.6,16.4,11.4,,82,77,77,76,
2017-07-07 11:00,2214,88,86,0.00,16,986.00,,14.0,6.6,0.20,1.31,2.4,10.2,15.8,11.4,,89,80,77,76,
2017-07-07 12:00,2214,89,87,0.00,14,998.00,,16.9,8.8,0.17,1.33,2.9,9.8,15.9,11.4,,95,83,77,76,
2017-07-07 13:00,2214,89,88,0.00,12,945.00,,17.1,10.1,0.15,1.35,2.5,10.5,15.9,11.5,,101,86,77,76,
2017-07-07 14:00,2214,89,89,0.00,11,848.00,,18.7,9.9,0.15,1.38,2.5,11.4,15.9,10.8,,105,90,77,75,
2017-07-07 15:00,2214,89,87,0.00,11,700.70,,18.1,10.2,0.15,1.36,2.6,11.3,15.8,11.7,,108,93,78,75,
2017-07-07 16:00,2214,89,88,0.00,12,525.10,,17.1,10.5,0.15,1.34,2.8,10.9,16.2,11.7,,109,95,78,75,
2017-07-07 17:00,2214,88,86,0.00,11,334.30,,15.1,9.6,0.15,1.29,3.0,11.3,16.2,11.5,,109,96,79,75,
2017-07-07 18:00,2214,86,82,0.00,12,149.10,,13.6,8.7,0.15,1.19,2.8,11.3,16.6,11.7,,107,96,80,75,
2017-07-07 19:00,2214,82,72,0.00,14,14.54,,10.1,4.3,0.17,0.97,2.7,10.9,16.3,11.2,,103,96,80,75,
2017-07-07 20:00,2214,72,71,0.00,26,0.00,,5.5,1.8,0.19,0.77,2.3,11.4,16.1,11.7,,100,95,81,76,
2017-07-07 21:00,2214,72,67,0.00,22,0.00,,7.9,3.2,0.18,0.70,2.2,10.6,16.6,11.5,,96,93,81,76,
2017-07-07 22:00,2214,67,62,0.00,26,0.00,,5.4,2.0,0.18,0.60,1.5,10.9,16.6,11.5,,92,91,82,76,
2017-07-07 23:00,2214,63,57,0.00,33,0.00,,3.7,2.3,0.18,0.54,2.0,10.5,16.6,11.5,,88,89,82,76,
2017-07-08 00:00,2214,59,55,0.00,41,0.00,,2.5,1.5,0.18,0.47,1.5,10.3,16.8,11.4,,85,87,82,76,
2017-07-08 01:00,2214,56,52,0.00,38,0.00,,3.5,1.8,0.18,0.44,2.0,10.2,16.6,11.4,,82,86,82,76,
2017-07-08 02:00,2214,53,50,0.00,44,0.00,,3.7,1.3,0.17,0.38,2.2,9.8,16.6,11.4,,80,83,82,76,
2017-07-08 03:00,2214,51,47,0.00,46,0.00,,3.3,1.1,0.17,0.35,1.8,9.6,16.0,11.4,,78,82,81,76,
2017-07-08 04:00,2214,50,46,0.00,52,3.65,,4.0,1.4,0.19,0.33,2.2,9.7,16.1,11.4,,76,80,81,76,
2017-07-08 05:00,2214,55,46,0.00,61,103.50,,2.5,1.0,0.19,0.36,1.7,9.1,15.7,11.4,,74,79,80,76,
2017-07-08 06:00,2214,63,55,0.00,45,285.40,,3.6,1.5,0.21,0.50,1.6,9.5,16.3,11.5,,72,77,80,76,
2017-07-08 07:00,2214,72,63,0.00,36,481.20,,3.7,1.2,0.24,0.66,1.7,9.5,16.4,11.7,,72,76,80,76,
2017-07-08 08:00,2214,83,72,0.00,31,665.20,,5.5,2.0,0.25,0.90,2.2,9.3,16.0,11.4,,73,76,79,76,
2017-07-08 09:00,2214,89,83,0.00,19,812.00,,11.9,5.5,0.17,1.22,1.7,9.3,15.8,11.4,,77,76,79,76,
2017-07-08 10:00,2214,90,89,0.00,10,922.00,,15.2,6.5,0.13,1.38,2.3,10.3,15.9,11.4,,83,77,78,76,
2017-07-08 11:00,2214,92,90,0.00,11,950.00,,16.2,8.6,0.17,1.46,2.5,10.2,16.4,11.4,,89,80,78,76,
2017-07-08 12:00,2214,94,92,0.00,11,955.00,,16.4,8.0,0.16,1.53,2.7,10.2,16.4,11.4,,95,83,77,76,
2017-07-08 13:00,2214,94,91,0.00,11,928.00,,18.4,10.2,0.17,1.55,2.6,10.0,15.8,11.4,,100,87,77,76,
2017-07-08 14:00,2214,94,91,0.00,11,839.00,,22.8,11.5,0.17,1.55,2.7,10.6,16.4,11.4,,105,90,77,76,
2017-07-08 15:00,2214,93,91,0.00,11,691.20,,22.6,12.4,0.17,1.51,2.8,10.4,15.6,11.4,,108,93,78,76,
2017-07-08 16:00,2214,92,89,0.00,11,516.50,,19.7,13.1,0.15,1.46,2.1,11.4,15.9,11.4,,110,95,79,76,
2017-07-08 17:00,2214,89,87,0.00,10,329.20,,19.3,11.9,0.14,1.36,2.2,10.7,16.2,11.4,,109,96,79,76,
2017-07-08 18:00,2214,87,83,0.00,11,141.90,,15.3,8.2,0.14,1.24,3.0,10.9,16.6,11.4,,107,97,80,76,
2017-07-08 19:00,2214,83,77,0.00,14,12.88,,6.1,2.6,0.17,1.04,2.0,11.2,16.7,11.5,,103,96,80,76,
2017-07-08 20:00,2214,78,71,0.00,18,0.00,,6.4,2.3,0.17,0.83,2.0,10.6,16.4,11.5,,99,95,82,76,
2017-07-08 21:00,2214,71,64,0.00,22,0.00,,5.4,2.7,0.18,0.66,1.8,10.6,16.6,11.4,,96,94,82,76,
2017-07-08 22:00,2214,68,64,0.00,26,0.00,,6.2,2.1,0.18,0.65,1.3,10.9,16.6,11.5,,92,92,82,76,
2017-07-08 23:00,2214,65,59,0.00,30,0.00,,4.3,1.4,0.19,0.54,2.0,9.9,16.4,11.5,,89,89,82,76,
2017-07-09 00:00,2214,59,55,0.00,35,0.00,,5.1,1.8,0.18,0.48,2.0,10.4,16.4,11.4,,86,87,82,77,
2017-07-09 01:00,2214,57,53,0.00,40,0.00,,4.6,1.9,0.20,0.44,1.8,9.6,16.4,11.7,,83,86,82,77,
2017-07-09 02:00,2214,55,50,0.00,43,0.00,,3.2,0.9,0.18,0.41,2.0,9.8,16.6,11.5,,80,84,82,77,
2017-07-09 03:00,2214,55,50,0.00,43,0.00,,3.2,1.1,0.19,0.38,1.1,9.9,16.6,11.5,,78,82,82,76,
2017-07-09 04:00,2214,51,48,0.00,48,2.65,,3.5,1.7,0.18,0.36,1.7,9.9,16.7,11.5,,76,81,82,77,
2017-07-09 05:00,2214,55,49,0.00,53,79.28,,1.8,0.4,0.18,0.37,1.3,9.3,16.4,11.5,,75,79,80,77,
2017-07-09 06:00,2214,60,55,0.00,43,236.10,,2.6,0.6,0.19,0.48,1.0,9.8,16.3,11.7,,73,78,80,77,
2017-07-09 07:00,2214,70,60,0.00,38,438.80,,3.8,1.2,0.22,0.60,1.8,9.8,15.8,11.5,,73,77,80,76,
2017-07-09 08:00,2214,80,70,0.00,29,657.60,,4.8,1.6,0.22,0.87,1.6,9.8,16.2,11.7,,73,76,79,77,
2017-07-09 09:00,2214,88,80,0.00,20,802.00,,11.2,4.2,0.19,1.18,2.0,9.5,16.2,11.5,,77,76,79,76,
2017-07-09 10:00,2214,90,87,0.00,13,924.00,,18.1,7.6,0.17,1.36,1.5,9.1,16.2,11.1,,83,78,78,76,
2017-07-09 11:00,2214,90,88,0.00,11,983.00,,24.8,10.0,0.15,1.40,2.5,10.3,15.8,11.4,,90,80,78,77,
2017-07-09 12:00,2214,92,90,0.00,13,982.00,,21.2,8.6,0.17,1.45,2.0,10.6,16.4,11.5,,96,84,78,76,
2017-07-09 13:00,2214,92,90,0.00,12,943.00,,19.6,9.5,0.16,1.46,2.7,10.1,16.4,11.5,,102,87,78,76,
2017-07-09 14:00,2214,92,90,0.00,10,839.00,,19.8,11.4,0.16,1.49,2.5,10.7,16.4,11.4,,106,90,78,76,
2017-07-09 15:00,2214,91,89,0.00,12,696.60,,21.8,12.8,0.17,1.42,2.7,10.4,16.2,11.4,,109,94,78,76,
2017-07-09 16:00,2214,89,87,0.00,10,524.80,,18.7,11.0,0.14,1.34,2.7,10.6,16.6,11.4,,110,96,79,76,
2017-07-09 17:00,2214,88,85,0.00,10,328.50,,17.5,11.0,0.14,1.28,2.3,10.8,16.2,11.4,,110,97,80,76,
2017-07-09 18:00,2214,85,81,0.00,12,144.60,,13.4,8.7,0.15,1.18,3.0,11.0,16.6,11.4,,107,98,80,76,
2017-07-09 19:00,2214,81,71,0.00,14,13.26,,11.2,3.9,0.16,0.96,2.1,11.2,16.7,11.4,,104,97,81,76,
2017-07-09 20:00,2214,71,68,0.00,24,0.00,,5.7,3.0,0.17,0.77,2.2,10.2,16.1,11.4,,99,95,82,76,
2017-07-09 21:00,2214,68,63,0.00,23,0.00,,5.7,3.6,0.17,0.65,2.4,10.6,16.6,11.4,,96,94,82,76,
2017-07-09 22:00,2214,65,57,0.00,32,0.00,,6.1,2.8,0.18,0.56,1.8,10.7,16.6,11.4,,92,92,82,77,
2017-07-09 23:00,2214,57,56,0.00,38,0.00,,4.7,2.4,0.17,0.46,1.3,10.5,16.4,11.5,,88,90,82,76,
2017-07-10 00:00,2214,56,52,0.00,40,0.00,,4.6,2.2,0.17,0.42,0.6,10.5,16.4,11.7,,85,87,82,77,
2017-07-10 01:00,2214,52,50,0.00,45,0.00,,3.7,2.1,0.17,0.38,1.9,10.0,16.6,11.7,,82,85,82,77,
2017-07-10 02:00,2214,50,46,0.00,46,0.00,,3.8,1.4,0.17,0.33,1.7,9.9,16.6,11.5,,80,83,82,77,
2017-07-10 03:00,2214,48,43,0.00,49,0.00,,3.1,1.7,0.16,0.32,1.8,9.3,16.1,11.5,,78,82,82,77,
2017-07-10 04:00,2214,46,42,0.00,55,3.31,,3.2,1.5,0.15,0.28,1.2,9.1,16.1,11.5,,75,80,81,77,
2017-07-10 05:00,2214,54,43,0.00,55,103.80,,2.3,0.6,0.16,0.32,1.8,8.9,16.3,11.5,,73,79,81,77,
2017-07-10 06:00,2214,60,54,0.00,40,289.70,,4.4,1.4,0.19,0.47,0.9,8.6,15.8,11.5,,71,77,80,77,
2017-07-10 07:00,2214,68,60,0.00,38,489.30,,3.8,1.6,0.21,0.57,1.3,9.0,16.1,11.5,,70,76,80,77,
2017-07-10 08:00,2214,76,68,0.00,34,677.50,,6.3,2.4,0.24,0.78,1.5,9.3,15.8,11.5,,71,75,79,77,
2017-07-10 09:00,2214,82,76,0.00,25,829.00,,9.8,4.3,0.17,1.00,1.3,9.0,15.3,11.5,,76,75,79,77,
2017-07-10 10:00,2214,86,82,0.00,15,940.00,,18.0,8.1,0.12,1.15,1.6,9.7,16.4,11.5,,82,76,78,77,
2017-07-10 11:00,2214,86,83,0.00,11,989.00,,16.0,7.1,0.14,1.20,1.8,9.6,15.8,11.5,,88,80,78,77,
2017-07-10 12:00,2214,87,84,0.00,13,991.00,,18.5,9.7,0.15,1.20,2.5,10.1,15.5,11.7,,94,83,77,76,
2017-07-10 13:00,2214,87,86,0.00,11,945.00,,23.3,12.3,0.15,1.26,2.7,10.4,15.9,11.5,,100,86,77,76,
2017-07-10 14:00,2214,88,85,0.00,14,841.00,,25.0,12.8,0.18,1.27,2.5,10.3,15.9,11.5,,105,90,78,76,
2017-07-10 15:00,2214,86,85,0.00,16,693.20,,20.5,11.4,0.21,1.23,2.4,9.7,15.9,11.5,,108,93,78,76,
2017-07-10 16:00,2214,86,84,0.00,17,517.40,,19.2,12.5,0.21,1.21,2.6,10.9,16.4,11.7,,109,95,78,76,
2017-07-10 17:00,2214,84,82,0.00,18,325.60,,19.2,12.2,0.21,1.14,2.7,10.6,16.0,11.4,,109,96,79,76,
2017-07-10 18:00,2214,82,78,0.00,19,143.40,,17.7,10.0,0.21,1.05,2.6,11.1,16.2,11.4,,106,96,80,76,
2017-07-10 19:00,2214,78,72,0.00,21,12.06,,11.9,6.0,0.21,0.90,2.2,10.7,16.1,11.4,,102,96,80,76,
2017-07-10 20:00,2214,72,66,0.00,27,0.00,,5.1,1.7,0.22,0.72,2.0,10.4,16.4,11.1,,99,94,81,76,
2017-07-10 21:00,2214,69,63,0.00,33,0.00,,5.1,2.4,0.21,0.67,1.8,10.3,16.4,11.7,,95,93,82,76,
2017-07-10 22:00,2214,64,59,0.00,35,0.00,,6.3,2.7,0.21,0.56,1.1,10.2,16.1,11.4,,91,91,82,77,
2017-07-10 23:00,2214,60,55,0.00,41,0.00,,3.1,1.6,0.22,0.49,1.8,9.9,16.1,11.5,,88,89,82,76,
2017-07-11 00:00,2214,57,54,0.00,50,0.00,,4.3,1.7,0.21,0.44,1.9,9.8,16.7,11.5,,85,87,82,76,
2017-07-11 01:00,2214,56,51,0.00,46,0.00,,2.7,1.2,0.21,0.43,1.3,9.8,16.1,11.4,,82,85,82,77,
2017-07-11 02:00,2214,53,51,0.00,53,0.00,,2.6,1.2,0.19,0.39,2.0,9.7,16.1,11.5,,80,83,82,77,
2017-07-11 03:00,2214,53,50,0.00,51,0.00,,2.4,0.9,0.19,0.38,1.8,9.6,16.7,11.8,,78,82,82,77,
2017-07-11 04:00,2214,50,46,0.00,49,2.88,,2.4,1.0,0.19,0.34,1.5,9.9,16.4,11.5,,76,80,81,77,
2017-07-11 05:00,2214,57,48,0.00,57,97.60,,1.3,0.2,0.19,0.37,1.3,9.1,16.4,11.4,,74,79,80,77,
2017-07-11 06:00,2214,63,56,0.00,47,277.70,,3.6,1.2,0.24,0.48,1.0,9.6,16.1,11.2,,72,77,80,77,
2017-07-11 07:00,2214,72,63,0.00,41,473.60,,3.4,1.2,0.26,0.63,1.3,9.2,16.2,11.5,,71,76,80,77,
2017-07-11 08:00,2214,76,72,0.00,33,660.20,,7.8,2.4,0.27,0.84,1.3,9.3,16.2,11.5,,73,76,79,77,
2017-07-11 09:00,2214,80,76,0.00,29,816.00,,13.6,6.3,0.23,0.97,0.8,8.3,16.4,11.5,,77,76,79,77,
2017-07-11 10:00,2214,83,79,0.00,22,927.00,,15.4,5.0,0.21,1.07,2.3,8.8,15.9,11.4,,83,78,78,76,
2017-07-11 11:00,2214,85,83,0.00,19,985.00,,14.7,4.8,0.20,1.15,1.3,8.5,15.9,11.5,,89,80,78,77,
2017-07-11 12:00,2214,89,85,0.00,15,994.00,,13.3,5.5,0.19,1.23,2.2,9.5,16.2,11.5,,96,83,77,77,
2017-07-11 13:00,2214,89,85,0.00,17,961.00,,16.6,9.4,0.23,1.30,2.3,10.0,15.8,11.5,,101,87,77,77,
2017-07-11 14:00,2214,87,85,0.00,17,843.00,,20.3,11.3,0.22,1.26,2.3,10.3,15.8,11.1,,106,90,78,76,
2017-07-11 15:00,2214,87,86,0.00,18,693.10,,21.2,12.9,0.25,1.27,2.6,10.0,15.5,11.5,,109,93,78,76,
2017-07-11 16:00,2214,86,84,0.00,20,513.50,,19.6,12.6,0.24,1.23,3.0,10.8,16.5,11.5,,110,96,79,76,
2017-07-11 17:00,2214,84,82,0.00,20,320.20,,18.4,11.4,0.25,1.14,3.1,10.5,16.0,11.5,,110,97,80,76,
2017-07-11 18:00,2214,82,78,0.00,23,137.00,,14.0,8.7,0.25,1.03,2.6,10.5,16.2,11.4,,108,97,80,76,
2017-07-11 19:00,2214,78,72,0.00,26,12.80,,9.8,4.8,0.24,0.88,2.5,10.7,16.7,11.4,,103,96,81,76,
2017-07-11 20:00,2214,72,66,0.00,28,0.00,,7.4,3.7,0.22,0.71,1.8,10.5,16.4,11.4,,100,96,82,76,
2017-07-11 21:00,2214,67,62,0.00,31,0.00,,6.5,3.5,0.22,0.63,1.9,10.5,16.3,11.5,,96,94,82,76,
2017-07-11 22:00,2214,63,62,0.00,40,0.00,,5.6,3.1,0.22,0.58,2.1,10.5,16.1,11.7,,92,92,82,77,
2017-07-11 23:00,2214,62,58,0.00,41,0.00,,5.0,1.6,0.23,0.53,2.1,9.7,16.1,11.5,,89,90,82,77,
2017-07-12 00:00,2214,59,54,0.00,47,0.00,,4.4,2.3,0.23,0.47,1.1,9.4,16.1,11.5,,86,87,82,77,
2017-07-12 01:00,2214,56,52,0.00,52,0.00,,3.6,1.6,0.23,0.42,2.0,9.8,16.1,11.5,,83,86,82,77,
2017-07-12 02:00,2214,54,50,0.00,52,0.00,,2.8,1.3,0.22,0.40,0.6,9.3,16.7,11.5,,80,84,82,77,
2017-07-12 03:00,2214,53,50,0.00,57,0.00,,3.8,1.6,0.23,0.38,1.3,9.7,16.3,11.4,,79,82,82,77,
2017-07-12 04:00,2214,51,46,0.00,62,2.62,,2.3,0.9,0.21,0.35,1.3,9.1,16.4,12.1,,76,81,82,78,
2017-07-12 05:00,2214,57,47,0.00,68,98.60,,2.2,1.0,0.23,0.38,1.3,9.3,16.7,11.9,,75,80,81,77,
2017-07-12 06:00,2214,63,56,0.00,52,281.70,,2.3,0.8,0.25,0.49,1.4,9.0,16.1,11.9,,73,78,80,77,
2017-07-12 07:00,2214,71,63,0.00,41,480.50,,3.3,1.2,0.26,0.63,1.0,9.0,15.8,11.9,,72,77,80,77,
2017-07-12 08:00,2214,77,71,0.00,35,666.70,,4.8,1.8,0.25,0.82,1.3,9.2,16.2,11.4,,73,76,80,77,
2017-07-12 09:00,2214,82,77,0.00,24,823.00,,10.6,4.0,0.23,0.99,0.6,8.8,15.8,11.4,,77,76,79,77,
2017-07-12 10:00,2214,84,82,0.00,16,934.00,,11.2,5.4,0.17,1.14,1.8,8.7,15.9,11.4,,83,78,79,77,
2017-07-12 11:00,2214,86,83,0.00,16,989.00,,12.8,5.4,0.19,1.19,1.2,9.0,15.9,11.5,,89,80,78,77,
2017-07-12 12:00,2214,87,85,0.00,15,994.00,,15.2,6.6,0.18,1.26,2.1,10.1,15.8,11.5,,96,84,78,77,
2017-07-12 13:00,2214,88,86,0.00,15,941.00,,18.1,10.5,0.20,1.29,2.1,9.8,15.8,11.5,,102,87,78,76,
2017-07-12 14:00,2214,88,86,0.00,15,841.00,,20.0,10.7,0.19,1.28,2.4,10.1,15.8,11.5,,106,91,78,76,
2017-07-12 15:00,2214,87,85,0.00,16,695.00,,20.9,12.5,0.20,1.26,2.8,10.4,15.9,11.5,,109,94,78,76,
2017-07-12 16:00,2214,86,83,0.00,17,517.00,,20.4,12.7,0.22,1.23,2.0,10.0,16.0,11.5,,111,96,79,76,
2017-07-12 17:00,2214,83,83,0.00,20,323.30,,18.0,11.4,0.23,1.14,2.1,11.0,16.2,11.5,,110,97,80,77,
2017-07-12 18:00,2214,83,78,0.00,19,141.70,,17.1,10.7,0.21,1.05,1.6,11.0,15.8,11.5,,107,98,80,76,
2017-07-12 19:00,2214,78,72,0.00,22,12.10,,13.2,4.3,0.21,0.90,2.1,10.7,16.1,11.5,,104,97,81,76,
2017-07-12 20:00,2214,72,67,0.00,28,0.00,,3.7,1.4,0.22,0.76,1.9,10.5,15.8,11.5,,99,96,82,77,
2017-07-12 21:00,2214,69,63,0.00,32,0.00,,5.9,2.1,0.21,0.67,2.3,9.7,16.3,11.5,,96,94,82,77,
2017-07-12 22:00,2214,64,60,0.00,36,0.00,,5.5,2.9,0.21,0.58,1.9,9.7,16.0,11.2,,92,92,82,77,
2017-07-12 23:00,2214,61,56,0.00,42,0.00,,5.1,2.2,0.22,0.52,1.7,9.6,16.4,11.5,,89,90,82,77,
2017-07-13 00:00,2214,57,53,0.00,48,0.00,,4.1,1.5,0.23,0.46,1.1,9.4,16.4,11.5,,85,87,82,77,
2017-07-13 01:00,2214,54,51,0.00,55,0.00,,3.0,1.3,0.22,0.41,1.9,9.0,16.0,11.9,,83,86,82,77,
2017-07-13 02:00,2214,52,50,0.00,61,0.00,,3.1,1.4,0.23,0.38,1.0,9.3,16.7,11.4,,80,84,82,77,
2017-07-13 03:00,2214,51,49,0.00,59,0.00,,3.2,0.6,0.22,0.37,1.0,9.8,16.4,12.1,,78,82,82,78,
2017-07-13 04:00,2214,49,45,0.00,66,2.38,,3.1,1.2,0.23,0.34,0.8,9.2,15.8,11.9,,76,81,82,78,
2017-07-13 05:00,2214,54,45,0.00,73,98.10,,2.9,0.9,0.22,0.34,1.5,8.6,16.1,11.9,,74,79,82,78,
2017-07-13 06:00,2214,60,54,0.00,57,282.00,,4.5,0.9,0.25,0.46,1.0,9.0,15.8,11.4,,73,78,80,77,
2017-07-13 07:00,2214,69,60,0.00,49,481.30,,4.4,1.4,0.27,0.59,0.6,9.3,16.2,11.4,,71,76,80,77,
2017-07-13 08:00,2214,77,69,0.00,38,669.60,,5.7,2.6,0.27,0.80,1.6,9.6,15.8,11.9,,72,76,80,77,
2017-07-13 09:00,2214,82,77,0.00,25,828.00,,14.6,5.6,0.20,0.99,1.0,9.0,16.0,11.9,,76,76,79,78,
2017-07-13 10:00,2214,85,82,0.00,15,938.00,,15.7,6.3,0.18,1.14,2.1,9.6,15.8,11.9,,82,77,79,77,
2017-07-13 11:00,2214,87,85,0.00,13,998.00,,14.0,7.2,0.14,1.23,1.6,9.3,15.8,12.1,,89,80,78,77,
2017-07-13 12:00,2214,88,86,0.00,11,995.00,,20.0,9.7,0.17,1.28,,,,,,96,83,78,77,
2017-07-13 13:00,2214,88,87,0.00,16,943.00,,19.8,11.9,0.20,1.29,2.6,9.8,15.5,12.1,,101,87,78,77,
2017-07-13 14:00,2214,88,86,0.00,15,842.00,,19.3,10.9,0.22,1.31,2.6,9.8,15.9,11.4,,105,90,78,76,
2017-07-13 15:00,2214,87,85,0.00,18,690.60,,22.3,14.1,0.24,1.27,2.1,9.7,15.4,11.5,,109,93,79,77,
2017-07-13 16:00,2214,86,84,0.00,20,513.90,,19.5,13.1,0.25,1.24,2.4,10.3,16.2,11.5,,110,96,79,77,
2017-07-13 17:00,2214,84,82,0.00,22,323.10,,18.6,12.9,0.25,1.15,2.2,10.3,15.8,11.5,,110,97,80,77,
2017-07-13 18:00,2214,82,78,0.00,23,139.10,,16.2,9.5,0.24,1.05,1.9,10.5,16.4,11.5,,107,97,80,77,
2017-07-13 19:00,2214,78,72,0.00,23,11.28,,12.5,4.5,0.22,0.89,2.4,10.3,15.8,11.5,,103,96,81,76,
2017-07-13 20:00,2214,72,65,0.00,29,0.00,,4.6,2.0,0.23,0.74,1.9,10.1,16.1,11.5,,100,95,82,77,
2017-07-13 21:00,2214,68,62,0.00,33,0.00,,5.7,2.3,0.22,0.62,1.9,9.5,16.7,11.5,,96,94,82,77,
2017-07-13 22:00,2214,62,58,0.00,39,0.00,,5.0,2.6,0.22,0.53,0.6,9.6,16.5,11.5,,92,91,82,77,
2017-07-13 23:00,2214,58,55,0.00,46,0.00,,4.4,1.7,0.22,0.47,1.3,9.8,16.5,11.4,,88,90,82,77,
2017-07-14 00:00,2214,57,54,0.00,53,0.00,,4.9,2.1,0.23,0.44,1.4,9.0,16.5,11.4,,85,87,82,77,
2017-07-14 01:00,2214,55,52,0.00,52,0.00,,3.7,1.5,0.22,0.42,1.2,8.7,16.5,11.9,,82,86,82,78,
2017-07-14 02:00,2214,53,47,0.00,56,0.00,,3.1,1.2,0.22,0.37,1.5,9.7,15.8,11.9,,80,83,82,77,
2017-07-14 03:00,2214,49,47,0.00,65,0.00,,2.8,1.6,0.22,0.33,0.3,8.5,16.1,11.9,,78,82,82,77,
2017-07-14 04:00,2214,48,45,0.00,60,2.54,,2.3,0.7,0.21,0.33,1.3,8.6,16.2,11.9,,76,80,82,78,
2017-07-14 05:00,2214,53,45,0.00,71,70.10,,2.4,0.7,0.22,0.33,1.6,8.9,16.2,11.9,,73,79,81,77,
2017-07-14 06:00,2214,58,53,0.00,57,187.50,,2.0,0.2,0.23,0.43,1.6,9.0,16.0,11.9,,72,77,80,78,
2017-07-14 07:00,2214,66,58,0.00,50,407.60,,3.3,1.2,0.25,0.53,1.1,8.9,15.8,11.9,,71,76,80,77,
2017-07-14 08:00,2214,75,66,0.00,40,521.20,,3.7,1.2,0.27,0.73,1.3,9.1,15.6,11.9,,72,76,80,77,
2017-07-14 09:00,2214,85,75,0.00,32,733.00,,8.5,2.4,0.27,0.99,1.6,8.9,15.8,11.9,,76,76,79,77,
2017-07-14 10:00,2214,88,85,0.00,13,915.00,,13.5,4.9,0.15,1.26,1.2,9.0,15.5,11.9,,80,77,79,77,
2017-07-14 11:00,2214,90,88,0.00,11,939.00,,18.1,8.4,0.16,1.38,1.9,9.4,16.1,11.9,,87,79,78,77,
2017-07-14 12:00,2214,91,89,0.00,11,951.00,,19.4,9.1,0.16,1.41,1.9,9.5,15.5,12.1,,93,82,78,77,
2017-07-14 13:00,2214,92,89,0.00,13,960.00,,20.7,9.9,0.18,1.46,2.1,9.4,15.5,11.4,,98,86,78,77,
2017-07-14 14:00,2214,91,89,0.00,14,789.60,,18.1,11.4,0.19,1.40,2.6,9.6,15.8,11.5,,102,89,78,77,
2017-07-14 15:00,2214,90,89,0.00,14,734.30,,18.3,11.7,0.19,1.38,2.2,9.7,16.1,11.5,,106,92,78,77,
2017-07-14 16:00,2214,90,84,0.00,15,429.60,,18.2,12.4,0.22,1.34,2.2,10.3,15.9,11.5,,108,94,79,77,
2017-07-14 17:00,2214,84,80,0.00,20,86.80,,15.5,7.7,0.24,1.10,2.3,10.5,15.4,11.5,,108,96,80,77,
2017-07-14 18:00,2214,80,79,0.00,23,69.18,,6.5,3.3,0.25,1.02,1.8,9.9,16.0,11.5,,105,96,80,77,
2017-07-14 19:00,2214,79,76,0.00,25,18.61,,3.4,0.8,0.27,0.94,1.6,10.1,16.4,11.5,,102,96,80,76,
2017-07-14 20:00,2214,76,69,0.00,28,0.00,,5.6,3.1,0.25,0.86,2.3,9.9,15.4,11.5,,98,94,82,77,
2017-07-14 21:00,2214,70,66,0.00,34,0.00,,5.0,1.5,0.25,0.71,1.9,9.8,15.8,11.4,,95,92,82,76,
2017-07-14 22:00,2214,66,62,0.00,38,0.00,,5.9,2.9,0.25,0.61,1.8,9.9,16.2,12.1,,92,91,82,77,
2017-07-14 23:00,2214,64,58,0.00,41,0.00,,4.3,1.8,0.25,0.57,1.3,9.9,16.2,11.4,,88,89,82,77,
2017-07-15 00:00,2214,60,54,0.00,52,0.00,,3.4,1.6,0.25,0.49,1.0,8.9,16.1,11.9,,86,87,82,77,
2017-07-15 01:00,2214,56,54,0.00,58,0.00,,4.8,1.8,0.24,0.43,1.6,9.7,15.8,11.9,,83,85,82,77,
2017-07-15 02:00,2214,55,51,0.00,53,0.00,,3.8,2.3,0.22,0.40,1.4,9.6,15.8,11.9,,80,84,82,77,
2017-07-15 03:00,2214,51,49,0.00,58,0.00,,2.6,1.4,0.22,0.37,0.7,9.3,15.8,11.9,,78,82,82,77,
2017-07-15 04:00,2214,51,47,0.00,58,1.59,,3.2,1.6,0.21,0.35,1.4,9.6,16.2,11.9,,76,80,81,77,
2017-07-15 05:00,2214,56,47,0.00,65,94.40,,1.9,0.5,0.22,0.37,0.8,8.4,15.8,11.9,,74,79,81,77,
2017-07-15 06:00,2214,62,56,0.00,55,279.00,,3.2,0.7,0.25,0.49,1.1,8.0,16.0,11.9,,72,78,80,78,
2017-07-15 07:00,2214,71,62,0.00,49,476.40,,2.9,0.8,0.26,0.64,1.4,7.9,15.8,11.9,,71,76,80,77,
2017-07-15 08:00,2214,76,71,0.00,33,661.00,,6.1,1.8,0.25,0.85,0.9,8.8,15.8,11.9,,72,76,80,77,
2017-07-15 09:00,2214,80,76,0.00,27,816.00,,7.1,2.8,0.23,0.97,2.0,8.7,15.5,11.9,,77,76,79,77,
2017-07-15 10:00,2214,83,80,0.00,23,918.00,,12.6,5.3,0.22,1.09,1.5,8.7,15.8,11.9,,82,77,79,77,
2017-07-15 11:00,2214,86,83,0.00,17,981.00,,14.9,6.9,0.19,1.21,1.9,9.1,15.6,11.4,,89,80,78,77,
2017-07-15 12:00,2214,88,85,0.00,16,984.00,,17.5,9.6,0.20,1.26,1.9,9.4,15.6,11.9,,95,83,78,77,
2017-07-15 13:00,2214,89,86,0.00,15,941.00,,18.8,10.5,0.18,1.27,1.8,9.9,15.6,11.4,,101,87,78,77,
2017-07-15 14:00,2214,89,88,0.00,14,840.00,,21.6,11.3,0.20,1.36,2.3,10.0,15.6,11.5,,105,90,78,77,
2017-07-15 15:00,2214,88,86,0.00,15,697.60,,20.7,12.3,0.20,1.29,2.2,9.7,16.2,12.1,,109,93,78,77,
2017-07-15 16:00,2214,87,86,0.00,15,520.00,,18.8,11.5,0.19,1.28,2.2,10.1,16.1,11.5,,110,96,79,77,
2017-07-15 17:00,2214,87,84,0.00,15,331.50,,17.7,11.0,0.17,1.23,2.3,10.1,15.9,11.5,,109,97,80,77,
2017-07-15 18:00,2214,84,80,0.00,13,143.60,,16.8,7.0,0.15,1.15,1.8,10.1,15.8,11.5,,107,97,80,77,
2017-07-15 19:00,2214,80,69,0.00,15,10.09,,6.1,3.0,0.17,0.90,1.3,10.1,15.6,11.5,,103,96,81,77,
2017-07-15 20:00,2214,70,69,0.00,29,0.00,,8.1,4.4,0.22,0.73,1.6,10.2,16.2,11.5,,99,95,82,76,
2017-07-15 21:00,2214,71,66,0.00,33,0.00,,8.9,3.8,0.24,0.73,1.1,10.2,16.0,11.5,,96,94,82,77,
2017-07-15 22:00,2214,66,62,0.00,35,0.00,,7.0,2.6,0.22,0.62,0.4,9.4,16.2,12.1,,92,92,82,77,
2017-07-15 23:00,2214,63,62,0.00,38,0.00,,5.9,3.0,0.22,0.57,0.9,9.8,16.2,12.1,,89,90,82,77,
2017-07-16 00:00,2214,62,60,0.00,40,0.00,,5.4,2.6,0.22,0.54,1.4,9.5,15.8,12.1,,86,88,82,77,
2017-07-16 01:00,2214,62,57,0.00,40,0.00,,5.6,3.2,0.22,0.53,1.4,9.3,15.8,11.4,,83,86,82,78,
2017-07-16 02:00,2214,60,54,0.00,48,0.00,,4.8,2.7,0.22,0.48,2.3,8.8,16.2,11.9,,81,84,82,78,
2017-07-16 03:00,2214,55,51,0.00,49,0.00,,5.7,2.2,0.21,0.43,1.5,9.1,16.2,11.9,,79,82,82,78,
2017-07-16 04:00,2214,52,51,0.00,56,1.86,,5.4,2.7,0.20,0.38,1.6,8.3,16.4,11.9,,77,81,82,77,
2017-07-16 05:00,2214,57,51,0.00,53,90.80,,3.9,1.8,0.20,0.39,0.8,8.8,15.8,11.9,,75,80,82,78,
2017-07-16 06:00,2214,64,57,0.00,47,275.10,,3.8,1.3,0.23,0.52,1.1,8.2,15.6,11.9,,73,78,81,78,
2017-07-16 07:00,2214,72,64,0.00,41,473.10,,3.9,1.2,0.23,0.68,1.4,9.0,15.8,11.9,,72,77,80,78,
2017-07-16 08:00,2214,77,72,0.00,26,659.50,,7.6,2.8,0.20,0.85,0.9,9.2,15.9,11.6,,73,76,80,78,
2017-07-16 09:00,2214,79,77,0.00,21,816.00,,9.2,3.7,0.20,0.97,0.8,8.6,16.1,11.9,,77,76,79,77,
2017-07-16 10:00,2214,83,79,0.00,20,927.00,,9.6,3.7,0.20,1.04,1.5,9.2,15.5,11.9,,83,78,79,77,
2017-07-16 11:00,2214,88,82,0.00,19,983.00,,14.1,5.4,0.21,1.18,1.9,8.5,15.6,11.9,,90,80,79,77,
2017-07-16 12:00,2214,88,87,0.00,14,988.00,,22.4,5.9,0.20,1.32,1.9,8.9,15.9,11.9,,96,84,78,77,
2017-07-16 13:00,2214,90,88,0.00,14,945.00,,17.4,9.5,0.19,1.38,1.9,9.8,15.9,11.9,,102,87,78,77,
2017-07-16 14:00,2214,89,88,0.00,13,842.00,,19.3,10.9,0.18,1.37,2.3,9.9,15.9,11.9,,106,91,78,77,
2017-07-16 15:00,2214,90,87,0.00,13,694.40,,20.4,11.6,0.17,1.36,2.1,10.4,15.6,11.4,,109,94,79,77,
2017-07-16 16:00,2214,89,87,0.00,13,523.10,,19.6,12.2,0.16,1.34,2.6,9.9,15.5,11.5,,111,96,79,77,
2017-07-16 17:00,2214,87,85,0.00,11,319.10,,16.6,10.9,0.15,1.27,1.9,10.1,15.5,11.4,,110,98,80,77,
2017-07-16 18:00,2214,85,81,0.00,14,139.90,,15.0,9.0,0.15,1.17,1.9,10.1,16.0,11.2,,108,98,80,77,
2017-07-16 19:00,2214,81,75,0.00,14,10.48,,9.9,6.3,0.16,0.96,1.6,10.5,15.6,11.4,,104,98,82,77,
2017-07-16 20:00,2214,75,67,0.00,21,0.00,,11.2,4.9,0.19,0.81,1.9,10.0,16.4,12.1,,101,96,82,77,
2017-07-16 21:00,2214,68,65,0.00,28,0.00,,5.7,2.9,0.19,0.65,1.6,9.9,15.6,11.4,,97,94,82,77,
2017-07-16 22:00,2214,67,62,0.00,28,0.00,,4.7,2.6,0.19,0.62,1.9,9.5,16.0,11.9,,93,92,83,77,
2017-07-16 23:00,2214,63,58,0.00,34,0.00,,5.3,2.8,0.19,0.53,1.6,9.2,16.0,11.9,,89,90,83,77,
2017-07-17 00:00,2214,59,54,0.00,39,0.00,,4.9,1.7,0.19,0.48,1.1,9.0,16.4,11.6,,86,89,83,77,
2017-07-17 01:00,2214,56,54,0.00,44,0.00,,3.0,1.1,0.19,0.44,0.9,8.9,16.0,11.1,,83,86,83,78,
2017-07-17 02:00,2214,,,,45,,,,,0.19,0.39,0.7,8.7,16.2,11.9,,81,85,82,78,
2017-07-17 03:00,2214,51,48,0.00,,0.00,,2.9,1.0,0.19,0.35,1.4,9.0,15.4,11.9,,79,83,82,78,
2017-07-17 04:00,2214,51,46,0.00,53,1.98,,2.7,1.1,0.18,0.35,1.1,7.8,15.8,11.6,,77,82,82,78,
2017-07-17 05:00,2214,54,46,0.00,60,87.60,,2.9,1.3,0.19,0.35,0.6,8.4,16.0,11.7,,75,80,82,78,
2017-07-17 06:00,2214,62,54,0.00,49,270.00,,2.8,0.9,0.22,0.48,0.9,8.6,15.8,11.7,,73,78,81,78,
2017-07-17 07:00,2214,71,62,0.00,38,468.00,,4.6,1.3,0.22,0.64,1.1,8.6,15.6,11.7,,72,77,80,78,
2017-07-17 08:00,2214,80,71,0.00,32,654.00,,10.8,2.2,0.24,0.87,0.9,8.8,16.1,11.7,,73,76,80,78,
2017-07-17 09:00,2214,84,80,0.00,19,823.00,,14.2,7.4,0.20,1.05,0.7,8.4,15.7,11.7,,76,76,80,78,
2017-07-17 10:00,2214,84,82,0.00,18,646.70,,20.0,9.2,0.19,1.14,1.6,8.6,15.6,11.7,,82,78,79,78,
2017-07-17 11:00,2214,85,82,0.00,19,603.30,,18.4,10.2,0.19,1.12,1.8,8.0,15.9,11.9,,88,80,79,78,
2017-07-17 12:00,2214,86,84,0.00,16,868.00,,21.6,11.3,0.17,1.19,1.9,8.9,15.6,11.7,,92,83,79,77,
2017-07-17 13:00,2214,86,84,0.00,15,748.90,,21.6,12.5,0.17,1.19,1.6,9.4,15.6,11.7,,96,85,79,77,
2017-07-17 14:00,2214,86,84,0.00,13,733.00,,21.2,11.5,0.17,1.21,1.6,9.3,15.6,11.9,,100,88,79,77,
2017-07-17 15:00,2214,85,84,0.00,13,714.20,,24.0,14.5,0.15,1.18,2.1,9.8,15.0,11.9,,102,90,79,77,
2017-07-17 16:00,2214,84,82,0.00,13,515.50,,20.3,13.9,0.15,1.16,1.9,9.4,15.5,11.9,,104,92,79,77,
2017-07-17 17:00,2214,82,80,0.00,13,319.00,,22.8,13.5,0.15,1.08,1.9,9.5,15.9,11.9,,104,94,79,77,
2017-07-17 18:00,2214,80,76,0.00,14,131.20,,19.4,11.6,0.14,0.99,2.0,9.7,15.7,11.9,,102,94,80,77,
2017-07-17 19:00,2214,76,68,0.00,16,9.56,,15.0,5.8,0.15,0.83,1.9,9.4,16.1,11.4,,99,94,80,77,
2017-07-17 20:00,2214,68,65,0.00,22,0.00,,4.9,2.5,0.15,0.67,1.2,9.5,15.6,11.9,,96,92,81,77,
2017-07-17 21:00,2214,66,59,0.00,24,0.00,,4.6,2.1,0.16,0.59,1.3,9.4,15.6,11.4,,92,91,82,77,
2017-07-17 22:00,2214,62,56,0.00,33,0.00,,7.4,3.3,0.17,0.52,1.4,9.1,15.8,11.9,,88,89,82,78,
2017-07-17 23:00,2214,56,54,0.00,39,0.00,,5.6,2.4,0.18,0.45,1.5,9.3,15.8,11.9,,85,87,82,78,
2017-07-18 00:00,2214,56,52,0.00,41,0.00,,3.0,1.3,0.18,0.42,1.6,8.9,15.8,11.4,,82,85,82,77,
2017-07-18 01:00,2214,53,49,0.00,45,0.00,,3.6,1.5,0.18,0.39,1.6,9.2,16.0,11.9,,80,83,82,78,
2017-07-18 02:00,2214,51,47,0.00,52,0.00,,2.9,1.2,0.18,0.36,0.4,8.6,15.8,11.9,,77,82,82,78,
2017-07-18 03:00,2214,48,47,0.00,49,0.00,,2.9,0.7,0.18,0.34,0.6,8.2,15.8,11.9,,75,80,81,78,
2017-07-18 04:00,2214,47,46,0.00,55,1.92,,5.2,1.1,0.18,0.31,1.1,8.4,15.5,11.9,,73,78,80,78,
2017-07-18 05:00,2214,53,45,0.00,59,88.10,,2.5,1.0,0.19,0.33,1.7,7.6,15.7,11.9,,71,77,80,78,
2017-07-18 06:00,2214,59,53,0.00,50,277.40,,3.1,0.9,0.20,0.44,1.0,8.0,15.5,11.9,,70,76,80,78,
2017-07-18 07:00,2214,72,59,0.00,43,478.00,,3.9,1.2,0.23,0.58,1.0,7.9,15.9,11.9,,69,74,79,78,
2017-07-18 08:00,2214,75,72,0.00,28,664.60,,17.8,8.1,0.20,0.83,0.6,8.2,15.4,11.9,,70,73,79,78,
2017-07-18 09:00,2214,78,75,0.00,21,819.00,,18.9,10.0,0.19,0.89,0.8,7.7,16.2,11.9,,74,73,78,77,
2017-07-18 10:00,2214,80,78,0.00,18,932.00,,21.0,11.5,0.16,1.01,1.8,7.7,15.2,11.9,,80,76,78,77,
2017-07-18 11:00,2214,82,80,0.00,13,996.00,,21.8,11.9,0.14,1.04,1.5,9.2,15.4,11.9,,85,78,77,77,
2017-07-18 12:00,2214,84,80,0.00,13,999.00,,23.3,12.1,0.13,1.10,1.9,8.9,15.6,11.4,,90,80,77,77,
2017-07-18 13:00,2214,85,82,0.00,13,944.00,,20.0,9.7,0.15,1.13,2.0,8.9,15.8,11.9,,96,84,77,77,
2017-07-18 14:00,2214,85,82,0.00,15,842.00,,20.5,10.6,0.18,1.14,1.4,9.3,15.6,11.4,,100,87,77,76,
2017-07-18 15:00,2214,83,80,0.00,15,694.50,,22.5,14.6,0.17,1.09,2.1,9.8,15.6,12.1,,104,90,77,77,
2017-07-18 16:00,2214,80,78,0.00,17,516.50,,20.2,14.0,0.18,1.02,2.2,10.0,15.4,11.5,,106,92,78,76,
2017-07-18 17:00,2214,78,77,0.00,19,322.10,,19.0,11.9,0.17,0.95,1.9,9.7,15.6,11.5,,105,94,79,76,
2017-07-18 18:00,2214,77,72,0.00,17,131.70,,18.1,10.5,0.15,0.87,2.0,9.7,15.4,11.5,,103,94,79,76,
2017-07-18 19:00,2214,72,63,0.00,18,10.10,,11.6,5.5,0.14,0.71,1.9,10.0,15.6,11.5,,100,94,80,77,
2017-07-18 20:00,2214,64,57,0.00,27,0.00,,6.6,3.1,0.16,0.56,1.8,9.6,15.9,11.5,,96,92,80,76,
2017-07-18 21:00,2214,60,54,0.00,33,0.00,,6.0,3.0,0.16,0.47,1.6,9.2,15.7,11.5,,92,90,80,77,
2017-07-18 22:00,2214,56,52,0.00,33,0.00,,7.1,3.3,0.16,0.43,0.8,9.3,15.7,11.5,,87,89,81,77,
2017-07-18 23:00,2214,55,47,0.00,39,0.00,,7.2,2.8,0.15,0.37,1.3,9.3,15.3,11.4,,84,86,81,76,
2017-07-19 00:00,2214,51,47,0.00,43,0.00,,4.0,1.4,0.14,0.35,1.4,9.2,15.7,11.5,,81,85,81,77,
2017-07-19 01:00,2214,48,45,0.00,42,0.00,,4.3,1.9,0.14,0.32,1.1,8.2,15.7,11.5,,78,82,81,77,
2017-07-19 02:00,2214,45,41,0.00,47,0.00,,5.7,1.2,0.14,0.28,0.9,8.4,15.7,11.4,,75,80,80,77,
2017-07-19 03:00,2214,41,38,0.00,54,0.00,,6.5,1.8,0.13,0.24,1.3,8.2,15.9,12.1,,73,79,80,77,
2017-07-19 04:00,2214,40,37,0.00,54,1.92,,3.9,2.1,0.13,0.24,0.8,8.2,15.6,11.9,,71,77,80,77,
2017-07-19 05:00,2214,46,37,0.00,60,89.90,,2.6,0.7,0.14,0.25,1.4,8.2,15.2,11.4,,69,75,80,77,
2017-07-19 06:00,2214,53,46,0.00,49,279.10,,3.0,0.7,0.15,0.35,1.4,8.4,15.6,11.9,,67,73,79,77,
2017-07-19 07:00,2214,63,53,0.00,38,483.00,,3.6,1.0,0.16,0.47,0.8,8.0,15.6,11.4,,65,72,78,77,
2017-07-19 08:00,2214,72,63,0.00,30,676.30,,7.6,2.7,0.17,0.65,1.4,7.7,15.6,11.9,,66,71,78,77,
2017-07-19 09:00,2214,77,72,0.00,19,839.00,,12.4,6.3,0.12,0.85,1.1,7.8,15.0,11.4,,71,71,77,77,
2017-07-19 10:00,2214,80,77,0.00,9,951.00,,13.2,7.0,0.09,0.97,1.3,8.2,15.4,11.4,,77,73,77,76,
2017-07-19 11:00,2214,83,79,0.00,9,1008.00,,16.5,6.9,0.09,1.08,1.4,8.6,15.6,11.4,,83,76,76,77,
2017-07-19 12:00,2214,85,82,0.00,9,1007.00,,17.6,6.8,0.09,1.15,1.1,8.8,14.7,11.4,,90,80,76,76,
2017-07-19 13:00,2214,86,83,0.00,8,958.00,,19.8,11.2,0.10,1.19,1.6,8.7,15.3,11.4,,96,83,76,76,
2017-07-19 14:00,2214,84,83,0.00,10,851.00,,19.6,12.3,0.12,1.16,2.1,9.1,15.4,11.5,,102,86,76,76,
2017-07-19 15:00,2214,84,82,0.00,11,699.60,,19.4,11.8,0.14,1.16,2.2,10.0,15.6,11.5,,105,90,76,76,
2017-07-19 16:00,2214,84,81,0.00,13,522.40,,19.2,13.2,0.14,1.13,2.4,9.6,15.6,11.5,,106,92,77,76,
2017-07-19 17:00,2214,81,78,0.00,12,323.30,,20.6,13.6,0.12,1.04,1.6,9.3,15.2,11.4,,106,94,78,76,
2017-07-19 18:00,2214,78,74,0.00,11,132.50,,19.7,12.1,0.10,0.91,1.4,9.4,15.0,11.5,,103,94,78,76,
2017-07-19 19:00,2214,74,67,0.00,13,8.92,,12.0,6.5,0.12,0.77,2.1,9.6,15.2,11.5,,100,94,79,76,
2017-07-19 20:00,2214,67,61,0.00,19,0.00,,5.5,2.2,0.13,0.66,1.2,9.2,16.2,11.5,,96,92,80,76,
2017-07-19 21:00,2214,62,60,0.00,23,0.00,,4.3,2.1,0.13,0.53,1.6,9.0,15.2,11.7,,92,91,80,76,
2017-07-19 22:00,2214,62,55,0.00,24,0.00,,5.2,3.0,0.13,0.48,1.1,9.3,15.7,11.5,,88,89,80,76,
2017-07-19 23:00,2214,56,51,0.00,29,0.00,,5.2,1.7,0.14,0.41,1.6,9.1,15.7,11.5,,85,86,80,76,
2017-07-20 00:00,2214,53,52,0.00,38,0.00,,4.8,1.4,0.15,0.39,1.6,8.4,15.7,11.5,,81,84,80,77,
2017-07-20 01:00,2214,53,47,0.00,39,0.00,,3.6,1.6,0.14,0.36,1.2,8.9,15.7,11.5,,78,82,80,76,
2017-07-20 02:00,2214,47,44,0.00,41,0.00,,4.4,2.2,0.14,0.31,1.1,8.3,15.7,11.5,,76,80,80,76,
2017-07-20 03:00,2214,46,43,0.00,42,0.00,,3.6,1.5,0.14,0.31,1.3,8.6,15.4,11.5,,73,79,80,77,
2017-07-20 04:00,2214,46,40,0.00,44,1.75,,2.4,0.9,0.13,0.28,0.7,8.1,15.0,11.5,,71,77,80,77,
2017-07-20 05:00,2214,49,40,0.00,53,82.60,,2.0,0.9,0.14,0.29,1.0,8.4,15.6,11.4,,70,76,79,76,
2017-07-20 06:00,2214,57,49,0.00,44,265.50,,2.2,0.7,0.16,0.39,1.4,8.4,15.4,11.4,,68,74,79,76,
2017-07-20 07:00,2214,65,57,0.00,35,465.50,,3.6,1.1,0.17,0.52,0.6,7.5,15.8,11.4,,67,73,78,76,
2017-07-20 08:00,2214,72,65,0.00,29,655.40,,7.4,2.7,0.17,0.70,1.0,7.7,15.4,11.5,,68,72,78,77,
2017-07-20 09:00,2214,76,72,0.00,21,809.00,,8.7,4.1,0.18,0.84,1.1,8.1,15.6,11.5,,72,72,77,76,
2017-07-20 10:00,2214,79,76,0.00,21,923.00,,12.8,4.6,0.18,0.93,0.7,8.3,15.4,11.5,,78,74,77,76,
2017-07-20 11:00,2214,82,79,0.00,19,991.00,,14.7,6.4,0.17,1.02,1.1,8.6,15.4,11.5,,85,76,76,76,
2017-07-20 12:00,2214,82,80,0.00,18,983.00,,22.7,8.3,0.19,1.06,1.1,8.8,14.9,11.5,,92,80,76,76,
2017-07-20 13:00,2214,83,82,0.00,15,940.00,,21.0,10.8,0.17,1.12,2.2,9.4,15.5,11.5,,98,84,76,76,
2017-07-20 14:00,2214,84,82,0.00,16,836.00,,20.4,12.1,0.17,1.14,1.9,9.0,14.9,11.5,,102,87,76,76,
2017-07-20 15:00,2214,84,82,0.00,16,686.40,,21.5,12.6,0.18,1.13,1.4,9.4,15.5,11.5,,105,91,77,76,
2017-07-20 16:00,2214,83,81,0.00,17,508.80,,18.5,12.1,0.19,1.10,1.9,9.8,15.4,11.5,,107,93,77,76,
2017-07-20 17:00,2214,82,79,0.00,16,315.80,,17.4,11.1,0.18,1.05,1.6,10.1,15.2,11.5,,106,94,78,76,
2017-07-20 18:00,2214,79,75,0.00,17,129.40,,14.8,9.0,0.17,0.96,2.1,9.1,15.4,11.4,,104,95,78,76,
2017-07-20 19:00,2214,75,69,0.00,18,8.75,,11.3,4.1,0.16,0.79,2.0,10.0,15.6,11.4,,101,94,79,76,
2017-07-20 20:00,2214,69,64,0.00,22,0.00,,5.9,2.7,0.16,0.66,1.6,9.6,15.4,11.1,,96,93,80,76,
2017-07-20 21:00,2214,66,63,0.00,25,0.00,,6.6,3.0,0.17,0.60,1.6,8.6,15.7,11.7,,93,91,80,76,
2017-07-20 22:00,2214,64,54,0.00,28,0.00,,5.3,3.2,0.17,0.50,1.5,9.1,15.4,11.1,,89,89,80,76,
2017-07-20 23:00,2214,56,52,0.00,41,0.00,,4.5,2.5,0.17,0.43,1.6,8.5,15.2,11.5,,86,87,81,76,
2017-07-21 00:00,2214,53,51,0.00,45,0.00,,3.4,1.3,0.18,0.39,0.6,8.4,15.4,11.5,,82,85,80,76,
2017-07-21 01:00,2214,52,47,0.00,44,0.00,,4.3,2.0,0.18,0.35,1.2,9.1,15.4,11.5,,80,83,80,77,
2017-07-21 02:00,2214,50,46,0.00,52,0.00,,4.6,1.6,0.17,0.33,1.1,8.3,15.7,11.5,,77,82,80,77,
2017-07-21 03:00,2214,47,44,0.00,55,0.00,,2.9,1.1,0.18,0.31,1.0,8.1,15.7,11.5,,75,80,80,76,
2017-07-21 04:00,2214,45,43,0.00,49,1.63,,2.8,1.4,0.17,0.29,1.1,8.4,15.4,11.7,,73,78,80,77,
2017-07-21 05:00,2214,51,44,0.00,55,83.60,,1.9,0.5,0.17,0.31,1.0,8.2,15.4,11.5,,71,76,80,77,
2017-07-21 06:00,2214,58,51,0.00,53,268.50,,3.7,0.8,0.20,0.42,1.4,7.8,15.2,11.5,,69,75,79,77,
2017-07-21 07:00,2214,67,58,0.00,43,469.50,,4.8,1.4,0.22,0.55,1.4,8.7,15.4,11.5,,69,74,79,77,
2017-07-21 08:00,2214,76,67,0.00,35,659.90,,6.4,1.4,0.22,0.75,1.0,8.3,15.2,11.5,,69,73,78,76,
2017-07-21 09:00,2214,79,75,0.00,26,822.00,,7.7,3.6,0.19,0.91,1.1,8.1,15.4,11.5,,73,73,78,77,
2017-07-21 10:00,2214,82,78,0.00,18,935.00,,11.6,4.0,0.18,1.01,0.7,7.9,14.9,11.5,,79,75,77,76,
2017-07-21 11:00,2214,83,81,0.00,16,984.00,,11.3,4.4,0.17,1.10,1.6,8.6,14.5,11.5,,86,78,77,76,
2017-07-21 12:00,2214,84,81,0.00,16,990.00,,12.8,5.4,0.17,1.13,1.4,8.6,15.5,11.5,,93,81,77,76,
2017-07-21 13:00,2214,86,83,0.00,14,942.00,,15.3,5.2,0.16,1.21,1.7,9.1,14.7,11.5,,99,85,76,76,
2017-07-21 14:00,2214,86,83,0.00,14,842.00,,14.2,8.2,0.16,1.20,1.9,9.3,14.7,11.5,,104,89,76,76,
2017-07-21 15:00,2214,86,84,0.00,12,693.80,,18.3,8.8,0.14,1.23,1.9,9.6,15.5,11.4,,108,92,77,76,
2017-07-21 16:00,2214,86,84,0.00,11,515.60,,16.4,8.9,0.14,1.22,2.2,9.8,14.9,11.5,,109,94,77,76,
2017-07-21 17:00,2214,85,84,0.00,11,317.20,,13.6,8.3,0.13,1.20,1.4,9.7,15.4,11.5,,109,96,78,76,
2017-07-21 18:00,2214,85,80,0.00,12,127.70,,12.1,7.6,0.15,1.13,1.9,9.7,15.4,11.7,,107,96,79,76,
2017-07-21 19:00,2214,80,70,0.00,15,8.02,,8.6,4.1,0.15,0.89,1.6,9.8,15.0,11.7,,103,96,80,76,
2017-07-21 20:00,2214,71,68,0.00,20,0.00,,5.7,3.0,0.16,0.72,1.8,9.2,15.4,11.4,,99,95,80,76,
2017-07-21 21:00,2214,70,62,0.00,22,0.00,,6.6,2.7,0.17,0.63,1.6,9.5,15.7,11.5,,96,93,81,76,
2017-07-21 22:00,2214,66,64,0.00,29,0.00,,7.4,2.4,0.19,0.63,1.1,9.4,15.7,11.5,,91,91,81,76,
2017-07-21 23:00,2214,66,64,0.00,38,0.00,,4.5,1.9,0.22,0.61,1.4,9.1,15.4,11.5,,88,89,82,76,
2017-07-22 00:00,2214,64,60,0.00,37,0.00,,5.8,2.8,0.22,0.58,1.4,9.0,15.4,11.7,,85,87,82,77,
2017-07-22 01:00,2214,62,60,0.00,42,0.00,,5.3,2.4,0.22,0.54,1.1,8.9,15.7,11.5,,82,85,82,77,
2017-07-22 02:00,2214,61,55,0.00,40,0.00,,6.0,3.2,0.22,0.50,0.9,8.5,15.7,11.4,,80,83,82,77,
2017-07-22 03:00,2214,56,54,0.00,48,0.00,,6.3,3.7,0.21,0.43,1.1,8.4,15.7,11.5,,78,82,81,77,
2017-07-22 04:00,2214,55,53,0.00,47,1.43,,5.7,3.5,0.20,0.42,0.9,8.5,15.8,11.4,,76,80,80,77,
2017-07-22 05:00,2214,61,53,0.00,49,69.87,,4.5,2.1,0.21,0.45,0.2,8.6,15.4,11.5,,75,79,80,77,
2017-07-22 06:00,2214,67,61,0.00,38,254.00,,5.1,1.8,0.21,0.59,1.1,8.6,15.6,11.5,,73,78,80,77,
2017-07-22 07:00,2214,72,67,0.00,32,455.70,,3.8,1.5,0.20,0.73,1.0,7.8,15.4,11.4,,72,76,80,77,
2017-07-22 08:00,2214,76,72,0.00,25,642.90,,7.1,2.8,0.21,0.85,0.8,8.0,15.6,11.4,,73,76,79,77,
2017-07-22 09:00,2214,82,76,0.00,23,801.00,,9.7,2.8,0.21,1.00,1.4,8.0,15.2,11.4,,77,76,79,77,
2017-07-22 10:00,2214,86,81,0.00,20,914.00,,9.8,3.6,0.21,1.15,1.3,8.2,15.4,11.4,,82,78,78,77,
2017-07-22 11:00,2214,91,86,0.00,16,974.00,,12.4,6.5,0.19,1.37,1.6,8.0,15.3,11.5,,89,80,78,77,
2017-07-22 12:00,2214,91,89,0.00,12,981.00,,15.6,8.2,0.16,1.42,1.9,8.4,15.2,11.5,,96,83,78,77,
2017-07-22 13:00,2214,92,90,0.00,9,938.00,,16.3,7.4,0.14,1.47,1.2,9.1,14.8,11.5,,101,87,78,76,
2017-07-22 14:00,2214,93,91,0.00,9,832.00,,17.9,7.5,0.13,1.51,1.6,9.3,15.3,11.5,,105,90,78,76,
2017-07-22 15:00,2214,94,92,0.00,8,682.60,,15.3,7.5,0.12,1.55,1.9,9.5,14.9,11.5,,108,94,78,76,
2017-07-22 16:00,2214,94,92,0.00,8,506.60,,13.7,5.9,0.11,1.56,1.9,9.6,15.4,11.5,,110,96,79,76,
2017-07-22 17:00,2214,93,91,0.00,7,306.30,,9.9,4.8,0.10,1.52,1.7,9.6,15.6,11.7,,110,98,79,76,
2017-07-22 18:00,2214,91,88,0.00,7,117.80,,9.6,4.4,0.11,1.46,1.7,9.3,15.4,11.5,,108,98,80,77,
2017-07-22 19:00,2214,88,79,0.00,9,7.49,,10.9,5.1,0.14,1.13,1.6,9.8,15.6,11.5,,105,98,81,76,
2017-07-22 20:00,2214,82,76,0.00,17,0.00,,8.9,4.2,0.20,1.02,2.2,9.2,15.8,11.5,,101,96,82,76,
2017-07-22 21:00,2214,76,69,0.00,25,0.00,,4.4,2.3,0.22,0.82,1.4,9.2,15.7,11.5,,98,95,82,76,
2017-07-22 22:00,2214,71,63,0.00,29,0.00,,4.8,1.8,0.22,0.68,1.1,9.4,15.2,11.5,,94,93,82,77,
2017-07-22 23:00,2214,67,62,0.00,36,0.00,,6.5,2.8,0.22,0.63,0.9,9.0,15.2,11.5,,91,91,82,77,
2017-07-23 00:00,2214,63,62,0.00,41,0.00,,3.6,1.3,0.23,0.56,1.4,9.0,15.8,12.1,,87,89,82,77,
2017-07-23 01:00,2214,62,58,0.00,40,0.00,,4.3,2.2,0.22,0.53,1.2,9.5,15.2,11.4,,85,87,82,77,
2017-07-23 02:00,2214,59,54,0.00,41,0.00,,2.7,0.8,0.21,0.48,1.5,8.9,16.0,11.9,,82,86,82,77,
2017-07-23 03:00,2214,56,54,0.00,49,0.00,,3.4,1.7,0.21,0.43,1.1,8.4,15.7,11.9,,80,84,82,78,
2017-07-23 04:00,2214,55,51,0.00,51,1.57,,4.8,1.8,0.20,0.40,1.0,8.8,15.3,11.9,,78,82,82,77,
2017-07-23 05:00,2214,58,49,0.00,47,78.91,,2.6,0.6,0.19,0.40,1.1,8.6,15.4,11.9,,76,81,82,78,
2017-07-23 06:00,2214,64,58,0.00,43,237.60,,3.7,1.3,0.22,0.56,1.4,8.2,15.7,11.9,,75,80,81,78,
2017-07-23 07:00,2214,73,64,0.00,38,426.90,,5.5,1.5,0.22,0.70,1.4,8.0,15.3,11.9,,74,78,81,78,
2017-07-23 08:00,2214,82,71,0.00,34,632.50,,4.7,2.1,0.27,0.89,0.8,8.2,15.4,11.9,,75,77,80,78,
2017-07-23 09:00,2214,90,82,0.00,23,791.10,,16.2,6.6,0.20,1.27,0.9,8.6,15.2,11.9,,79,78,80,78,
2017-07-23 10:00,2214,94,90,0.00,12,925.00,,14.5,7.7,0.18,1.46,0.7,8.2,15.4,11.9,,84,79,79,78,
2017-07-23 11:00,2214,93,92,0.00,12,888.00,,14.7,7.4,0.18,1.53,1.4,8.7,14.8,11.9,,90,82,79,77,
2017-07-23 12:00,2214,94,92,0.00,10,904.00,,15.9,6.5,0.15,1.56,1.8,8.9,14.5,11.9,,96,85,79,77,
2017-07-23 13:00,2214,95,93,0.00,10,894.00,,16.3,6.6,0.16,1.60,1.9,8.8,14.9,12.1,,101,89,79,77,
2017-07-23 14:00,2214,95,90,0.00,10,529.00,,17.1,8.2,0.18,1.58,1.7,9.2,14.9,11.9,,105,91,79,77,
2017-07-23 15:00,2214,91,89,0.00,16,414.80,,16.0,10.6,0.24,1.43,2.0,9.0,15.5,11.9,,109,94,79,77,
2017-07-23 16:00,2214,89,88,0.00,19,378.10,,15.0,10.3,0.27,1.35,1.7,9.5,15.4,11.4,,108,96,80,77,
2017-07-23 17:00,2214,89,87,0.00,20,297.20,,13.6,9.2,0.26,1.35,1.9,9.0,15.2,11.9,,107,96,80,77,
2017-07-23 18:00,2214,87,83,0.00,22,116.60,,13.5,8.9,0.28,1.25,2.0,9.5,15.4,11.9,,105,97,81,77,
2017-07-23 19:00,2214,83,75,0.00,26,6.42,,9.2,4.4,0.31,1.02,1.3,9.5,15.1,11.4,,102,96,82,77,
2017-07-23 20:00,2214,75,72,0.00,35,0.00,,5.0,1.8,0.32,0.83,1.4,9.5,15.4,11.9,,99,95,82,77,
2017-07-23 21:00,2214,72,68,0.00,40,0.00,,3.4,1.6,0.32,0.77,1.1,9.5,15.8,12.1,,96,94,82,78,
2017-07-23 22:00,2214,68,65,0.00,43,0.00,,4.3,2.4,0.31,0.67,0.9,8.8,15.7,11.9,,92,92,82,78,
2017-07-23 23:00,2214,67,64,0.00,50,0.00,,4.2,2.0,0.31,0.62,1.4,9.5,15.3,11.9,,89,90,83,78,
2017-07-24 00:00,2214,66,64,0.00,48,0.00,,4.5,2.1,0.32,0.62,1.4,8.9,15.7,11.9,,87,89,83,78,
2017-07-24 01:00,2214,65,64,0.00,53,0.00,,1.6,0.3,0.32,0.61,1.1,8.5,15.3,11.9,,85,87,83,78,
2017-07-24 02:00,2214,64,60,0.00,51,0.00,,3.1,1.1,0.31,0.57,1.7,8.5,15.4,11.9,,83,86,82,78,
2017-07-24 03:00,2214,60,57,0.00,59,0.00,,4.1,1.4,0.30,0.50,1.1,8.3,15.8,11.7,,82,85,82,78,
2017-07-24 04:00,2214,58,56,0.00,61,1.11,,3.2,1.3,0.30,0.47,1.8,8.6,15.1,11.4,,80,83,82,78,
2017-07-24 05:00,2214,62,53,0.00,68,70.62,,3.2,1.4,0.29,0.44,0.9,8.2,15.1,11.7,,78,82,82,78,
2017-07-24 06:00,2214,68,61,0.00,54,236.10,,3.2,1.4,0.32,0.57,0.9,8.5,14.8,11.7,,77,80,82,78,
2017-07-24 07:00,2214,77,68,0.00,47,457.80,,2.7,1.0,0.33,0.77,1.4,8.2,15.3,11.7,,76,80,81,78,
2017-07-24 08:00,2214,84,77,0.00,35,613.20,,17.7,3.0,0.32,1.01,0.9,7.8,15.4,11.7,,77,79,80,78,
2017-07-24 09:00,2214,84,81,0.00,20,548.90,,13.0,7.8,0.24,1.13,0.9,8.2,15.4,11.9,,80,79,80,78,
2017-07-24 10:00,2214,87,83,0.00,22,492.40,,14.5,8.1,0.22,1.16,1.4,8.6,14.9,11.7,,85,80,80,78,
2017-07-24 11:00,2214,91,87,0.00,18,767.00,,16.5,8.8,0.24,1.36,1.5,9.0,14.9,11.7,,88,82,80,78,
2017-07-24 12:00,2214,87,86,0.00,20,299.90,,16.7,10.0,0.25,1.26,1.4,8.7,15.1,11.7,,92,84,80,78,
2017-07-24 13:00,2214,87,86,0.00,21,344.60,,12.9,6.8,0.25,1.28,1.3,8.7,15.5,11.7,,95,86,79,78,
2017-07-24 14:00,2214,86,85,0.00,21,326.00,,21.4,5.9,0.27,1.24,1.6,9.1,15.5,11.7,,95,87,79,77,
2017-07-24 15:00,2214,86,68,0.04,21,74.26,,16.8,6.3,0.30,1.09,1.6,8.8,15.1,11.6,,95,89,79,78,
2017-07-24 16:00,2214,69,67,0.08,63,126.20,,14.0,4.3,0.48,0.69,1.6,8.9,15.1,11.6,,95,89,80,77,
2017-07-24 17:00,2214,70,69,0.00,62,191.50,,6.8,3.1,0.47,0.72,1.6,9.1,14.8,11.9,,93,89,80,78,
2017-07-24 18:00,2214,70,61,0.14,63,22.55,,17.1,7.9,0.44,0.62,1.5,8.5,15.0,11.7,,90,88,80,77,
2017-07-24 19:00,2214,68,65,0.00,70,1.07,,7.8,3.1,0.44,0.63,1.1,8.7,15.0,11.1,,87,87,80,77,
2017-07-24 20:00,2214,68,63,0.00,58,0.00,,7.1,3.6,0.45,0.63,1.1,8.7,15.0,11.7,,83,85,80,77,
2017-07-24 21:00,2214,64,63,0.00,79,0.00,,5.5,3.0,0.47,0.59,1.2,8.6,15.0,11.7,,80,83,80,77,
2017-07-24 22:00,2214,63,60,0.00,79,0.00,,5.1,2.3,0.46,0.54,1.4,8.2,15.0,11.7,,79,82,80,77,
2017-07-24 23:00,2214,60,60,0.00,90,0.00,,7.8,3.1,0.47,0.52,0.1,8.0,15.0,11.7,,77,80,80,78,
2017-07-25 00:00,2214,60,58,0.00,85,0.00,,6.2,3.2,0.45,0.50,1.1,8.7,14.8,11.7,,75,79,80,78,
2017-07-25 01:00,2214,58,56,0.00,91,0.00,,4.6,1.8,0.44,0.47,1.4,7.9,15.1,11.7,,73,78,80,77,
2017-07-25 02:00,2214,56,54,0.00,94,0.00,,3.0,1.6,0.41,0.43,1.1,7.9,15.3,11.7,,72,77,80,77,
2017-07-25 03:00,2214,55,52,0.00,95,0.00,,4.1,1.3,0.39,0.41,0.4,8.0,15.3,11.7,,70,76,79,77,
2017-07-25 04:00,2214,53,51,0.00,96,1.05,,5.0,2.5,0.38,0.40,0.6,7.8,15.1,11.7,,69,74,79,77,
2017-07-25 05:00,2214,57,51,0.00,93,76.73,,4.1,1.4,0.37,0.39,1.0,7.9,15.2,11.7,,67,73,78,77,
2017-07-25 06:00,2214,62,56,0.00,86,244.70,,5.2,2.4,0.42,0.49,1.0,7.3,15.1,11.1,,66,72,78,77,
2017-07-25 07:00,2214,68,62,0.00,81,432.10,,5.5,1.9,0.45,0.58,0.9,8.1,14.7,11.9,,66,71,77,77,
2017-07-25 08:00,2214,75,68,0.00,68,554.70,,5.9,1.9,0.46,0.76,1.3,7.3,14.8,11.4,,66,70,77,77,
2017-07-25 09:00,2214,78,73,0.00,56,713.70,,6.3,4.0,0.42,0.92,1.8,7.2,14.5,11.9,,71,71,76,76,
2017-07-25 10:00,2214,82,78,0.00,39,849.00,,14.7,3.7,0.38,1.03,1.5,8.4,14.4,11.9,,76,73,76,76,
2017-07-25 11:00,2214,84,82,0.00,34,860.00,,13.0,4.0,0.36,1.13,1.9,8.1,14.2,11.4,,80,75,76,76,
2017-07-25 12:00,2214,82,67,0.04,37,202.80,,14.2,9.4,0.41,1.03,1.5,8.4,14.7,11.4,,87,78,76,76,
2017-07-25 13:00,2214,67,63,0.20,73,122.50,,12.3,5.2,0.45,0.61,1.7,8.1,15.1,12.1,,89,82,75,76,
2017-07-25 14:00,2214,79,65,0.00,79,759.10,,7.9,2.0,0.48,0.80,1.8,8.7,15.1,11.4,,85,82,76,76,
2017-07-25 15:00,2214,81,78,0.00,44,338.50,,5.0,1.7,0.38,1.03,2.0,8.6,14.9,11.5,,83,82,76,76,
2017-07-25 16:00,2214,79,69,0.00,40,26.46,,20.9,7.5,0.33,0.92,1.9,8.7,14.6,11.4,,86,82,76,76,
2017-07-25 17:00,2214,69,63,0.00,50,66.01,,14.2,5.6,0.41,0.63,2.2,8.7,15.2,11.5,,83,82,76,76,
2017-07-25 18:00,2214,63,62,0.00,73,22.22,,5.8,2.6,0.42,0.56,2.2,8.2,15.1,11.5,,80,81,76,76,
2017-07-25 19:00,2214,62,59,0.00,76,1.27,,6.6,2.3,0.41,0.54,2.2,8.8,14.5,11.5,,77,80,76,76,
2017-07-25 20:00,2214,62,59,0.00,84,0.00,,7.8,3.2,0.38,0.53,1.4,8.0,14.5,11.5,,75,78,77,76,
2017-07-25 21:00,2214,62,58,0.00,75,0.00,,8.1,3.4,0.36,0.52,1.9,8.0,15.1,11.5,,72,76,77,76,
2017-07-25 22:00,2214,59,56,0.00,68,0.00,,5.8,2.8,0.35,0.49,1.9,7.4,14.5,11.5,,70,75,76,76,
2017-07-25 23:00,2214,56,53,0.00,83,0.00,,4.0,1.9,0.36,0.44,2.0,7.5,15.1,11.4,,68,73,76,76,
2017-07-26 00:00,2214,53,51,0.00,90,0.00,,3.1,1.1,0.36,0.40,1.7,7.3,14.6,11.5,,66,72,76,76,
2017-07-26 01:00,2214,51,49,0.00,90,0.00,,3.3,1.3,0.34,0.37,1.7,7.9,14.6,11.5,,64,71,76,76,
2017-07-26 02:00,2214,51,49,0.00,94,0.00,,2.9,1.7,0.35,0.37,1.7,7.8,15.1,11.5,,63,70,76,76,
2017-07-26 03:00,2214,49,48,0.00,92,0.00,,3.4,1.4,0.33,0.35,1.7,7.5,14.9,11.7,,62,69,75,76,
2017-07-26 04:00,2214,48,47,0.00,96,0.90,,2.7,1.3,0.31,0.33,1.9,7.2,14.9,11.1,,60,67,75,75,
2017-07-26 05:00,2214,51,47,0.01,96,69.92,,3.3,1.2,0.32,0.34,1.9,8.0,14.5,11.4,,59,66,75,76,
2017-07-26 06:00,2214,58,51,0.00,93,243.60,,2.5,0.7,0.37,0.42,1.3,7.7,14.7,11.4,,58,65,74,75,
2017-07-26 07:00,2214,63,58,0.00,80,434.10,,3.9,1.2,0.38,0.51,1.6,7.3,14.3,11.4,,58,64,73,75,
2017-07-26 08:00,2214,71,63,0.00,67,615.00,,5.2,1.5,0.38,0.66,1.3,8.0,14.7,11.4,,60,64,73,75,
2017-07-26 09:00,2214,76,71,0.00,45,785.50,,8.3,3.6,0.32,0.81,2.3,7.6,14.9,11.4,,65,65,73,75,
2017-07-26 10:00,2214,79,76,0.00,34,892.00,,10.4,3.5,0.32,0.92,2.8,7.9,14.6,11.4,,71,67,72,74,
2017-07-26 11:00,2214,80,79,0.00,31,797.70,,10.7,4.1,0.31,1.02,3.2,8.0,14.6,11.7,,78,71,72,74,
2017-07-26 12:00,2214,82,79,0.00,28,631.70,,13.7,6.3,0.30,1.02,3.0,8.0,14.3,11.0,,83,75,72,74,
2017-07-26 13:00,2214,86,82,0.00,27,737.30,,18.6,7.6,0.25,1.18,3.5,8.2,14.3,11.4,,86,78,72,74,
2017-07-26 14:00,2214,85,78,0.00,17,559.20,,24.2,10.4,0.23,1.14,3.5,9.0,14.9,11.5,,89,80,72,74,
2017-07-26 15:00,2214,82,80,0.00,27,407.10,,19.4,10.6,0.25,1.07,4.4,9.4,14.6,11.5,,92,83,72,74,
2017-07-26 16:00,2214,82,67,0.03,21,236.00,,18.5,9.5,0.26,1.02,4.4,9.1,14.5,11.5,,90,84,73,73,
2017-07-26 17:00,2214,68,66,0.05,59,54.35,,12.8,5.9,0.38,0.67,3.7,8.8,14.4,11.5,,89,85,73,73,
2017-07-26 18:00,2214,68,66,0.00,69,80.30,,7.6,3.1,0.43,0.67,3.8,9.3,14.5,11.7,,85,84,74,73,
2017-07-26 19:00,2214,68,63,0.00,64,2.40,,9.8,3.6,0.42,0.63,3.9,9.1,14.7,10.9,,80,82,75,73,
2017-07-26 20:00,2214,65,58,0.00,72,0.00,,5.3,2.3,0.44,0.55,3.2,8.8,15.1,11.5,,78,80,75,73,
2017-07-26 21:00,2214,60,57,0.00,86,0.00,,4.7,2.6,0.40,0.49,3.4,8.8,14.9,11.5,,74,78,75,74,
2017-07-26 22:00,2214,58,56,0.00,85,0.00,,5.6,2.5,0.39,0.46,3.6,7.8,14.9,11.5,,72,77,76,74,
2017-07-26 23:00,2214,56,53,0.00,84,0.00,,4.4,2.7,0.38,0.43,3.2,8.8,14.9,11.5,,69,75,76,74,
2017-07-27 00:00,2214,54,52,0.00,88,0.00,,3.7,1.9,0.36,0.41,3.0,8.5,15.1,11.5,,67,73,75,74,
2017-07-27 01:00,2214,52,52,0.00,90,0.00,,2.4,1.2,0.35,0.39,2.9,8.3,15.1,11.5,,66,71,75,74,
2017-07-27 02:00,2214,52,50,0.00,89,0.00,,2.9,1.0,0.34,0.38,2.9,8.1,14.5,11.5,,64,70,75,74,
2017-07-27 03:00,2214,51,49,0.00,96,0.00,,2.2,0.9,0.34,0.36,3.1,7.9,14.7,11.5,,62,69,74,74,
2017-07-27 04:00,2214,50,48,0.00,96,0.87,,2.4,0.9,0.33,0.35,2.7,7.9,14.5,11.5,,61,67,74,74,
2017-07-27 05:00,2214,54,48,0.00,94,71.85,,2.0,0.5,0.33,0.35,2.9,6.8,14.4,11.5,,60,66,73,74,
2017-07-27 06:00,2214,58,54,0.01,84,244.50,,1.3,0.2,0.36,0.44,3.0,7.3,14.9,11.5,,58,65,73,74,
2017-07-27 07:00,2214,64,58,0.00,75,439.70,,2.4,0.8,0.38,0.52,2.7,8.1,14.6,11.5,,58,64,73,74,
2017-07-27 08:00,2214,73,64,0.00,63,630.50,,3.2,0.8,0.39,0.69,3.1,7.7,14.9,11.1,,60,64,72,74,
2017-07-27 09:00,2214,77,73,0.00,33,790.30,,5.8,2.4,0.27,0.86,2.9,8.2,14.3,10.9,,64,64,72,73,
2017-07-27 10:00,2214,84,77,0.00,29,903.00,,8.6,3.3,0.28,1.01,4.1,8.5,14.0,11.7,,71,67,71,73,
2017-07-27 11:00,2214,85,83,0.00,26,962.00,,11.5,4.8,0.29,1.15,4.3,7.8,14.9,11.2,,77,70,71,73,
2017-07-27 12:00,2214,86,85,0.00,23,966.00,,12.8,6.0,0.29,1.24,4.9,8.4,14.2,11.1,,84,74,71,73,
2017-07-27 13:00,2214,88,84,0.00,22,920.00,,14.6,6.1,0.28,1.25,4.4,9.2,14.2,11.2,,91,79,71,73,
2017-07-27 14:00,2214,88,85,0.00,21,817.00,,12.4,5.9,0.25,1.23,5.0,9.7,14.5,11.4,,96,83,71,73,
2017-07-27 15:00,2214,88,87,0.00,18,671.00,,12.6,5.2,0.23,1.29,5.0,9.8,14.0,11.5,,99,86,72,73,
2017-07-27 16:00,2214,87,86,0.00,17,490.60,,12.8,6.7,0.21,1.27,5.7,9.6,14.3,11.0,,100,90,72,73,
2017-07-27 17:00,2214,87,86,0.00,18,294.60,,14.3,8.6,0.24,1.26,5.7,10.1,14.7,11.4,,100,91,73,73,
2017-07-27 18:00,2214,87,80,0.00,21,109.30,,12.7,7.6,0.27,1.20,5.8,10.1,14.7,11.4,,96,91,74,73,
2017-07-27 19:00,2214,80,72,0.00,28,5.59,,8.1,3.0,0.30,0.89,5.2,9.9,14.3,11.4,,92,90,75,73,
2017-07-27 20:00,2214,72,68,0.00,41,0.00,,3.6,1.5,0.31,0.75,4.9,9.7,14.5,11.4,,88,88,76,73,
2017-07-27 21:00,2214,68,62,0.00,54,0.00,,3.4,1.2,0.35,0.64,4.9,9.5,14.9,11.4,,85,86,76,73,
2017-07-27 22:00,2214,63,61,0.00,57,0.00,,3.6,1.7,0.31,0.56,4.5,10.1,14.4,11.3,,81,83,77,73,
2017-07-27 23:00,2214,62,57,0.00,61,0.00,,3.4,1.5,0.32,0.51,4.3,9.3,14.2,11.4,,78,82,77,73,
2017-07-28 00:00,2214,59,56,0.00,69,0.00,,3.3,1.6,0.32,0.48,3.9,9.4,14.8,11.4,,75,80,77,73,
2017-07-28 01:00,2214,58,53,0.00,59,0.00,,4.6,1.6,0.31,0.44,4.0,9.1,14.4,11.2,,73,78,77,74,
2017-07-28 02:00,2214,54,53,0.00,79,0.00,,2.6,1.2,0.32,0.41,4.3,9.4,14.4,11.1,,70,76,77,74,
2017-07-28 03:00,2214,53,52,0.00,79,0.00,,2.3,1.3,0.32,0.40,3.8,9.0,14.6,11.7,,69,74,76,74,
2017-07-28 04:00,2214,53,51,0.00,80,0.76,,3.1,1.1,0.32,0.38,4.3,8.6,14.9,11.4,,67,73,76,74,
2017-07-28 05:00,2214,55,49,0.00,81,62.92,,2.1,0.5,0.31,0.38,3.5,8.2,15.1,11.4,,65,71,76,74,
2017-07-28 06:00,2214,62,55,0.00,75,239.60,,2.1,0.6,0.34,0.48,4.2,8.2,14.7,11.7,,64,70,76,74,
2017-07-28 07:00,2214,70,62,0.00,60,439.00,,3.7,1.0,0.34,0.61,4.2,8.9,14.5,11.7,,63,69,75,74,
2017-07-28 08:00,2214,76,70,0.00,48,627.80,,4.9,1.9,0.35,0.79,4.0,8.7,14.3,11.4,,64,68,75,74,
2017-07-28 09:00,2214,85,76,0.00,33,787.50,,11.5,3.3,0.31,1.05,4.0,8.7,14.5,10.7,,69,69,74,74,
2017-07-28 10:00,2214,89,85,0.00,23,905.00,,17.7,8.0,0.29,1.31,4.5,8.8,14.5,11.1,,76,71,74,74,
2017-07-28 11:00,2214,88,87,0.00,18,860.00,,20.3,7.9,0.23,1.32,5.5,8.7,14.7,11.1,,83,74,73,74,
2017-07-28 12:00,2214,91,87,0.00,17,759.90,,15.2,6.9,0.19,1.38,5.4,9.5,14.3,11.1,,90,79,73,73,
2017-07-28 13:00,2214,89,87,0.00,15,621.10,,15.8,8.6,0.20,1.33,5.8,9.6,14.3,11.4,,93,82,73,73,
2017-07-28 14:00,2214,90,89,0.00,15,842.00,,17.5,10.1,0.20,1.41,5.8,10.4,14.9,11.4,,96,85,73,73,
2017-07-28 15:00,2214,90,88,0.00,15,688.30,,19.5,12.1,0.22,1.39,6.0,10.8,14.1,11.1,,98,88,74,73,
2017-07-28 16:00,2214,89,86,0.00,17,517.80,,19.1,12.3,0.22,1.32,6.3,10.1,14.9,11.2,,100,90,75,73,
2017-07-28 17:00,2214,87,85,0.00,17,301.10,,17.5,11.4,0.20,1.25,6.9,10.7,14.5,11.4,,100,92,75,73,
2017-07-28 18:00,2214,85,81,0.00,15,110.10,,15.5,9.4,0.18,1.15,6.4,10.9,14.3,11.4,,98,92,76,73,
2017-07-28 19:00,2214,81,74,0.00,18,5.18,,11.6,3.7,0.19,0.94,5.8,10.7,14.5,11.7,,94,91,76,73,
2017-07-28 20:00,2214,76,70,0.00,20,0.00,,4.2,1.4,0.18,0.83,5.8,10.1,14.9,11.4,,90,89,77,73,
2017-07-28 21:00,2214,72,65,0.00,23,0.00,,5.1,2.5,0.23,0.69,5.7,9.9,14.8,11.2,,86,87,78,74,
2017-07-28 22:00,2214,66,59,0.00,35,0.00,,5.0,2.6,0.22,0.59,5.6,10.2,14.8,11.1,,82,85,78,74,
2017-07-28 23:00,2214,59,55,0.00,46,0.00,,4.4,2.2,0.24,0.50,5.1,9.8,14.6,11.7,,79,82,78,74,
2017-07-29 00:00,2214,58,55,0.00,58,0.00,,3.4,1.3,0.25,0.46,5.1,9.6,14.6,11.4,,77,80,78,74,
2017-07-29 01:00,2214,56,54,0.00,58,0.00,,2.4,0.9,0.26,0.44,4.6,9.1,14.6,11.4,,74,79,78,74,
2017-07-29 02:00,2214,56,53,0.00,58,0.00,,3.7,1.2,0.27,0.42,4.4,9.7,14.4,11.2,,72,77,78,74,
2017-07-29 03:00,2214,53,51,0.00,68,0.00,,3.4,1.6,0.27,0.39,4.0,9.3,14.4,11.5,,70,76,77,74,
2017-07-29 04:00,2214,51,48,0.00,72,0.60,,2.7,1.0,0.27,0.37,4.5,9.6,14.6,11.1,,68,74,77,74,
2017-07-29 05:00,2214,51,48,0.00,78,41.33,,3.8,1.2,0.27,0.35,4.4,9.4,15.1,11.5,,66,72,77,74,
2017-07-29 06:00,2214,60,50,0.00,75,213.90,,2.8,0.7,0.30,0.45,4.4,9.6,14.5,11.4,,65,71,76,75,
2017-07-29 07:00,2214,67,60,0.00,56,416.20,,3.9,1.2,0.30,0.58,4.1,8.8,15.1,11.1,,64,70,76,74,
2017-07-29 08:00,2214,75,67,0.00,44,609.10,,4.2,1.3,0.29,0.76,4.6,9.0,14.7,11.7,,65,69,76,74,
2017-07-29 09:00,2214,85,75,0.00,34,775.30,,6.9,2.4,0.32,1.02,4.4,9.5,14.9,11.1,,69,70,75,74,
2017-07-29 10:00,2214,92,85,0.00,25,881.00,,9.2,3.5,0.34,1.38,4.6,8.9,14.7,11.1,,75,71,75,74,
2017-07-29 11:00,2214,92,89,0.00,22,910.00,,13.5,5.1,0.30,1.46,5.6,9.5,14.1,11.1,,82,75,74,74,
2017-07-29 12:00,2214,92,88,0.00,21,919.00,,13.5,6.9,0.27,1.41,6.2,9.9,14.9,11.2,,89,79,74,74,
2017-07-29 13:00,2214,94,91,0.00,18,873.00,,14.4,7.4,0.24,1.51,6.1,10.3,14.9,11.5,,95,83,74,74,
2017-07-29 14:00,2214,93,91,0.00,14,745.80,,14.7,7.0,0.21,1.50,6.6,10.4,14.9,11.5,,99,87,74,74,
2017-07-29 15:00,2214,93,91,0.00,13,589.50,,16.0,9.5,0.19,1.51,6.5,11.0,14.7,11.7,,102,90,75,74,
2017-07-29 16:00,2214,91,90,0.00,11,470.00,,17.4,10.6,0.18,1.46,6.7,11.1,14.5,11.7,,102,92,75,74,
2017-07-29 17:00,2214,91,89,0.00,12,280.60,,15.5,10.4,0.17,1.45,6.7,10.9,14.5,11.2,,102,93,76,74,
2017-07-29 18:00,2214,89,85,0.00,11,115.70,,14.1,8.9,0.17,1.34,6.5,11.4,14.3,11.7,,98,93,77,74,
2017-07-29 19:00,2214,85,77,0.00,16,6.78,,9.9,5.0,0.19,1.08,6.4,11.1,15.1,11.7,,95,92,77,74,
2017-07-29 20:00,2214,77,72,0.00,20,0.00,,5.8,1.7,0.21,0.87,5.9,10.5,15.3,11.4,,92,90,78,74,
2017-07-29 21:00,2214,72,66,0.00,31,0.00,,5.2,2.3,0.24,0.73,5.7,11.1,14.4,11.7,,88,89,79,74,
2017-07-29 22:00,2214,69,66,0.00,31,0.00,,4.4,1.8,0.24,0.67,5.7,11.0,14.6,11.4,,85,86,79,74,
2017-07-29 23:00,2214,68,62,0.00,43,0.00,,3.5,1.5,0.27,0.60,5.1,9.9,14.6,11.1,,82,84,79,74,
2017-07-30 00:00,2214,63,59,0.00,46,0.00,,4.2,1.8,0.25,0.55,5.2,10.6,14.6,11.1,,80,82,79,75,
2017-07-30 01:00,2214,60,56,0.00,57,0.00,,3.9,1.8,0.28,0.50,5.1,9.8,14.6,11.7,,77,81,79,74,
2017-07-30 02:00,2214,59,53,0.00,64,0.00,,3.9,1.6,0.29,0.45,5.2,10.6,14.6,11.5,,75,79,79,75,
2017-07-30 03:00,2214,57,55,0.00,68,0.00,,2.7,1.2,0.29,0.45,4.6,9.9,14.8,11.5,,73,78,79,75,
2017-07-30 04:00,2214,55,51,0.00,64,0.46,,2.9,1.2,0.29,0.41,4.6,10.1,14.4,11.5,,71,76,78,75,
2017-07-30 05:00,2214,56,52,0.00,71,54.10,,3.3,1.1,0.28,0.40,5.0,9.5,14.9,11.5,,69,75,78,75,
2017-07-30 06:00,2214,64,56,0.00,68,220.40,,3.4,1.4,0.32,0.52,4.4,9.5,15.1,11.7,,68,73,77,75,
2017-07-30 07:00,2214,72,64,0.00,53,411.50,,3.6,1.2,0.31,0.65,4.4,9.3,14.3,11.0,,67,72,77,75,
2017-07-30 08:00,2214,78,72,0.00,42,597.10,,5.9,1.7,0.31,0.84,4.8,9.5,14.9,11.0,,69,71,76,75,
2017-07-30 09:00,2214,91,78,0.00,25,756.40,,6.1,2.2,0.26,1.06,5.0,9.1,14.3,11.7,,72,72,76,75,
2017-07-30 10:00,2214,95,88,0.00,26,872.00,,6.7,2.9,0.34,1.50,5.7,9.9,14.9,11.5,,78,74,76,75,
2017-07-30 11:00,2214,93,90,0.00,20,939.00,,10.4,4.3,0.28,1.49,5.8,10.2,14.7,11.5,,85,77,76,75,
2017-07-30 12:00,2214,92,90,0.00,17,870.00,,11.0,5.4,0.23,1.47,5.8,10.3,14.7,11.7,,92,81,75,75,
2017-07-30 13:00,2214,91,89,0.00,15,583.40,,12.8,5.0,0.22,1.44,6.7,10.9,14.7,11.7,,97,85,75,74,
2017-07-30 14:00,2214,92,90,0.00,15,604.80,,12.2,6.6,0.20,1.46,6.7,11.0,14.7,11.0,,98,89,76,75,
2017-07-30 15:00,2214,92,91,0.00,14,665.60,,15.6,7.4,0.20,1.51,6.7,11.0,14.5,11.7,,100,91,76,74,
2017-07-30 16:00,2214,92,90,0.00,13,452.20,,15.0,9.1,0.19,1.47,6.7,11.1,14.5,11.1,,102,92,76,74,
2017-07-30 17:00,2214,90,88,0.00,13,216.60,,16.0,10.5,0.19,1.38,6.1,11.3,14.3,11.7,,102,94,77,74,
2017-07-30 18:00,2214,88,82,0.00,16,70.99,,11.2,6.1,0.22,1.25,6.6,11.9,14.5,11.1,,99,94,78,74,
2017-07-30 19:00,2214,82,78,0.00,22,2.63,,5.2,2.6,0.24,1.01,6.1,11.7,15.0,11.1,,96,93,78,74,
2017-07-30 20:00,2214,78,73,0.00,24,0.00,,4.9,2.5,0.26,0.91,6.4,12.0,15.1,11.7,,93,91,79,75,
2017-07-30 21:00,2214,73,70,0.00,40,0.00,,4.3,1.5,0.30,0.78,5.7,11.6,14.8,10.8,,89,89,80,75,
2017-07-30 22:00,2214,71,65,0.00,46,0.00,,4.1,1.6,0.34,0.74,6.0,11.0,14.7,11.7,,86,87,80,75,
2017-07-30 23:00,2214,67,62,0.00,52,0.00,,5.6,2.4,0.32,0.63,5.6,11.2,14.7,11.5,,83,85,80,75,
2017-07-31 00:00,2214,64,62,0.00,64,0.00,,6.3,2.5,0.35,0.59,4.9,11.1,14.5,11.5,,81,83,80,75,
2017-07-31 01:00,2214,64,60,0.00,56,0.00,,5.7,2.3,0.33,0.55,5.1,10.4,14.7,11.4,,79,82,80,76,
2017-07-31 02:00,2214,61,57,0.00,60,0.00,,5.0,1.9,0.32,0.51,5.0,10.4,14.7,11.4,,77,80,80,76,
2017-07-31 03:00,2214,59,55,0.00,65,0.00,,4.2,1.4,0.30,0.46,5.5,10.3,14.8,11.4,,75,79,79,76,
2017-07-31 04:00,2214,58,54,0.00,68,0.51,,4.3,2.2,0.30,0.44,4.8,10.8,14.4,11.4,,73,78,79,76,
2017-07-31 05:00,2214,56,53,0.00,64,52.07,,3.6,1.5,0.29,0.42,5.0,9.9,15.0,11.4,,71,76,79,76,
2017-07-31 06:00,2214,66,56,0.00,65,222.50,,2.8,1.0,0.31,0.56,4.6,10.2,15.0,11.1,,70,75,78,76,
2017-07-31 07:00,2214,75,66,0.00,49,419.60,,3.7,1.1,0.32,0.75,5.0,10.5,14.5,11.7,,69,74,78,76,
2017-07-31 08:00,2214,90,75,0.00,34,610.50,,4.8,1.3,0.29,1.02,4.6,9.9,14.3,11.4,,70,73,78,76,
2017-07-31 09:00,2214,100,90,0.00,26,773.10,,12.3,4.5,0.38,1.66,4.8,10.5,14.7,11.7,,74,73,77,76,
2017-07-31 10:00,2214,98,94,0.00,18,892.00,,17.5,9.4,0.30,1.75,5.5,10.5,14.9,11.7,,80,76,76,76,
2017-07-31 11:00,2214,96,93,0.00,14,976.00,,16.8,9.1,0.21,1.62,5.1,10.9,14.5,11.1,,86,78,76,75,
2017-07-31 12:00,2214,94,93,0.00,10,1019.00,,15.7,6.5,0.16,1.59,6.0,10.6,14.7,11.4,,91,82,76,76,
2017-07-31 13:00,2214,95,93,0.00,10,744.00,,15.4,5.5,0.16,1.61,6.1,11.4,14.7,11.4,,97,86,76,75,
2017-07-31 14:00,2214,95,93,0.00,11,667.30,,11.6,5.0,0.16,1.62,6.9,11.7,14.7,11.4,,102,90,76,75,
2017-07-31 15:00,2214,95,93,0.00,11,240.70,,11.7,5.2,0.16,1.59,6.8,12.1,14.5,11.4,,103,92,77,75,
2017-07-31 16:00,2214,95,93,0.00,9,462.20,,16.4,7.0,0.17,1.61,6.3,11.8,14.7,11.4,,102,94,77,75,
2017-07-31 17:00,2214,94,91,0.00,12,304.00,,16.0,9.1,0.19,1.58,6.3,11.4,14.3,11.6,,101,94,78,75,
2017-07-31 18:00,2214,91,87,0.00,14,60.10,,8.7,4.7,0.21,1.38,6.0,11.4,15.1,11.4,,99,94,79,75,
2017-07-31 19:00,2214,87,81,0.00,18,2.22,,6.7,3.9,0.22,1.18,6.1,11.8,14.4,11.4,,97,94,79,75,
2017-07-31 20:00,2214,81,78,0.00,21,0.00,,5.0,2.3,0.23,1.02,5.0,11.8,14.8,11.4,,94,92,80,76,
2017-07-31 21:00,2214,79,75,0.00,25,0.00,,4.7,1.7,0.27,0.96,6.0,12.1,14.7,11.4,,92,91,80,75,
2017-07-31 22:00,2214,76,72,0.00,39,0.00,,4.0,1.5,0.34,0.85,5.3,11.9,14.5,11.5,,89,89,81,76,
2017-07-31 23:00,2214,72,68,0.00,41,0.00,,3.0,1.2,0.31,0.74,5.4,10.6,15.1,11.4,,86,87,81,76,
