Date,Station Id,Air Temperature Maximum (degF),Air Temperature Minimum (degF),Precipitation Increment (in),Relative Humidity (pct),Solar Radiation Average (watt/m2),Solar Radiation/langley Total (langley),Wind Speed Maximum (mph),Wind Speed Average (mph),Vapor Pressure - Partial (inch_Hg),Vapor Pressure - Saturated (inch_Hg),Soil Moisture Percent -2in (pct),Soil Moisture Percent -4in (pct),Soil Moisture Percent -8in (pct),Soil Moisture Percent -20in (pct),Soil Moisture Percent -40in (pct),Soil Temperature Observed -2in (degF),Soil Temperature Observed -4in (degF),Soil Temperature Observed -8in (degF),Soil Temperature Observed -20in (degF),Soil Temperature Observed -40in (degF)
2017-01-01 00:00,2187,32,29,0.00,85,0.16,,7.2,3.5,0.16,0.18,6.1,6.5,3.5,5.0,6.2,31,31,33,37,45
2017-01-01 01:00,2187,29,25,0.00,94,0.18,,3.8,1.7,0.14,0.14,6.6,6.5,3.8,5.0,6.2,32,31,33,37,45
2017-01-01 02:00,2187,29,25,0.00,98,0.18,,4.3,2.3,0.14,0.14,6.8,5.8,3.8,5.0,6.2,32,31,33,37,45
2017-01-01 03:00,2187,29,25,0.00,95,0.17,,4.0,2.1,0.14,0.15,6.8,6.5,3.5,5.0,6.5,31,31,33,37,45
2017-01-01 04:00,2187,26,23,0.00,95,0.21,,4.0,2.2,0.13,0.13,6.6,6.0,3.5,5.0,6.2,31,30,33,37,45
2017-01-01 05:00,2187,25,24,0.00,96,0.15,,3.5,2.1,0.13,0.14,5.9,6.3,3.8,5.0,6.2,29,29,33,37,44
2017-01-01 06:00,2187,24,20,0.00,94,0.41,,4.3,2.1,0.12,0.13,5.7,6.0,3.1,5.0,6.8,28,28,33,37,44
2017-01-01 07:00,2187,23,20,0.00,92,10.55,,11.5,2.9,0.11,0.12,6.2,6.3,3.5,5.0,6.2,27,27,33,37,44
2017-01-01 08:00,2187,29,21,0.00,99,185.40,,7.0,2.9,0.12,0.13,5.8,6.1,3.8,5.0,6.8,26,26,33,37,44
2017-01-01 09:00,2187,34,28,0.00,96,357.30,,7.6,1.8,0.15,0.17,5.6,5.8,3.7,5.0,6.2,25,25,33,37,44
2017-01-01 10:00,2187,36,31,0.00,79,475.30,,6.9,2.4,0.16,0.19,5.3,5.9,3.5,5.0,6.2,26,26,32,37,44
2017-01-01 11:00,2187,40,36,0.00,78,533.40,,9.4,3.4,0.16,0.23,5.8,5.8,3.7,5.0,6.2,28,27,32,37,44
2017-01-01 12:00,2187,39,38,0.00,67,529.00,,14.2,8.1,0.16,0.24,5.7,6.0,3.7,5.0,6.2,29,29,32,37,44
2017-01-01 13:00,2187,41,39,0.00,66,464.80,,14.9,8.0,0.16,0.25,5.9,6.3,3.5,5.0,6.2,30,30,32,37,44
2017-01-01 14:00,2187,40,39,0.00,64,351.10,,20.1,10.1,0.16,0.25,6.3,6.0,3.7,5.0,6.2,31,30,32,37,44
2017-01-01 15:00,2187,39,38,0.00,66,170.50,,21.7,13.6,0.16,0.24,7.0,6.5,3.7,5.0,6.2,34,31,32,37,44
2017-01-01 16:00,2187,38,37,0.00,68,8.37,,19.1,13.0,0.16,0.22,7.3,6.3,3.7,5.0,6.2,35,31,32,37,44
2017-01-01 17:00,2187,37,36,0.00,73,0.10,,17.3,11.2,0.16,0.22,7.5,6.8,3.7,5.0,6.2,34,31,33,37,44
2017-01-01 18:00,2187,36,35,0.00,77,0.09,,19.7,10.7,0.16,0.21,7.5,6.5,3.4,5.0,6.2,33,31,33,37,44
2017-01-01 19:00,2187,38,35,0.00,80,0.11,,22.6,10.6,0.16,0.21,8.1,6.5,3.8,5.0,6.2,32,31,33,37,44
2017-01-01 20:00,2187,37,35,0.00,55,0.11,,20.2,6.9,0.12,0.22,8.6,5.9,3.1,5.0,6.2,32,31,33,37,44
2017-01-01 21:00,2187,38,37,0.00,37,0.13,,14.6,7.2,0.08,0.22,8.4,6.1,3.8,5.0,6.2,32,31,33,37,44
2017-01-01 22:00,2187,40,37,0.00,49,0.08,,16.7,8.4,0.08,0.23,9.0,6.1,3.4,5.0,6.2,32,31,33,37,44
2017-01-01 23:00,2187,39,38,0.00,51,0.11,,12.5,6.1,0.05,0.24,8.7,6.6,3.4,5.0,6.2,32,31,33,37,44
2017-01-02 00:00,2187,40,39,0.00,13,0.10,,12.6,5.7,0.03,0.24,8.8,6.7,3.1,5.0,6.2,32,31,33,37,44
2017-01-02 01:00,2187,39,33,0.00,9,0.10,,7.5,3.2,0.02,0.23,9.3,6.8,3.4,5.0,6.2,32,31,34,37,44
2017-01-02 02:00,2187,39,33,0.00,15,0.16,,8.7,2.8,0.02,0.20,9.0,7.0,3.4,5.0,6.2,32,31,34,37,44
2017-01-02 03:00,2187,39,38,0.00,9,0.12,,12.3,7.2,0.02,0.24,9.3,6.8,3.4,5.0,6.2,31,31,34,37,44
2017-01-02 04:00,2187,39,38,0.00,9,0.09,,11.0,5.5,0.02,0.23,8.3,6.8,3.4,5.0,6.2,31,30,34,37,44
2017-01-02 05:00,2187,42,39,0.00,8,0.07,,11.8,4.5,0.02,0.26,7.9,6.8,3.4,5.0,6.2,31,30,34,37,44
2017-01-02 06:00,2187,43,42,0.00,6,0.14,,13.8,6.3,0.02,0.27,7.4,6.6,3.4,5.0,6.2,30,29,33,37,44
2017-01-02 07:00,2187,43,42,0.00,7,18.06,,17.3,6.7,0.02,0.27,7.0,6.6,3.1,5.0,6.2,30,29,33,37,44
2017-01-02 08:00,2187,43,36,0.00,7,97.10,,17.5,8.5,0.05,0.24,7.0,6.8,3.4,5.0,6.2,29,29,33,37,44
2017-01-02 09:00,2187,39,38,0.00,26,213.60,,20.1,9.9,0.07,0.24,7.6,6.5,3.8,5.0,6.2,30,29,33,37,44
2017-01-02 10:00,2187,40,36,0.00,41,271.40,,20.3,11.4,0.09,0.23,7.0,6.5,3.8,5.0,6.2,30,29,33,37,44
2017-01-02 11:00,2187,41,38,0.00,30,402.40,,19.3,10.1,0.09,0.24,7.4,6.8,3.4,5.0,6.2,30,30,33,37,44
2017-01-02 12:00,2187,48,38,0.00,41,461.50,,20.0,10.2,0.08,0.27,7.2,6.8,3.8,5.0,6.2,31,30,33,37,44
2017-01-02 13:00,2187,47,47,0.00,8,477.60,,25.3,9.4,0.03,0.33,7.6,6.6,3.8,5.0,6.2,31,31,33,37,44
2017-01-02 14:00,2187,47,44,0.00,9,103.60,,22.3,8.6,0.03,0.31,7.9,6.8,3.4,5.0,6.2,31,31,33,37,44
2017-01-02 15:00,2187,44,42,0.00,11,34.61,,24.2,10.1,0.03,0.28,8.3,7.2,3.4,5.0,6.2,32,31,33,37,44
2017-01-02 16:00,2187,42,40,0.00,12,7.39,,20.4,8.6,0.04,0.26,8.6,6.8,3.1,5.0,6.2,32,31,33,37,44
2017-01-02 17:00,2187,40,38,0.00,17,0.09,,10.8,4.1,0.04,0.24,8.6,6.8,3.4,5.0,6.2,32,31,33,37,44
2017-01-02 18:00,2187,38,35,0.00,18,0.11,,10.3,4.7,0.04,0.22,8.8,7.0,3.1,5.0,6.2,32,31,33,37,44
2017-01-02 19:00,2187,37,35,0.00,19,0.13,,9.2,4.4,0.04,0.21,8.8,7.4,3.1,5.0,6.2,32,31,33,37,44
2017-01-02 20:00,2187,36,34,0.00,16,0.14,,7.4,4.3,0.03,0.21,8.6,6.8,3.4,5.0,6.2,32,31,33,37,44
2017-01-02 21:00,2187,34,32,0.00,16,0.17,,5.2,3.5,0.03,0.19,8.9,7.0,3.4,5.0,6.2,32,31,34,37,44
2017-01-02 22:00,2187,34,30,0.00,16,0.14,,11.9,5.5,0.04,0.18,9.3,7.4,3.1,5.0,6.2,32,31,34,37,44
2017-01-02 23:00,2187,33,31,0.00,26,0.22,,9.8,3.9,0.06,0.19,8.7,7.7,3.1,5.0,6.2,31,31,33,37,44
2017-01-03 00:00,2187,32,29,0.00,36,0.17,,5.4,1.5,0.06,0.17,8.7,7.2,3.1,5.0,6.2,31,30,34,37,44
2017-01-03 01:00,2187,34,29,0.00,43,0.16,,10.0,3.8,0.07,0.17,7.7,7.2,3.4,5.0,6.2,30,29,34,37,44
2017-01-03 02:00,2187,34,31,0.00,38,0.16,,7.5,3.5,0.08,0.18,7.2,6.7,3.1,5.0,6.2,29,28,33,37,44
2017-01-03 03:00,2187,32,31,0.00,49,0.15,,8.9,4.0,0.09,0.18,7.1,7.0,3.4,5.0,6.2,28,28,33,37,44
2017-01-03 04:00,2187,32,31,0.00,52,0.17,,9.9,3.6,0.09,0.17,6.5,6.8,3.5,5.0,6.2,28,27,33,37,44
2017-01-03 05:00,2187,31,28,0.00,51,0.17,,9.3,2.8,0.09,0.17,7.0,6.6,3.5,5.0,6.2,28,27,33,37,44
2017-01-03 06:00,2187,28,25,0.00,59,0.31,,4.1,1.1,0.09,0.14,6.6,6.6,3.4,5.0,6.8,27,26,33,37,44
2017-01-03 07:00,2187,26,24,0.00,65,28.60,,3.5,1.8,0.09,0.14,6.8,6.4,3.1,5.0,6.2,26,26,33,37,44
2017-01-03 08:00,2187,33,26,0.00,67,150.40,,3.0,1.0,0.09,0.16,6.5,6.1,3.5,5.0,6.2,26,26,32,37,44
2017-01-03 09:00,2187,35,33,0.00,46,295.20,,5.5,1.7,0.09,0.20,6.3,6.4,3.7,5.0,6.2,26,25,32,37,44
2017-01-03 10:00,2187,36,35,0.00,42,343.80,,6.6,2.7,0.09,0.20,6.5,6.1,3.7,5.0,6.2,27,26,32,37,44
2017-01-03 11:00,2187,37,36,0.00,42,419.70,,13.6,4.8,0.10,0.21,7.1,6.4,3.7,5.0,6.2,28,28,32,37,44
2017-01-03 12:00,2187,38,36,0.00,54,486.30,,12.1,7.4,0.11,0.22,6.8,6.8,3.7,5.0,6.2,29,29,32,37,44
2017-01-03 13:00,2187,38,37,0.00,49,397.30,,12.6,7.3,0.11,0.23,7.0,7.2,3.7,5.0,6.2,30,29,32,37,44
2017-01-03 14:00,2187,39,38,0.00,44,318.60,,15.1,8.2,0.10,0.23,7.7,7.0,3.5,5.0,6.2,31,30,32,37,44
2017-01-03 15:00,2187,38,37,0.00,44,136.60,,11.0,7.0,0.11,0.23,8.1,6.7,3.7,5.0,6.2,32,31,32,37,44
2017-01-03 16:00,2187,37,35,0.00,51,11.02,,11.1,7.2,0.12,0.21,8.8,7.0,3.5,5.0,6.2,33,31,32,37,44
2017-01-03 17:00,2187,36,35,0.00,57,0.16,,11.0,7.3,0.12,0.20,8.6,7.4,3.5,5.0,6.2,32,31,32,37,44
2017-01-03 18:00,2187,35,34,0.00,59,0.12,,12.3,7.3,0.12,0.20,8.9,7.4,3.7,5.0,6.5,32,31,33,37,44
2017-01-03 19:00,2187,34,33,0.00,64,0.15,,14.5,8.9,0.12,0.19,8.9,7.0,3.7,5.0,6.5,32,31,33,37,44
2017-01-03 20:00,2187,33,33,0.00,66,0.13,,16.9,11.8,0.13,0.19,9.3,7.5,3.4,5.0,6.5,32,31,33,37,44
2017-01-03 21:00,2187,33,33,0.00,68,0.12,,18.6,11.8,0.13,0.19,9.1,7.6,3.1,5.0,6.2,32,31,33,37,44
2017-01-03 22:00,2187,33,33,0.00,70,0.11,,17.4,11.9,0.13,0.18,8.8,7.4,3.5,5.0,6.5,32,31,33,37,44
2017-01-03 23:00,2187,33,32,0.00,70,0.12,,17.9,11.8,0.13,0.18,9.1,7.8,3.1,5.0,6.5,32,31,33,37,44
2017-01-04 00:00,2187,33,32,0.00,72,0.14,,17.9,11.6,0.14,0.18,9.1,7.4,3.4,5.0,6.5,32,31,33,37,44
2017-01-04 01:00,2187,33,32,0.00,76,0.12,,19.1,12.6,0.14,0.19,9.1,7.8,3.8,5.0,6.2,32,31,33,37,44
2017-01-04 02:00,2187,33,33,0.00,72,0.12,,17.9,11.5,0.14,0.19,9.1,7.6,3.4,5.0,6.2,32,31,33,37,44
2017-01-04 03:00,2187,34,33,0.00,76,0.13,,14.0,8.4,0.15,0.19,9.1,7.8,3.1,5.0,6.2,32,31,33,37,44
2017-01-04 04:00,2187,33,33,0.00,80,0.11,,16.2,9.0,0.15,0.19,8.8,7.5,3.1,5.0,6.2,32,31,33,37,44
2017-01-04 05:00,2187,33,33,0.00,80,0.13,,16.4,9.8,0.15,0.19,8.8,7.7,3.4,5.0,6.2,32,31,33,37,44
2017-01-04 06:00,2187,33,32,0.00,86,0.08,,14.8,5.4,0.17,0.19,9.1,7.7,3.4,5.0,6.5,32,31,34,37,44
2017-01-04 07:00,2187,32,31,0.00,94,6.67,,9.1,3.2,0.17,0.18,8.9,7.9,3.4,5.0,6.2,32,31,34,37,44
2017-01-04 08:00,2187,33,32,0.02,99,32.68,,6.5,1.8,0.18,0.18,8.9,7.6,3.4,5.0,6.5,32,31,34,37,44
2017-01-04 09:00,2187,33,32,0.06,98,59.02,,4.7,1.5,0.18,0.18,9.0,7.6,3.4,5.0,6.5,32,31,34,37,44
2017-01-04 10:00,2187,34,32,0.10,99,106.80,,3.9,1.4,0.18,0.19,8.9,8.1,3.4,5.0,6.2,32,31,33,37,44
2017-01-04 11:00,2187,35,33,0.07,99,136.20,,3.4,1.2,0.19,0.19,8.9,8.1,3.4,5.0,6.5,32,31,33,37,44
2017-01-04 12:00,2187,35,35,0.02,98,109.40,,2.1,0.3,0.19,0.20,8.4,7.8,3.1,5.0,6.5,32,31,34,37,44
2017-01-04 13:00,2187,35,34,0.02,95,80.40,,5.3,1.8,0.19,0.20,9.0,7.9,3.4,5.0,6.5,32,31,34,37,44
2017-01-04 14:00,2187,36,34,0.04,98,44.42,,5.2,1.3,0.19,0.20,8.6,8.2,3.4,4.8,6.5,32,31,34,37,44
2017-01-04 15:00,2187,34,33,0.03,98,21.23,,4.6,1.5,0.19,0.19,8.8,9.4,3.4,5.0,6.5,32,32,34,37,44
2017-01-04 16:00,2187,33,33,0.01,99,4.84,,3.2,0.7,0.19,0.19,9.5,15.4,3.4,4.8,6.5,32,31,34,37,44
2017-01-04 17:00,2187,35,33,0.05,100,0.12,,4.6,1.4,0.19,0.19,12.6,17.6,3.7,4.8,6.5,32,31,34,37,44
2017-01-04 18:00,2187,34,33,0.00,100,0.12,,2.8,0.8,0.19,0.19,14.3,17.7,3.9,4.8,6.5,32,32,34,37,44
2017-01-04 19:00,2187,35,33,0.00,100,0.08,,5.7,1.6,0.19,0.19,15.1,18.2,3.4,4.8,6.5,32,32,34,37,44
2017-01-04 20:00,2187,35,33,0.02,99,0.10,,6.1,1.5,0.19,0.19,14.7,18.5,3.7,4.8,6.5,32,32,34,37,44
2017-01-04 21:00,2187,34,33,0.00,98,0.12,,2.4,0.6,0.18,0.19,14.8,18.3,3.7,4.8,6.5,32,32,34,37,44
2017-01-04 22:00,2187,37,34,0.01,99,0.05,,5.5,1.5,0.20,0.21,14.8,18.2,3.7,4.8,6.5,32,32,34,37,44
2017-01-04 23:00,2187,36,34,0.00,94,0.07,,3.4,1.1,0.19,0.21,14.8,18.5,3.1,4.8,6.5,32,32,34,37,44
2017-01-05 00:00,2187,38,34,0.00,95,0.08,,6.2,2.1,0.19,0.20,14.8,18.3,3.7,4.8,6.5,32,32,34,37,44
2017-01-05 01:00,2187,38,35,0.01,88,0.15,,5.3,1.5,0.19,0.22,15.1,18.0,3.7,4.8,6.5,32,32,34,37,44
2017-01-05 02:00,2187,35,34,0.00,94,0.20,,3.0,1.5,0.19,0.20,14.7,17.7,3.9,4.8,6.5,32,32,34,37,44
2017-01-05 03:00,2187,38,35,0.00,96,0.14,,3.5,1.9,0.20,0.22,14.3,17.9,3.7,4.8,6.5,32,32,34,37,44
2017-01-05 04:00,2187,37,35,0.00,94,0.15,,3.9,1.6,0.19,0.21,14.4,17.6,3.7,4.8,6.5,32,32,34,37,44
2017-01-05 05:00,2187,37,34,0.00,94,0.19,,5.4,2.1,0.19,0.21,14.3,17.3,3.4,4.8,6.5,32,32,34,37,44
2017-01-05 06:00,2187,34,33,0.00,96,0.39,,3.2,1.7,0.19,0.19,14.1,17.2,3.7,4.8,6.5,32,32,34,37,44
2017-01-05 07:00,2187,37,33,0.00,97,36.09,,4.2,1.8,0.19,0.19,13.8,17.3,3.9,4.8,6.5,32,32,34,37,44
2017-01-05 08:00,2187,39,37,0.00,91,108.50,,4.0,1.4,0.21,0.23,13.8,16.8,3.9,4.8,6.5,32,32,34,37,44
2017-01-05 09:00,2187,41,37,0.00,89,206.50,,7.8,1.9,0.22,0.25,13.7,16.6,3.4,4.8,6.5,32,32,34,37,44
2017-01-05 10:00,2187,42,37,0.00,94,362.70,,6.2,2.6,0.21,0.24,13.8,16.6,3.4,4.8,6.5,32,32,34,37,44
2017-01-05 11:00,2187,47,40,0.00,85,493.50,,6.8,2.2,0.21,0.29,14.3,17.6,3.4,4.8,6.5,32,32,34,37,44
2017-01-05 12:00,2187,49,47,0.00,65,540.00,,10.8,5.1,0.18,0.34,15.3,19.2,3.7,4.8,6.5,34,32,34,37,44
2017-01-05 13:00,2187,50,48,0.00,47,418.00,,13.5,7.1,0.15,0.35,15.9,20.2,3.7,4.8,6.5,38,33,34,37,44
2017-01-05 14:00,2187,49,44,0.00,46,391.90,,16.8,7.3,0.15,0.32,15.8,20.5,3.7,4.8,6.5,41,36,34,37,44
2017-01-05 15:00,2187,44,38,0.00,48,191.40,,16.1,8.9,0.13,0.27,15.7,20.2,3.4,4.8,6.5,42,38,35,37,44
2017-01-05 16:00,2187,38,32,0.00,56,10.08,,20.3,12.6,0.12,0.21,15.5,19.9,3.7,4.8,6.5,42,38,35,37,44
2017-01-05 17:00,2187,32,28,0.00,60,0.25,,30.2,16.1,0.11,0.17,15.3,19.8,3.3,4.8,6.5,40,37,36,37,44
2017-01-05 18:00,2187,28,27,0.00,67,0.17,,28.2,18.0,0.10,0.15,15.0,19.2,3.0,4.8,6.5,37,36,36,37,44
2017-01-05 19:00,2187,27,25,0.00,63,0.19,,28.8,18.4,0.09,0.14,14.8,18.9,3.4,4.8,6.5,36,35,36,37,44
2017-01-05 20:00,2187,25,24,0.00,64,0.23,,24.8,15.6,0.09,0.13,14.3,18.3,3.4,4.8,6.5,35,34,36,37,44
2017-01-05 21:00,2187,24,23,0.00,65,0.20,,26.8,15.1,0.08,0.12,14.3,17.7,3.0,4.8,6.5,34,34,36,38,44
2017-01-05 22:00,2187,23,21,0.00,67,0.16,,25.8,14.9,0.08,0.12,13.8,17.6,3.3,4.8,6.5,34,33,36,38,44
2017-01-05 23:00,2187,24,21,0.00,67,0.15,,21.3,11.2,0.08,0.12,13.6,16.8,3.0,4.8,6.5,33,33,36,38,44
2017-01-06 00:00,2187,23,20,0.00,59,0.16,,17.4,9.0,0.07,0.12,13.0,16.3,3.7,4.8,6.5,33,33,36,38,44
2017-01-06 01:00,2187,21,20,0.00,68,0.16,,19.3,9.9,0.07,0.11,13.1,15.9,4.0,4.8,6.5,32,33,35,38,44
2017-01-06 02:00,2187,21,18,0.00,63,0.15,,16.5,7.6,0.07,0.11,12.4,15.8,3.4,4.8,6.5,32,32,35,38,44
2017-01-06 03:00,2187,19,18,0.00,69,0.10,,15.3,9.2,0.07,0.10,12.3,15.8,3.4,4.8,6.5,32,32,35,38,44
2017-01-06 04:00,2187,19,18,0.00,68,0.10,,13.1,5.8,0.07,0.10,11.5,15.2,3.4,4.8,6.5,31,32,35,38,44
2017-01-06 05:00,2187,19,17,0.00,69,0.08,,8.1,3.2,0.07,0.10,10.3,14.5,3.4,4.8,6.5,31,31,35,38,44
2017-01-06 06:00,2187,17,16,0.00,74,0.40,,5.0,2.4,0.07,0.10,8.5,13.8,3.7,4.8,6.5,30,31,34,38,44
2017-01-06 07:00,2187,16,13,0.00,74,22.05,,2.8,1.3,0.07,0.09,8.0,13.0,3.7,4.8,6.5,29,31,34,38,44
2017-01-06 08:00,2187,23,15,0.00,85,216.70,,3.4,1.1,0.08,0.10,7.6,11.9,3.9,4.8,6.5,29,30,34,38,44
2017-01-06 09:00,2187,26,23,0.00,62,407.20,,4.9,1.8,0.08,0.13,7.7,10.0,3.4,5.0,6.5,29,30,34,38,44
2017-01-06 10:00,2187,27,25,0.00,59,488.60,,8.6,2.4,0.08,0.14,7.9,9.6,3.1,5.0,6.5,30,30,34,38,44
2017-01-06 11:00,2187,28,27,0.00,54,532.20,,9.2,6.1,0.08,0.15,7.8,9.2,3.4,4.8,6.5,31,31,34,38,44
2017-01-06 12:00,2187,30,28,0.00,49,547.40,,10.6,4.9,0.07,0.16,8.3,10.1,3.7,4.8,6.5,31,31,34,38,44
2017-01-06 13:00,2187,32,30,0.00,43,464.20,,9.4,5.5,0.06,0.17,8.5,10.5,3.4,4.8,6.5,31,31,34,38,44
2017-01-06 14:00,2187,32,31,0.00,31,364.80,,12.6,7.5,0.05,0.18,8.4,10.5,3.1,4.8,6.5,31,31,34,38,44
2017-01-06 15:00,2187,31,29,0.00,33,192.70,,11.5,7.1,0.06,0.17,8.5,11.0,3.9,4.8,6.5,31,31,34,38,44
2017-01-06 16:00,2187,29,29,0.00,39,16.50,,10.5,6.5,0.06,0.16,8.8,11.6,3.7,4.8,6.1,31,31,34,38,44
2017-01-06 17:00,2187,29,29,0.00,36,0.24,,9.1,5.4,0.06,0.16,9.1,11.5,3.4,4.8,6.5,31,31,33,38,44
2017-01-06 18:00,2187,29,27,0.00,38,0.20,,6.8,4.5,0.06,0.15,8.9,12.0,3.9,4.8,6.5,31,31,33,38,44
2017-01-06 19:00,2187,27,26,0.00,45,0.20,,6.2,2.3,0.07,0.15,9.3,12.1,3.7,4.8,6.5,32,31,33,38,44
2017-01-06 20:00,2187,26,25,0.00,54,0.17,,3.5,2.0,0.07,0.14,9.6,12.5,3.9,4.8,6.5,32,31,33,38,44
2017-01-06 21:00,2187,27,25,0.00,56,0.20,,4.5,2.8,0.07,0.14,9.9,12.7,3.9,4.8,6.5,32,31,33,38,44
2017-01-06 22:00,2187,26,25,0.00,49,0.23,,5.4,3.0,0.07,0.14,10.1,12.9,3.7,4.8,6.5,31,31,33,38,44
2017-01-06 23:00,2187,26,24,0.00,53,0.17,,4.0,2.2,0.07,0.14,9.5,12.8,3.7,4.8,6.5,31,31,33,38,44
2017-01-07 00:00,2187,25,23,0.00,56,0.17,,3.9,2.7,0.08,0.13,8.9,12.9,3.2,4.8,6.5,31,31,33,38,44
2017-01-07 01:00,2187,24,22,0.00,62,0.18,,3.5,1.7,0.08,0.12,8.6,11.6,3.6,4.8,6.5,31,31,33,38,44
2017-01-07 02:00,2187,23,21,0.00,64,0.14,,4.1,2.1,0.07,0.12,8.4,10.4,3.1,5.0,6.5,30,31,33,38,44
2017-01-07 03:00,2187,23,21,0.00,62,0.12,,3.9,1.9,0.07,0.12,7.9,9.5,3.9,5.0,6.5,30,30,33,38,44
2017-01-07 04:00,2187,26,21,0.00,62,0.13,,6.2,3.0,0.07,0.12,8.0,9.1,3.1,5.0,6.5,29,30,33,37,44
2017-01-07 05:00,2187,26,24,0.00,44,0.14,,5.6,2.4,0.07,0.14,7.7,8.8,3.6,5.0,6.5,29,29,33,37,44
2017-01-07 06:00,2187,24,21,0.00,61,0.27,,5.1,2.0,0.08,0.12,7.8,9.2,3.6,5.0,6.5,29,29,33,37,44
2017-01-07 07:00,2187,27,24,0.00,53,23.15,,6.5,2.6,0.06,0.14,7.5,8.9,3.2,5.0,6.5,28,29,33,37,44
2017-01-07 08:00,2187,29,26,0.00,45,88.80,,10.5,4.5,0.05,0.15,8.1,8.9,3.4,5.0,6.5,28,29,33,37,44
2017-01-07 09:00,2187,30,29,0.00,31,195.70,,9.9,4.7,0.05,0.16,7.5,9.1,3.4,5.0,6.5,29,29,33,37,44
2017-01-07 10:00,2187,32,29,0.00,31,270.80,,9.5,4.6,0.05,0.17,7.9,9.0,3.9,5.0,6.5,29,29,33,37,44
2017-01-07 11:00,2187,31,30,0.00,32,185.00,,10.0,5.1,0.06,0.17,7.8,9.1,3.1,5.0,6.5,30,30,33,37,44
2017-01-07 12:00,2187,31,30,0.00,34,178.20,,8.8,3.5,0.06,0.17,8.1,9.1,3.9,5.0,6.5,30,30,33,37,44
2017-01-07 13:00,2187,31,31,0.00,33,114.80,,10.3,3.8,0.06,0.17,7.9,8.7,3.7,5.0,6.5,31,31,33,37,44
2017-01-07 14:00,2187,31,29,0.00,40,63.02,,5.9,2.7,0.07,0.17,7.9,9.3,3.7,5.0,6.5,31,31,33,37,44
2017-01-07 15:00,2187,29,29,0.00,57,74.52,,6.4,2.8,0.10,0.16,8.5,9.1,3.7,5.0,6.5,31,31,33,37,44
2017-01-07 16:00,2187,29,29,0.00,64,9.31,,11.4,3.3,0.10,0.16,8.0,9.3,3.4,5.0,6.5,31,31,33,37,44
2017-01-07 17:00,2187,30,27,0.00,60,0.25,,11.2,4.7,0.11,0.15,8.0,9.0,3.4,5.0,6.5,31,31,33,37,44
2017-01-07 18:00,2187,30,28,0.00,54,0.16,,9.9,3.8,0.09,0.17,8.1,9.4,3.7,5.0,6.5,31,31,33,37,44
2017-01-07 19:00,2187,29,28,0.00,76,0.20,,7.8,3.2,0.11,0.16,8.4,9.3,3.4,5.0,6.5,31,31,33,37,44
2017-01-07 20:00,2187,29,28,0.00,64,0.13,,6.8,3.3,0.11,0.16,8.4,9.5,3.4,5.0,6.5,31,31,33,37,44
2017-01-07 21:00,2187,30,29,0.00,64,0.14,,5.5,2.3,0.11,0.17,8.1,9.4,2.9,5.0,6.5,31,31,33,37,44
2017-01-07 22:00,2187,30,29,0.00,68,0.18,,4.5,2.0,0.12,0.16,8.4,9.6,3.4,5.0,6.5,31,31,33,37,44
2017-01-07 23:00,2187,29,29,0.00,77,0.15,,4.4,1.6,0.13,0.16,8.2,9.8,3.4,5.0,6.5,31,31,33,37,44
2017-01-08 00:00,2187,29,28,0.00,80,0.18,,3.9,1.8,0.13,0.16,7.8,9.5,3.6,5.0,6.5,31,31,33,37,44
2017-01-08 01:00,2187,30,28,0.00,82,0.15,,5.4,2.3,0.13,0.16,8.4,9.1,3.6,5.0,6.5,31,31,33,37,44
2017-01-08 02:00,2187,30,29,0.00,70,0.16,,5.3,2.5,0.12,0.17,8.4,9.3,3.6,5.0,6.5,31,31,33,37,44
2017-01-08 03:00,2187,30,29,0.00,81,0.15,,7.3,3.0,0.14,0.17,8.5,8.9,3.6,5.0,6.5,31,30,33,37,44
2017-01-08 04:00,2187,30,29,0.00,84,0.15,,6.8,2.5,0.14,0.16,7.9,9.1,3.6,5.0,6.5,31,30,33,37,44
2017-01-08 05:00,2187,29,29,0.00,90,0.16,,5.2,2.5,0.14,0.16,7.9,9.3,3.6,5.0,6.5,31,31,33,37,44
2017-01-08 06:00,2187,29,28,0.00,90,0.19,,5.8,2.7,0.15,0.16,8.4,9.1,3.6,5.0,6.5,31,31,33,37,44
2017-01-08 07:00,2187,31,29,0.00,94,9.90,,8.6,3.1,0.16,0.17,8.2,9.5,3.6,5.0,6.5,31,31,33,37,44
2017-01-08 08:00,2187,30,29,0.00,93,42.77,,7.2,3.5,0.15,0.17,8.6,9.2,3.1,5.0,6.5,31,31,33,37,44
2017-01-08 09:00,2187,31,29,0.00,97,113.00,,7.0,3.6,0.16,0.17,8.4,9.6,3.6,5.0,6.5,31,31,33,37,44
2017-01-08 10:00,2187,34,31,0.12,94,227.70,,7.6,4.0,0.16,0.18,8.1,9.6,3.6,5.0,6.5,31,31,33,37,44
2017-01-08 11:00,2187,37,32,0.02,90,336.30,,16.1,6.9,0.17,0.19,8.4,9.5,3.3,5.0,6.5,31,31,33,37,44
2017-01-08 12:00,2187,40,36,0.00,84,353.70,,16.3,8.3,0.19,0.22,8.5,9.8,3.3,4.8,6.5,31,31,33,37,44
2017-01-08 13:00,2187,43,40,0.01,76,262.80,,19.8,12.2,0.19,0.25,8.6,9.5,2.9,4.8,6.5,31,31,33,37,44
2017-01-08 14:00,2187,45,43,0.00,71,234.80,,17.2,11.3,0.19,0.29,9.0,10.1,3.3,4.8,6.5,31,31,33,37,44
2017-01-08 15:00,2187,45,44,0.00,64,78.39,,17.6,11.3,0.18,0.29,9.7,10.2,3.9,4.8,6.7,32,31,33,37,44
2017-01-08 16:00,2187,44,44,0.00,62,14.74,,16.0,11.3,0.18,0.29,12.0,10.2,4.2,4.8,6.5,32,31,33,37,44
2017-01-08 17:00,2187,45,44,0.00,63,0.08,,16.3,10.5,0.18,0.29,13.0,11.1,3.9,4.8,6.5,32,31,33,37,44
2017-01-08 18:00,2187,45,44,0.00,62,0.04,,17.8,10.8,0.18,0.29,14.7,11.3,3.9,4.8,6.5,32,31,33,37,44
2017-01-08 19:00,2187,48,44,0.00,61,0.02,,14.4,6.5,0.18,0.31,14.8,12.6,3.5,4.8,6.1,32,31,33,37,44
2017-01-08 20:00,2187,44,41,0.03,66,0.03,,12.6,6.6,0.21,0.27,15.4,12.9,3.5,4.8,6.1,32,31,33,37,44
2017-01-08 21:00,2187,44,40,0.05,90,0.14,,9.9,4.8,0.23,0.26,16.7,13.7,3.5,4.8,6.5,32,31,33,37,44
2017-01-08 22:00,2187,44,40,0.02,79,0.06,,15.2,8.8,0.22,0.27,18.8,16.0,3.5,4.8,6.1,32,31,33,37,44
2017-01-08 23:00,2187,42,39,0.03,84,0.04,,20.5,11.0,0.21,0.25,19.1,17.6,3.5,4.8,6.5,33,31,33,37,44
2017-01-09 00:00,2187,40,39,0.06,84,0.03,,20.2,11.6,0.21,0.25,19.6,19.2,3.5,4.8,6.1,33,31,33,37,44
2017-01-09 01:00,2187,41,39,0.16,89,0.03,,15.6,9.8,0.22,0.25,19.6,20.2,4.0,4.8,6.1,33,31,33,37,44
2017-01-09 02:00,2187,41,40,0.15,93,0.04,,10.2,2.5,0.24,0.25,22.0,25.2,3.7,5.2,6.5,33,32,33,37,44
2017-01-09 03:00,2187,40,40,0.04,96,0.02,,8.6,2.6,0.24,0.25,22.9,27.3,3.7,5.2,6.7,34,32,33,37,44
2017-01-09 04:00,2187,40,39,0.01,95,0.02,,6.0,2.0,0.23,0.24,21.7,27.9,3.6,4.8,6.7,34,32,33,37,44
2017-01-09 05:00,2187,39,37,0.00,97,0.02,,6.6,2.7,0.23,0.23,20.9,27.4,7.7,5.2,6.5,34,32,33,37,44
2017-01-09 06:00,2187,39,37,0.00,99,0.12,,11.2,6.1,0.23,0.23,20.4,26.4,10.3,5.2,6.3,34,32,33,37,44
2017-01-09 07:00,2187,39,37,0.01,96,30.22,,11.9,5.9,0.22,0.23,19.6,25.8,11.6,4.8,6.3,34,32,33,37,44
2017-01-09 08:00,2187,41,38,0.00,98,113.20,,11.8,7.1,0.22,0.24,19.3,25.4,12.0,4.8,6.5,34,32,33,37,44
2017-01-09 09:00,2187,47,41,0.00,91,352.60,,16.1,5.7,0.19,0.30,18.8,24.8,13.0,4.8,6.3,34,33,33,37,44
2017-01-09 10:00,2187,47,44,0.00,52,436.00,,16.6,6.0,0.16,0.30,18.5,24.4,13.0,4.8,6.7,36,34,33,37,44
2017-01-09 11:00,2187,47,44,0.00,52,513.70,,18.0,9.0,0.15,0.30,18.3,24.2,13.4,4.8,6.1,38,36,34,37,44
2017-01-09 12:00,2187,48,45,0.00,43,459.70,,14.4,5.8,0.14,0.32,18.0,24.0,13.1,4.8,6.3,40,38,34,37,44
2017-01-09 13:00,2187,47,44,0.00,56,440.00,,13.0,6.9,0.15,0.30,18.0,23.6,13.3,4.8,6.7,42,40,35,37,44
2017-01-09 14:00,2187,49,47,0.00,37,370.60,,9.2,5.0,0.12,0.33,18.1,23.2,13.6,4.8,6.3,43,41,35,37,44
2017-01-09 15:00,2187,49,45,0.00,33,144.30,,5.1,1.6,0.12,0.34,17.7,22.9,14.0,4.8,6.3,44,42,36,37,44
2017-01-09 16:00,2187,45,42,0.00,48,16.75,,8.3,3.6,0.12,0.29,17.7,22.8,13.8,4.8,6.7,44,41,37,37,44
2017-01-09 17:00,2187,44,42,0.00,38,0.10,,9.2,3.2,0.11,0.28,17.8,22.2,13.6,4.8,6.3,42,40,37,37,43
2017-01-09 18:00,2187,43,42,0.00,37,0.02,,14.8,6.1,0.10,0.27,17.4,21.8,14.0,5.2,6.3,40,39,38,37,43
2017-01-09 19:00,2187,43,42,0.00,36,0.03,,15.0,6.4,0.09,0.27,17.0,21.6,13.8,4.8,6.3,38,38,38,37,43
2017-01-09 20:00,2187,43,42,0.00,35,0.03,,23.4,7.2,0.09,0.27,16.9,21.4,13.8,4.8,6.1,37,37,38,37,43
2017-01-09 21:00,2187,42,41,0.00,36,0.01,,24.6,7.3,0.10,0.27,16.9,21.2,13.8,5.2,6.1,36,36,38,37,43
2017-01-09 22:00,2187,41,41,0.00,42,0.03,,19.3,11.7,0.11,0.26,16.5,20.9,13.6,5.2,6.3,35,36,37,37,43
2017-01-09 23:00,2187,42,41,0.00,43,0.04,,20.9,11.7,0.11,0.26,16.3,20.8,13.6,5.2,6.1,35,35,37,38,43
2017-01-10 00:00,2187,42,41,0.00,43,0.04,,16.4,10.5,0.11,0.26,16.3,20.6,14.0,4.9,6.3,35,35,37,38,43
2017-01-10 01:00,2187,42,41,0.00,42,0.04,,15.7,10.0,0.11,0.26,16.1,20.5,14.0,5.2,6.7,34,34,37,38,43
2017-01-10 02:00,2187,42,41,0.00,41,0.03,,17.3,10.1,0.11,0.27,15.9,20.2,13.6,4.9,6.5,34,34,36,38,43
2017-01-10 03:00,2187,41,38,0.00,42,0.07,,12.4,6.1,0.11,0.25,15.8,19.9,13.6,4.7,6.5,34,34,36,38,43
2017-01-10 04:00,2187,38,36,0.00,49,0.06,,12.1,5.7,0.12,0.23,15.6,19.8,13.5,4.9,6.5,34,34,36,38,43
2017-01-10 05:00,2187,37,36,0.00,54,0.13,,10.3,5.1,0.12,0.22,15.6,19.7,13.5,4.7,6.5,34,33,36,38,43
2017-01-10 06:00,2187,37,36,0.00,57,0.27,,7.9,3.0,0.12,0.22,15.4,19.3,13.5,4.7,6.3,33,33,36,38,43
2017-01-10 07:00,2187,36,31,0.00,56,10.68,,4.2,1.5,0.12,0.19,15.2,18.9,13.7,4.9,6.5,33,33,36,38,43
2017-01-10 08:00,2187,40,33,0.00,63,147.90,,6.1,1.2,0.12,0.22,15.1,18.8,13.5,4.9,6.7,33,33,35,38,43
2017-01-10 09:00,2187,41,40,0.00,52,261.20,,6.3,1.9,0.12,0.25,15.1,18.5,13.3,4.9,6.3,33,33,35,38,43
2017-01-10 10:00,2187,42,41,0.00,47,429.50,,11.0,4.9,0.12,0.26,14.9,18.4,13.6,4.9,6.3,33,33,35,38,43
2017-01-10 11:00,2187,42,41,0.00,48,442.50,,14.4,8.1,0.13,0.26,15.1,19.1,13.1,4.9,6.3,33,33,35,38,43
2017-01-10 12:00,2187,43,42,0.00,49,537.70,,15.6,9.1,0.13,0.27,15.6,19.4,13.6,4.9,6.3,36,35,35,38,43
2017-01-10 13:00,2187,44,42,0.00,48,473.60,,17.0,10.0,0.14,0.28,15.9,19.3,13.4,4.9,6.3,39,37,35,38,43
2017-01-10 14:00,2187,43,42,0.00,48,231.60,,14.9,9.3,0.14,0.28,15.8,19.4,13.4,4.9,6.5,41,39,36,38,43
2017-01-10 15:00,2187,43,42,0.00,50,105.20,,18.8,9.4,0.13,0.27,15.8,19.3,13.5,4.9,6.3,42,40,36,38,43
2017-01-10 16:00,2187,43,40,0.00,48,16.30,,18.0,11.2,0.14,0.26,15.5,19.1,13.6,4.9,6.3,41,40,37,38,43
2017-01-10 17:00,2187,40,40,0.00,58,0.13,,14.6,8.3,0.14,0.25,15.5,19.2,13.3,4.9,6.3,40,39,37,38,43
2017-01-10 18:00,2187,42,39,0.00,56,0.03,,15.0,6.6,0.14,0.25,15.2,19.1,13.1,5.2,6.3,38,38,37,38,43
2017-01-10 19:00,2187,40,39,0.00,58,0.05,,11.9,4.6,0.14,0.24,15.4,18.8,13.9,4.9,6.5,37,37,37,38,43
2017-01-10 20:00,2187,39,39,0.00,57,0.08,,12.0,7.5,0.14,0.24,15.3,18.6,13.6,4.9,6.5,36,36,37,38,43
2017-01-10 21:00,2187,39,39,0.00,60,0.06,,14.1,8.5,0.15,0.24,15.1,18.9,13.3,4.9,6.3,35,36,37,38,43
2017-01-10 22:00,2187,39,38,0.00,61,0.04,,16.4,8.8,0.14,0.24,15.3,18.5,13.6,4.9,6.3,35,35,37,38,43
2017-01-10 23:00,2187,39,36,0.03,63,0.04,,15.7,9.4,0.16,0.24,14.9,18.5,13.6,4.9,6.7,35,35,37,38,43
2017-01-11 00:00,2187,36,34,0.08,84,0.08,,15.2,7.3,0.18,0.21,14.9,18.5,13.5,4.7,6.3,35,35,37,38,43
2017-01-11 01:00,2187,35,33,0.13,93,0.15,,13.6,3.5,0.18,0.19,16.1,19.6,13.5,4.9,6.3,35,35,37,38,43
2017-01-11 02:00,2187,36,34,0.04,94,0.08,,11.4,6.0,0.19,0.20,18.0,21.7,13.5,4.9,6.3,34,34,36,38,43
2017-01-11 03:00,2187,34,32,0.02,95,0.09,,7.6,4.0,0.18,0.19,18.3,22.1,13.7,4.7,6.5,34,34,36,38,43
2017-01-11 04:00,2187,33,32,0.00,97,0.11,,5.2,1.8,0.18,0.18,18.7,22.8,14.0,4.7,6.3,34,34,36,38,43
2017-01-11 05:00,2187,33,32,0.01,100,0.08,,11.7,3.0,0.19,0.19,18.6,22.6,14.4,4.7,6.7,34,34,36,38,43
2017-01-11 06:00,2187,32,31,0.00,98,0.30,,9.9,3.3,0.18,0.18,18.0,22.2,14.7,4.7,6.3,33,33,36,38,43
2017-01-11 07:00,2187,32,31,0.00,100,13.71,,4.8,1.7,0.17,0.17,18.1,22.3,14.5,4.9,6.3,33,33,36,38,43
2017-01-11 08:00,2187,37,31,0.02,100,194.70,,4.0,1.2,0.19,0.19,17.7,22.0,14.5,4.7,6.3,33,33,35,38,43
2017-01-11 09:00,2187,39,35,0.03,99,330.80,,7.9,3.5,0.21,0.21,17.4,21.8,14.4,4.9,6.1,33,33,36,38,43
2017-01-11 10:00,2187,41,39,0.00,81,411.40,,7.4,3.7,0.18,0.25,17.9,21.9,14.7,4.9,6.3,33,33,35,38,43
2017-01-11 11:00,2187,42,40,0.00,70,467.90,,13.2,6.9,0.18,0.26,18.2,22.1,14.7,4.9,6.3,35,35,35,38,43
2017-01-11 12:00,2187,44,42,0.00,58,543.80,,18.3,7.8,0.15,0.28,17.9,22.5,14.5,4.9,6.3,38,37,35,38,43
2017-01-11 13:00,2187,45,44,0.00,47,500.30,,15.1,8.7,0.13,0.30,18.2,22.3,14.5,4.9,6.3,41,39,36,38,43
2017-01-11 14:00,2187,46,44,0.00,40,379.00,,15.7,8.4,0.12,0.30,17.9,21.8,14.5,4.9,6.3,42,40,36,38,43
2017-01-11 15:00,2187,45,42,0.00,46,195.80,,14.2,7.6,0.13,0.29,17.7,21.9,14.5,4.9,6.3,43,41,37,38,43
2017-01-11 16:00,2187,42,39,0.00,47,12.80,,16.3,8.5,0.12,0.25,17.7,21.7,14.7,4.9,6.3,42,41,37,38,43
2017-01-11 17:00,2187,39,38,0.00,45,0.20,,15.5,7.9,0.11,0.24,17.2,21.5,14.4,4.9,6.3,41,40,38,38,43
2017-01-11 18:00,2187,40,36,0.00,50,0.08,,12.8,7.5,0.10,0.22,17.3,21.5,14.7,4.7,6.7,38,38,38,38,43
2017-01-11 19:00,2187,40,40,0.00,36,0.09,,17.6,6.3,0.09,0.25,16.7,21.1,14.5,4.9,6.3,37,37,38,38,43
2017-01-11 20:00,2187,40,38,0.00,31,0.08,,12.1,7.0,0.08,0.24,16.9,20.9,14.5,4.9,6.1,36,36,38,38,43
2017-01-11 21:00,2187,40,39,0.00,32,0.11,,11.0,6.9,0.08,0.24,16.7,20.6,14.7,4.7,6.3,35,35,38,38,43
2017-01-11 22:00,2187,40,37,0.00,34,0.09,,9.9,5.8,0.10,0.23,16.1,20.6,14.2,4.9,6.3,35,35,37,38,43
2017-01-11 23:00,2187,38,34,0.00,48,0.10,,4.5,2.5,0.11,0.21,15.9,20.1,14.1,4.9,6.5,35,35,37,38,43
2017-01-12 00:00,2187,36,34,0.00,58,0.16,,7.5,4.4,0.12,0.21,16.2,20.1,14.5,4.7,6.1,34,34,37,38,43
2017-01-12 01:00,2187,35,32,0.00,60,0.15,,4.4,1.8,0.13,0.19,16.0,19.9,14.2,4.7,6.3,34,34,37,38,43
2017-01-12 02:00,2187,35,35,0.00,67,0.18,,5.9,2.5,0.14,0.20,15.8,19.8,14.4,4.7,6.3,34,34,36,38,43
2017-01-12 03:00,2187,35,31,0.00,70,0.13,,2.9,1.2,0.14,0.19,15.5,19.5,14.1,4.7,6.3,34,34,36,38,43
2017-01-12 04:00,2187,33,31,0.00,79,0.15,,4.0,1.6,0.14,0.17,15.5,19.2,14.2,4.7,6.3,33,34,36,38,43
2017-01-12 05:00,2187,33,33,0.00,80,0.15,,4.9,1.9,0.15,0.19,15.0,18.9,14.0,4.7,6.3,33,33,36,38,43
2017-01-12 06:00,2187,33,30,0.00,79,0.28,,3.0,1.2,0.15,0.17,15.1,18.9,14.2,4.7,6.1,33,33,36,38,43
2017-01-12 07:00,2187,34,32,0.00,85,15.55,,2.7,1.0,0.15,0.19,15.0,18.8,14.0,4.9,6.3,33,33,36,38,43
2017-01-12 08:00,2187,35,34,0.00,78,46.00,,4.5,1.1,0.16,0.20,14.9,18.1,14.0,4.7,6.3,33,33,36,38,43
2017-01-12 09:00,2187,36,35,0.00,79,101.50,,3.2,0.9,0.16,0.21,14.7,18.4,14.3,4.9,6.3,33,33,36,38,43
2017-01-12 10:00,2187,37,36,0.00,77,199.60,,6.7,3.1,0.17,0.21,15.1,18.3,13.9,4.9,6.3,33,33,36,38,43
2017-01-12 11:00,2187,38,36,0.00,74,249.00,,9.6,3.8,0.17,0.22,14.9,18.9,14.1,4.7,6.3,33,33,35,38,43
2017-01-12 12:00,2187,40,36,0.00,76,423.80,,8.6,4.1,0.17,0.23,15.1,19.8,14.1,4.9,6.7,33,34,35,38,43
2017-01-12 13:00,2187,40,38,0.00,78,367.40,,9.2,4.1,0.17,0.24,16.1,19.6,14.1,4.9,6.3,36,35,35,38,43
2017-01-12 14:00,2187,39,38,0.00,71,171.10,,11.1,5.8,0.17,0.23,16.0,19.6,13.9,4.7,6.3,39,38,35,38,43
2017-01-12 15:00,2187,38,37,0.00,78,86.50,,9.7,4.1,0.18,0.23,16.0,19.9,13.6,4.9,6.3,40,39,36,38,43
2017-01-12 16:00,2187,37,37,0.00,83,12.50,,9.4,4.4,0.19,0.22,16.3,19.7,14.3,4.7,6.3,40,39,36,38,43
2017-01-12 17:00,2187,37,35,0.01,85,0.24,,13.1,6.4,0.19,0.22,16.1,19.8,14.1,4.9,6.3,39,38,37,38,43
2017-01-12 18:00,2187,35,34,0.02,91,0.06,,11.9,4.7,0.19,0.20,15.8,19.3,14.2,4.9,6.3,38,37,37,38,43
2017-01-12 19:00,2187,35,35,0.00,96,0.09,,11.4,5.0,0.18,0.20,16.1,19.9,14.4,4.9,6.3,37,37,37,38,43
2017-01-12 20:00,2187,35,34,0.01,88,0.10,,9.2,5.3,0.17,0.20,16.4,19.9,13.8,4.7,6.3,36,36,37,38,43
2017-01-12 21:00,2187,35,34,0.00,89,0.10,,8.9,5.0,0.17,0.20,16.2,19.5,13.8,4.9,6.3,36,36,37,38,43
2017-01-12 22:00,2187,35,34,0.00,86,0.10,,8.1,3.4,0.17,0.20,16.1,19.6,14.1,4.7,6.3,35,35,37,38,43
2017-01-12 23:00,2187,34,34,0.00,90,0.11,,3.6,1.3,0.18,0.20,15.7,19.6,14.1,4.7,6.3,35,35,37,38,43
2017-01-13 00:00,2187,34,33,0.00,91,0.14,,2.8,1.0,0.17,0.19,15.9,19.7,14.1,4.9,6.3,35,35,37,38,43
2017-01-13 01:00,2187,33,33,0.00,94,0.10,,7.6,1.4,0.17,0.19,16.0,19.3,14.1,4.7,6.3,35,34,36,38,43
2017-01-13 02:00,2187,33,32,0.00,81,0.11,,12.0,6.4,0.15,0.19,15.8,19.4,13.8,4.7,6.1,34,34,36,38,43
2017-01-13 03:00,2187,33,33,0.00,81,0.12,,13.2,8.8,0.15,0.18,15.5,19.2,14.1,4.9,6.3,34,34,36,38,43
2017-01-13 04:00,2187,33,32,0.00,79,0.12,,12.7,6.7,0.15,0.18,15.5,19.2,14.2,4.7,6.1,34,34,36,38,43
2017-01-13 05:00,2187,33,32,0.00,78,0.14,,14.3,8.7,0.14,0.18,15.4,19.1,14.0,4.7,6.3,34,34,36,38,43
2017-01-13 06:00,2187,32,31,0.00,82,0.32,,14.7,9.3,0.14,0.18,15.2,19.2,14.2,4.7,6.5,34,33,36,38,43
2017-01-13 07:00,2187,32,31,0.00,82,19.49,,13.1,8.1,0.14,0.18,15.5,19.0,14.0,4.5,6.3,34,33,36,38,43
2017-01-13 08:00,2187,33,32,0.00,78,96.60,,14.1,8.2,0.14,0.19,15.3,18.5,14.0,4.7,6.3,33,33,36,38,43
2017-01-13 09:00,2187,35,33,0.00,77,366.50,,15.1,8.0,0.14,0.20,15.1,18.8,14.2,4.9,6.3,33,33,36,38,43
2017-01-13 10:00,2187,36,34,0.00,71,258.20,,14.6,8.7,0.14,0.20,15.1,19.0,13.9,4.7,6.3,34,33,36,38,43
2017-01-13 11:00,2187,37,36,0.00,68,369.00,,15.2,9.2,0.14,0.22,15.6,19.1,13.9,4.7,6.3,35,34,36,38,43
2017-01-13 12:00,2187,37,36,0.00,63,327.90,,15.6,9.7,0.14,0.22,15.6,19.2,13.7,4.9,6.7,36,36,36,38,43
2017-01-13 13:00,2187,38,37,0.00,65,382.50,,16.2,10.3,0.15,0.23,15.3,18.8,13.6,4.7,6.3,38,37,36,38,43
2017-01-13 14:00,2187,38,37,0.00,63,279.70,,17.2,11.3,0.14,0.23,15.7,18.9,13.6,4.7,6.3,40,38,36,38,43
2017-01-13 15:00,2187,39,36,0.00,60,175.30,,15.1,10.0,0.14,0.23,15.5,18.9,13.9,4.9,6.3,40,39,36,38,43
2017-01-13 16:00,2187,36,35,0.00,69,21.29,,14.8,9.3,0.14,0.21,15.6,18.8,13.9,4.7,6.3,40,39,37,38,43
2017-01-13 17:00,2187,36,35,0.00,64,0.36,,12.0,4.7,0.14,0.21,15.6,18.8,14.0,4.5,6.3,39,38,37,38,43
2017-01-13 18:00,2187,36,35,0.00,67,0.10,,8.9,4.5,0.14,0.21,15.2,18.6,14.0,4.7,6.3,37,37,37,38,43
2017-01-13 19:00,2187,35,35,0.00,69,0.10,,8.0,4.0,0.14,0.20,15.1,18.6,14.2,4.5,6.3,37,36,37,38,43
2017-01-13 20:00,2187,35,34,0.00,70,0.09,,15.5,8.7,0.14,0.20,15.3,18.7,14.2,4.5,6.3,36,36,37,38,43
2017-01-13 21:00,2187,35,33,0.00,71,0.10,,16.1,8.9,0.14,0.19,15.0,18.5,13.9,5.2,6.3,36,35,37,38,43
2017-01-13 22:00,2187,33,33,0.00,75,0.10,,17.5,11.1,0.14,0.19,15.1,18.6,13.9,5.2,6.5,35,35,37,38,43
2017-01-13 23:00,2187,33,33,0.00,77,0.12,,17.5,10.4,0.14,0.19,14.8,18.1,13.9,5.2,6.3,35,35,37,38,43
2017-01-14 00:00,2187,33,32,0.00,77,0.10,,13.9,7.8,0.14,0.19,14.9,18.4,13.8,5.2,6.3,35,34,36,38,43
2017-01-14 01:00,2187,32,30,0.00,79,0.14,,21.2,12.5,0.14,0.17,14.7,18.1,13.7,5.2,6.3,34,34,37,38,43
2017-01-14 02:00,2187,30,29,0.00,84,0.16,,20.7,11.0,0.14,0.16,14.7,18.0,13.6,5.2,6.7,34,34,36,38,43
2017-01-14 03:00,2187,29,28,0.00,86,0.15,,17.2,9.5,0.14,0.16,14.7,18.0,13.9,5.2,6.5,34,34,36,38,43
2017-01-14 04:00,2187,29,28,0.00,87,0.17,,18.2,8.9,0.14,0.16,14.5,17.4,13.6,4.9,6.3,33,33,36,38,43
2017-01-14 05:00,2187,28,28,0.00,88,0.18,,15.7,8.0,0.14,0.15,14.4,17.3,14.0,4.9,6.3,33,33,36,38,43
2017-01-14 06:00,2187,28,28,0.00,90,0.45,,16.6,7.7,0.14,0.15,14.4,17.4,13.7,4.9,6.1,33,33,36,38,43
2017-01-14 07:00,2187,28,28,0.00,89,26.95,,11.4,5.6,0.14,0.15,14.0,16.9,13.5,4.9,6.5,33,33,36,38,43
2017-01-14 08:00,2187,29,28,0.00,89,209.20,,17.4,9.1,0.14,0.16,14.0,17.0,13.7,4.9,6.5,33,33,35,38,43
2017-01-14 09:00,2187,32,29,0.00,86,366.90,,19.8,8.9,0.14,0.17,13.8,16.7,13.4,4.9,6.3,33,33,36,38,43
2017-01-14 10:00,2187,33,32,0.00,80,491.20,,15.3,8.4,0.14,0.18,13.8,16.7,13.4,4.9,6.3,33,33,35,38,43
2017-01-14 11:00,2187,36,33,0.00,77,552.10,,13.8,4.7,0.15,0.20,14.0,16.6,13.7,5.3,6.3,33,33,35,38,43
2017-01-14 12:00,2187,39,35,0.00,75,552.90,,9.1,4.3,0.15,0.22,14.0,17.5,13.7,5.1,6.3,35,34,35,38,43
2017-01-14 13:00,2187,40,38,0.00,66,494.80,,10.2,5.4,0.16,0.24,14.5,17.8,13.7,5.1,6.7,38,36,35,38,43
2017-01-14 14:00,2187,42,40,0.00,65,382.10,,7.2,3.2,0.16,0.26,14.8,17.9,13.7,5.1,6.3,40,38,36,38,43
2017-01-14 15:00,2187,42,36,0.00,62,221.90,,10.0,4.1,0.15,0.25,14.9,17.7,13.7,5.1,6.3,42,40,36,38,43
2017-01-14 16:00,2187,36,32,0.00,71,11.89,,12.7,7.6,0.14,0.20,14.9,18.0,13.7,4.8,6.3,42,40,36,38,43
2017-01-14 17:00,2187,32,31,0.00,79,0.46,,10.8,6.0,0.14,0.18,14.4,17.8,13.3,5.5,6.1,41,39,37,38,43
2017-01-14 18:00,2187,31,31,0.00,81,0.14,,10.1,2.2,0.14,0.17,14.6,17.7,13.9,5.1,6.3,39,38,37,38,43
2017-01-14 19:00,2187,31,29,0.00,80,0.17,,6.8,1.5,0.14,0.17,14.5,17.5,13.7,5.0,6.5,37,36,38,38,43
2017-01-14 20:00,2187,30,29,0.00,84,0.18,,9.0,2.8,0.14,0.17,14.3,17.5,13.9,5.4,6.1,36,36,37,38,43
2017-01-14 21:00,2187,29,28,0.00,84,0.21,,5.1,1.6,0.14,0.16,14.1,17.4,13.7,5.2,6.3,35,35,37,38,43
2017-01-14 22:00,2187,29,28,0.00,85,0.18,,13.7,4.5,0.13,0.16,13.9,16.9,13.3,5.2,6.3,35,35,37,38,43
2017-01-14 23:00,2187,29,28,0.00,83,0.16,,11.5,4.8,0.13,0.16,14.4,16.8,13.7,4.9,6.3,34,34,37,38,43
2017-01-15 00:00,2187,29,26,0.00,83,0.18,,13.9,7.1,0.13,0.15,13.7,16.6,13.5,5.1,6.3,34,34,37,38,43
2017-01-15 01:00,2187,27,26,0.00,88,0.18,,16.2,8.5,0.13,0.14,14.0,16.4,13.2,4.9,6.7,33,33,36,38,43
2017-01-15 02:00,2187,27,26,0.00,88,0.20,,14.7,7.7,0.13,0.14,13.6,16.6,13.2,5.6,6.3,33,33,36,38,43
2017-01-15 03:00,2187,26,25,0.00,92,0.15,,13.2,8.2,0.13,0.14,13.4,15.9,13.5,5.3,6.3,33,33,36,38,43
2017-01-15 04:00,2187,25,25,0.00,93,0.18,,14.2,6.8,0.12,0.14,13.4,16.1,13.5,5.3,6.3,33,33,36,38,43
2017-01-15 05:00,2187,25,24,0.00,93,0.16,,11.3,6.2,0.12,0.13,13.3,15.9,13.5,5.6,6.3,33,33,36,38,43
2017-01-15 06:00,2187,24,24,0.00,93,0.50,,14.5,5.1,0.12,0.13,13.3,15.8,13.2,5.3,6.5,32,33,36,38,43
2017-01-15 07:00,2187,25,24,0.00,95,22.81,,9.3,3.9,0.12,0.13,12.9,15.6,13.2,5.6,6.3,32,32,35,38,43
2017-01-15 08:00,2187,26,24,0.00,95,143.60,,16.6,7.8,0.13,0.14,12.9,15.8,13.4,5.4,6.3,32,32,35,38,43
2017-01-15 09:00,2187,29,26,0.00,91,351.80,,9.2,4.3,0.13,0.15,12.7,15.3,13.2,5.5,6.5,32,32,35,38,43
2017-01-15 10:00,2187,29,29,0.00,84,497.80,,10.0,5.6,0.14,0.16,12.8,15.2,13.0,5.5,6.3,32,32,35,38,43
2017-01-15 11:00,2187,33,29,0.00,85,563.10,,9.4,4.4,0.14,0.17,12.8,15.1,13.3,6.0,6.3,32,32,35,38,43
2017-01-15 12:00,2187,34,32,0.00,79,566.10,,13.1,5.3,0.14,0.19,12.8,15.3,13.3,5.3,6.3,32,32,35,38,43
2017-01-15 13:00,2187,35,34,0.00,70,507.30,,10.2,4.5,0.14,0.20,12.7,15.3,13.3,5.7,6.3,32,32,35,38,43
2017-01-15 14:00,2187,36,34,0.00,70,390.90,,15.3,4.9,0.14,0.20,13.7,15.7,12.9,6.0,6.3,35,33,35,38,43
2017-01-15 15:00,2187,35,33,0.00,69,229.30,,8.9,4.5,0.14,0.20,13.9,16.1,13.2,5.7,6.3,38,35,35,38,43
2017-01-15 16:00,2187,33,31,0.00,73,15.79,,8.6,4.3,0.14,0.18,13.9,16.6,13.2,5.8,6.3,38,36,35,38,43
2017-01-15 17:00,2187,31,30,0.00,79,0.92,,12.8,5.5,0.13,0.17,13.7,16.4,12.9,5.5,6.3,37,36,35,38,43
2017-01-15 18:00,2187,31,30,0.00,78,0.15,,8.1,2.2,0.14,0.17,13.7,16.5,12.9,6.0,6.3,36,35,36,38,43
2017-01-15 19:00,2187,31,30,0.00,82,0.19,,9.5,2.7,0.14,0.17,13.8,16.5,13.3,5.8,6.3,35,34,36,38,43
2017-01-15 20:00,2187,31,28,0.00,74,0.20,,13.7,7.1,0.13,0.16,13.4,16.1,13.3,5.9,6.3,35,34,36,38,43
2017-01-15 21:00,2187,29,28,0.00,84,0.17,,15.8,8.3,0.13,0.16,13.6,15.9,13.3,5.9,6.3,34,33,36,38,43
2017-01-15 22:00,2187,29,27,0.00,80,0.20,,14.7,7.9,0.13,0.16,13.6,15.9,12.9,6.2,6.3,34,33,36,38,43
2017-01-15 23:00,2187,28,28,0.00,79,0.19,,14.0,8.1,0.12,0.15,13.4,15.7,13.2,6.0,6.3,33,33,36,38,43
2017-01-16 00:00,2187,28,26,0.00,77,0.20,,12.1,6.0,0.12,0.15,13.2,15.7,13.2,6.6,6.1,33,33,35,38,43
2017-01-16 01:00,2187,27,24,0.00,81,0.20,,8.5,2.8,0.12,0.14,13.6,15.5,13.2,6.1,6.7,33,33,35,38,43
2017-01-16 02:00,2187,25,22,0.00,91,0.15,,8.9,2.3,0.12,0.13,13.1,15.6,13.2,5.9,6.3,33,33,35,38,43
2017-01-16 03:00,2187,26,22,0.00,94,0.19,,14.6,5.6,0.11,0.13,13.3,15.2,13.3,6.4,6.1,32,33,35,38,43
2017-01-16 04:00,2187,24,21,0.00,84,0.19,,3.7,1.9,0.11,0.12,12.9,15.2,13.3,6.1,6.3,32,32,35,38,43
2017-01-16 05:00,2187,25,22,0.00,95,0.14,,10.6,4.3,0.11,0.13,12.7,15.3,13.3,6.7,6.5,32,32,35,38,43
2017-01-16 06:00,2187,26,25,0.00,75,0.44,,8.8,3.2,0.10,0.14,12.6,14.9,13.2,6.2,6.5,32,32,35,38,43
2017-01-16 07:00,2187,25,23,0.00,74,10.79,,9.4,4.0,0.10,0.13,12.6,14.7,13.1,6.2,6.3,32,32,35,38,43
2017-01-16 08:00,2187,30,23,0.00,85,196.80,,12.4,4.2,0.11,0.14,12.0,14.8,13.1,6.3,6.5,31,32,35,38,43
2017-01-16 09:00,2187,31,30,0.00,59,387.10,,17.0,10.6,0.10,0.17,11.2,14.6,13.4,6.3,6.1,31,32,35,37,43
2017-01-16 10:00,2187,33,30,0.00,63,505.70,,17.3,10.4,0.10,0.18,11.3,14.0,13.5,6.2,6.1,31,32,34,38,43
2017-01-16 11:00,2187,36,33,0.00,57,570.00,,15.4,10.0,0.10,0.20,11.7,14.0,13.3,6.6,6.3,31,32,34,37,43
2017-01-16 12:00,2187,39,35,0.00,49,574.80,,17.5,10.5,0.09,0.22,11.7,14.0,13.3,6.4,6.3,32,32,34,37,43
2017-01-16 13:00,2187,40,39,0.00,38,516.80,,18.1,11.0,0.09,0.25,12.1,14.4,12.9,5.9,6.3,32,32,34,37,43
2017-01-16 14:00,2187,42,40,0.00,38,402.60,,18.5,11.4,0.09,0.26,12.2,14.4,12.9,6.5,6.3,32,32,34,37,43
2017-01-16 15:00,2187,42,39,0.00,27,243.70,,17.7,10.8,0.08,0.26,13.2,14.7,12.9,6.4,6.3,35,33,34,37,43
2017-01-16 16:00,2187,39,38,0.00,31,12.16,,18.8,11.3,0.07,0.23,13.3,15.2,13.1,6.8,6.3,36,34,34,37,43
2017-01-16 17:00,2187,38,34,0.00,30,0.60,,17.0,9.0,0.08,0.22,13.1,15.6,12.9,6.8,6.7,36,33,34,37,43
2017-01-16 18:00,2187,35,34,0.00,45,0.13,,13.7,7.1,0.09,0.20,13.0,15.6,12.9,6.5,6.3,35,33,35,37,43
2017-01-16 19:00,2187,35,32,0.00,42,0.14,,10.8,4.4,0.09,0.20,13.1,15.2,13.1,6.2,6.3,34,33,35,37,43
2017-01-16 20:00,2187,34,32,0.00,49,0.14,,12.9,6.7,0.09,0.19,13.1,15.3,13.1,6.6,6.3,33,33,35,37,43
2017-01-16 21:00,2187,34,31,0.00,44,0.17,,12.1,5.0,0.09,0.19,12.9,15.2,13.1,6.6,6.3,33,33,35,37,43
2017-01-16 22:00,2187,32,31,0.00,49,0.19,,9.6,3.0,0.08,0.17,12.7,15.1,13.1,6.6,6.3,33,32,35,37,43
2017-01-16 23:00,2187,32,26,0.00,45,0.20,,11.1,3.0,0.09,0.17,12.7,14.7,12.7,6.4,6.3,33,32,35,37,43
2017-01-17 00:00,2187,26,25,0.00,65,0.16,,3.6,1.8,0.09,0.14,12.8,14.7,12.7,6.8,6.3,32,32,35,37,43
2017-01-17 01:00,2187,25,22,0.00,62,0.13,,4.7,2.7,0.09,0.13,12.8,15.2,12.9,6.8,6.3,32,32,34,37,43
2017-01-17 02:00,2187,25,22,0.00,72,0.13,,5.8,3.4,0.09,0.12,12.2,14.8,12.7,6.8,6.3,32,32,34,37,43
2017-01-17 03:00,2187,25,20,0.00,68,0.10,,5.6,2.0,0.09,0.12,12.5,14.7,12.9,6.6,6.3,32,32,34,37,43
2017-01-17 04:00,2187,27,22,0.00,77,0.11,,6.7,3.0,0.09,0.12,12.3,14.6,12.9,6.4,6.3,32,32,34,37,43
2017-01-17 05:00,2187,27,20,0.00,64,0.15,,7.7,3.0,0.09,0.13,12.0,14.4,12.9,7.0,6.1,31,32,34,37,43
2017-01-17 06:00,2187,25,20,0.00,83,0.50,,4.3,1.9,0.09,0.12,11.2,13.9,12.7,6.7,6.3,31,31,34,37,43
2017-01-17 07:00,2187,22,20,0.00,75,10.63,,3.8,2.3,0.08,0.11,10.1,13.5,13.1,6.7,6.3,31,31,34,37,43
2017-01-17 08:00,2187,31,22,0.00,72,202.20,,7.3,3.2,0.09,0.14,9.4,13.0,12.8,6.7,6.3,30,31,34,37,43
2017-01-17 09:00,2187,35,31,0.00,52,391.90,,9.0,4.3,0.10,0.18,8.4,11.6,12.4,6.7,6.3,30,31,34,37,43
2017-01-17 10:00,2187,37,34,0.00,49,512.10,,5.3,1.9,0.10,0.20,8.8,11.2,13.0,6.6,6.3,31,31,34,37,43
2017-01-17 11:00,2187,39,37,0.00,48,577.30,,5.4,2.0,0.11,0.22,8.4,10.8,12.8,7.0,6.3,31,31,34,37,43
2017-01-17 12:00,2187,41,39,0.00,48,582.60,,9.1,4.0,0.11,0.25,9.3,11.9,12.8,7.0,6.3,31,31,34,37,43
2017-01-17 13:00,2187,43,41,0.00,37,523.90,,10.6,7.0,0.08,0.27,9.4,12.2,12.7,6.8,6.3,32,31,34,37,43
2017-01-17 14:00,2187,42,40,0.00,35,386.40,,12.2,7.8,0.09,0.27,10.3,12.1,12.7,6.5,6.3,32,31,34,37,43
2017-01-17 15:00,2187,40,38,0.00,42,129.70,,10.4,5.0,0.09,0.25,12.7,13.4,13.0,7.1,6.3,34,32,34,37,43
2017-01-17 16:00,2187,38,35,0.00,38,25.28,,4.6,2.0,0.09,0.22,13.8,14.7,12.6,6.8,6.3,35,32,34,37,43
2017-01-17 17:00,2187,36,33,0.00,35,0.39,,6.6,2.2,0.07,0.20,13.6,14.9,12.7,6.8,6.3,34,32,33,37,43
2017-01-17 18:00,2187,36,30,0.00,36,0.16,,3.5,2.0,0.08,0.19,13.1,14.7,12.6,6.8,6.3,34,32,34,37,43
2017-01-17 19:00,2187,32,30,0.00,57,0.17,,4.1,2.3,0.09,0.18,13.4,14.9,12.3,6.8,6.3,33,32,34,37,43
2017-01-17 20:00,2187,31,30,0.00,49,0.17,,4.3,2.3,0.09,0.17,13.3,14.8,12.6,7.0,6.3,33,32,34,37,43
2017-01-17 21:00,2187,31,28,0.00,51,0.18,,3.5,2.0,0.09,0.17,12.9,14.8,12.8,6.6,6.3,32,32,34,37,43
2017-01-17 22:00,2187,31,28,0.00,56,0.20,,4.2,2.6,0.09,0.17,12.9,14.6,12.8,7.0,6.3,32,32,34,37,43
2017-01-17 23:00,2187,31,28,0.00,59,0.19,,3.9,2.0,0.09,0.16,13.0,14.4,12.8,7.0,6.3,32,32,34,37,43
2017-01-18 00:00,2187,28,27,0.00,59,0.17,,3.6,2.3,0.09,0.15,12.8,14.0,12.8,7.0,6.3,32,32,34,37,43
2017-01-18 01:00,2187,27,25,0.00,64,0.20,,4.5,2.4,0.09,0.14,12.4,14.0,12.8,7.0,6.3,32,32,34,37,43
2017-01-18 02:00,2187,29,27,0.00,64,0.19,,4.8,1.9,0.10,0.15,12.2,13.9,12.8,6.8,6.3,32,32,34,36,43
2017-01-18 03:00,2187,27,26,0.00,67,0.18,,4.5,2.2,0.10,0.14,12.3,13.9,13.0,6.8,6.3,32,32,34,36,43
2017-01-18 04:00,2187,27,25,0.00,64,0.17,,4.3,2.0,0.09,0.14,11.5,13.9,13.0,6.6,6.3,32,31,34,36,43
2017-01-18 05:00,2187,28,25,0.00,72,0.14,,5.7,2.0,0.10,0.15,11.7,14.0,12.8,7.2,6.3,31,31,34,36,43
2017-01-18 06:00,2187,25,22,0.00,75,0.90,,4.1,1.7,0.10,0.13,11.0,13.4,12.4,7.0,6.3,31,31,33,36,43
2017-01-18 07:00,2187,28,22,0.00,81,37.02,,4.3,2.1,0.10,0.13,10.3,13.2,12.4,6.8,6.3,31,31,34,36,43
2017-01-18 08:00,2187,33,28,0.00,70,97.60,,5.9,1.8,0.11,0.17,9.8,12.9,12.4,6.8,6.2,31,31,34,36,43
2017-01-18 09:00,2187,35,31,0.00,56,215.10,,7.4,2.7,0.12,0.18,9.1,12.2,12.4,7.0,6.3,31,31,34,36,43
2017-01-18 10:00,2187,38,35,0.00,53,390.80,,10.0,3.7,0.10,0.22,9.1,11.9,12.4,6.8,6.2,31,31,34,36,43
2017-01-18 11:00,2187,38,36,0.00,37,239.90,,10.8,5.0,0.08,0.22,9.3,12.1,12.4,6.8,6.2,31,31,33,36,43
2017-01-18 12:00,2187,38,36,0.00,39,313.20,,14.7,8.3,0.08,0.22,9.4,12.2,12.4,7.2,6.3,31,31,33,36,43
2017-01-18 13:00,2187,38,37,0.00,35,268.60,,13.2,7.9,0.08,0.23,10.1,12.6,12.4,7.2,6.2,31,31,33,36,43
2017-01-18 14:00,2187,38,36,0.00,37,134.30,,12.2,6.5,0.09,0.22,10.0,12.4,12.6,7.2,6.2,31,31,33,36,43
2017-01-18 15:00,2187,36,36,0.00,41,45.45,,13.8,9.3,0.09,0.22,10.3,12.7,12.8,7.2,6.2,32,31,33,36,43
2017-01-18 16:00,2187,36,35,0.00,41,15.37,,13.4,8.6,0.09,0.21,10.9,12.7,12.6,7.2,6.2,32,31,33,36,43
2017-01-18 17:00,2187,36,35,0.00,39,0.26,,11.7,4.9,0.08,0.21,11.3,13.1,12.8,7.0,6.2,32,31,33,36,43
2017-01-18 18:00,2187,35,35,0.00,42,0.12,,6.6,3.5,0.09,0.20,11.9,13.2,12.4,7.0,6.2,32,31,33,36,43
2017-01-18 19:00,2187,35,34,0.00,42,0.09,,7.7,4.5,0.09,0.20,12.1,13.0,12.4,6.6,6.2,32,31,33,36,43
2017-01-18 20:00,2187,35,34,0.00,45,0.13,,6.8,2.2,0.09,0.20,12.3,13.4,12.2,7.4,6.2,32,31,33,36,43
2017-01-18 21:00,2187,35,34,0.00,44,0.13,,5.9,1.9,0.09,0.20,12.3,13.6,12.6,7.1,6.2,32,31,33,36,43
2017-01-18 22:00,2187,34,34,0.00,46,0.10,,7.3,2.6,0.09,0.19,12.4,13.8,12.4,7.1,6.2,32,31,33,36,43
2017-01-18 23:00,2187,35,32,0.00,46,0.15,,6.7,2.1,0.11,0.19,12.2,13.6,12.4,7.1,6.2,32,31,33,36,43
2017-01-19 00:00,2187,32,29,0.00,76,0.12,,5.4,3.1,0.14,0.17,12.3,13.6,12.6,6.8,6.2,32,31,33,36,43
2017-01-19 01:00,2187,30,29,0.00,93,0.16,,4.9,1.8,0.15,0.16,12.3,14.0,12.6,6.8,6.2,32,32,33,36,43
2017-01-19 02:00,2187,29,27,0.00,96,0.17,,3.6,0.7,0.15,0.15,12.3,14.0,12.6,6.8,6.2,32,31,33,36,43
2017-01-19 03:00,2187,30,27,0.00,98,0.17,,7.9,2.7,0.15,0.16,12.0,13.8,12.4,6.8,6.2,32,32,33,36,43
2017-01-19 04:00,2187,29,28,0.00,94,0.17,,6.2,2.6,0.15,0.16,12.2,13.8,12.6,6.8,6.2,32,32,33,36,43
2017-01-19 05:00,2187,29,28,0.00,96,0.16,,6.8,1.3,0.15,0.16,12.2,13.6,12.6,6.8,6.2,32,32,33,36,43
2017-01-19 06:00,2187,29,28,0.00,93,0.37,,8.7,3.4,0.15,0.15,12.0,13.6,12.2,7.4,6.2,32,32,33,36,43
2017-01-19 07:00,2187,29,28,0.00,96,21.52,,3.8,1.5,0.15,0.15,12.0,13.6,12.2,7.4,6.2,32,32,33,36,43
2017-01-19 08:00,2187,34,29,0.01,97,197.60,,4.2,1.1,0.16,0.17,11.7,13.6,11.9,7.2,6.2,32,32,33,36,43
2017-01-19 09:00,2187,33,29,0.00,82,156.00,,7.9,2.8,0.16,0.17,12.0,13.6,12.2,7.4,6.2,32,32,33,36,43
2017-01-19 10:00,2187,38,33,0.00,88,514.30,,7.1,1.8,0.16,0.20,12.2,13.6,12.2,7.2,6.5,32,32,33,36,43
2017-01-19 11:00,2187,40,38,0.00,74,586.10,,8.5,4.2,0.17,0.24,12.0,13.6,12.2,7.2,6.5,32,32,33,36,43
2017-01-19 12:00,2187,41,39,0.00,71,580.60,,10.5,5.6,0.17,0.25,12.0,13.8,12.2,7.2,6.5,34,32,33,36,42
2017-01-19 13:00,2187,42,41,0.00,67,552.30,,14.6,9.0,0.17,0.26,12.6,13.9,12.2,7.2,6.5,38,35,34,36,42
2017-01-19 14:00,2187,43,41,0.00,65,420.50,,14.6,8.2,0.17,0.26,12.9,14.4,11.8,7.2,6.5,40,37,34,36,42
2017-01-19 15:00,2187,44,42,0.00,56,259.60,,11.6,6.2,0.14,0.28,12.5,14.8,12.0,7.1,6.5,42,39,34,36,42
2017-01-19 16:00,2187,42,36,0.00,37,25.23,,9.8,5.2,0.11,0.25,12.9,14.9,12.8,7.2,6.2,42,39,35,36,42
2017-01-19 17:00,2187,37,35,0.00,67,0.68,,7.3,4.1,0.14,0.21,13.1,14.5,12.4,6.8,6.2,41,38,35,36,42
2017-01-19 18:00,2187,37,32,0.00,64,0.14,,7.3,2.2,0.14,0.20,12.9,14.5,12.2,7.5,6.5,38,37,36,36,42
2017-01-19 19:00,2187,32,29,0.00,73,0.16,,3.5,2.1,0.13,0.17,12.9,14.6,12.2,7.3,6.2,37,36,36,36,42
2017-01-19 20:00,2187,30,28,0.00,82,0.17,,3.2,1.8,0.14,0.16,12.6,14.4,12.2,7.3,6.5,36,35,36,36,42
2017-01-19 21:00,2187,32,29,0.00,82,0.14,,3.3,1.8,0.14,0.17,12.4,14.5,12.2,7.3,6.5,35,34,36,36,42
2017-01-19 22:00,2187,33,31,0.00,75,0.17,,3.5,1.3,0.13,0.19,12.6,14.2,12.4,7.0,6.5,34,34,36,36,42
2017-01-19 23:00,2187,33,31,0.00,75,0.18,,6.6,3.7,0.14,0.18,12.4,13.9,12.4,7.0,6.5,34,33,35,36,42
2017-01-20 00:00,2187,34,33,0.00,79,0.20,,11.4,4.3,0.15,0.19,12.5,13.9,12.4,7.0,6.2,33,33,35,36,42
2017-01-20 01:00,2187,33,29,0.00,81,0.17,,4.6,2.6,0.15,0.18,12.2,13.8,12.4,7.0,6.5,33,33,35,36,42
2017-01-20 02:00,2187,30,27,0.00,85,0.20,,4.9,2.3,0.14,0.16,12.0,13.9,12.4,7.0,6.2,33,33,35,36,42
2017-01-20 03:00,2187,32,29,0.00,88,0.16,,7.8,2.8,0.15,0.17,12.2,14.1,12.6,7.6,6.5,33,33,35,36,42
2017-01-20 04:00,2187,32,31,0.00,85,0.16,,8.9,2.9,0.15,0.18,12.4,14.2,12.6,7.6,6.2,32,32,35,36,42
2017-01-20 05:00,2187,32,31,0.00,84,0.14,,7.8,2.7,0.15,0.18,12.1,13.6,12.6,7.6,6.5,32,32,35,36,42
2017-01-20 06:00,2187,31,31,0.00,84,0.32,,7.5,2.4,0.15,0.17,12.0,13.8,12.4,7.4,6.5,32,32,34,36,42
2017-01-20 07:00,2187,31,31,0.00,83,7.22,,10.9,2.5,0.14,0.17,11.6,13.4,12.0,7.4,6.5,32,32,34,36,42
2017-01-20 08:00,2187,31,30,0.00,80,55.90,,9.3,3.9,0.15,0.17,11.8,13.6,12.4,7.4,6.5,32,32,34,36,42
2017-01-20 09:00,2187,31,30,0.00,93,96.50,,9.4,2.8,0.16,0.17,11.6,13.2,12.6,7.4,6.5,32,32,34,36,42
2017-01-20 10:00,2187,31,31,0.01,93,138.90,,11.2,4.0,0.17,0.17,11.6,13.4,12.6,7.4,6.5,32,32,34,36,42
2017-01-20 11:00,2187,33,31,0.17,95,241.10,,9.5,4.4,0.17,0.17,12.1,13.6,12.6,7.4,6.5,32,32,34,36,42
2017-01-20 12:00,2187,33,32,0.04,90,239.50,,7.2,2.9,0.17,0.18,12.1,13.6,12.2,7.4,6.2,32,32,34,36,42
2017-01-20 13:00,2187,32,32,0.00,97,187.50,,7.8,3.6,0.17,0.18,11.5,13.2,11.9,7.4,6.5,32,32,34,36,42
2017-01-20 14:00,2187,32,31,0.02,97,122.40,,8.6,3.8,0.17,0.18,12.1,13.2,12.2,7.4,6.5,32,32,34,36,42
2017-01-20 15:00,2187,32,31,0.01,97,117.70,,6.8,1.9,0.17,0.18,12.1,13.2,12.2,7.2,6.5,32,32,34,36,42
2017-01-20 16:00,2187,31,31,0.00,98,17.23,,5.0,1.6,0.17,0.17,12.1,13.4,12.2,7.2,6.5,32,32,34,36,42
2017-01-20 17:00,2187,31,31,0.00,98,0.53,,5.2,1.8,0.17,0.17,11.6,13.4,12.2,7.6,6.5,32,32,34,36,42
2017-01-20 18:00,2187,31,30,0.00,99,0.11,,8.4,3.3,0.17,0.17,11.6,13.4,12.2,7.6,6.5,32,32,34,36,42
2017-01-20 19:00,2187,30,29,0.00,100,0.16,,4.2,1.9,0.16,0.16,11.6,13.4,12.2,7.4,6.5,32,32,34,36,42
2017-01-20 20:00,2187,29,28,0.00,100,0.18,,2.8,0.6,0.16,0.16,11.6,13.4,12.2,7.4,6.5,32,32,34,36,42
2017-01-20 21:00,2187,29,28,0.00,100,0.19,,4.4,1.8,0.16,0.16,12.0,13.2,12.2,7.6,6.5,32,32,34,36,42
2017-01-20 22:00,2187,29,24,0.00,100,0.22,,2.9,1.0,0.15,0.15,11.8,13.2,12.2,7.4,6.5,32,32,34,36,42
2017-01-20 23:00,2187,25,24,0.00,99,0.18,,4.7,2.5,0.13,0.13,11.8,13.6,12.2,7.4,6.5,32,32,34,36,42
2017-01-21 00:00,2187,24,22,0.00,98,0.15,,7.4,2.0,0.12,0.13,11.8,13.6,12.2,7.4,6.5,32,32,34,36,42
2017-01-21 01:00,2187,25,22,0.00,98,0.16,,6.2,1.8,0.12,0.12,11.4,13.6,12.2,7.4,6.5,32,32,34,36,42
2017-01-21 02:00,2187,28,23,0.00,96,0.14,,11.4,6.3,0.13,0.14,12.0,13.6,12.2,7.4,6.5,32,32,34,36,42
2017-01-21 03:00,2187,27,24,0.00,82,0.14,,9.8,3.2,0.12,0.14,11.6,13.4,12.2,7.4,6.5,32,32,34,36,42
2017-01-21 04:00,2187,24,22,0.00,84,0.15,,7.5,2.8,0.11,0.12,11.6,13.4,12.3,7.4,6.5,32,32,34,36,42
2017-01-21 05:00,2187,26,22,0.00,88,0.12,,7.8,3.6,0.11,0.13,11.6,13.6,12.3,7.2,6.5,32,32,34,36,42
2017-01-21 06:00,2187,23,22,0.00,80,0.51,,5.3,2.6,0.09,0.12,11.8,13.6,11.9,7.2,6.5,32,32,34,36,42
2017-01-21 07:00,2187,24,22,0.00,79,10.60,,6.2,2.2,0.10,0.12,11.8,13.2,12.3,7.2,5.9,32,32,34,36,42
2017-01-21 08:00,2187,32,24,0.00,78,192.20,,6.9,2.3,0.10,0.14,12.0,13.4,11.9,7.2,6.5,32,32,34,36,42
2017-01-21 09:00,2187,37,32,0.01,64,397.90,,4.2,1.6,0.12,0.20,11.8,13.4,11.9,7.2,6.5,32,32,34,36,42
2017-01-21 10:00,2187,38,36,0.00,61,526.80,,13.8,5.1,0.13,0.21,11.5,13.0,12.1,7.2,5.9,32,32,34,36,42
2017-01-21 11:00,2187,38,37,0.00,55,642.00,,18.1,10.3,0.12,0.22,11.7,13.2,12.2,7.2,5.9,32,32,34,36,42
2017-01-21 12:00,2187,40,38,0.00,49,670.50,,14.0,7.9,0.11,0.24,11.5,13.2,12.1,7.2,6.5,32,32,34,36,42
2017-01-21 13:00,2187,42,40,0.00,42,630.40,,12.7,6.0,0.10,0.26,11.5,12.8,12.1,7.2,5.9,32,32,34,36,42
2017-01-21 14:00,2187,41,41,0.00,37,437.40,,11.3,5.8,0.09,0.26,11.8,13.0,11.9,7.8,5.9,32,32,34,36,42
2017-01-21 15:00,2187,41,39,0.00,33,259.80,,6.2,3.5,0.11,0.26,11.8,13.0,12.1,7.8,5.9,32,32,34,36,42
2017-01-21 16:00,2187,39,36,0.00,53,42.00,,6.3,3.8,0.13,0.22,11.7,13.0,12.1,7.5,5.9,32,32,34,36,42
2017-01-21 17:00,2187,37,36,0.00,61,0.57,,7.2,3.7,0.13,0.21,12.0,13.0,11.9,7.5,6.5,32,32,34,36,42
2017-01-21 18:00,2187,36,35,0.00,60,0.09,,6.9,4.0,0.13,0.21,12.6,13.6,12.1,7.5,6.5,32,32,34,36,42
2017-01-21 19:00,2187,35,35,0.00,67,0.11,,10.5,5.9,0.14,0.20,12.9,13.9,12.1,7.5,5.9,32,32,34,36,42
2017-01-21 20:00,2187,35,34,0.00,67,0.10,,11.0,4.4,0.14,0.20,12.9,13.9,11.9,7.5,5.9,32,32,34,36,42
2017-01-21 21:00,2187,35,34,0.00,69,0.10,,6.4,1.6,0.14,0.20,13.1,14.1,11.9,7.5,5.9,32,32,34,36,42
2017-01-21 22:00,2187,34,34,0.00,70,0.12,,8.3,4.4,0.14,0.19,13.1,14.5,11.9,7.5,5.9,32,32,34,36,42
2017-01-21 23:00,2187,34,34,0.00,71,0.14,,7.6,2.7,0.14,0.19,13.1,14.5,11.9,7.5,5.9,32,32,34,36,42
2017-01-22 00:00,2187,34,32,0.00,73,0.14,,9.9,3.7,0.14,0.19,12.9,14.3,11.9,7.5,5.9,32,32,34,36,42
2017-01-22 01:00,2187,32,30,0.00,88,0.14,,10.7,2.7,0.16,0.17,13.1,14.0,12.3,7.5,5.9,32,32,34,36,42
2017-01-22 02:00,2187,31,30,0.00,90,0.14,,12.7,5.7,0.16,0.17,13.1,14.2,12.3,7.5,5.9,32,32,34,36,42
2017-01-22 03:00,2187,30,29,0.00,96,0.17,,11.9,3.5,0.16,0.17,13.3,14.1,12.3,7.5,5.9,32,32,34,36,42
2017-01-22 04:00,2187,30,29,0.00,97,0.15,,8.9,3.3,0.16,0.16,12.7,14.1,12.3,7.5,6.5,32,32,34,36,42
2017-01-22 05:00,2187,29,29,0.00,98,0.15,,9.8,2.8,0.16,0.16,12.9,14.1,12.3,7.5,5.9,32,32,34,36,42
2017-01-22 06:00,2187,29,28,0.00,98,0.16,,10.4,2.8,0.15,0.16,12.9,14.1,12.2,7.5,6.5,32,32,34,36,42
2017-01-22 07:00,2187,29,28,0.00,99,1.82,,11.9,3.0,0.16,0.16,12.9,14.3,12.2,7.4,6.5,32,32,34,36,42
2017-01-22 08:00,2187,29,29,0.00,98,9.28,,12.2,3.5,0.16,0.16,12.9,14.3,11.9,7.8,5.9,32,32,34,36,42
2017-01-22 09:00,2187,30,29,0.00,98,17.74,,11.8,3.7,0.16,0.16,12.6,14.3,12.2,7.8,5.9,32,32,34,36,42
2017-01-22 10:00,2187,30,30,0.00,98,19.82,,7.3,3.0,0.16,0.17,12.9,14.3,12.2,7.8,5.9,32,32,34,36,42
2017-01-22 11:00,2187,31,30,0.00,99,19.64,,9.0,3.1,0.17,0.17,12.6,14.3,12.2,7.8,5.9,32,32,34,36,42
2017-01-22 12:00,2187,31,31,0.02,99,23.09,,7.4,2.0,0.17,0.17,12.6,14.3,12.2,7.8,5.9,32,32,34,36,42
2017-01-22 13:00,2187,32,31,0.00,99,34.04,,9.5,2.5,0.17,0.18,12.6,14.3,12.8,7.8,5.9,32,32,34,36,42
2017-01-22 14:00,2187,32,31,0.07,99,24.32,,7.8,3.0,0.17,0.18,12.7,14.3,12.8,7.8,5.9,32,32,34,36,42
2017-01-22 15:00,2187,31,30,0.03,99,13.12,,8.5,2.6,0.17,0.17,13.0,14.3,12.4,7.8,5.9,32,32,34,36,42
2017-01-22 16:00,2187,30,29,0.01,99,4.26,,13.0,3.9,0.17,0.17,12.9,14.3,12.8,7.8,5.9,32,32,34,36,42
2017-01-22 17:00,2187,30,29,0.00,99,0.26,,10.7,3.4,0.17,0.17,12.6,14.3,12.6,7.8,5.9,32,32,34,36,42
2017-01-22 18:00,2187,31,30,0.01,100,0.12,,9.7,3.0,0.17,0.17,12.6,14.1,12.4,7.8,5.9,32,32,34,36,42
2017-01-22 19:00,2187,31,31,0.00,100,0.11,,12.0,5.3,0.18,0.18,12.6,14.1,12.6,7.8,5.9,32,32,34,36,42
2017-01-22 20:00,2187,31,31,0.00,100,0.08,,11.8,3.4,0.17,0.17,12.6,14.1,12.4,7.8,5.9,32,32,34,36,42
2017-01-22 21:00,2187,31,31,0.00,100,0.12,,9.6,4.6,0.17,0.17,12.9,14.1,12.6,7.4,5.9,32,32,34,36,42
2017-01-22 22:00,2187,32,31,0.00,100,0.10,,14.8,5.7,0.18,0.18,12.9,14.1,12.6,7.8,5.9,32,32,34,36,42
2017-01-22 23:00,2187,32,31,0.01,100,0.07,,14.3,7.3,0.18,0.18,12.7,14.1,12.6,7.2,6.5,32,32,34,36,42
2017-01-23 00:00,2187,33,32,0.00,100,0.09,,15.3,6.2,0.18,0.18,12.6,14.2,12.6,7.8,5.9,32,32,34,36,42
2017-01-23 01:00,2187,32,31,0.00,100,0.08,,9.1,3.1,0.18,0.18,12.7,14.2,12.6,7.5,5.9,32,32,34,36,42
2017-01-23 02:00,2187,31,30,0.00,100,0.09,,9.0,3.7,0.17,0.17,12.7,13.8,12.6,7.2,6.5,32,32,34,36,42
2017-01-23 03:00,2187,30,28,0.00,99,0.12,,4.8,1.7,0.16,0.16,12.7,14.3,12.6,7.2,5.9,32,32,34,36,42
2017-01-23 04:00,2187,29,27,0.00,98,0.16,,6.0,2.2,0.15,0.15,12.7,14.3,12.6,7.2,6.5,32,32,34,36,42
2017-01-23 05:00,2187,29,28,0.00,96,0.14,,5.0,1.7,0.15,0.16,12.7,14.0,12.4,7.6,6.5,32,32,34,36,42
2017-01-23 06:00,2187,28,24,0.00,98,0.37,,4.1,2.2,0.14,0.14,12.7,14.3,12.4,7.6,5.9,32,32,34,36,42
2017-01-23 07:00,2187,28,26,0.00,96,9.44,,9.0,3.6,0.14,0.15,12.7,14.0,12.4,7.6,5.9,32,32,34,36,42
2017-01-23 08:00,2187,29,27,0.00,78,53.09,,14.2,7.1,0.12,0.15,12.6,14.0,12.4,7.6,5.9,32,32,34,36,42
2017-01-23 09:00,2187,31,29,0.03,74,70.23,,8.5,3.0,0.12,0.17,13.1,14.0,12.4,7.6,5.9,32,32,34,36,42
2017-01-23 10:00,2187,37,31,0.12,64,107.00,,5.5,1.2,0.11,0.19,13.1,14.0,12.4,7.6,5.9,32,32,34,36,42
2017-01-23 11:00,2187,38,33,0.20,57,195.60,,3.5,1.4,0.12,0.21,12.6,14.3,12.6,7.2,5.9,32,32,34,36,42
2017-01-23 12:00,2187,36,31,0.12,65,216.00,,2.8,1.0,0.12,0.19,12.6,14.3,12.6,7.6,5.9,32,32,34,36,42
2017-01-23 13:00,2187,34,32,0.09,64,333.10,,3.2,1.3,0.12,0.19,12.6,14.2,12.6,7.6,5.9,32,32,34,36,42
2017-01-23 14:00,2187,34,31,0.06,69,281.30,,3.7,1.3,0.13,0.19,13.1,13.8,12.6,7.2,5.9,32,32,34,36,42
2017-01-23 15:00,2187,32,31,0.04,71,284.80,,7.4,2.5,0.13,0.18,12.9,14.4,12.6,7.6,5.9,32,32,34,36,42
2017-01-23 16:00,2187,31,24,0.00,71,49.61,,6.7,2.0,0.12,0.14,12.9,14.4,12.6,7.6,5.9,32,32,34,36,42
2017-01-23 17:00,2187,27,24,0.00,84,1.23,,8.0,3.0,0.12,0.14,12.9,14.4,12.6,7.4,5.9,32,32,34,36,42
2017-01-23 18:00,2187,26,20,0.00,82,0.18,,10.0,3.1,0.11,0.13,12.9,14.4,12.4,7.6,5.9,32,32,34,36,42
2017-01-23 19:00,2187,21,18,0.00,82,0.13,,5.4,2.9,0.09,0.11,12.8,14.4,12.4,7.6,5.9,32,32,34,36,42
2017-01-23 20:00,2187,22,20,0.00,84,0.11,,5.3,2.2,0.09,0.12,13.1,14.2,12.4,7.4,5.9,32,32,34,36,42
2017-01-23 21:00,2187,20,17,0.00,79,0.09,,6.5,2.8,0.08,0.10,13.1,14.2,12.4,7.4,5.9,32,32,34,36,42
2017-01-23 22:00,2187,21,15,0.00,86,0.08,,7.2,2.7,0.08,0.10,12.8,14.6,12.2,7.4,5.9,32,32,34,36,42
2017-01-23 23:00,2187,19,12,0.00,86,0.03,,6.0,2.8,0.08,0.10,13.1,14.6,12.2,7.4,5.9,32,32,34,36,42
2017-01-24 00:00,2187,14,11,0.00,86,0.03,,5.3,3.1,0.06,0.08,13.1,14.4,12.2,7.4,5.9,33,32,34,36,42
2017-01-24 01:00,2187,14,11,0.00,82,0.03,,5.7,3.1,0.06,0.08,12.9,14.4,12.4,7.4,5.9,32,32,34,36,42
2017-01-24 02:00,2187,14,11,0.00,79,0.02,,5.1,2.9,0.06,0.08,13.1,14.4,12.6,7.4,6.5,32,32,34,36,42
2017-01-24 03:00,2187,14,7,0.00,84,0.00,,6.4,1.9,0.06,0.08,12.9,14.4,12.8,7.4,5.9,32,32,34,36,42
2017-01-24 04:00,2187,9,7,0.00,88,0.01,,5.2,3.1,0.06,0.06,12.9,14.3,12.2,7.4,5.9,33,32,34,36,42
2017-01-24 05:00,2187,11,8,0.00,87,0.01,,5.0,2.8,0.06,0.07,13.1,15.0,12.8,7.4,6.5,32,32,34,36,42
2017-01-24 06:00,2187,10,5,0.00,84,0.63,,4.8,1.6,0.05,0.06,12.9,14.4,12.4,7.4,6.5,33,32,34,36,42
2017-01-24 07:00,2187,10,6,0.00,93,21.97,,5.0,2.7,0.06,0.06,12.9,14.3,12.6,7.4,5.9,33,32,34,36,42
2017-01-24 08:00,2187,14,3,0.00,79,221.00,,12.6,2.7,0.05,0.06,12.9,15.0,12.6,7.4,6.5,33,32,34,36,42
2017-01-24 09:00,2187,20,9,0.00,76,415.40,,4.0,2.2,0.06,0.09,13.1,14.4,12.8,7.4,5.9,33,32,34,36,42
2017-01-24 10:00,2187,27,19,0.01,67,548.70,,3.7,1.0,0.07,0.12,13.1,14.4,12.8,7.4,5.9,33,32,34,36,42
2017-01-24 11:00,2187,28,20,0.05,64,646.60,,4.2,0.9,0.07,0.13,13.1,14.4,12.8,7.4,6.5,33,32,34,36,42
2017-01-24 12:00,2187,28,18,0.00,56,616.20,,4.1,1.5,0.08,0.12,13.1,14.4,12.6,7.4,6.5,33,32,34,36,42
2017-01-24 13:00,2187,25,18,0.00,66,555.60,,5.9,1.3,0.08,0.12,13.1,14.4,12.6,7.4,5.9,33,32,34,36,42
2017-01-24 14:00,2187,28,19,0.00,71,447.30,,3.0,0.9,0.08,0.13,12.8,14.4,12.4,7.4,5.9,33,32,34,36,42
2017-01-24 15:00,2187,22,18,0.00,68,281.50,,6.3,2.9,0.08,0.11,12.8,14.4,12.8,7.4,5.9,33,32,34,36,42
2017-01-24 16:00,2187,18,13,0.00,70,39.53,,5.0,2.3,0.07,0.09,12.8,14.4,12.8,7.4,5.9,33,32,34,36,42
2017-01-24 17:00,2187,16,11,0.00,76,1.54,,4.8,2.3,0.06,0.08,12.8,14.4,12.6,8.0,5.9,33,32,34,36,42
2017-01-24 18:00,2187,12,10,0.00,85,0.04,,5.4,2.7,0.06,0.07,12.9,14.4,12.8,7.9,5.9,33,32,34,36,42
2017-01-24 19:00,2187,14,10,0.00,86,0.02,,5.7,2.6,0.06,0.07,12.9,14.4,12.8,8.0,5.9,33,32,34,36,42
2017-01-24 20:00,2187,14,9,0.00,80,0.00,,5.9,2.1,0.06,0.07,12.9,14.4,12.4,7.9,5.9,33,32,34,36,42
2017-01-24 21:00,2187,13,10,0.00,80,0.01,,10.4,3.8,0.06,0.08,12.9,14.4,12.6,7.9,6.5,33,32,34,36,42
2017-01-24 22:00,2187,15,10,0.00,88,0.01,,9.2,3.5,0.07,0.08,12.9,14.4,12.6,7.9,6.5,33,32,34,36,42
2017-01-24 23:00,2187,15,10,0.00,82,0.02,,8.9,3.1,0.06,0.08,12.9,14.4,12.6,7.9,5.9,33,32,34,36,42
2017-01-25 00:00,2187,11,7,0.00,82,0.01,,8.2,2.6,0.06,0.07,12.9,14.4,12.4,7.9,5.9,33,32,34,36,42
2017-01-25 01:00,2187,8,6,0.00,90,0.00,,4.9,2.6,0.05,0.06,12.7,14.4,12.4,7.6,5.9,33,32,34,36,42
2017-01-25 02:00,2187,10,8,0.00,81,0.00,,6.6,2.7,0.05,0.07,12.6,14.4,12.4,7.9,6.5,33,32,34,36,42
2017-01-25 03:00,2187,11,7,0.00,80,0.00,,5.2,2.2,0.05,0.07,12.3,14.4,12.4,7.6,5.9,33,32,34,36,42
2017-01-25 04:00,2187,8,3,0.00,80,0.00,,5.6,1.6,0.05,0.06,12.9,14.6,12.4,7.6,5.9,33,32,34,36,42
2017-01-25 05:00,2187,11,3,0.00,87,0.00,,5.7,3.4,0.05,0.06,12.9,14.6,12.4,7.6,5.9,33,32,34,36,42
2017-01-25 06:00,2187,11,-2,0.00,75,0.70,,4.6,2.0,0.04,0.05,12.9,14.6,12.4,7.6,5.9,33,32,34,36,42
2017-01-25 07:00,2187,10,5,0.00,84,13.43,,6.1,2.8,0.05,0.06,12.9,14.6,12.4,7.6,6.5,33,32,34,36,42
2017-01-25 08:00,2187,10,7,0.00,77,236.40,,5.0,2.2,0.05,0.07,12.9,14.6,12.4,7.6,5.9,33,32,34,36,42
2017-01-25 09:00,2187,18,7,0.00,70,424.00,,3.5,1.6,0.05,0.08,12.9,14.2,12.4,7.6,5.9,33,32,34,36,42
2017-01-25 10:00,2187,22,11,0.00,63,550.50,,4.0,1.2,0.06,0.11,12.9,14.2,12.6,7.6,5.9,33,32,34,36,42
2017-01-25 11:00,2187,19,11,0.00,67,621.80,,5.0,1.3,0.06,0.09,13.0,14.2,12.6,7.6,6.5,33,32,34,36,42
2017-01-25 12:00,2187,22,19,0.00,59,631.40,,5.5,2.1,0.07,0.11,12.7,14.2,12.6,7.6,5.9,33,32,34,36,42
2017-01-25 13:00,2187,22,16,0.00,65,510.30,,8.3,2.9,0.08,0.10,12.7,14.2,12.8,7.6,5.9,33,32,34,36,42
2017-01-25 14:00,2187,23,19,0.00,71,457.00,,5.0,1.6,0.08,0.12,12.7,14.2,12.6,7.9,6.5,33,32,34,36,42
2017-01-25 15:00,2187,22,18,0.00,72,274.60,,4.0,1.6,0.08,0.11,12.7,14.2,12.6,7.6,5.9,33,32,34,36,42
2017-01-25 16:00,2187,18,12,0.00,65,40.27,,7.5,3.1,0.07,0.09,12.7,14.4,12.6,7.6,5.9,33,32,34,36,42
2017-01-25 17:00,2187,12,10,0.00,84,1.52,,3.3,2.2,0.06,0.07,12.7,14.4,12.8,7.6,5.9,33,32,34,36,42
2017-01-25 18:00,2187,15,10,0.00,81,0.02,,4.2,2.1,0.06,0.08,12.7,14.4,12.6,7.6,5.9,33,32,34,36,42
2017-01-25 19:00,2187,14,12,0.00,77,0.02,,2.8,1.0,0.06,0.08,12.9,14.4,12.4,7.6,5.9,33,32,34,36,42
2017-01-25 20:00,2187,13,11,0.00,79,0.03,,4.3,2.2,0.06,0.08,12.9,14.4,12.6,7.6,5.9,33,32,34,36,42
2017-01-25 21:00,2187,13,11,0.00,82,0.03,,3.4,1.9,0.06,0.08,12.9,13.8,12.6,7.4,5.9,33,32,34,36,42
2017-01-25 22:00,2187,13,11,0.00,79,0.02,,3.7,2.2,0.06,0.08,12.3,13.8,12.6,7.4,5.9,33,32,34,36,42
2017-01-25 23:00,2187,15,10,0.00,81,0.01,,4.1,2.4,0.06,0.07,12.5,13.8,12.4,7.4,5.9,33,32,34,36,42
2017-01-26 00:00,2187,15,9,0.00,75,0.01,,4.1,2.3,0.06,0.07,12.9,13.8,12.4,7.4,5.9,33,32,34,36,42
2017-01-26 01:00,2187,10,3,0.00,77,0.01,,3.7,1.3,0.05,0.06,12.7,13.8,12.6,7.8,6.5,33,32,34,36,42
2017-01-26 02:00,2187,8,3,0.00,88,0.00,,4.1,2.3,0.05,0.06,12.7,13.8,12.4,7.8,5.9,33,32,34,36,42
2017-01-26 03:00,2187,11,8,0.00,86,0.00,,4.2,2.5,0.06,0.07,12.5,14.2,12.6,7.4,6.5,33,32,34,36,42
2017-01-26 04:00,2187,10,6,0.00,81,0.01,,3.9,1.5,0.06,0.07,12.5,14.0,12.4,7.8,5.9,33,32,34,36,42
2017-01-26 05:00,2187,6,2,0.00,89,0.00,,3.9,1.7,0.05,0.06,12.7,14.0,12.4,7.4,5.9,33,32,34,36,42
2017-01-26 06:00,2187,6,3,0.00,89,0.73,,4.2,2.2,0.05,0.06,12.7,14.3,12.6,7.8,5.9,33,32,34,36,42
2017-01-26 07:00,2187,11,6,0.00,87,33.46,,4.8,2.4,0.06,0.07,12.7,14.3,12.6,7.8,5.9,33,32,34,36,42
2017-01-26 08:00,2187,14,8,0.00,84,253.80,,4.5,1.5,0.06,0.07,12.7,14.3,12.6,7.8,5.9,33,32,34,36,42
2017-01-26 09:00,2187,18,13,0.00,71,410.20,,2.2,0.8,0.06,0.09,12.7,14.3,12.4,7.8,5.9,33,32,34,36,42
2017-01-26 10:00,2187,22,17,0.00,67,563.00,,7.5,3.5,0.08,0.11,12.7,14.3,12.4,7.8,5.9,33,32,34,36,42
2017-01-26 11:00,2187,27,17,0.00,76,583.10,,5.5,1.7,0.08,0.11,12.3,14.3,12.8,7.8,6.5,33,32,34,36,42
2017-01-26 12:00,2187,27,20,0.00,58,615.10,,6.1,2.0,0.09,0.13,12.5,14.3,12.8,7.8,5.9,33,32,34,36,42
2017-01-26 13:00,2187,30,22,0.00,73,582.80,,2.8,0.7,0.09,0.15,12.5,13.9,12.4,7.8,5.9,33,32,34,36,42
2017-01-26 14:00,2187,28,23,0.00,69,444.30,,8.4,1.7,0.10,0.14,12.5,14.2,12.6,7.8,6.5,33,32,34,36,42
2017-01-26 15:00,2187,24,22,0.00,77,161.00,,7.4,2.1,0.09,0.12,12.5,14.2,12.2,7.8,6.1,33,32,34,36,42
2017-01-26 16:00,2187,26,24,0.00,76,87.10,,7.8,3.4,0.10,0.14,12.5,14.2,12.8,7.8,5.9,33,32,34,36,42
2017-01-26 17:00,2187,27,21,0.00,76,1.62,,7.8,2.7,0.10,0.13,12.5,14.2,12.8,7.8,6.5,33,32,34,36,42
2017-01-26 18:00,2187,27,26,0.00,75,0.19,,16.9,8.1,0.11,0.14,12.5,13.9,12.8,7.8,5.9,33,32,34,36,42
2017-01-26 19:00,2187,26,22,0.00,71,0.18,,15.0,6.0,0.10,0.13,12.5,14.2,12.2,7.8,5.9,33,32,34,36,42
2017-01-26 20:00,2187,24,23,0.00,78,0.16,,8.3,4.2,0.10,0.12,12.5,14.2,12.6,7.8,5.9,33,32,34,36,42
2017-01-26 21:00,2187,25,20,0.00,74,0.12,,10.3,3.1,0.09,0.12,12.4,14.2,12.6,7.8,5.9,33,32,34,36,41
2017-01-26 22:00,2187,27,19,0.00,64,0.10,,14.1,4.5,0.08,0.14,12.7,14.2,12.6,7.8,5.9,33,32,34,36,41
2017-01-26 23:00,2187,23,16,0.00,71,0.08,,7.6,2.9,0.07,0.11,12.7,14.2,12.2,7.8,5.9,33,32,34,36,41
2017-01-27 00:00,2187,21,15,0.00,71,0.06,,7.2,2.9,0.07,0.09,12.1,14.2,12.2,7.6,5.9,33,32,34,36,41
2017-01-27 01:00,2187,21,13,0.00,64,0.03,,5.1,2.9,0.07,0.09,12.7,14.2,12.6,7.6,5.9,33,32,34,36,41
2017-01-27 02:00,2187,15,12,0.00,76,0.03,,5.2,3.1,0.06,0.09,12.7,14.2,12.2,7.6,5.9,33,32,34,36,41
2017-01-27 03:00,2187,18,12,0.00,73,0.01,,13.0,3.3,0.06,0.09,12.7,14.2,12.6,7.6,5.9,33,32,34,36,41
2017-01-27 04:00,2187,18,12,0.00,65,0.02,,11.2,3.7,0.06,0.09,12.7,14.2,12.2,7.6,5.9,33,32,34,36,41
2017-01-27 05:00,2187,14,11,0.00,69,0.02,,12.6,3.2,0.06,0.08,12.7,14.2,12.2,7.6,5.9,33,32,34,36,41
2017-01-27 06:00,2187,15,11,0.00,80,0.90,,6.6,2.7,0.06,0.08,12.7,14.2,12.2,7.6,5.9,33,32,34,36,41
2017-01-27 07:00,2187,13,10,0.00,79,14.44,,10.5,3.9,0.06,0.07,12.7,14.2,12.2,7.6,6.5,33,32,34,36,42
2017-01-27 08:00,2187,18,13,0.00,71,244.80,,9.0,3.6,0.06,0.09,12.7,14.2,12.4,7.6,5.9,33,32,34,36,41
2017-01-27 09:00,2187,22,17,0.00,63,435.10,,6.1,2.5,0.06,0.10,12.7,14.4,12.4,7.6,5.9,33,32,34,36,41
2017-01-27 10:00,2187,27,22,0.00,58,562.20,,8.4,4.1,0.07,0.14,12.1,14.4,12.4,7.6,5.9,33,32,34,36,41
2017-01-27 11:00,2187,29,23,0.00,57,630.00,,9.5,4.6,0.08,0.14,12.1,14.4,12.6,7.6,5.9,33,32,34,36,41
2017-01-27 12:00,2187,30,27,0.00,55,636.00,,9.0,4.2,0.09,0.15,12.1,14.4,12.6,7.6,5.9,33,32,34,36,41
2017-01-27 13:00,2187,31,27,0.00,57,577.30,,8.8,3.9,0.09,0.16,12.1,14.4,12.6,7.6,5.9,33,32,34,36,41
2017-01-27 14:00,2187,30,29,0.00,55,458.20,,15.1,5.4,0.09,0.16,12.1,14.4,12.6,7.6,5.9,33,32,34,36,41
2017-01-27 15:00,2187,30,26,0.00,57,292.30,,14.3,6.0,0.09,0.16,12.4,13.9,12.4,7.6,5.9,33,32,34,36,41
2017-01-27 16:00,2187,27,22,0.00,56,47.83,,10.7,3.5,0.08,0.13,12.4,13.8,12.6,7.6,5.9,33,32,34,36,41
2017-01-27 17:00,2187,28,23,0.00,50,1.79,,9.4,2.7,0.08,0.14,12.4,14.4,12.4,7.6,5.9,33,32,34,36,41
2017-01-27 18:00,2187,23,19,0.00,64,0.14,,5.4,2.3,0.07,0.12,12.5,13.9,12.2,7.6,5.9,33,32,34,36,41
2017-01-27 19:00,2187,20,19,0.00,69,0.08,,5.2,3.2,0.07,0.11,12.2,13.9,12.4,7.6,5.9,33,32,34,36,41
2017-01-27 20:00,2187,21,20,0.00,64,0.06,,8.5,4.1,0.07,0.11,12.5,13.7,12.6,7.6,6.1,33,32,34,36,41
2017-01-27 21:00,2187,20,14,0.00,70,0.05,,4.5,1.9,0.07,0.09,12.5,13.9,12.4,7.6,6.5,33,32,34,36,41
2017-01-27 22:00,2187,20,14,0.00,80,0.02,,4.9,2.4,0.07,0.10,12.5,13.9,12.6,7.6,5.9,33,32,34,36,41
2017-01-27 23:00,2187,21,14,0.00,71,0.01,,7.7,3.3,0.07,0.09,12.5,13.9,12.4,7.6,6.1,33,33,34,36,41
2017-01-28 00:00,2187,20,14,0.00,68,0.02,,3.8,1.9,0.07,0.09,12.2,13.9,12.4,8.2,6.1,33,32,34,36,41
2017-01-28 01:00,2187,17,13,0.00,78,0.03,,4.4,2.7,0.07,0.09,12.2,13.9,12.6,8.2,5.9,33,32,34,36,41
2017-01-28 02:00,2187,14,11,0.00,77,0.02,,4.1,2.4,0.06,0.08,12.5,13.9,12.4,8.2,5.9,33,32,34,36,41
2017-01-28 03:00,2187,19,11,0.00,73,0.01,,8.5,4.2,0.06,0.09,12.2,13.9,12.4,8.2,5.9,33,33,34,36,41
2017-01-28 04:00,2187,15,11,0.00,82,0.02,,3.9,1.8,0.06,0.08,12.2,13.7,12.4,8.2,5.9,33,32,34,36,41
2017-01-28 05:00,2187,13,11,0.00,85,0.01,,5.0,2.0,0.06,0.08,12.2,13.9,12.2,8.2,5.9,33,32,34,36,41
2017-01-28 06:00,2187,15,12,0.00,78,0.96,,5.7,2.0,0.06,0.08,12.2,13.9,12.4,8.2,5.9,33,32,34,36,41
2017-01-28 07:00,2187,14,11,0.00,74,24.79,,4.0,1.5,0.06,0.08,12.2,13.9,12.4,8.2,5.9,33,32,34,36,41
2017-01-28 08:00,2187,18,11,0.00,85,253.30,,4.1,1.6,0.06,0.09,12.5,13.9,12.4,8.2,5.9,33,32,34,36,41
2017-01-28 09:00,2187,25,18,0.00,69,438.70,,2.5,0.8,0.07,0.12,12.5,13.9,12.6,8.2,5.9,33,32,34,36,41
2017-01-28 10:00,2187,29,25,0.00,58,570.10,,3.4,1.1,0.08,0.14,12.2,13.9,12.6,8.2,6.1,33,32,34,36,41
2017-01-28 11:00,2187,33,24,0.00,62,639.40,,4.7,0.8,0.09,0.15,12.2,13.9,12.6,8.2,5.9,33,33,34,36,41
2017-01-28 12:00,2187,28,25,0.00,69,621.80,,2.8,1.2,0.10,0.14,12.2,14.2,12.4,8.2,6.1,33,32,34,36,41
2017-01-28 13:00,2187,35,27,0.00,68,524.00,,1.9,0.4,0.10,0.18,12.2,13.9,12.6,8.2,5.9,33,33,34,36,41
2017-01-28 14:00,2187,34,29,0.00,47,475.40,,2.6,0.7,0.10,0.18,12.2,14.2,12.6,8.2,6.1,33,32,34,36,41
2017-01-28 15:00,2187,34,26,0.00,52,306.20,,2.7,1.1,0.10,0.17,12.4,14.2,12.6,8.2,6.1,33,32,34,36,41
2017-01-28 16:00,2187,26,22,0.00,74,55.58,,3.9,2.2,0.10,0.13,12.4,14.2,12.6,8.2,6.1,33,32,34,36,41
2017-01-28 17:00,2187,22,19,0.00,73,1.97,,4.7,2.3,0.08,0.11,12.4,14.2,12.6,8.2,6.1,33,32,34,36,41
2017-01-28 18:00,2187,27,20,0.00,72,0.06,,6.3,2.0,0.09,0.11,12.4,14.2,12.6,8.2,5.9,33,33,34,36,41
2017-01-28 19:00,2187,27,15,0.00,65,0.08,,4.3,1.6,0.08,0.11,12.4,13.8,12.6,8.2,5.9,33,32,34,36,41
2017-01-28 20:00,2187,20,17,0.00,82,0.03,,4.2,2.1,0.08,0.10,12.4,14.2,12.4,8.0,5.9,33,32,34,36,41
2017-01-28 21:00,2187,20,16,0.00,72,0.03,,4.7,2.2,0.08,0.10,12.4,13.8,12.6,7.6,6.1,33,33,34,36,41
2017-01-28 22:00,2187,19,16,0.00,82,0.02,,5.2,3.6,0.08,0.09,12.4,13.8,12.6,7.6,6.5,33,32,34,36,41
2017-01-28 23:00,2187,19,15,0.00,72,0.02,,4.8,2.8,0.08,0.10,12.4,13.8,12.6,8.0,6.1,33,32,34,36,41
2017-01-29 00:00,2187,17,15,0.00,78,0.02,,4.3,2.8,0.07,0.09,12.4,13.8,12.6,8.0,6.1,33,33,34,36,41
2017-01-29 01:00,2187,17,14,0.00,80,0.02,,3.9,2.8,0.07,0.09,12.4,14.2,12.4,8.0,6.1,33,33,34,36,41
2017-01-29 02:00,2187,18,13,0.00,75,0.01,,5.1,2.1,0.07,0.09,12.4,13.8,12.6,8.0,5.9,33,32,34,36,41
2017-01-29 03:00,2187,16,11,0.00,80,0.01,,4.1,2.4,0.06,0.08,12.4,13.8,12.4,7.6,5.9,33,32,34,36,41
2017-01-29 04:00,2187,16,13,0.00,79,0.01,,4.0,2.6,0.07,0.09,12.4,13.8,12.4,8.0,5.9,33,33,34,36,41
2017-01-29 05:00,2187,14,12,0.00,83,0.01,,4.3,2.2,0.07,0.08,12.4,13.8,12.4,7.6,5.9,33,32,34,36,41
2017-01-29 06:00,2187,15,11,0.00,84,0.92,,4.3,3.0,0.06,0.08,12.4,13.8,12.6,7.6,6.1,33,32,34,36,41
2017-01-29 07:00,2187,15,12,0.00,82,13.74,,4.7,2.3,0.07,0.08,12.4,13.8,12.6,8.0,6.1,33,32,34,36,41
2017-01-29 08:00,2187,24,14,0.00,81,242.60,,4.4,2.0,0.07,0.11,12.4,13.8,12.6,7.6,6.1,33,32,34,36,41
2017-01-29 09:00,2187,22,18,0.00,60,435.50,,2.2,0.5,0.07,0.12,12.5,13.8,12.2,8.0,6.1,33,32,34,36,41
2017-01-29 10:00,2187,31,19,0.00,70,564.10,,2.2,0.6,0.09,0.13,12.2,13.8,12.2,8.0,6.1,33,32,34,36,41
2017-01-29 11:00,2187,31,27,0.00,56,634.20,,3.1,1.5,0.10,0.16,12.2,13.8,12.2,8.0,6.1,33,32,34,36,41
2017-01-29 12:00,2187,32,26,0.00,69,642.00,,2.8,1.0,0.10,0.16,12.2,13.9,12.2,8.0,5.9,33,32,34,36,41
2017-01-29 13:00,2187,36,27,0.00,68,587.30,,2.9,0.6,0.11,0.18,12.2,13.9,12.2,8.0,5.9,33,32,34,36,41
2017-01-29 14:00,2187,35,27,0.00,76,468.80,,2.1,0.4,0.12,0.18,12.2,13.9,12.2,8.0,6.1,33,32,34,36,41
2017-01-29 15:00,2187,35,29,0.00,62,284.60,,2.8,1.2,0.13,0.18,12.2,14.2,12.2,8.0,5.9,33,32,34,36,41
2017-01-29 16:00,2187,31,25,0.00,69,60.27,,3.8,2.0,0.11,0.15,12.2,14.2,12.2,7.6,5.9,33,32,34,36,41
2017-01-29 17:00,2187,25,20,0.00,83,2.24,,5.4,1.9,0.11,0.13,12.2,13.9,12.0,8.0,6.1,33,33,34,36,41
2017-01-29 18:00,2187,22,20,0.00,88,0.15,,3.9,2.3,0.09,0.11,12.2,14.2,12.2,8.0,6.1,33,32,34,36,41
2017-01-29 19:00,2187,24,21,0.00,83,0.10,,4.2,2.1,0.09,0.12,12.4,13.5,12.2,7.6,6.1,33,33,34,36,41
2017-01-29 20:00,2187,23,21,0.00,74,0.11,,4.7,2.3,0.09,0.12,12.4,13.5,11.9,8.0,6.1,33,32,34,36,41
2017-01-29 21:00,2187,22,18,0.00,78,0.10,,3.8,1.7,0.09,0.11,12.6,13.5,12.2,7.6,5.9,33,32,34,36,41
2017-01-29 22:00,2187,21,19,0.00,90,0.06,,4.1,2.6,0.09,0.11,12.6,13.9,11.9,7.6,6.1,33,32,34,36,41
2017-01-29 23:00,2187,21,19,0.00,78,0.05,,4.2,2.7,0.09,0.11,12.4,13.9,11.9,7.6,6.1,33,32,34,36,41
2017-01-30 00:00,2187,21,18,0.00,82,0.06,,4.8,2.3,0.09,0.11,12.4,13.9,12.2,7.6,5.9,33,33,34,36,41
2017-01-30 01:00,2187,20,16,0.00,86,0.04,,5.1,2.2,0.08,0.10,12.4,13.9,11.9,7.6,6.1,33,32,34,36,41
2017-01-30 02:00,2187,22,17,0.00,87,0.04,,6.0,2.2,0.09,0.10,12.4,13.5,12.2,7.6,5.9,33,32,34,36,41
2017-01-30 03:00,2187,22,16,0.00,84,0.04,,5.1,2.3,0.09,0.10,12.4,13.9,12.2,7.6,5.9,33,32,34,36,41
2017-01-30 04:00,2187,21,15,0.00,82,0.04,,4.9,2.8,0.09,0.10,12.2,13.9,12.2,8.0,6.1,33,32,34,36,41
2017-01-30 05:00,2187,16,13,0.00,80,0.04,,4.1,2.6,0.08,0.09,12.2,13.5,12.6,7.6,5.9,33,32,34,36,41
2017-01-30 06:00,2187,16,14,0.00,91,1.24,,4.3,2.7,0.08,0.09,12.4,13.9,12.2,8.0,6.1,33,33,34,36,41
2017-01-30 07:00,2187,18,14,0.00,88,27.43,,5.3,2.6,0.08,0.10,12.2,13.9,12.2,7.6,5.9,33,33,34,36,41
2017-01-30 08:00,2187,24,14,0.00,84,262.50,,3.9,1.2,0.08,0.11,12.4,13.9,12.2,7.6,6.5,33,33,34,36,41
2017-01-30 09:00,2187,32,18,0.00,85,453.60,,2.7,0.8,0.10,0.14,12.6,13.9,12.2,7.6,6.1,33,32,34,36,41
2017-01-30 10:00,2187,38,29,0.00,62,564.30,,2.3,0.3,0.11,0.17,12.6,13.9,12.2,7.6,6.1,33,32,34,36,41
2017-01-30 11:00,2187,38,31,0.00,48,612.20,,3.0,0.6,0.11,0.19,12.6,13.9,12.2,7.6,6.1,33,33,34,36,41
2017-01-30 12:00,2187,40,31,0.00,63,595.90,,2.4,0.4,0.12,0.19,12.0,13.9,12.2,8.0,6.1,33,32,34,36,41
2017-01-30 13:00,2187,40,29,0.00,54,458.00,,2.6,0.7,0.12,0.19,12.0,13.9,12.2,7.6,5.9,33,32,34,36,41
2017-01-30 14:00,2187,37,30,0.00,58,385.80,,4.4,0.8,0.13,0.20,12.0,14.1,12.2,7.6,6.1,33,32,34,36,41
2017-01-30 15:00,2187,31,29,0.00,75,201.30,,2.0,0.5,0.12,0.17,12.0,13.9,12.4,7.6,6.1,33,32,34,36,41
2017-01-30 16:00,2187,29,26,0.00,82,64.33,,3.0,1.1,0.12,0.15,12.0,14.1,12.2,7.6,6.1,33,33,34,36,41
2017-01-30 17:00,2187,29,26,0.00,84,2.86,,4.0,2.4,0.12,0.14,12.0,14.1,12.2,7.6,6.1,33,32,34,36,41
2017-01-30 18:00,2187,29,23,0.00,76,0.22,,4.8,1.9,0.12,0.14,12.0,14.1,11.9,7.6,6.1,33,32,34,36,41
2017-01-30 19:00,2187,23,21,0.00,82,0.20,,4.6,2.5,0.10,0.12,12.2,14.1,11.9,7.6,6.1,33,32,34,36,41
2017-01-30 20:00,2187,24,21,0.00,78,0.14,,4.2,3.0,0.09,0.12,12.2,14.1,12.2,7.6,6.1,33,32,34,36,41
2017-01-30 21:00,2187,23,19,0.00,78,0.10,,4.2,2.6,0.09,0.12,12.0,14.1,12.2,8.0,6.1,33,32,34,36,41
2017-01-30 22:00,2187,20,19,0.00,88,0.09,,4.5,2.5,0.09,0.11,12.0,13.9,12.2,7.6,6.1,33,33,34,36,41
2017-01-30 23:00,2187,21,20,0.00,87,0.10,,3.8,2.2,0.09,0.11,12.0,14.1,12.2,8.0,6.1,33,32,34,36,41
2017-01-31 00:00,2187,24,21,0.00,90,0.07,,5.2,2.2,0.10,0.12,12.0,13.9,12.2,8.0,6.1,33,33,34,36,41
2017-01-31 01:00,2187,21,19,0.00,83,0.08,,4.0,1.9,0.09,0.11,12.0,13.9,12.2,7.6,6.1,33,33,34,36,41
2017-01-31 02:00,2187,21,19,0.00,91,0.06,,4.5,2.2,0.10,0.11,11.8,13.9,12.2,8.0,6.1,33,32,34,36,41
2017-01-31 03:00,2187,22,18,0.00,91,0.08,,5.0,2.0,0.10,0.11,12.0,13.5,12.2,8.0,6.1,33,32,34,36,41
2017-01-31 04:00,2187,20,17,0.00,88,0.09,,3.9,1.8,0.09,0.10,12.4,13.9,12.2,8.0,6.1,33,32,34,36,41
2017-01-31 05:00,2187,21,18,0.00,89,0.04,,5.0,2.0,0.09,0.11,12.6,13.5,12.2,8.0,5.9,33,33,34,36,41
2017-01-31 06:00,2187,18,16,0.00,93,0.80,,3.7,2.0,0.09,0.09,12.6,14.2,12.2,8.0,6.1,33,33,34,36,41
2017-01-31 07:00,2187,18,16,0.00,91,13.76,,3.9,2.2,0.09,0.10,12.6,13.5,11.9,8.0,6.1,33,32,34,36,41
2017-01-31 08:00,2187,21,12,0.00,85,262.70,,7.8,2.3,0.08,0.10,12.0,13.5,12.2,8.0,6.1,33,32,34,36,41
2017-01-31 09:00,2187,26,16,0.00,83,445.80,,5.5,2.0,0.09,0.10,12.0,13.9,12.2,7.6,6.1,33,32,34,36,41
2017-01-31 10:00,2187,33,26,0.00,78,584.50,,5.1,1.5,0.12,0.17,12.0,14.1,12.6,7.6,6.1,33,32,34,36,41
2017-01-31 11:00,2187,33,27,0.00,62,655.90,,5.7,2.0,0.12,0.18,12.0,13.9,12.1,7.6,6.1,33,33,34,36,41
2017-01-31 12:00,2187,36,27,0.00,77,654.70,,5.0,1.2,0.12,0.17,12.0,14.1,12.2,7.6,6.1,33,32,34,36,41
2017-01-31 13:00,2187,41,29,0.00,77,600.90,,3.0,0.8,0.13,0.20,12.0,13.9,12.2,7.6,6.1,33,33,34,36,41
2017-01-31 14:00,2187,41,34,0.00,57,466.10,,2.7,1.1,0.14,0.22,12.2,13.9,12.6,7.6,6.1,33,33,34,36,41
2017-01-31 15:00,2187,38,35,0.00,71,314.90,,2.5,0.7,0.14,0.22,12.2,14.1,12.2,7.6,6.1,33,32,34,36,41
2017-01-31 16:00,2187,36,28,0.00,65,64.65,,3.0,1.1,0.13,0.18,12.2,14.1,12.4,7.6,6.1,33,32,34,36,41
2017-01-31 17:00,2187,29,23,0.00,86,2.18,,3.5,1.6,0.12,0.14,12.2,14.1,12.2,8.0,6.1,33,33,34,36,41
2017-01-31 18:00,2187,24,23,0.00,88,0.16,,3.9,2.3,0.11,0.13,12.2,14.1,12.3,8.0,6.1,33,32,34,36,41
2017-01-31 19:00,2187,28,24,0.00,82,0.15,,4.4,2.2,0.11,0.15,12.2,14.1,12.2,8.0,5.9,33,33,34,36,41
2017-01-31 20:00,2187,28,26,0.00,78,0.20,,3.9,1.7,0.12,0.14,12.2,14.1,12.4,8.0,6.1,33,32,34,36,41
2017-01-31 21:00,2187,27,25,0.00,78,0.21,,4.1,1.6,0.12,0.15,12.2,13.9,12.2,8.0,5.9,33,33,34,36,41
2017-01-31 22:00,2187,25,24,0.00,86,0.16,,3.7,1.2,0.12,0.13,12.2,14.1,12.2,7.9,6.1,33,32,34,36,41
2017-01-31 23:00,2187,26,25,0.00,90,0.15,,3.3,1.9,0.12,0.14,12.0,14.1,12.2,7.9,5.9,33,32,34,36,41
