Date,Station Id,Air Temperature Maximum (degF),Air Temperature Minimum (degF),Precipitation Increment (in),Relative Humidity (pct),Solar Radiation Average (watt/m2),Solar Radiation/langley Total (langley),Wind Speed Maximum (mph),Wind Speed Average (mph),Vapor Pressure - Partial (inch_Hg),Vapor Pressure - Saturated (inch_Hg),Soil Moisture Percent -2in (pct),Soil Moisture Percent -4in (pct),Soil Moisture Percent -8in (pct),Soil Moisture Percent -20in (pct),Soil Moisture Percent -40in (pct),Soil Temperature Observed -2in (degF),Soil Temperature Observed -4in (degF),Soil Temperature Observed -8in (degF),Soil Temperature Observed -20in (degF),Soil Temperature Observed -40in (degF)
2017-07-01 00:00,2191,59,57,0.00,28,0.00,,1.3,0.1,0.14,0.48,0.9,0.5,2.2,2.5,12.4,78,78,76,69,65
2017-07-01 01:00,2191,57,55,0.00,30,0.00,,2.3,0.3,0.13,0.46,0.9,1.1,2.2,2.5,12.1,75,77,76,70,65
2017-07-01 02:00,2191,56,54,0.00,28,0.00,,1.2,0.1,0.12,0.44,0.8,1.0,1.5,2.5,12.1,73,76,75,70,65
2017-07-01 03:00,2191,56,53,0.00,28,0.00,,2.5,0.4,0.13,0.42,0.8,1.0,1.5,2.5,12.1,71,75,75,70,65
2017-07-01 04:00,2191,54,52,0.00,32,3.64,,2.7,0.7,0.13,0.40,0.8,1.2,1.5,2.5,12.1,69,74,75,70,65
2017-07-01 05:00,2191,57,53,0.00,31,47.88,,2.0,0.5,0.14,0.42,0.7,0.7,1.7,2.5,12.1,67,73,74,70,65
2017-07-01 06:00,2191,66,57,0.00,30,206.40,,2.1,0.6,0.14,0.54,0.6,0.7,1.7,2.5,12.1,65,72,74,70,65
2017-07-01 07:00,2191,70,66,0.00,21,513.70,,4.7,1.1,0.15,0.69,0.6,1.0,1.7,2.5,12.1,64,71,73,70,65
2017-07-01 08:00,2191,75,70,0.00,21,681.00,,3.8,1.6,0.17,0.78,0.7,1.0,1.7,2.5,12.4,64,71,73,70,65
2017-07-01 09:00,2191,79,75,0.00,18,847.00,,6.7,2.2,0.14,0.90,0.6,1.0,1.9,2.5,12.6,65,70,72,70,65
2017-07-01 10:00,2191,81,79,0.00,14,867.00,,8.6,2.2,0.14,1.02,0.8,1.0,1.4,2.5,12.6,69,70,72,70,65
2017-07-01 11:00,2191,83,81,0.00,12,1021.00,,10.1,3.6,0.13,1.09,1.0,1.0,1.8,1.8,12.0,74,70,71,70,65
2017-07-01 12:00,2191,83,81,0.00,10,986.00,,13.1,5.0,0.12,1.11,0.0,1.0,1.8,1.8,12.0,78,71,71,70,65
2017-07-01 13:00,2191,83,82,0.00,13,945.00,,12.7,5.4,0.15,1.11,0.5,1.0,2.2,2.3,12.1,83,72,71,70,65
2017-07-01 14:00,2191,83,81,0.00,14,841.00,,15.8,5.2,0.16,1.10,0.6,0.7,1.4,2.1,12.1,87,74,71,70,65
2017-07-01 15:00,2191,81,79,0.00,14,689.60,,10.6,4.9,0.17,1.04,0.6,1.2,1.9,2.3,12.1,90,76,72,70,65
2017-07-01 16:00,2191,79,76,0.00,18,507.90,,15.0,5.2,0.18,0.97,1.0,1.1,1.9,2.3,12.1,93,77,73,70,65
2017-07-01 17:00,2191,76,73,0.00,19,275.00,,11.6,5.0,0.17,0.87,0.8,1.1,1.7,2.3,12.1,94,79,73,70,65
2017-07-01 18:00,2191,73,70,0.00,22,28.41,,11.0,3.6,0.17,0.78,0.8,1.1,1.7,2.3,12.1,93,80,74,70,65
2017-07-01 19:00,2191,70,65,0.00,21,3.29,,7.8,2.0,0.16,0.68,1.1,1.1,1.7,2.0,11.8,92,80,74,70,65
2017-07-01 20:00,2191,65,62,0.00,25,0.00,,5.4,1.4,0.16,0.61,0.0,1.1,2.4,2.3,12.0,89,80,75,70,65
2017-07-01 21:00,2191,62,58,0.00,29,0.00,,3.9,0.9,0.17,0.54,0.5,1.1,2.4,2.0,11.8,86,80,75,70,65
2017-07-01 22:00,2191,58,57,0.00,35,0.00,,1.6,0.6,0.17,0.48,1.1,1.1,1.7,2.0,12.4,83,80,76,70,65
2017-07-01 23:00,2191,58,55,0.00,33,0.00,,2.3,0.4,0.16,0.47,1.1,1.3,1.7,2.1,12.4,80,79,76,70,65
2017-07-02 00:00,2191,55,53,0.00,33,0.00,,5.1,1.0,0.14,0.43,1.1,0.8,2.4,2.1,12.4,77,78,76,70,65
2017-07-02 01:00,2191,56,54,0.00,32,0.00,,4.9,2.0,0.14,0.44,0.9,0.8,1.7,2.3,12.1,74,77,76,70,65
2017-07-02 02:00,2191,55,53,0.00,35,0.00,,3.6,1.4,0.15,0.43,0.8,1.1,2.1,1.8,12.1,72,76,75,70,65
2017-07-02 03:00,2191,54,51,0.00,38,0.00,,2.8,1.4,0.16,0.40,0.7,1.1,1.7,1.8,12.1,70,75,75,70,65
2017-07-02 04:00,2191,52,50,0.00,44,3.49,,3.2,1.0,0.18,0.38,0.8,0.6,2.3,2.1,12.1,69,74,75,70,65
2017-07-02 05:00,2191,56,51,0.00,49,44.97,,3.4,1.1,0.19,0.40,0.6,0.9,2.3,1.8,12.1,67,73,74,70,65
2017-07-02 06:00,2191,65,56,0.00,46,198.30,,1.4,0.2,0.22,0.49,0.6,0.6,1.8,1.8,12.1,65,72,74,70,65
2017-07-02 07:00,2191,67,65,0.00,34,491.30,,4.2,1.4,0.23,0.63,0.6,0.9,1.8,1.8,12.1,64,71,73,70,65
2017-07-02 08:00,2191,72,67,0.00,33,683.30,,6.0,2.2,0.22,0.72,0.7,1.2,2.2,1.8,12.1,64,71,73,70,65
2017-07-02 09:00,2191,75,72,0.00,26,838.00,,9.7,2.5,0.18,0.84,,,,,12.1,65,70,72,70,65
2017-07-02 10:00,2191,79,75,0.00,19,944.00,,9.5,2.9,0.16,0.93,0.8,0.7,2.1,2.3,12.4,69,70,72,70,65
2017-07-02 11:00,2191,80,78,0.00,14,983.00,,9.0,3.4,0.14,1.01,1.0,0.7,2.1,2.3,12.6,74,70,72,70,65
2017-07-02 12:00,2191,82,80,0.00,13,966.00,,10.1,3.6,0.14,1.06,0.0,1.2,2.1,2.3,12.0,79,71,71,70,65
2017-07-02 13:00,2191,83,82,0.00,13,930.00,,12.2,3.7,0.14,1.13,0.7,0.9,2.1,2.3,12.0,83,72,71,70,65
2017-07-02 14:00,2191,85,82,0.00,12,822.00,,10.3,3.8,0.14,1.16,0.3,0.6,2.1,2.3,12.0,87,74,72,70,65
2017-07-02 15:00,2191,83,82,0.00,14,665.40,,12.3,4.7,0.15,1.11,0.6,1.1,1.8,2.1,12.2,91,76,72,70,65
2017-07-02 16:00,2191,82,78,0.00,14,477.40,,11.9,4.5,0.17,1.05,0.7,1.1,2.1,2.1,12.1,93,77,73,70,65
2017-07-02 17:00,2191,78,75,0.00,17,254.10,,10.6,4.0,0.18,0.94,0.6,0.8,1.8,2.1,12.0,95,79,73,70,65
2017-07-02 18:00,2191,75,70,0.00,21,33.38,,9.5,3.4,0.19,0.81,0.8,0.8,2.3,2.1,12.2,94,80,74,70,65
2017-07-02 19:00,2191,70,66,0.00,26,3.28,,6.1,1.9,0.19,0.72,1.1,1.3,1.8,2.1,12.0,92,80,74,70,65
2017-07-02 20:00,2191,66,64,0.00,29,0.00,,4.4,1.5,0.19,0.62,0.4,0.9,2.3,2.1,12.0,90,80,75,70,65
2017-07-02 21:00,2191,64,60,0.00,28,0.00,,4.3,0.6,0.17,0.57,0.5,0.9,2.3,2.1,12.6,87,80,76,70,65
2017-07-02 22:00,2191,61,59,0.00,34,0.00,,4.1,0.9,0.17,0.52,0.5,0.8,2.1,2.1,12.4,84,80,76,70,65
2017-07-02 23:00,2191,60,57,0.00,34,0.00,,1.7,0.2,0.18,0.50,1.0,1.1,1.8,2.1,12.4,81,79,76,70,65
2017-07-03 00:00,2191,57,55,0.00,40,0.00,,3.1,1.0,0.19,0.46,1.1,0.8,2.3,2.6,12.1,78,79,76,70,65
2017-07-03 01:00,2191,56,54,0.00,43,0.00,,3.6,1.5,0.19,0.43,0.9,1.0,2.1,2.3,12.1,76,78,76,70,65
2017-07-03 02:00,2191,56,51,0.00,44,0.00,,2.6,1.1,0.19,0.41,0.8,1.0,2.3,2.3,12.1,73,77,76,70,65
2017-07-03 03:00,2191,52,51,0.00,52,0.00,,2.2,0.8,0.20,0.38,0.8,1.3,1.8,2.3,12.1,71,76,75,70,65
2017-07-03 04:00,2191,51,49,0.00,55,3.41,,2.0,0.5,0.21,0.37,0.8,1.2,2.3,2.3,12.1,69,75,75,70,65
2017-07-03 05:00,2191,55,49,0.00,61,43.76,,2.4,0.4,0.22,0.38,0.8,0.8,1.8,2.3,12.1,68,74,74,70,65
2017-07-03 06:00,2191,64,55,0.00,55,204.10,,2.6,0.5,0.24,0.50,0.7,0.8,1.8,2.3,12.1,66,73,74,70,65
2017-07-03 07:00,2191,68,64,0.00,41,503.80,,4.6,1.9,0.26,0.64,0.7,1.0,2.1,2.3,12.1,65,72,73,70,65
2017-07-03 08:00,2191,72,68,0.00,38,692.30,,5.3,1.9,0.25,0.74,0.6,0.9,1.4,2.3,12.1,64,71,73,70,65
2017-07-03 09:00,2191,76,71,0.00,29,850.00,,7.5,2.4,0.22,0.84,0.6,0.5,2.1,1.8,12.6,66,71,73,71,65
2017-07-03 10:00,2191,80,76,0.00,21,951.00,,6.0,2.5,0.18,0.96,0.8,0.5,2.1,2.2,12.0,70,70,72,71,65
2017-07-03 11:00,2191,82,80,0.00,15,993.00,,10.4,2.9,0.16,1.05,1.0,0.9,1.4,2.2,12.0,75,71,72,70,65
2017-07-03 12:00,2191,82,81,0.00,13,976.00,,8.6,3.6,0.14,1.09,0.2,1.0,1.6,2.2,12.0,79,71,72,70,65
2017-07-03 13:00,2191,84,82,0.00,13,933.00,,13.4,3.6,0.14,1.13,0.7,0.8,1.6,2.2,12.0,83,73,72,70,65
2017-07-03 14:00,2191,84,83,0.00,16,813.00,,14.0,4.2,0.19,1.14,0.6,0.8,1.6,2.1,12.0,88,75,72,70,65
2017-07-03 15:00,2191,84,82,0.00,19,659.30,,23.8,4.4,0.20,1.13,0.6,1.0,1.4,2.1,12.0,92,76,73,70,66
2017-07-03 16:00,2191,82,79,0.00,18,471.80,,9.8,4.4,0.22,1.07,0.7,1.0,2.1,2.1,12.0,94,78,73,70,65
2017-07-03 17:00,2191,79,74,0.00,23,249.70,,12.7,3.8,0.25,0.95,0.8,1.0,2.1,2.1,12.0,95,80,73,70,66
2017-07-03 18:00,2191,74,71,0.00,29,31.51,,9.7,2.4,0.25,0.83,0.8,0.8,2.1,2.1,12.0,95,80,74,70,65
2017-07-03 19:00,2191,71,67,0.00,30,2.97,,5.9,1.8,0.25,0.74,0.4,1.5,1.8,2.1,12.0,93,81,75,70,65
2017-07-03 20:00,2191,67,64,0.00,42,0.01,,2.8,1.0,0.27,0.62,0.4,0.8,1.8,2.1,12.4,90,81,76,70,66
2017-07-03 21:00,2191,64,62,0.00,43,0.00,,3.7,1.4,0.26,0.58,1.2,0.8,1.8,2.1,12.4,87,81,76,70,66
2017-07-03 22:00,2191,62,60,0.00,47,0.00,,2.2,0.5,0.27,0.55,0.5,1.0,1.1,2.1,12.6,85,80,76,70,66
2017-07-03 23:00,2191,60,58,0.00,51,0.00,,1.9,0.5,0.27,0.50,1.2,1.0,1.8,2.1,12.1,82,80,76,70,66
2017-07-04 00:00,2191,58,56,0.00,54,0.00,,1.3,0.4,0.26,0.47,1.1,1.0,1.8,2.1,12.1,79,79,76,70,66
2017-07-04 01:00,2191,56,54,0.00,58,0.00,,1.4,0.4,0.26,0.43,0.9,0.9,1.8,2.2,12.1,76,78,76,71,66
2017-07-04 02:00,2191,54,53,0.00,62,0.00,,2.4,0.7,0.25,0.41,0.9,0.8,2.1,2.2,12.4,74,77,76,70,66
2017-07-04 03:00,2191,53,53,0.00,63,0.00,,2.5,0.2,0.26,0.40,0.8,0.8,2.1,2.2,12.1,72,76,76,71,66
2017-07-04 04:00,2191,53,51,0.00,62,3.22,,1.8,0.4,0.25,0.38,0.8,1.0,1.4,2.2,12.1,70,76,76,71,66
2017-07-04 05:00,2191,55,51,0.00,68,42.06,,1.8,0.4,0.26,0.39,0.6,0.6,1.4,2.2,12.1,69,75,75,70,66
2017-07-04 06:00,2191,66,55,0.00,60,207.60,,3.2,0.8,0.28,0.50,0.7,1.1,2.4,2.2,12.1,67,73,74,70,66
2017-07-04 07:00,2191,70,66,0.00,44,503.00,,3.8,1.1,0.29,0.67,0.6,0.8,2.4,2.2,12.1,66,73,74,71,66
2017-07-04 08:00,2191,73,70,0.00,38,692.70,,5.0,1.5,0.28,0.78,0.6,1.0,1.7,2.2,12.4,65,72,74,70,66
2017-07-04 09:00,2191,79,73,0.00,31,854.00,,6.0,2.0,0.24,0.87,0.7,1.0,1.9,2.2,12.1,67,71,73,70,66
2017-07-04 10:00,2191,80,79,0.00,19,966.00,,16.3,5.6,0.13,1.00,0.9,1.0,1.8,2.2,12.6,71,71,73,71,66
2017-07-04 11:00,2191,80,79,0.00,9,1016.00,,15.1,7.8,0.09,1.02,1.0,1.0,1.8,2.2,12.6,76,71,73,70,66
2017-07-04 12:00,2191,81,80,0.00,8,1012.00,,14.8,8.0,0.07,1.05,0.4,1.0,1.4,2.2,12.0,80,72,72,71,66
2017-07-04 13:00,2191,83,80,0.00,6,973.00,,16.0,7.9,0.07,1.06,0.3,0.8,1.8,1.4,12.0,84,73,72,71,66
2017-07-04 14:00,2191,83,81,0.00,8,862.00,,13.8,6.3,0.09,1.10,0.6,1.0,1.8,1.4,12.0,88,75,73,71,66
2017-07-04 15:00,2191,83,81,0.00,8,700.80,,16.6,6.0,0.11,1.09,0.6,0.8,1.4,1.6,12.0,91,77,73,70,66
2017-07-04 16:00,2191,82,78,0.00,12,510.30,,13.2,4.5,0.14,1.05,0.6,0.9,1.9,1.6,12.0,94,78,73,70,66
2017-07-04 17:00,2191,78,75,0.00,13,271.00,,13.0,5.2,0.12,0.93,0.8,0.9,1.6,1.6,12.0,96,80,74,70,66
2017-07-04 18:00,2191,75,72,0.00,13,27.11,,15.3,6.1,0.11,0.84,1.1,1.0,1.4,1.6,12.0,94,81,75,70,66
2017-07-04 19:00,2191,72,69,0.00,12,2.68,,15.4,4.8,0.09,0.77,0.4,1.1,2.1,1.6,12.0,92,82,75,70,66
2017-07-04 20:00,2191,69,67,0.00,12,0.00,,10.0,2.5,0.08,0.70,0.6,1.1,2.1,1.6,12.0,90,82,76,70,66
2017-07-04 21:00,2191,69,67,0.00,13,0.00,,14.3,3.2,0.09,0.71,0.5,1.3,1.7,1.6,12.6,87,81,76,70,66
2017-07-04 22:00,2191,67,65,0.00,14,0.00,,6.8,1.2,0.09,0.65,1.2,0.9,2.2,1.4,12.6,84,80,76,70,66
2017-07-04 23:00,2191,65,58,0.00,16,0.00,,3.3,0.8,0.13,0.55,1.0,1.1,2.4,1.4,12.6,81,80,76,70,66
2017-07-05 00:00,2191,60,56,0.00,26,0.00,,4.3,0.7,0.12,0.51,0.9,1.1,2.4,1.4,12.4,78,79,76,70,66
2017-07-05 01:00,2191,59,55,0.00,27,0.00,,3.8,0.8,0.13,0.45,0.9,1.1,1.7,1.4,12.2,76,78,76,70,66
2017-07-05 02:00,2191,59,55,0.00,24,0.00,,4.6,0.7,0.12,0.47,0.8,0.6,1.7,2.2,12.2,73,77,76,71,66
2017-07-05 03:00,2191,57,55,0.00,26,0.00,,3.6,0.4,0.12,0.45,0.8,0.8,1.7,2.2,12.2,71,76,76,71,66
2017-07-05 04:00,2191,56,54,0.00,30,3.13,,2.2,0.5,0.13,0.43,0.6,1.1,1.9,2.2,12.2,69,75,75,71,66
2017-07-05 05:00,2191,59,56,0.00,29,41.88,,2.1,0.7,0.14,0.47,0.6,1.1,1.9,2.2,12.2,68,74,75,71,66
2017-07-05 06:00,2191,68,59,0.00,30,212.80,,2.4,0.7,0.16,0.56,0.5,0.6,1.9,1.4,12.2,66,73,75,71,66
2017-07-05 07:00,2191,70,68,0.00,20,497.90,,5.0,1.4,0.16,0.72,0.5,0.6,1.9,1.4,12.4,65,73,74,71,66
2017-07-05 08:00,2191,75,70,0.00,19,688.90,,5.4,1.9,0.15,0.80,0.5,0.6,1.9,1.4,12.4,64,71,73,71,66
2017-07-05 09:00,2191,80,75,0.00,19,859.00,,5.1,1.9,0.17,0.93,0.6,0.6,1.7,1.4,12.6,66,71,73,71,66
2017-07-05 10:00,2191,81,79,0.00,15,984.00,,10.4,3.4,0.16,1.02,0.8,0.6,1.7,1.7,12.6,70,71,73,71,66
2017-07-05 11:00,2191,81,76,0.00,15,772.00,,14.2,5.7,0.15,1.00,1.0,0.6,1.7,1.7,12.0,75,71,73,71,66
2017-07-05 12:00,2191,82,79,0.00,15,943.00,,15.7,5.3,0.17,1.05,1.1,0.6,1.7,1.7,12.0,80,72,72,71,66
2017-07-05 13:00,2191,82,79,0.00,15,661.00,,12.5,4.7,0.17,1.07,0.3,1.1,1.7,1.7,12.0,83,73,72,71,66
2017-07-05 14:00,2191,80,76,0.00,16,327.00,,13.2,6.4,0.16,0.98,0.3,1.1,1.7,1.7,12.2,87,75,72,71,66
2017-07-05 15:00,2191,76,73,0.00,17,153.40,,14.6,6.2,0.16,0.87,0.4,0.8,1.8,1.7,12.0,89,76,73,71,66
2017-07-05 16:00,2191,79,74,0.00,16,447.80,,8.1,3.0,0.16,0.93,0.7,1.3,1.7,1.9,12.0,90,78,73,71,66
2017-07-05 17:00,2191,79,74,0.00,21,126.00,,10.0,3.7,0.20,0.89,0.7,1.3,1.9,1.6,12.0,89,79,74,70,66
2017-07-05 18:00,2191,74,71,0.00,24,42.31,,8.9,2.9,0.21,0.84,0.3,1.3,1.4,1.6,12.0,88,79,74,70,66
2017-07-05 19:00,2191,71,66,0.00,28,7.27,,4.5,0.9,0.21,0.70,1.2,1.1,1.9,1.6,12.0,86,79,74,71,66
2017-07-05 20:00,2191,66,65,0.00,33,0.00,,4.2,1.5,0.21,0.64,1.1,1.3,1.9,1.6,12.0,85,79,75,70,66
2017-07-05 21:00,2191,65,63,0.00,33,0.00,,4.0,1.0,0.21,0.61,0.4,1.3,1.4,1.6,12.6,82,79,75,70,66
2017-07-05 22:00,2191,64,62,0.00,36,0.00,,2.8,0.5,0.21,0.58,0.9,0.8,1.4,1.6,12.6,80,78,75,70,66
2017-07-05 23:00,2191,62,59,0.00,39,0.00,,1.7,0.2,0.22,0.54,0.9,1.1,1.4,1.6,12.6,78,78,75,71,66
2017-07-06 00:00,2191,59,57,0.00,46,0.00,,2.2,0.4,0.23,0.50,0.9,1.1,1.4,1.6,12.4,76,77,75,70,66
2017-07-06 01:00,2191,57,55,0.00,49,0.00,,2.0,0.5,0.23,0.46,1.0,1.1,1.9,1.6,12.2,74,76,75,71,66
2017-07-06 02:00,2191,56,54,0.00,51,0.00,,2.0,0.5,0.22,0.44,0.8,1.1,1.4,1.6,12.4,72,76,75,71,66
2017-07-06 03:00,2191,56,54,0.00,52,0.00,,3.8,1.2,0.22,0.43,0.7,0.6,1.7,1.6,12.2,70,75,75,70,66
2017-07-06 04:00,2191,57,55,0.00,47,2.70,,4.4,1.9,0.22,0.45,0.8,0.6,1.7,1.7,12.2,69,74,74,71,66
2017-07-06 05:00,2191,57,56,0.00,49,36.56,,3.3,1.6,0.22,0.45,0.6,0.6,1.7,1.7,12.2,67,73,74,71,66
2017-07-06 06:00,2191,67,57,0.00,49,264.30,,3.9,1.4,0.24,0.55,0.7,0.8,1.7,1.7,12.4,66,72,73,71,66
2017-07-06 07:00,2191,72,67,0.00,38,464.20,,6.7,2.6,0.24,0.73,0.6,0.8,1.7,1.7,12.2,65,71,73,71,66
2017-07-06 08:00,2191,76,71,0.00,27,578.30,,5.3,1.8,0.21,0.82,0.6,0.8,1.2,1.9,12.4,65,71,73,71,66
2017-07-06 09:00,2191,78,76,0.00,24,836.00,,8.4,2.6,0.20,0.93,0.6,0.8,1.4,1.7,12.6,67,70,72,71,66
2017-07-06 10:00,2191,81,78,0.00,20,837.00,,8.6,2.3,0.19,1.03,0.8,0.8,1.4,1.9,12.6,71,70,72,71,66
2017-07-06 11:00,2191,80,78,0.00,17,550.70,,7.5,2.9,0.19,1.00,0.4,0.8,1.4,1.9,12.0,75,71,72,71,66
2017-07-06 12:00,2191,82,80,0.00,18,808.00,,9.4,3.0,0.18,1.06,0.5,0.8,1.9,2.0,12.0,79,71,72,70,66
2017-07-06 13:00,2191,83,82,0.00,16,898.00,,10.1,3.4,0.18,1.11,0.0,0.6,1.4,2.2,12.0,82,73,72,71,66
2017-07-06 14:00,2191,83,74,0.00,15,334.90,,14.8,3.7,0.19,1.06,0.3,1.3,1.9,2.2,12.0,85,74,72,71,66
2017-07-06 15:00,2191,77,69,0.00,28,252.60,,14.4,3.6,0.28,0.76,0.8,1.1,1.4,2.2,12.0,88,76,72,70,66
2017-07-06 16:00,2191,80,77,0.00,35,515.00,,8.7,3.6,0.27,1.00,0.3,1.1,1.4,2.0,12.0,89,77,73,70,66
2017-07-06 17:00,2191,80,77,0.00,23,256.50,,11.1,3.9,0.25,1.00,0.7,0.8,1.4,2.2,12.0,89,78,73,70,66
2017-07-06 18:00,2191,77,72,0.00,28,32.04,,10.3,3.0,0.25,0.87,1.0,0.8,1.7,2.2,12.0,88,79,74,70,66
2017-07-06 19:00,2191,72,69,0.00,32,3.42,,5.6,1.5,0.27,0.75,1.0,0.9,1.7,2.2,12.0,87,79,74,70,66
2017-07-06 20:00,2191,69,65,0.00,42,0.01,,7.3,1.8,0.31,0.68,0.3,0.9,1.7,2.0,12.0,85,79,74,70,66
2017-07-06 21:00,2191,65,64,0.00,48,0.00,,6.0,1.6,0.29,0.62,0.4,0.9,1.7,2.2,12.6,83,79,75,71,66
2017-07-06 22:00,2191,64,62,0.00,49,0.00,,4.5,1.2,0.28,0.58,1.1,0.8,1.7,2.2,12.6,80,78,75,71,66
2017-07-06 23:00,2191,62,60,0.00,48,0.00,,3.7,1.8,0.27,0.55,0.9,1.1,1.7,2.2,12.4,79,78,75,70,66
2017-07-07 00:00,2191,60,58,0.00,50,0.00,,4.0,2.2,0.26,0.50,0.9,1.1,1.7,2.0,12.4,76,77,75,70,66
2017-07-07 01:00,2191,59,58,0.00,52,0.00,,3.7,2.0,0.26,0.49,0.9,1.1,1.7,2.2,12.4,75,76,75,71,66
2017-07-07 02:00,2191,58,57,0.00,53,0.00,,4.1,1.9,0.26,0.48,0.8,0.6,1.7,1.6,12.4,73,76,75,71,66
2017-07-07 03:00,2191,58,56,0.00,56,0.00,,4.4,2.1,0.26,0.46,0.7,0.6,1.7,1.9,12.4,71,75,74,71,66
2017-07-07 04:00,2191,58,57,0.00,51,2.90,,4.3,2.2,0.25,0.48,0.7,0.6,1.9,1.9,12.2,69,74,74,71,66
2017-07-07 05:00,2191,59,57,0.00,54,40.03,,5.2,2.1,0.25,0.49,0.6,0.6,1.9,1.6,12.2,68,73,74,71,66
2017-07-07 06:00,2191,67,58,0.00,55,211.10,,2.5,0.9,0.28,0.55,0.7,0.8,1.4,1.6,12.4,67,73,73,70,66
2017-07-07 07:00,2191,72,67,0.00,44,489.40,,4.0,1.2,0.29,0.74,0.6,0.8,1.4,1.6,12.4,66,72,73,70,66
2017-07-07 08:00,2191,77,72,0.00,34,674.80,,5.8,1.9,0.27,0.87,0.6,0.8,1.1,2.2,12.4,66,71,73,71,66
2017-07-07 09:00,2191,80,75,0.00,34,831.00,,7.3,2.0,0.27,0.96,0.8,0.3,1.8,2.2,12.6,68,71,72,71,66
2017-07-07 10:00,2191,83,80,0.00,23,946.00,,6.9,2.5,0.21,1.10,0.9,0.3,1.1,2.0,12.6,71,70,72,70,66
2017-07-07 11:00,2191,85,80,0.00,17,459.90,,8.0,2.3,0.18,1.11,1.0,0.3,1.8,2.2,12.0,76,71,72,70,66
2017-07-07 12:00,2191,86,80,0.00,15,810.00,,8.5,2.7,0.16,1.15,0.0,0.8,1.8,2.2,12.0,80,72,72,71,66
2017-07-07 13:00,2191,85,82,0.00,13,253.20,,8.7,2.5,0.17,1.15,0.7,0.6,1.1,1.7,12.0,83,73,72,70,66
2017-07-07 14:00,2191,82,78,0.00,17,147.50,,11.8,4.5,0.19,1.05,0.8,0.6,1.1,1.7,12.0,86,75,72,70,66
2017-07-07 15:00,2191,84,78,0.00,19,500.10,,9.9,3.8,0.20,1.05,0.8,1.1,1.8,1.7,12.0,87,76,73,71,66
2017-07-07 16:00,2191,84,79,0.00,17,254.60,,11.9,5.0,0.19,1.10,0.7,1.1,1.4,1.7,12.0,86,77,73,70,66
2017-07-07 17:00,2191,79,76,0.00,19,94.10,,17.8,6.5,0.15,0.96,0.3,1.1,1.4,1.7,12.0,87,77,73,70,66
2017-07-07 18:00,2191,76,73,0.00,15,26.03,,5.0,1.4,0.16,0.87,0.6,1.1,1.4,1.7,12.0,87,78,73,70,66
2017-07-07 19:00,2191,73,70,0.00,22,3.41,,4.1,1.3,0.18,0.78,1.0,1.1,1.4,1.7,12.0,86,78,74,70,66
2017-07-07 20:00,2191,70,66,0.00,25,0.00,,2.8,0.5,0.18,0.68,0.0,1.1,1.4,1.7,12.6,84,78,74,70,66
2017-07-07 21:00,2191,66,64,0.00,28,0.00,,5.4,1.3,0.21,0.62,0.4,1.1,1.5,1.7,12.4,82,78,75,70,66
2017-07-07 22:00,2191,64,63,0.00,38,0.00,,5.0,1.4,0.24,0.60,1.1,1.1,1.5,2.2,12.4,80,78,75,70,66
2017-07-07 23:00,2191,64,62,0.00,40,0.00,,4.2,1.5,0.23,0.58,1.0,1.1,1.5,1.7,12.4,77,77,75,70,66
2017-07-08 00:00,2191,63,60,0.00,39,0.00,,4.6,1.7,0.22,0.54,1.0,1.1,1.5,2.2,12.2,76,76,75,70,66
2017-07-08 01:00,2191,62,58,0.00,43,0.00,,3.6,1.4,0.22,0.53,0.8,0.6,1.4,2.2,12.4,73,76,74,70,66
2017-07-08 02:00,2191,58,57,0.00,44,0.00,,3.7,1.7,0.22,0.48,0.7,0.6,1.8,2.0,12.4,72,75,74,70,66
2017-07-08 03:00,2191,58,55,0.00,48,0.00,,3.2,0.8,0.22,0.47,0.8,0.6,1.8,2.2,12.4,70,74,74,70,66
2017-07-08 04:00,2191,55,54,0.00,53,2.76,,2.0,0.8,0.23,0.43,0.8,0.8,1.8,2.2,12.2,69,73,74,70,66
2017-07-08 05:00,2191,58,54,0.00,52,39.25,,4.8,1.4,0.23,0.45,0.6,0.8,2.1,2.2,12.2,67,73,73,70,66
2017-07-08 06:00,2191,66,58,0.00,49,208.70,,4.8,0.9,0.25,0.53,0.6,0.8,2.1,2.2,12.4,66,72,73,71,66
2017-07-08 07:00,2191,72,66,0.00,41,488.80,,3.4,0.9,0.27,0.70,0.6,0.8,2.1,2.2,12.4,65,71,73,71,66
2017-07-08 08:00,2191,77,72,0.00,35,677.20,,5.7,1.8,0.27,0.84,0.7,0.3,1.4,2.2,12.4,65,71,72,70,66
2017-07-08 09:00,2191,80,77,0.00,28,819.00,,8.1,2.3,0.24,0.97,0.7,0.6,1.4,1.7,12.4,67,70,72,70,66
2017-07-08 10:00,2191,83,80,0.00,22,819.00,,7.2,2.6,0.21,1.09,0.8,0.3,1.4,1.7,12.0,71,70,72,71,66
2017-07-08 11:00,2191,85,83,0.00,14,916.00,,15.4,5.3,0.15,1.20,1.0,0.3,1.4,1.7,12.0,75,70,71,71,66
2017-07-08 12:00,2191,86,84,0.00,11,960.00,,22.5,7.3,0.14,1.22,0.0,0.3,0.9,1.7,12.0,79,71,71,71,66
2017-07-08 13:00,2191,86,85,0.00,11,953.00,,19.5,7.9,0.14,1.22,0.3,0.8,1.6,1.7,12.0,83,73,71,70,66
2017-07-08 14:00,2191,86,85,0.00,11,840.00,,16.6,7.9,0.14,1.23,0.6,0.6,1.1,2.0,12.0,87,74,71,70,66
2017-07-08 15:00,2191,85,84,0.00,13,679.10,,18.0,8.1,0.15,1.19,0.6,1.1,1.4,2.0,12.0,91,76,72,70,66
2017-07-08 16:00,2191,84,80,0.00,13,416.00,,16.4,7.4,0.15,1.14,1.0,1.1,1.4,1.9,12.0,93,78,73,70,66
2017-07-08 17:00,2191,81,79,0.00,14,197.90,,15.7,7.0,0.15,1.05,0.8,0.9,1.4,1.6,12.0,95,79,73,70,66
2017-07-08 18:00,2191,79,77,0.00,15,29.62,,13.6,6.3,0.15,0.99,1.1,0.9,1.4,1.6,12.0,94,80,74,70,66
2017-07-08 19:00,2191,77,76,0.00,18,2.74,,15.7,6.8,0.18,0.92,0.4,1.3,2.1,1.9,12.0,92,81,74,70,66
2017-07-08 20:00,2191,76,74,0.00,20,0.00,,14.7,5.6,0.16,0.89,0.0,0.9,1.8,1.9,12.6,90,81,75,70,66
2017-07-08 21:00,2191,74,71,0.00,18,0.00,,4.8,1.2,0.16,0.80,0.5,0.9,1.9,1.7,12.6,87,80,76,70,66
2017-07-08 22:00,2191,71,67,0.00,21,0.00,,6.0,1.2,0.16,0.74,1.1,0.9,1.9,1.9,12.4,85,80,76,70,66
2017-07-08 23:00,2191,69,65,0.00,25,0.00,,4.7,1.2,0.17,0.67,1.2,1.2,1.9,1.7,12.4,82,80,76,70,66
2017-07-09 00:00,2191,65,64,0.00,25,0.00,,3.1,0.8,0.15,0.61,1.1,1.2,1.9,1.7,12.4,80,79,76,71,66
2017-07-09 01:00,2191,65,61,0.00,27,0.00,,3.9,1.3,0.17,0.61,0.9,1.1,1.9,1.7,12.4,78,79,76,70,66
2017-07-09 02:00,2191,63,60,0.00,33,0.00,,3.7,1.4,0.17,0.56,0.9,0.7,1.1,1.7,12.4,76,78,76,71,66
2017-07-09 03:00,2191,62,60,0.00,33,0.00,,2.7,0.7,0.18,0.53,0.9,0.7,2.2,2.1,12.4,75,77,76,70,66
2017-07-09 04:00,2191,61,59,0.00,32,2.33,,2.2,0.5,0.18,0.53,0.8,0.6,2.2,1.7,12.2,73,76,75,70,66
2017-07-09 05:00,2191,62,59,0.00,37,44.81,,2.2,0.5,0.19,0.53,0.8,0.6,2.1,1.7,12.2,72,76,75,71,66
2017-07-09 06:00,2191,65,62,0.00,39,155.40,,2.1,0.6,0.23,0.58,0.7,0.8,1.4,1.7,12.4,71,75,75,71,66
2017-07-09 07:00,2191,74,65,0.00,34,391.80,,3.9,0.8,0.21,0.72,0.8,0.4,1.4,1.7,12.4,70,74,75,71,66
2017-07-09 08:00,2191,77,74,0.00,28,641.20,,5.3,1.5,0.21,0.89,0.8,0.4,1.4,1.7,12.4,70,73,74,71,66
2017-07-09 09:00,2191,79,77,0.00,21,627.10,,7.1,2.3,0.24,0.96,0.8,0.4,1.6,1.7,12.4,71,73,74,71,66
2017-07-09 10:00,2191,82,79,0.00,23,903.00,,13.7,4.5,0.19,1.07,0.8,0.6,1.6,1.7,12.0,74,73,73,71,66
2017-07-09 11:00,2191,83,81,0.00,14,747.50,,12.5,4.9,0.16,1.10,0.0,0.4,1.6,2.0,12.0,77,73,73,71,66
2017-07-09 12:00,2191,84,81,0.00,14,653.40,,12.0,4.4,0.17,1.12,0.5,0.4,1.6,2.3,12.0,81,73,73,71,66
2017-07-09 13:00,2191,83,81,0.00,14,649.20,,13.5,5.3,0.17,1.12,0.6,0.4,1.6,2.3,12.0,85,75,73,71,67
2017-07-09 14:00,2191,85,83,0.00,15,895.00,,13.9,5.2,0.17,1.16,0.3,0.6,1.6,2.3,12.0,87,76,73,71,66
2017-07-09 15:00,2191,85,82,0.00,14,692.10,,15.3,4.7,0.18,1.15,0.7,0.7,1.6,1.6,12.2,89,77,73,71,66
2017-07-09 16:00,2191,84,81,0.00,15,534.50,,14.2,5.0,0.18,1.12,0.4,0.7,1.2,1.6,12.2,92,79,74,71,67
2017-07-09 17:00,2191,81,78,0.00,18,305.40,,13.3,4.2,0.19,1.03,0.8,1.2,1.6,1.6,12.2,94,80,74,71,67
2017-07-09 18:00,2191,78,75,0.00,19,78.42,,10.8,4.0,0.18,0.94,1.1,1.2,1.4,1.6,12.2,94,80,75,71,67
2017-07-09 19:00,2191,75,71,0.00,17,5.47,,7.7,2.4,0.17,0.84,0.4,1.2,1.4,1.6,12.0,93,81,76,71,67
2017-07-09 20:00,2191,71,68,0.00,25,0.00,,3.5,1.0,0.20,0.74,0.6,1.2,1.5,1.6,12.0,91,82,76,71,67
2017-07-09 21:00,2191,69,67,0.00,28,0.00,,3.8,1.1,0.23,0.70,0.5,1.2,1.5,1.6,12.0,89,82,76,71,67
2017-07-09 22:00,2191,67,62,0.00,39,0.00,,3.0,1.0,0.25,0.61,0.7,1.2,1.5,1.6,12.6,86,81,76,71,67
2017-07-09 23:00,2191,63,60,0.00,44,0.00,,6.2,1.4,0.25,0.56,1.2,1.4,1.5,2.3,12.6,83,80,76,71,67
2017-07-10 00:00,2191,60,59,0.00,50,0.00,,2.4,0.3,0.26,0.52,1.1,0.7,1.5,2.3,12.4,81,80,76,71,67
2017-07-10 01:00,2191,60,56,0.00,48,0.00,,2.3,0.5,0.25,0.49,1.1,0.7,1.5,2.3,12.4,79,79,76,71,67
2017-07-10 02:00,2191,57,56,0.00,54,0.00,,1.7,0.4,0.24,0.46,0.9,0.7,1.5,2.3,12.4,76,79,76,71,67
2017-07-10 03:00,2191,57,56,0.00,50,0.00,,2.7,1.1,0.22,0.45,0.9,0.9,1.5,2.1,12.4,74,78,76,71,67
2017-07-10 04:00,2191,57,55,0.00,49,2.31,,2.9,0.2,0.23,0.45,0.6,0.9,1.7,1.8,12.4,72,77,76,71,67
2017-07-10 05:00,2191,59,54,0.00,53,58.84,,2.2,0.3,0.24,0.44,0.8,0.8,1.7,2.1,12.4,71,76,76,71,67
2017-07-10 06:00,2191,64,59,0.00,52,162.60,,2.3,0.6,0.27,0.54,0.6,0.7,1.7,2.1,12.4,69,75,75,71,67
2017-07-10 07:00,2191,71,63,0.00,44,415.40,,3.2,0.9,0.24,0.66,0.6,1.0,1.4,2.1,12.4,68,74,75,71,67
2017-07-10 08:00,2191,74,71,0.00,30,637.90,,5.4,1.8,0.27,0.81,0.8,1.0,1.9,2.1,12.4,68,73,74,71,67
2017-07-10 09:00,2191,79,74,0.00,31,796.30,,15.3,2.3,0.24,0.94,0.8,1.0,1.4,2.3,12.4,70,73,74,71,67
2017-07-10 10:00,2191,81,79,0.00,20,862.00,,11.6,4.3,0.19,1.01,1.0,1.0,1.4,1.6,12.0,73,72,74,71,67
2017-07-10 11:00,2191,83,80,0.00,18,987.00,,17.2,4.7,0.19,1.07,1.0,1.0,1.4,1.6,12.0,77,73,73,71,67
2017-07-10 12:00,2191,83,81,0.00,16,942.00,,12.4,5.0,0.18,1.10,0.5,1.0,1.7,1.6,12.0,81,73,73,71,67
2017-07-10 13:00,2191,82,82,0.00,17,931.00,,12.2,5.0,0.19,1.10,0.6,0.4,1.7,1.6,12.0,85,75,73,71,67
2017-07-10 14:00,2191,82,81,0.00,19,838.00,,16.7,5.4,0.20,1.11,0.3,0.8,1.4,1.6,12.2,89,76,73,71,67
2017-07-10 15:00,2191,81,81,0.00,18,675.10,,13.7,5.3,0.20,1.07,0.8,0.7,1.4,1.6,12.0,92,78,74,71,67
2017-07-10 16:00,2191,81,78,0.00,18,486.70,,13.9,5.7,0.20,1.03,0.8,0.7,1.4,1.6,12.2,94,80,74,71,67
2017-07-10 17:00,2191,78,76,0.00,22,243.70,,13.4,4.6,0.21,0.94,0.8,0.5,1.9,1.6,12.2,96,81,75,71,67
2017-07-10 18:00,2191,76,72,0.00,25,37.25,,10.2,3.3,0.22,0.86,0.4,1.2,1.9,1.8,12.2,95,82,76,71,67
2017-07-10 19:00,2191,72,69,0.00,28,6.10,,11.6,1.8,0.23,0.76,0.4,1.2,1.4,1.6,12.0,94,82,76,71,67
2017-07-10 20:00,2191,69,67,0.00,34,0.00,,3.5,1.5,0.24,0.68,0.6,1.2,1.9,1.6,12.0,91,82,76,71,67
2017-07-10 21:00,2191,67,63,0.00,36,0.00,,3.5,0.8,0.24,0.63,0.5,1.2,1.9,1.6,12.0,88,82,77,71,67
2017-07-10 22:00,2191,65,63,0.00,40,0.00,,3.5,0.9,0.19,0.60,1.2,1.4,1.9,1.6,12.6,85,82,77,71,67
2017-07-10 23:00,2191,65,61,0.00,27,0.00,,3.8,0.7,0.17,0.59,1.2,0.7,1.5,1.6,12.4,82,81,77,71,67
2017-07-11 00:00,2191,62,60,0.00,34,0.00,,3.1,0.9,0.22,0.53,1.1,1.1,1.9,1.6,12.4,80,80,77,71,67
2017-07-11 01:00,2191,60,58,0.00,43,0.00,,2.6,0.7,0.22,0.50,1.1,1.0,1.9,1.6,12.4,78,80,77,71,67
2017-07-11 02:00,2191,59,56,0.00,43,0.00,,3.9,0.9,0.20,0.49,0.9,0.9,1.5,1.6,12.4,76,79,77,71,67
2017-07-11 03:00,2191,56,53,0.00,46,0.00,,5.3,0.6,0.20,0.44,0.8,0.8,1.5,1.6,12.4,73,78,76,71,67
2017-07-11 04:00,2191,56,53,0.00,46,1.78,,3.1,0.7,0.19,0.43,0.8,0.8,1.5,1.6,12.4,71,77,76,71,67
2017-07-11 05:00,2191,59,54,0.00,46,31.97,,3.7,0.8,0.22,0.44,0.8,1.0,1.9,1.6,12.4,70,76,76,71,67
2017-07-11 06:00,2191,67,59,0.00,43,213.20,,2.4,0.6,0.22,0.55,0.6,1.0,1.4,1.6,12.2,68,75,76,71,67
2017-07-11 07:00,2191,71,67,0.00,29,507.60,,3.8,1.0,0.22,0.69,0.5,1.0,1.8,1.6,12.4,67,74,76,72,67
2017-07-11 08:00,2191,76,71,0.00,30,693.00,,6.6,2.0,0.21,0.80,0.5,0.5,1.0,1.6,12.4,66,73,75,71,67
2017-07-11 09:00,2191,78,76,0.00,13,854.00,,12.1,4.3,0.12,0.92,0.7,0.5,1.7,1.6,12.0,68,72,74,72,67
2017-07-11 10:00,2191,79,77,0.00,12,958.00,,14.2,5.1,0.12,0.95,0.9,0.5,1.7,1.6,12.0,71,72,74,71,67
2017-07-11 11:00,2191,80,78,0.00,13,982.00,,12.8,4.9,0.12,1.01,0.4,0.5,1.7,1.6,12.0,76,72,73,71,67
2017-07-11 12:00,2191,80,80,0.00,11,1006.00,,14.4,5.0,0.12,1.03,0.5,0.3,1.2,1.6,12.0,80,73,73,72,67
2017-07-11 13:00,2191,81,80,0.00,12,952.00,,13.0,4.6,0.13,1.05,0.6,1.0,1.2,1.8,12.0,84,74,73,71,67
2017-07-11 14:00,2191,81,80,0.00,14,841.00,,12.9,5.4,0.15,1.04,0.8,0.7,1.2,1.8,12.2,88,76,73,71,67
2017-07-11 15:00,2191,81,80,0.00,14,683.40,,12.4,5.3,0.15,1.03,0.7,0.9,1.2,1.8,12.0,91,78,74,71,67
2017-07-11 16:00,2191,80,78,0.00,14,495.80,,11.2,4.4,0.15,0.99,0.8,1.0,1.0,1.8,12.2,94,79,74,71,67
2017-07-11 17:00,2191,78,74,0.00,15,249.30,,9.8,4.1,0.15,0.92,0.8,0.7,1.7,1.8,12.0,95,80,75,71,67
2017-07-11 18:00,2191,74,71,0.00,17,24.17,,13.1,4.5,0.14,0.82,0.4,1.1,1.8,1.8,12.0,94,82,76,71,67
2017-07-11 19:00,2191,71,67,0.00,20,2.51,,8.5,3.2,0.13,0.72,0.6,1.2,1.0,1.8,12.0,92,82,76,71,67
2017-07-11 20:00,2191,69,67,0.00,17,0.00,,12.9,3.6,0.10,0.70,0.6,0.7,1.8,1.8,12.0,90,82,76,71,67
2017-07-11 21:00,2191,69,63,0.00,13,0.01,,9.8,2.7,0.10,0.68,0.7,0.7,1.5,1.8,12.0,87,82,77,71,67
2017-07-11 22:00,2191,65,60,0.00,22,0.00,,5.7,1.3,0.11,0.60,1.2,0.7,1.5,1.8,12.6,84,82,77,71,67
2017-07-11 23:00,2191,60,58,0.00,28,0.00,,2.8,0.4,0.15,0.51,1.1,1.1,1.8,1.6,12.6,81,80,77,71,67
2017-07-12 00:00,2191,59,55,0.00,26,0.00,,3.2,0.5,0.13,0.47,0.9,1.3,1.8,1.6,12.4,79,80,77,71,67
2017-07-12 01:00,2191,58,55,0.00,25,0.00,,3.3,0.7,0.11,0.47,0.7,0.8,1.8,1.6,12.4,76,79,77,71,67
2017-07-12 02:00,2191,55,54,0.00,24,0.00,,6.0,1.0,0.11,0.43,0.6,1.1,1.8,1.6,12.4,74,78,77,71,67
2017-07-12 03:00,2191,55,53,0.00,26,0.00,,4.9,1.0,0.11,0.42,0.8,1.1,1.8,1.6,12.4,71,77,76,71,67
2017-07-12 04:00,2191,58,53,0.00,25,2.18,,3.6,1.0,0.11,0.43,0.6,1.0,1.0,1.6,12.4,70,76,76,72,67
2017-07-12 05:00,2191,59,57,0.00,21,33.38,,3.5,0.8,0.11,0.48,0.6,0.4,1.8,1.6,12.4,68,75,76,72,67
2017-07-12 06:00,2191,67,59,0.00,24,212.30,,2.5,0.5,0.12,0.55,0.5,0.6,1.0,1.6,12.4,66,74,76,72,67
2017-07-12 07:00,2191,71,67,0.00,19,496.40,,4.4,1.1,0.14,0.72,0.5,0.5,1.0,1.6,12.4,65,73,75,71,67
2017-07-12 08:00,2191,75,71,0.00,24,685.90,,4.8,1.8,0.17,0.79,0.5,0.5,1.2,1.6,12.6,64,72,74,72,67
2017-07-12 09:00,2191,78,75,0.00,16,842.00,,7.2,2.3,0.13,0.90,0.7,0.5,1.2,1.6,12.0,66,71,74,72,67
2017-07-12 10:00,2191,80,78,0.00,14,949.00,,7.7,2.8,0.12,0.99,0.8,0.8,1.6,1.6,12.0,70,71,73,71,67
2017-07-12 11:00,2191,81,80,0.00,12,971.00,,9.5,2.9,0.13,1.05,1.0,0.8,1.2,1.6,12.0,75,71,73,71,67
2017-07-12 12:00,2191,83,81,0.00,13,1017.00,,10.7,3.6,0.13,1.09,0.5,0.5,1.2,1.6,12.0,79,72,73,71,67
2017-07-12 13:00,2191,84,82,0.00,12,975.00,,10.7,3.8,0.14,1.12,0.3,0.5,0.9,1.9,12.0,84,73,73,71,67
2017-07-12 14:00,2191,84,82,0.00,12,845.00,,12.6,5.0,0.15,1.15,0.3,1.0,0.7,1.8,12.0,89,75,73,72,67
2017-07-12 15:00,2191,83,81,0.00,14,671.80,,12.3,5.4,0.17,1.10,0.8,0.8,0.7,1.8,12.2,92,77,73,71,67
2017-07-12 16:00,2191,81,80,0.00,17,478.10,,16.0,5.1,0.19,1.04,0.8,0.8,1.2,1.8,12.2,95,79,74,71,67
2017-07-12 17:00,2191,80,77,0.00,18,286.30,,12.5,5.7,0.19,0.99,1.1,1.1,1.2,1.8,12.2,96,80,75,72,67
2017-07-12 18:00,2191,77,75,0.00,24,108.70,,10.8,3.3,0.22,0.90,0.4,1.1,1.2,1.8,12.2,95,82,76,71,67
2017-07-12 19:00,2191,75,69,0.00,25,14.39,,6.3,1.7,0.22,0.80,0.6,0.7,1.3,1.8,12.2,94,82,76,71,67
2017-07-12 20:00,2191,69,65,0.00,33,0.01,,4.1,0.8,0.23,0.68,0.6,1.1,1.3,1.8,12.0,92,82,76,71,67
2017-07-12 21:00,2191,66,65,0.00,38,0.00,,4.2,1.2,0.24,0.63,0.5,1.1,1.1,1.8,12.0,89,82,77,71,67
2017-07-12 22:00,2191,66,64,0.00,34,0.00,,5.5,2.4,0.25,0.63,0.3,1.1,1.1,1.8,12.0,87,82,77,71,67
2017-07-12 23:00,2191,64,63,0.00,45,0.00,,3.7,0.9,0.28,0.59,1.2,1.3,1.1,1.8,12.6,84,82,77,71,67
2017-07-13 00:00,2191,64,61,0.00,49,0.00,,1.4,0.4,0.26,0.58,1.2,0.8,1.1,1.6,12.6,82,81,77,71,67
2017-07-13 01:00,2191,61,60,0.00,48,0.00,,2.1,0.5,0.26,0.53,1.1,0.8,1.8,1.6,12.4,80,80,77,71,67
2017-07-13 02:00,2191,61,59,0.00,48,0.00,,3.8,0.8,0.22,0.53,1.1,1.1,1.3,1.6,12.4,78,80,77,71,67
2017-07-13 03:00,2191,59,57,0.00,41,0.00,,3.2,0.3,0.21,0.50,0.9,1.1,1.3,1.6,12.4,76,79,77,72,67
2017-07-13 04:00,2191,58,55,0.00,44,1.56,,2.1,0.6,0.20,0.46,0.9,0.4,1.3,1.6,12.4,75,78,77,71,67
2017-07-13 05:00,2191,59,55,0.00,47,33.97,,2.7,0.7,0.20,0.46,0.8,0.4,1.6,1.6,12.4,73,77,76,72,67
2017-07-13 06:00,2191,68,59,0.00,40,204.10,,2.5,0.4,0.21,0.56,0.6,0.6,1.6,1.6,12.4,71,76,76,72,67
2017-07-13 07:00,2191,72,67,0.00,40,475.40,,2.5,1.0,0.24,0.70,0.6,0.6,1.6,1.6,12.4,70,76,76,72,67
2017-07-13 08:00,2191,74,72,0.00,30,664.70,,7.0,2.1,0.22,0.82,0.6,0.6,1.6,1.6,12.4,69,75,76,72,67
2017-07-13 09:00,2191,78,74,0.00,23,845.00,,7.3,2.5,0.20,0.91,0.8,0.6,1.1,1.6,12.0,71,74,75,72,67
2017-07-13 10:00,2191,80,78,0.00,23,988.00,,11.8,3.3,0.22,1.00,1.0,0.5,1.8,1.6,12.0,74,74,75,72,67
2017-07-13 11:00,2191,82,80,0.00,20,1028.00,,10.3,3.3,0.21,1.07,1.0,0.5,1.3,1.6,12.0,78,74,75,72,67
2017-07-13 12:00,2191,85,82,0.00,18,1070.00,,9.9,3.5,0.20,1.11,0.6,0.6,1.3,1.9,12.0,83,75,74,72,67
2017-07-13 13:00,2191,85,78,0.00,17,547.00,,7.4,3.0,0.20,1.09,0.6,0.6,1.3,1.9,12.2,87,76,74,71,67
2017-07-13 14:00,2191,81,78,0.00,22,537.80,,15.1,5.5,0.21,1.03,0.4,1.1,1.8,1.9,12.2,92,78,75,71,67
2017-07-13 15:00,2191,82,80,0.00,18,751.70,,15.2,5.7,0.19,1.07,0.8,0.8,1.4,1.9,12.2,94,80,75,71,67
2017-07-13 16:00,2191,80,75,0.00,20,196.30,,11.9,3.2,0.21,0.95,0.4,0.8,1.6,1.9,12.2,94,80,76,72,67
2017-07-13 17:00,2191,75,73,0.00,24,114.50,,5.6,1.7,0.22,0.85,1.1,1.3,1.2,1.9,12.2,95,82,76,72,67
2017-07-13 18:00,2191,73,72,0.00,31,38.06,,6.6,1.0,0.25,0.80,0.4,1.3,1.7,1.9,12.0,94,82,76,72,67
2017-07-13 19:00,2191,72,69,0.00,30,3.97,,4.7,1.7,0.23,0.74,0.6,1.1,1.7,1.9,12.0,92,83,77,71,67
2017-07-13 20:00,2191,69,65,0.00,33,0.01,,3.7,0.9,0.25,0.67,0.6,1.1,1.7,1.9,12.0,91,83,77,72,67
2017-07-13 21:00,2191,65,62,0.00,43,0.00,,5.6,1.5,0.26,0.60,0.7,1.3,1.7,1.9,12.0,88,83,78,72,67
2017-07-13 22:00,2191,62,60,0.00,47,0.00,,4.0,1.4,0.26,0.54,0.2,1.3,1.2,1.9,12.1,86,82,78,72,67
2017-07-13 23:00,2191,62,60,0.00,43,0.00,,3.6,1.8,0.24,0.54,1.2,0.8,1.7,1.9,12.4,83,82,78,72,67
2017-07-14 00:00,2191,60,56,0.00,46,0.00,,3.7,1.5,0.24,0.49,0.9,1.1,1.7,1.9,12.4,80,81,78,72,67
2017-07-14 01:00,2191,58,56,0.00,54,0.00,,3.9,1.2,0.25,0.47,1.1,1.1,1.2,1.6,12.4,78,80,78,72,67
2017-07-14 02:00,2191,57,54,0.00,54,0.00,,3.5,1.3,0.24,0.44,0.9,0.4,1.2,1.6,12.4,76,79,78,72,67
2017-07-14 03:00,2191,57,52,0.00,51,0.00,,2.9,1.1,0.24,0.43,0.6,0.6,1.7,1.6,12.4,74,78,77,72,67
2017-07-14 04:00,2191,56,52,0.00,60,2.13,,3.4,1.3,0.23,0.42,0.6,0.6,1.9,1.6,12.4,72,78,77,72,67
2017-07-14 05:00,2191,57,53,0.00,59,31.36,,2.3,0.4,0.24,0.41,0.6,0.8,1.4,1.6,12.4,70,76,76,73,67
2017-07-14 06:00,2191,64,57,0.00,54,211.10,,3.0,0.5,0.26,0.52,0.6,0.6,1.9,1.6,12.4,69,76,76,72,67
2017-07-14 07:00,2191,71,64,0.00,45,488.60,,3.2,1.0,0.28,0.67,0.6,1.1,1.4,1.6,12.4,68,75,76,73,67
2017-07-14 08:00,2191,74,71,0.00,39,676.80,,7.1,1.7,0.30,0.79,0.5,0.4,1.4,1.6,12.4,67,74,76,73,67
2017-07-14 09:00,2191,78,74,0.00,30,829.00,,7.5,2.5,0.22,0.90,0.8,0.6,1.7,1.6,12.1,69,73,75,72,67
2017-07-14 10:00,2191,80,78,0.00,24,935.00,,7.3,2.8,0.22,1.01,0.9,0.6,0.9,1.9,12.1,72,73,75,72,67
2017-07-14 11:00,2191,82,80,0.00,20,963.00,,9.4,3.3,0.20,1.07,1.0,0.6,1.9,1.9,12.1,77,73,74,72,67
2017-07-14 12:00,2191,84,82,0.00,17,916.00,,9.4,2.9,0.19,1.14,0.5,0.6,1.7,1.9,12.1,81,74,74,72,67
2017-07-14 13:00,2191,84,82,0.00,16,989.00,,10.9,4.0,0.21,1.17,0.3,0.6,1.2,1.9,12.2,85,75,74,72,67
2017-07-14 14:00,2191,84,82,0.00,19,823.00,,13.4,5.0,0.22,1.15,0.7,0.6,1.7,1.9,12.2,89,77,74,72,67
2017-07-14 15:00,2191,82,80,0.00,21,565.80,,15.0,5.8,0.23,1.05,0.8,0.4,1.7,1.9,12.2,93,79,75,72,67
2017-07-14 16:00,2191,82,81,0.00,22,461.70,,11.3,4.1,0.23,1.07,0.8,0.8,1.7,1.9,12.2,95,80,75,72,67
2017-07-14 17:00,2191,81,77,0.00,22,219.30,,12.7,4.3,0.23,1.01,0.8,0.8,1.4,1.9,12.2,96,82,76,72,67
2017-07-14 18:00,2191,77,73,0.00,25,29.42,,9.8,2.5,0.22,0.87,0.4,1.3,1.4,1.9,12.2,95,82,76,72,67
2017-07-14 19:00,2191,73,68,0.00,25,2.21,,9.4,2.4,0.20,0.76,0.4,1.3,1.4,1.9,12.2,94,83,77,72,67
2017-07-14 20:00,2191,68,65,0.00,29,0.00,,5.2,0.9,0.20,0.67,0.6,1.3,1.4,1.9,12.1,91,83,77,72,67
2017-07-14 21:00,2191,65,63,0.00,32,0.00,,2.7,0.6,0.22,0.60,0.7,1.3,1.4,1.9,12.1,89,83,78,72,67
2017-07-14 22:00,2191,63,60,0.00,41,0.00,,1.9,0.3,0.23,0.56,0.2,0.8,1.4,1.9,12.1,85,82,78,72,67
2017-07-14 23:00,2191,60,59,0.00,44,0.00,,1.7,0.2,0.22,0.52,1.2,1.1,1.4,1.9,12.1,82,82,78,72,67
2017-07-15 00:00,2191,60,58,0.00,40,0.00,,2.2,0.4,0.20,0.51,0.9,1.1,1.4,1.9,12.4,80,81,78,72,67
2017-07-15 01:00,2191,59,57,0.00,40,0.00,,1.5,0.1,0.20,0.48,0.9,1.1,1.4,1.9,12.4,78,80,78,72,67
2017-07-15 02:00,2191,57,55,0.00,45,0.00,,1.5,0.5,0.21,0.45,0.9,0.7,1.4,1.9,12.4,76,79,78,72,67
2017-07-15 03:00,2191,56,55,0.00,44,0.00,,2.3,1.0,0.19,0.44,0.6,0.9,1.4,1.9,12.4,73,78,77,72,67
2017-07-15 04:00,2191,56,54,0.00,43,1.99,,3.4,1.4,0.19,0.44,0.6,0.8,1.6,1.6,12.4,71,77,77,72,67
2017-07-15 05:00,2191,56,53,0.00,44,30.27,,1.2,0.1,0.19,0.42,0.6,0.6,1.7,1.6,12.4,70,76,77,72,67
2017-07-15 06:00,2191,67,56,0.00,48,209.90,,2.4,0.6,0.20,0.51,0.6,1.1,1.9,1.9,12.4,69,76,76,72,67
2017-07-15 07:00,2191,71,67,0.00,32,483.80,,4.7,1.6,0.24,0.71,0.5,0.6,1.2,1.6,12.4,67,75,76,72,68
2017-07-15 08:00,2191,77,71,0.00,34,671.10,,4.9,1.7,0.26,0.82,0.5,0.6,1.2,1.9,11.8,67,74,76,72,67
2017-07-15 09:00,2191,79,77,0.00,27,825.00,,7.1,2.4,0.24,0.97,0.8,0.6,1.2,1.9,12.1,69,73,75,72,68
2017-07-15 10:00,2191,82,79,0.00,22,934.00,,7.8,2.8,0.21,1.05,0.8,0.8,1.2,1.9,12.1,72,73,75,73,68
2017-07-15 11:00,2191,86,82,0.00,19,971.00,,9.4,3.2,0.20,1.13,0.0,0.6,1.2,1.9,12.1,77,73,74,73,68
2017-07-15 12:00,2191,87,84,0.00,14,1044.00,,15.1,4.3,0.18,1.24,0.5,0.6,1.4,1.9,12.1,81,74,74,72,68
2017-07-15 13:00,2191,87,85,0.00,15,843.00,,11.2,4.2,0.18,1.24,0.3,1.1,1.4,1.9,12.1,86,75,74,72,68
2017-07-15 14:00,2191,87,83,0.00,13,631.50,,13.0,4.9,0.18,1.26,0.4,0.6,1.2,1.9,12.1,90,77,74,73,68
2017-07-15 15:00,2191,84,82,0.00,17,462.60,,14.8,4.9,0.19,1.11,0.8,0.4,1.2,1.9,12.5,93,79,75,72,68
2017-07-15 16:00,2191,85,83,0.00,18,501.50,,11.0,4.3,0.20,1.19,1.1,1.1,1.2,1.9,12.5,95,80,75,72,68
2017-07-15 17:00,2191,83,79,0.00,17,240.00,,13.0,4.9,0.20,1.09,1.1,0.8,1.2,1.9,12.5,95,82,76,72,68
2017-07-15 18:00,2191,79,73,0.00,22,17.88,,12.7,3.3,0.23,0.90,0.4,0.8,1.2,1.9,12.1,95,82,76,72,68
2017-07-15 19:00,2191,73,70,0.00,29,1.50,,9.8,2.9,0.23,0.80,0.6,0.9,1.2,1.9,12.1,93,83,77,72,68
2017-07-15 20:00,2191,72,70,0.00,32,0.00,,7.1,2.2,0.24,0.76,0.6,0.9,1.3,1.9,12.1,90,83,77,72,68
2017-07-15 21:00,2191,70,67,0.00,32,0.01,,4.5,1.3,0.24,0.71,0.7,0.9,1.3,1.9,12.1,88,82,78,72,68
2017-07-15 22:00,2191,67,64,0.00,38,0.01,,4.0,1.8,0.25,0.63,0.2,1.1,2.0,1.9,12.1,86,82,78,72,68
2017-07-15 23:00,2191,64,62,0.00,43,0.00,,3.8,1.9,0.25,0.57,1.2,1.1,2.0,1.9,12.7,83,82,78,72,68
2017-07-16 00:00,2191,62,61,0.00,44,0.00,,4.7,1.9,0.24,0.56,1.1,1.1,1.3,1.9,12.4,81,81,78,72,68
2017-07-16 01:00,2191,62,61,0.00,39,0.00,,4.8,2.1,0.22,0.55,1.1,0.6,2.0,1.9,12.4,79,80,78,72,68
2017-07-16 02:00,2191,62,60,0.00,42,0.00,,8.5,2.6,0.25,0.55,0.9,0.9,2.0,1.9,12.4,77,80,78,72,68
2017-07-16 03:00,2191,63,60,0.00,52,0.00,,6.6,1.2,0.26,0.55,0.9,0.9,1.3,1.9,12.4,76,79,77,72,68
2017-07-16 04:00,2191,61,57,0.00,50,1.22,,2.8,1.3,0.26,0.50,0.8,0.8,1.2,1.9,12.4,74,78,77,73,68
2017-07-16 05:00,2191,61,57,0.00,52,34.52,,5.2,2.1,0.24,0.47,1.0,0.8,1.2,1.9,12.4,73,77,77,72,68
2017-07-16 06:00,2191,67,60,0.00,40,190.20,,3.6,1.5,0.23,0.56,0.8,0.9,1.2,1.9,12.4,71,76,76,72,68
2017-07-16 07:00,2191,71,67,0.00,35,379.20,,3.9,1.4,0.27,0.69,0.6,1.1,1.4,1.9,12.4,70,76,76,72,68
2017-07-16 08:00,2191,75,71,0.00,32,507.90,,4.9,1.9,0.22,0.82,0.8,0.7,1.0,1.9,12.4,70,75,76,72,68
2017-07-16 09:00,2191,77,74,0.00,23,528.50,,4.8,2.0,0.21,0.87,0.8,0.6,1.4,1.9,12.1,71,75,76,73,68
2017-07-16 10:00,2191,81,77,0.00,22,857.00,,6.1,2.4,0.21,1.00,1.0,0.6,1.4,1.9,12.1,73,74,76,72,68
2017-07-16 11:00,2191,82,81,0.00,17,779.30,,8.6,3.1,0.18,1.09,1.0,0.6,0.9,1.4,12.1,77,74,75,73,68
2017-07-16 12:00,2191,82,82,0.00,16,544.30,,14.9,3.7,0.17,1.09,0.5,0.7,1.4,1.9,12.1,81,75,75,73,68
2017-07-16 13:00,2191,85,82,0.00,16,859.00,,16.2,4.5,0.19,1.14,0.6,1.1,1.4,1.9,12.4,84,76,75,72,68
2017-07-16 14:00,2191,85,83,0.00,15,810.00,,12.1,4.8,0.18,1.19,0.3,0.6,1.4,1.4,12.1,87,77,75,72,68
2017-07-16 15:00,2191,85,81,0.00,16,546.40,,14.0,4.7,0.20,1.15,0.4,0.6,1.4,1.9,12.6,90,78,75,72,68
2017-07-16 16:00,2191,83,81,0.00,20,535.90,,14.0,4.7,0.22,1.10,0.8,0.4,0.9,1.4,12.2,92,80,76,73,68
2017-07-16 17:00,2191,82,76,0.00,19,188.30,,15.7,5.0,0.22,1.01,0.8,1.1,1.4,1.4,12.2,94,81,76,72,68
2017-07-16 18:00,2191,77,73,0.00,24,60.41,,10.9,4.1,0.25,0.90,0.4,1.1,1.4,1.4,12.1,94,82,76,73,68
2017-07-16 19:00,2191,73,69,0.00,35,5.45,,8.7,1.6,0.30,0.78,0.4,0.8,1.5,1.4,12.1,92,82,77,72,68
2017-07-16 20:00,2191,69,66,0.00,43,0.00,,5.9,1.8,0.32,0.68,0.6,0.9,1.2,1.9,12.1,90,82,77,72,68
2017-07-16 21:00,2191,67,65,0.00,47,0.01,,5.7,1.4,0.31,0.65,0.5,1.1,1.3,1.4,12.1,87,82,77,73,68
2017-07-16 22:00,2191,65,62,0.00,49,0.00,,2.9,0.8,0.29,0.61,0.5,1.1,1.3,1.9,12.1,85,82,78,73,68
2017-07-16 23:00,2191,63,61,0.00,51,0.00,,2.0,0.4,0.30,0.56,1.2,1.1,2.0,1.4,11.8,82,82,78,72,68
2017-07-17 00:00,2191,61,60,0.00,58,0.00,,3.0,0.7,0.30,0.53,1.1,0.5,1.3,1.9,12.4,80,81,78,73,68
2017-07-17 01:00,2191,63,61,0.00,52,0.00,,2.4,0.6,0.27,0.55,1.1,0.9,1.5,1.9,12.4,78,80,78,72,68
2017-07-17 02:00,2191,61,57,0.00,49,0.00,,3.1,0.1,0.26,0.50,0.9,0.9,1.5,1.9,12.4,76,79,77,72,68
2017-07-17 03:00,2191,57,56,0.00,54,0.00,,1.8,0.4,0.23,0.47,0.8,0.9,1.5,1.9,12.4,74,78,77,73,68
2017-07-17 04:00,2191,56,53,0.00,52,1.27,,2.0,0.7,0.27,0.43,0.8,0.8,1.5,1.9,12.4,72,77,77,73,68
2017-07-17 05:00,2191,56,53,0.00,69,19.24,,2.1,0.3,0.27,0.42,0.8,0.7,1.5,1.9,12.4,70,76,76,73,68
2017-07-17 06:00,2191,68,56,0.00,54,212.20,,2.7,0.3,0.26,0.55,0.6,0.4,1.4,1.9,12.4,69,76,76,73,68
2017-07-17 07:00,2191,72,68,0.00,37,502.80,,3.7,0.8,0.27,0.74,0.5,0.7,1.4,1.9,12.4,67,75,76,73,68
2017-07-17 08:00,2191,78,71,0.00,38,691.30,,7.1,2.1,0.22,0.85,0.5,0.8,1.4,1.9,12.4,66,74,76,73,68
2017-07-17 09:00,2191,78,77,0.00,16,847.00,,13.0,4.7,0.13,0.94,0.6,0.8,1.3,1.9,12.1,68,73,75,73,68
2017-07-17 10:00,2191,80,77,0.00,12,958.00,,18.1,6.7,0.12,0.98,0.8,0.8,1.3,1.4,12.1,71,73,75,73,68
2017-07-17 11:00,2191,81,79,0.00,12,981.00,,15.2,7.0,0.12,1.03,0.0,0.8,1.3,1.4,12.1,76,73,74,73,68
2017-07-17 12:00,2191,81,80,0.00,11,1008.00,,18.3,7.9,0.12,1.05,0.5,0.8,1.3,1.4,12.4,80,73,74,73,68
2017-07-17 13:00,2191,82,80,0.00,13,953.00,,14.8,5.8,0.14,1.07,0.6,1.1,1.3,1.4,12.4,85,75,74,73,68
2017-07-17 14:00,2191,82,81,0.00,14,842.00,,15.1,5.3,0.15,1.08,0.3,0.8,1.3,1.4,12.4,89,76,74,72,68
2017-07-17 15:00,2191,82,78,0.00,14,680.80,,18.9,7.2,0.16,1.04,0.8,0.6,1.3,1.4,12.6,92,78,75,72,68
2017-07-17 16:00,2191,79,78,0.00,17,495.40,,13.9,6.3,0.16,0.98,0.8,0.4,1.3,1.4,12.6,94,80,75,72,68
2017-07-17 17:00,2191,78,74,0.00,16,251.10,,13.5,4.8,0.14,0.92,0.8,1.1,1.4,1.4,12.4,96,82,76,73,68
2017-07-17 18:00,2191,74,71,0.00,14,25.97,,14.6,4.9,0.11,0.82,0.4,0.8,1.3,1.4,12.4,95,82,76,72,68
2017-07-17 19:00,2191,71,65,0.00,15,1.90,,11.0,2.5,0.13,0.70,0.6,0.9,1.0,1.4,12.1,93,83,77,72,68
2017-07-17 20:00,2191,66,62,0.00,22,0.00,,7.6,2.7,0.14,0.61,0.8,0.9,1.5,1.6,12.1,90,83,77,72,68
2017-07-17 21:00,2191,67,62,0.00,25,0.00,,9.4,3.8,0.12,0.60,0.7,1.2,1.5,1.4,12.1,87,82,78,72,68
2017-07-17 22:00,2191,67,60,0.00,15,0.00,,5.4,1.8,0.11,0.56,1.2,1.1,1.5,1.4,12.1,84,82,78,72,68
2017-07-17 23:00,2191,62,60,0.00,20,0.00,,10.3,2.5,0.09,0.53,1.1,0.5,1.0,1.4,11.8,81,82,78,73,68
2017-07-18 00:00,2191,60,58,0.00,17,0.00,,10.2,2.6,0.09,0.50,0.9,0.9,1.5,1.4,12.4,78,80,78,73,68
2017-07-18 01:00,2191,58,56,0.00,20,0.00,,6.9,1.5,0.10,0.48,0.7,0.9,1.5,1.4,12.4,76,80,78,72,68
2017-07-18 02:00,2191,59,56,0.00,21,0.00,,5.1,1.5,0.10,0.47,0.8,1.1,1.0,1.4,12.4,73,79,78,73,68
2017-07-18 03:00,2191,58,53,0.00,21,0.00,,4.7,1.2,0.11,0.46,0.6,1.1,1.3,1.9,12.4,71,77,77,72,68
2017-07-18 04:00,2191,57,53,0.00,28,1.47,,6.8,1.5,0.12,0.41,0.6,0.7,1.3,1.4,12.4,69,76,77,73,68
2017-07-18 05:00,2191,57,55,0.00,19,18.92,,5.0,1.4,0.09,0.46,0.5,0.7,1.3,1.9,12.4,67,76,76,73,68
2017-07-18 06:00,2191,68,56,0.00,27,219.80,,4.1,1.4,0.13,0.51,0.5,0.8,1.3,1.4,12.4,65,74,76,73,68
2017-07-18 07:00,2191,71,67,0.00,19,517.10,,13.6,2.5,0.12,0.68,0.5,0.8,1.3,1.4,12.4,64,73,76,73,68
2017-07-18 08:00,2191,73,71,0.00,9,705.50,,21.4,8.3,0.07,0.79,0.5,0.2,0.5,1.4,11.8,63,72,75,73,68
2017-07-18 09:00,2191,75,73,0.00,10,859.00,,18.6,10.0,0.09,0.84,0.5,0.2,0.5,1.4,12.1,65,71,75,73,68
2017-07-18 10:00,2191,77,74,0.00,12,960.00,,18.1,9.5,0.12,0.89,0.6,0.4,1.5,1.4,12.1,69,71,74,73,68
2017-07-18 11:00,2191,79,77,0.00,14,978.00,,17.4,8.7,0.13,0.94,1.0,0.4,1.5,1.6,12.4,73,71,74,72,68
2017-07-18 12:00,2191,79,78,0.00,14,1005.00,,18.0,8.6,0.14,0.98,0.0,0.8,0.7,1.4,12.4,77,72,73,72,68
2017-07-18 13:00,2191,80,79,0.00,15,948.00,,19.0,8.6,0.15,0.99,0.5,0.8,0.7,1.6,12.4,82,73,73,73,68
2017-07-18 14:00,2191,80,78,0.00,15,836.00,,18.4,10.2,0.15,0.98,0.6,0.6,0.7,1.6,12.4,86,75,73,73,68
2017-07-18 15:00,2191,78,76,0.00,15,668.20,,16.9,9.9,0.16,0.97,0.7,1.1,1.5,1.6,12.4,89,76,74,73,68
2017-07-18 16:00,2191,76,75,0.00,18,468.60,,18.8,9.0,0.16,0.90,1.1,0.8,0.5,2.0,12.4,92,78,74,72,68
2017-07-18 17:00,2191,75,73,0.00,19,235.70,,15.7,7.2,0.16,0.86,0.4,0.9,1.3,2.0,12.4,93,80,75,72,69
2017-07-18 18:00,2191,73,70,0.00,20,27.98,,12.9,5.5,0.15,0.79,0.4,0.5,1.3,1.4,12.4,92,80,76,73,68
2017-07-18 19:00,2191,70,66,0.00,21,1.86,,7.7,2.4,0.15,0.70,0.6,1.1,1.3,1.4,12.4,90,81,76,73,69
2017-07-18 20:00,2191,66,63,0.00,23,0.00,,6.3,1.8,0.15,0.62,0.3,0.7,1.3,1.7,12.1,87,81,76,72,69
2017-07-18 21:00,2191,64,60,0.00,26,0.00,,6.1,1.4,0.16,0.58,1.2,0.5,1.3,1.4,12.1,85,81,77,72,69
2017-07-18 22:00,2191,61,59,0.00,34,0.00,,2.7,1.1,0.17,0.53,1.1,0.6,1.3,1.6,12.1,82,80,77,72,69
2017-07-18 23:00,2191,59,56,0.00,32,0.00,,2.0,0.3,0.16,0.47,1.1,0.9,1.3,1.6,12.1,79,80,77,72,69
2017-07-19 00:00,2191,56,55,0.00,35,0.00,,1.5,0.3,0.15,0.45,0.7,0.9,1.3,1.6,12.5,76,79,77,72,69
2017-07-19 01:00,2191,55,51,0.00,33,0.00,,2.5,0.5,0.16,0.41,0.8,0.7,1.3,1.6,12.5,74,78,77,72,69
2017-07-19 02:00,2191,54,51,0.00,40,0.00,,2.9,0.7,0.15,0.39,0.6,0.7,1.3,1.4,12.5,71,77,76,72,69
2017-07-19 03:00,2191,55,51,0.00,35,0.00,,2.5,0.4,0.15,0.40,0.6,0.7,1.3,1.4,12.5,70,76,76,72,69
2017-07-19 04:00,2191,53,51,0.00,42,0.99,,1.4,0.2,0.15,0.39,0.4,0.7,1.3,1.4,12.5,68,75,76,73,69
2017-07-19 05:00,2191,55,51,0.00,35,21.02,,1.5,0.2,0.15,0.40,0.7,0.8,1.3,1.4,12.5,66,74,76,72,69
2017-07-19 06:00,2191,65,55,0.00,35,204.90,,3.2,0.5,0.16,0.48,0.4,0.8,0.5,1.4,12.5,64,73,75,72,69
2017-07-19 07:00,2191,70,65,0.00,24,493.10,,3.4,1.1,0.17,0.67,0.3,0.2,0.7,1.4,12.5,63,72,75,73,69
2017-07-19 08:00,2191,73,70,0.00,27,682.20,,4.8,1.7,0.18,0.75,0.5,0.4,0.7,1.6,11.8,62,71,74,73,69
2017-07-19 09:00,2191,77,73,0.00,20,840.00,,6.1,2.1,0.17,0.89,0.5,0.4,0.7,1.4,12.1,64,71,74,73,69
2017-07-19 10:00,2191,81,77,0.00,19,947.00,,8.9,3.0,0.16,0.98,0.6,0.4,1.1,1.4,12.1,68,70,73,73,69
2017-07-19 11:00,2191,83,81,0.00,14,970.00,,8.8,3.1,0.15,1.07,1.0,0.4,1.0,2.0,12.4,73,70,73,72,69
2017-07-19 12:00,2191,85,81,0.00,13,998.00,,10.1,3.5,0.15,1.12,0.0,0.2,1.0,1.6,12.1,77,71,73,72,69
2017-07-19 13:00,2191,85,84,0.00,13,937.00,,10.3,3.1,0.15,1.20,0.5,0.8,1.0,2.0,12.4,82,73,73,72,69
2017-07-19 14:00,2191,85,84,0.00,14,823.00,,12.8,4.9,0.17,1.18,0.3,0.6,1.0,2.0,12.4,86,74,73,72,69
2017-07-19 15:00,2191,84,82,0.00,13,666.30,,13.7,4.1,0.18,1.14,0.7,1.1,0.7,2.0,12.4,90,76,73,72,69
2017-07-19 16:00,2191,83,79,0.00,16,478.90,,13.8,4.7,0.20,1.07,0.8,0.8,1.5,2.0,12.4,94,78,74,72,69
2017-07-19 17:00,2191,80,76,0.00,20,242.00,,16.1,3.5,0.21,0.97,1.1,0.7,0.7,2.0,12.6,95,80,74,72,69
2017-07-19 18:00,2191,76,70,0.00,23,26.26,,8.1,2.6,0.21,0.83,0.4,0.5,0.8,2.0,12.6,95,81,75,72,69
2017-07-19 19:00,2191,70,66,0.00,28,1.93,,7.2,1.6,0.21,0.70,0.6,1.1,1.5,2.0,12.4,93,82,76,72,69
2017-07-19 20:00,2191,67,65,0.00,31,0.00,,5.7,0.7,0.22,0.65,0.8,1.1,1.3,1.7,12.1,90,82,76,72,69
2017-07-19 21:00,2191,65,63,0.00,33,0.00,,2.5,0.8,0.21,0.60,0.3,1.4,0.6,1.9,12.1,87,82,77,72,69
2017-07-19 22:00,2191,63,62,0.00,38,0.00,,5.1,0.8,0.21,0.57,1.2,0.7,1.3,1.9,12.1,84,81,77,72,69
2017-07-19 23:00,2191,62,59,0.00,37,0.00,,2.6,0.6,0.22,0.53,0.9,0.6,1.3,1.7,11.8,82,80,77,72,69
2017-07-20 00:00,2191,59,58,0.00,44,0.00,,2.1,0.9,0.22,0.50,0.9,0.9,1.3,2.0,11.8,79,80,77,72,69
2017-07-20 01:00,2191,59,56,0.00,44,0.00,,2.4,0.5,0.22,0.49,0.9,0.9,1.3,1.7,12.5,76,79,77,72,69
2017-07-20 02:00,2191,56,53,0.00,48,0.00,,1.8,0.6,0.22,0.43,0.7,0.7,0.6,2.0,12.5,75,78,77,72,69
2017-07-20 03:00,2191,55,53,0.00,54,0.00,,1.4,0.3,0.24,0.43,0.6,0.7,1.3,1.7,12.5,72,77,77,72,69
2017-07-20 04:00,2191,53,50,0.00,58,1.31,,2.0,0.3,0.22,0.38,0.6,0.7,1.5,1.4,12.5,71,76,76,72,69
2017-07-20 05:00,2191,55,51,0.00,58,24.51,,1.8,0.5,0.23,0.41,0.6,0.9,1.5,2.0,12.5,69,76,76,72,69
2017-07-20 06:00,2191,62,54,0.00,57,185.50,,2.8,0.7,0.24,0.48,0.5,0.8,0.8,1.6,12.5,67,75,76,72,69
2017-07-20 07:00,2191,68,62,0.00,45,456.40,,3.9,1.0,0.23,0.62,0.5,0.8,0.8,1.6,11.8,66,74,76,73,69
2017-07-20 08:00,2191,72,68,0.00,32,652.80,,6.1,1.7,0.22,0.73,0.5,0.2,1.5,2.0,12.5,66,73,75,72,69
2017-07-20 09:00,2191,76,72,0.00,25,812.00,,8.1,2.3,0.19,0.86,0.6,0.4,1.1,2.0,12.1,67,72,74,72,69
2017-07-20 10:00,2191,79,75,0.00,20,923.00,,8.4,2.8,0.17,0.94,0.8,0.4,1.4,2.0,12.1,71,72,74,72,69
2017-07-20 11:00,2191,82,79,0.00,15,952.00,,10.2,2.9,0.16,1.02,1.0,0.4,1.4,2.0,12.4,75,72,74,73,69
2017-07-20 12:00,2191,84,81,0.00,15,977.00,,10.0,3.3,0.15,1.08,0.0,0.2,1.4,2.0,12.4,80,73,74,72,69
2017-07-20 13:00,2191,84,82,0.00,13,927.00,,9.0,3.3,0.16,1.14,0.6,0.8,1.4,2.0,12.6,84,74,74,73,69
2017-07-20 14:00,2191,85,84,0.00,14,819.00,,11.4,3.4,0.17,1.19,0.6,0.7,1.4,2.0,12.6,88,76,74,72,69
2017-07-20 15:00,2191,85,82,0.00,14,663.90,,10.3,4.6,0.17,1.16,0.8,1.1,1.4,2.0,12.6,92,78,74,72,69
2017-07-20 16:00,2191,82,81,0.00,16,487.10,,12.2,4.4,0.18,1.10,1.1,0.9,0.7,2.0,12.2,94,79,74,72,69
2017-07-20 17:00,2191,81,76,0.00,19,237.60,,8.5,3.1,0.21,1.01,1.1,0.7,0.8,2.0,12.6,96,81,75,72,69
2017-07-20 18:00,2191,76,70,0.00,26,25.99,,9.2,2.9,0.22,0.83,0.4,0.7,0.8,2.0,12.6,95,82,76,72,69
2017-07-20 19:00,2191,70,68,0.00,29,1.72,,5.7,2.5,0.21,0.70,0.6,1.4,1.5,2.0,12.4,93,82,76,72,69
2017-07-20 20:00,2191,68,64,0.00,30,0.00,,6.0,2.1,0.20,0.64,0.8,1.1,1.5,2.0,12.4,90,82,77,72,69
2017-07-20 21:00,2191,64,62,0.00,34,0.00,,4.2,1.3,0.20,0.59,0.3,1.4,1.3,2.0,12.1,87,82,77,72,69
2017-07-20 22:00,2191,62,59,0.00,34,0.00,,4.0,1.5,0.18,0.55,1.2,0.9,1.5,2.0,12.1,85,82,78,72,69
2017-07-20 23:00,2191,59,57,0.00,35,0.00,,4.2,1.8,0.17,0.50,1.0,0.9,0.6,2.0,12.1,82,81,78,72,69
2017-07-21 00:00,2191,57,56,0.00,36,0.00,,4.1,1.7,0.16,0.46,0.9,0.9,1.3,2.0,11.8,79,80,78,72,69
2017-07-21 01:00,2191,57,54,0.00,33,0.00,,3.0,1.3,0.15,0.45,0.9,1.2,0.8,2.0,12.5,77,80,78,72,69
2017-07-21 02:00,2191,54,53,0.00,34,0.00,,3.1,1.2,0.14,0.41,0.7,0.7,0.8,2.0,12.5,75,79,77,72,69
2017-07-21 03:00,2191,53,51,0.00,35,0.00,,2.9,1.0,0.14,0.39,0.6,0.7,0.8,2.0,12.5,72,78,77,72,69
2017-07-21 04:00,2191,51,49,0.00,39,1.27,,2.5,0.8,0.15,0.37,0.8,0.9,1.2,2.0,12.5,70,77,77,72,69
2017-07-21 05:00,2191,52,48,0.00,43,26.65,,2.0,0.8,0.15,0.36,0.6,0.9,1.2,2.0,12.5,69,76,76,73,69
2017-07-21 06:00,2191,64,52,0.00,41,194.80,,2.0,0.4,0.17,0.45,0.4,0.8,1.2,2.0,12.5,66,75,76,73,69
2017-07-21 07:00,2191,68,64,0.00,28,468.20,,3.8,1.2,0.18,0.62,0.4,0.2,1.2,2.0,11.8,65,73,76,72,69
2017-07-21 08:00,2191,72,68,0.00,23,658.10,,4.4,1.7,0.17,0.74,0.4,0.5,1.5,2.0,12.5,64,73,75,72,69
2017-07-21 09:00,2191,75,72,0.00,22,822.00,,6.4,2.6,0.14,0.82,0.5,0.4,1.5,2.0,12.1,66,72,75,73,69
2017-07-21 10:00,2191,80,75,0.00,17,981.00,,8.4,3.0,0.14,0.95,0.8,0.4,1.5,2.0,12.4,70,71,74,72,69
2017-07-21 11:00,2191,82,79,0.00,13,939.00,,8.5,2.7,0.14,1.04,1.0,0.4,1.4,2.0,12.4,74,71,74,72,69
2017-07-21 12:00,2191,83,82,0.00,13,979.00,,7.3,2.8,0.14,1.10,0.0,0.4,1.0,2.0,12.4,79,72,74,73,69
2017-07-21 13:00,2191,84,83,0.00,12,920.00,,10.2,3.2,0.15,1.15,0.0,0.8,1.0,2.0,12.6,83,74,74,72,69
2017-07-21 14:00,2191,85,83,0.00,13,804.00,,10.2,3.3,0.16,1.20,0.6,0.7,1.0,2.0,12.6,87,76,74,72,69
2017-07-21 15:00,2191,83,82,0.00,14,633.30,,13.5,5.3,0.15,1.13,1.1,0.7,1.0,2.0,12.2,91,77,74,72,69
2017-07-21 16:00,2191,82,80,0.00,13,451.50,,12.7,5.5,0.14,1.06,1.1,0.9,1.5,2.0,12.6,94,79,75,73,69
2017-07-21 17:00,2191,80,77,0.00,14,228.10,,10.5,3.5,0.15,1.01,0.4,0.9,1.5,1.2,12.6,95,80,75,72,69
2017-07-21 18:00,2191,77,72,0.00,15,28.24,,6.6,2.4,0.15,0.87,0.4,0.7,1.0,2.0,12.6,94,82,76,72,69
2017-07-21 19:00,2191,72,68,0.00,20,1.79,,6.9,1.4,0.16,0.74,0.6,0.7,1.2,2.0,12.4,92,82,76,72,69
2017-07-21 20:00,2191,69,68,0.00,22,0.00,,5.5,1.6,0.12,0.70,0.8,0.7,1.2,1.2,12.4,90,82,77,72,69
2017-07-21 21:00,2191,68,64,0.00,17,0.00,,5.9,2.0,0.13,0.65,0.3,0.9,1.5,1.2,12.4,87,82,77,72,69
2017-07-21 22:00,2191,64,61,0.00,23,0.00,,3.2,1.3,0.15,0.57,1.2,0.9,0.8,2.0,12.1,84,82,77,72,69
2017-07-21 23:00,2191,61,59,0.00,30,0.00,,3.6,1.4,0.16,0.52,0.9,0.9,1.2,2.0,12.1,82,81,78,72,69
2017-07-22 00:00,2191,59,58,0.00,34,0.00,,3.7,1.2,0.17,0.50,0.9,0.7,1.2,2.0,12.1,79,80,77,72,69
2017-07-22 01:00,2191,59,56,0.00,33,0.00,,2.4,0.7,0.16,0.48,0.9,0.7,1.9,2.0,11.8,76,79,77,73,69
2017-07-22 02:00,2191,56,53,0.00,35,0.00,,3.4,1.5,0.16,0.44,0.8,0.7,1.2,2.0,12.5,74,78,77,72,69
2017-07-22 03:00,2191,54,52,0.00,40,0.00,,2.2,1.0,0.17,0.41,0.8,0.7,1.5,2.0,11.8,72,77,77,73,69
2017-07-22 04:00,2191,53,52,0.00,43,1.18,,2.7,0.4,0.17,0.39,0.6,0.9,1.5,2.0,12.5,70,76,77,72,69
2017-07-22 05:00,2191,55,51,0.00,37,22.62,,2.7,0.7,0.16,0.40,0.6,0.9,1.5,2.0,12.5,69,76,76,73,69
2017-07-22 06:00,2191,66,55,0.00,35,207.10,,2.4,0.9,0.16,0.50,0.4,0.2,1.5,2.0,12.5,67,75,76,73,69
2017-07-22 07:00,2191,70,66,0.00,24,480.70,,5.3,1.5,0.17,0.66,0.4,0.5,1.0,2.0,12.5,66,74,76,73,69
2017-07-22 08:00,2191,74,69,0.00,26,669.00,,6.5,1.7,0.19,0.76,0.5,0.5,1.5,2.0,12.4,65,73,75,73,69
2017-07-22 09:00,2191,78,74,0.00,17,827.00,,6.1,2.1,0.14,0.89,0.5,0.4,1.5,2.0,12.1,67,72,75,73,69
2017-07-22 10:00,2191,81,78,0.00,15,934.00,,8.2,2.8,0.14,0.99,0.8,0.4,1.0,2.0,12.4,70,71,74,72,69
2017-07-22 11:00,2191,84,81,0.00,14,968.00,,7.5,3.1,0.14,1.09,0.8,0.4,1.2,2.0,12.4,75,72,74,73,69
2017-07-22 12:00,2191,84,83,0.00,13,984.00,,9.1,3.6,0.14,1.16,1.1,0.4,1.2,2.0,12.4,80,73,74,73,69
2017-07-22 13:00,2191,86,84,0.00,13,927.00,,9.6,3.1,0.15,1.22,0.0,0.2,1.2,1.2,12.0,84,74,74,73,69
2017-07-22 14:00,2191,87,84,0.00,12,823.00,,8.7,3.1,0.15,1.25,0.6,0.9,1.2,2.0,12.2,89,76,74,73,69
2017-07-22 15:00,2191,87,85,0.00,12,666.80,,6.7,2.7,0.15,1.26,1.1,0.7,1.0,1.2,12.6,92,78,74,72,69
2017-07-22 16:00,2191,86,84,0.00,13,474.70,,7.7,2.7,0.15,1.21,1.1,0.9,1.5,1.2,12.2,95,80,75,72,69
2017-07-22 17:00,2191,85,78,0.00,12,237.40,,12.7,3.7,0.21,1.11,0.4,0.9,1.0,1.2,12.6,97,81,76,73,69
2017-07-22 18:00,2191,78,73,0.00,24,20.84,,9.4,2.6,0.23,0.92,0.7,0.9,1.5,1.2,12.6,96,82,76,72,69
2017-07-22 19:00,2191,73,70,0.00,27,1.47,,5.2,1.4,0.22,0.79,0.9,0.7,1.0,1.2,12.4,95,83,76,72,69
2017-07-22 20:00,2191,70,66,0.00,31,0.00,,4.5,0.5,0.22,0.70,0.8,0.7,1.2,1.2,12.4,92,83,77,72,69
2017-07-22 21:00,2191,67,64,0.00,35,0.00,,2.8,1.1,0.22,0.65,0.5,0.7,1.2,1.2,12.1,89,83,78,72,69
2017-07-22 22:00,2191,65,62,0.00,39,0.00,,2.8,0.5,0.23,0.59,0.3,0.9,1.2,1.2,12.1,86,82,78,72,69
2017-07-22 23:00,2191,64,62,0.00,44,0.00,,3.7,0.9,0.22,0.58,1.0,0.9,1.2,1.2,12.1,83,82,78,72,69
2017-07-23 00:00,2191,63,60,0.00,37,0.00,,2.9,1.1,0.21,0.56,0.9,1.2,1.2,2.0,11.8,80,81,78,73,69
2017-07-23 01:00,2191,60,57,0.00,40,0.00,,2.5,1.2,0.21,0.50,0.9,0.7,1.2,2.0,11.8,78,80,78,73,69
2017-07-23 02:00,2191,57,56,0.00,46,0.00,,3.3,1.5,0.22,0.47,0.9,0.7,1.5,2.0,11.8,76,80,78,73,69
2017-07-23 03:00,2191,56,54,0.00,47,0.00,,3.4,1.6,0.21,0.44,0.8,0.9,1.5,2.0,12.2,74,79,77,72,69
2017-07-23 04:00,2191,57,54,0.00,49,1.04,,3.8,1.2,0.21,0.45,0.8,0.9,1.5,2.0,12.5,72,78,77,73,69
2017-07-23 05:00,2191,55,52,0.00,49,22.14,,3.8,0.8,0.22,0.41,0.6,0.2,1.5,2.0,12.5,71,77,77,73,69
2017-07-23 06:00,2191,67,55,0.00,58,210.10,,4.3,1.0,0.25,0.51,0.6,0.5,1.5,2.0,12.5,69,76,76,73,69
2017-07-23 07:00,2191,72,66,0.00,41,471.80,,4.3,1.0,0.25,0.71,0.4,0.5,1.0,2.0,11.8,68,75,76,73,69
2017-07-23 08:00,2191,78,72,0.00,29,659.20,,6.9,1.8,0.22,0.88,0.5,0.5,1.0,2.0,11.8,67,74,76,73,69
2017-07-23 09:00,2191,81,78,0.00,24,816.00,,7.4,2.5,0.21,1.01,0.6,0.5,1.2,2.0,12.4,69,73,76,73,69
2017-07-23 10:00,2191,84,81,0.00,18,932.00,,8.6,2.7,0.18,1.11,0.8,0.5,1.2,1.2,12.4,73,73,75,73,69
2017-07-23 11:00,2191,85,83,0.00,16,900.00,,9.5,3.2,0.18,1.16,1.0,0.5,1.2,1.2,12.4,77,73,75,73,69
2017-07-23 12:00,2191,86,83,0.00,15,819.00,,10.2,3.2,0.19,1.20,1.1,0.5,1.2,1.2,12.6,82,74,75,73,69
2017-07-23 13:00,2191,87,83,0.00,16,766.10,,15.1,5.3,0.17,1.17,0.3,0.2,1.2,1.2,12.6,85,76,75,73,69
2017-07-23 14:00,2191,87,85,0.00,14,785.30,,15.0,5.4,0.18,1.25,1.0,0.9,1.2,1.2,12.2,89,77,75,73,69
2017-07-23 15:00,2191,85,83,0.00,16,690.80,,13.8,5.3,0.21,1.21,1.1,0.7,1.2,1.2,12.6,92,79,75,73,69
2017-07-23 16:00,2191,85,82,0.00,19,478.70,,12.8,5.2,0.22,1.16,0.4,1.2,1.2,1.2,12.2,94,80,76,73,69
2017-07-23 17:00,2191,82,79,0.00,20,274.00,,11.3,3.9,0.23,1.09,0.4,0.9,1.0,1.2,12.2,96,82,76,73,69
2017-07-23 18:00,2191,79,74,0.00,23,47.53,,13.6,4.4,0.24,0.95,0.4,0.9,1.5,1.2,12.2,96,82,76,73,69
2017-07-23 19:00,2191,74,71,0.00,30,1.70,,9.9,3.0,0.25,0.82,0.6,0.9,1.2,1.2,12.6,94,83,77,73,69
2017-07-23 20:00,2191,71,69,0.00,34,0.00,,4.9,1.3,0.26,0.74,0.8,0.9,1.2,1.2,12.4,92,83,78,72,69
2017-07-23 21:00,2191,70,66,0.00,38,0.00,,3.3,0.9,0.28,0.71,0.3,0.9,1.2,1.2,12.4,89,83,78,73,69
2017-07-23 22:00,2191,68,66,0.00,42,0.00,,3.2,0.9,0.29,0.66,0.3,0.9,1.2,1.2,12.4,87,83,78,73,69
2017-07-23 23:00,2191,67,64,0.00,42,0.00,,2.2,0.4,0.28,0.63,1.2,0.9,1.5,1.2,12.1,84,82,78,73,69
2017-07-24 00:00,2191,65,64,0.00,45,0.00,,3.2,0.7,0.31,0.61,1.0,0.8,1.3,2.0,12.4,82,82,78,73,69
2017-07-24 01:00,2191,64,62,0.00,47,0.00,,2.3,0.5,0.30,0.59,0.9,0.7,1.3,2.0,11.9,80,81,78,73,69
2017-07-24 02:00,2191,63,61,0.00,53,0.00,,1.8,0.3,0.30,0.56,0.9,0.7,1.3,2.0,11.9,79,80,78,73,69
2017-07-24 03:00,2191,62,59,0.00,53,0.00,,2.5,0.3,0.29,0.53,0.9,0.9,1.5,2.0,11.9,77,80,78,73,69
2017-07-24 04:00,2191,59,57,0.00,62,0.94,,1.6,0.2,0.33,0.48,0.9,0.9,1.5,2.0,12.2,75,79,78,73,69
2017-07-24 05:00,2191,58,56,0.00,72,23.81,,1.5,0.3,0.33,0.46,0.6,0.9,1.5,2.0,12.5,73,78,77,73,69
2017-07-24 06:00,2191,69,58,0.00,67,206.00,,2.4,0.7,0.31,0.58,0.6,0.2,1.5,2.0,12.5,72,77,77,73,69
2017-07-24 07:00,2191,71,69,0.00,40,455.50,,3.9,1.2,0.31,0.72,0.6,0.5,1.5,2.0,11.9,71,76,77,73,69
2017-07-24 08:00,2191,74,71,0.00,43,609.90,,6.9,2.2,0.32,0.80,0.6,0.5,1.5,2.0,12.1,70,76,76,73,69
2017-07-24 09:00,2191,78,72,0.00,33,491.40,,6.8,2.2,0.27,0.82,0.6,0.5,1.0,2.0,12.4,71,75,76,73,69
2017-07-24 10:00,2191,78,73,0.00,27,343.40,,6.7,1.8,0.31,0.88,0.8,0.5,1.4,1.2,12.4,74,75,76,73,69
2017-07-24 11:00,2191,75,73,0.00,33,376.80,,7.6,1.8,0.30,0.84,1.0,0.5,0.9,1.2,12.4,77,75,76,73,69
2017-07-24 12:00,2191,74,68,0.00,34,251.60,,10.1,2.3,0.32,0.81,0.4,0.5,1.4,1.2,12.4,78,75,76,73,69
2017-07-24 13:00,2191,68,62,0.14,50,204.60,,6.2,1.3,0.40,0.62,0.4,0.2,1.4,1.2,12.4,79,76,75,73,69
2017-07-24 14:00,2191,69,65,0.00,71,416.10,,6.8,2.7,0.45,0.64,1.1,0.2,1.5,1.2,12.4,79,76,76,73,69
2017-07-24 15:00,2191,71,69,0.00,58,587.60,,8.3,2.9,0.39,0.73,1.0,0.9,1.5,1.2,12.4,79,76,76,73,69
2017-07-24 16:00,2191,70,69,0.00,49,366.20,,6.3,2.4,0.35,0.73,1.0,0.9,1.0,1.2,12.4,78,76,76,73,69
2017-07-24 17:00,2191,70,69,0.00,48,217.30,,4.7,1.4,0.37,0.74,0.0,0.9,1.0,1.2,12.4,78,77,76,73,69
2017-07-24 18:00,2191,69,66,0.00,52,23.74,,3.4,0.9,0.37,0.69,0.0,0.9,1.5,1.2,12.4,78,77,76,73,69
2017-07-24 19:00,2191,66,62,0.00,55,1.38,,5.2,0.9,0.33,0.61,0.0,0.9,1.0,1.2,12.4,77,77,76,73,69
2017-07-24 20:00,2191,62,60,0.00,55,0.00,,2.3,0.6,0.31,0.54,0.0,0.9,1.8,1.2,12.4,76,77,76,73,69
2017-07-24 21:00,2191,61,60,0.00,60,0.00,,1.9,0.3,0.32,0.52,1.0,0.9,1.3,1.2,12.4,73,76,76,73,69
2017-07-24 22:00,2191,60,58,0.00,64,0.00,,3.1,0.5,0.33,0.50,0.8,0.9,1.4,1.2,12.1,71,76,76,73,69
2017-07-24 23:00,2191,58,57,0.00,67,0.00,,2.1,0.2,0.31,0.47,0.9,0.9,1.7,1.2,11.9,70,75,76,73,69
2017-07-25 00:00,2191,58,55,0.00,60,0.00,,2.5,0.5,0.32,0.47,0.8,0.2,1.9,1.2,12.2,69,74,75,73,69
2017-07-25 01:00,2191,55,52,0.00,78,0.00,,2.1,0.5,0.32,0.41,0.8,0.2,1.9,1.2,11.9,67,73,75,73,69
2017-07-25 02:00,2191,53,53,0.00,77,0.00,,2.1,0.5,0.30,0.40,0.7,0.4,1.9,1.2,11.9,66,73,75,73,69
2017-07-25 03:00,2191,53,52,0.00,73,0.00,,1.6,0.3,0.29,0.40,0.8,0.4,1.2,2.0,11.9,64,72,74,73,69
2017-07-25 04:00,2191,52,50,0.00,79,0.74,,1.6,0.3,0.30,0.38,0.7,0.4,1.2,1.2,12.5,63,71,74,72,69
2017-07-25 05:00,2191,52,50,0.00,82,20.82,,2.5,0.7,0.30,0.37,0.7,0.4,1.2,2.0,12.5,62,70,73,72,69
2017-07-25 06:00,2191,62,52,0.00,78,211.30,,1.8,0.3,0.31,0.45,0.7,0.4,1.2,1.2,12.5,61,70,73,72,69
2017-07-25 07:00,2191,65,62,0.00,61,464.90,,3.7,1.1,0.35,0.60,0.6,0.4,1.4,1.2,12.5,60,69,73,73,69
2017-07-25 08:00,2191,70,65,0.00,57,679.50,,6.8,2.3,0.36,0.66,0.6,0.6,1.4,1.2,11.9,60,68,72,72,69
2017-07-25 09:00,2191,70,68,0.00,48,535.90,,7.0,2.2,0.36,0.72,0.7,0.4,1.4,1.2,12.4,62,67,72,73,69
2017-07-25 10:00,2191,74,69,0.00,49,579.40,,6.8,2.1,0.36,0.75,0.8,0.4,1.4,1.2,12.4,65,67,71,72,69
2017-07-25 11:00,2191,74,71,0.00,40,664.50,,8.8,2.7,0.33,0.82,1.0,0.4,1.4,1.4,12.4,69,68,71,72,69
2017-07-25 12:00,2191,76,72,0.00,39,664.00,,7.1,2.0,0.32,0.84,0.1,0.4,1.4,1.2,12.4,72,69,71,72,69
2017-07-25 13:00,2191,78,76,0.00,35,713.30,,11.6,2.9,0.29,0.91,0.6,0.1,1.4,1.4,12.4,76,70,71,72,69
2017-07-25 14:00,2191,78,70,0.00,25,487.60,,17.0,6.5,0.26,0.83,0.1,0.8,1.4,1.4,12.0,78,71,71,72,69
2017-07-25 15:00,2191,77,74,0.00,32,626.40,,12.4,4.8,0.26,0.89,0.0,0.8,1.4,1.4,12.6,80,73,71,72,69
2017-07-25 16:00,2191,77,75,0.00,26,483.80,,11.7,4.3,0.24,0.91,0.9,0.6,1.4,1.4,12.6,82,74,72,72,69
2017-07-25 17:00,2191,75,71,0.00,27,249.80,,10.7,4.1,0.25,0.83,0.9,0.9,1.2,1.4,12.6,83,75,72,72,69
2017-07-25 18:00,2191,71,66,0.00,34,19.38,,10.5,3.5,0.25,0.71,0.9,0.6,0.9,1.4,12.6,83,76,73,72,69
2017-07-25 19:00,2191,66,63,0.00,39,1.24,,9.8,3.4,0.25,0.62,0.6,0.6,0.9,1.4,12.4,81,76,73,71,69
2017-07-25 20:00,2191,63,61,0.00,45,0.00,,10.1,2.9,0.26,0.57,0.2,0.6,1.3,1.4,12.4,79,76,73,71,69
2017-07-25 21:00,2191,62,61,0.00,48,0.00,,7.7,2.6,0.26,0.55,0.1,0.8,1.7,1.4,12.4,76,76,74,71,69
2017-07-25 22:00,2191,61,58,0.00,48,0.00,,4.6,0.7,0.27,0.51,0.4,0.8,1.7,1.4,12.4,74,76,74,72,69
2017-07-25 23:00,2191,58,55,0.00,55,0.00,,2.4,0.4,0.28,0.48,0.3,0.8,1.7,1.4,12.4,72,75,74,71,69
2017-07-26 00:00,2191,55,53,0.00,63,0.00,,2.4,0.3,0.27,0.42,0.1,0.8,1.7,1.4,12.2,70,74,74,71,69
2017-07-26 01:00,2191,55,52,0.00,62,0.00,,4.3,0.6,0.27,0.42,0.0,0.4,1.7,1.4,12.2,68,73,74,71,69
2017-07-26 02:00,2191,55,52,0.00,67,0.00,,2.2,0.6,0.27,0.41,0.0,0.6,1.7,1.4,11.9,66,72,73,72,69
2017-07-26 03:00,2191,53,51,0.00,67,0.00,,1.6,0.1,0.27,0.38,0.2,0.6,1.6,1.4,11.9,64,71,73,71,69
2017-07-26 04:00,2191,52,48,0.00,71,0.91,,1.8,0.3,0.27,0.37,0.9,0.8,1.6,1.4,12.5,63,71,73,71,69
2017-07-26 05:00,2191,52,48,0.00,78,19.53,,1.9,0.5,0.27,0.35,0.9,0.8,1.6,1.4,12.5,61,70,73,71,69
2017-07-26 06:00,2191,62,52,0.00,70,221.40,,3.0,0.6,0.28,0.45,0.9,0.8,0.9,1.4,12.5,60,69,72,71,69
2017-07-26 07:00,2191,66,62,0.00,48,479.40,,3.9,1.1,0.30,0.61,0.8,0.7,1.6,1.4,12.5,59,68,72,72,69
2017-07-26 08:00,2191,69,66,0.00,48,667.80,,6.1,1.8,0.30,0.66,0.8,0.7,1.9,1.4,11.9,59,67,71,72,69
2017-07-26 09:00,2191,72,69,0.00,41,828.00,,8.0,2.8,0.28,0.74,0.0,0.7,1.1,1.4,12.2,61,67,71,72,69
2017-07-26 10:00,2191,76,72,0.00,33,697.20,,7.2,2.3,0.25,0.82,0.2,0.7,1.1,1.4,12.4,65,66,71,71,69
2017-07-26 11:00,2191,76,74,0.00,27,736.20,,10.1,3.1,0.23,0.88,0.4,0.7,1.3,1.4,12.4,69,67,70,71,69
2017-07-26 12:00,2191,77,72,0.00,27,581.20,,10.4,3.1,0.24,0.88,0.5,0.7,1.3,1.4,12.4,73,68,70,71,69
2017-07-26 13:00,2191,76,72,0.00,31,790.70,,11.5,4.0,0.25,0.85,0.5,0.3,1.3,1.4,12.6,77,70,70,71,69
2017-07-26 14:00,2191,77,74,0.00,28,609.30,,12.5,4.3,0.26,0.89,0.5,0.8,1.8,1.4,12.2,80,71,70,71,69
2017-07-26 15:00,2191,77,76,0.00,28,638.00,,12.9,5.1,0.25,0.92,0.4,0.5,1.6,1.4,12.2,82,73,71,71,69
2017-07-26 16:00,2191,76,75,0.00,28,473.90,,11.9,4.3,0.26,0.89,1.1,0.6,1.6,1.4,12.2,84,75,71,71,69
2017-07-26 17:00,2191,75,71,0.00,30,239.30,,11.3,4.2,0.27,0.84,0.8,1.0,1.6,1.4,12.2,85,76,72,71,69
2017-07-26 18:00,2191,71,66,0.00,37,19.21,,12.0,4.5,0.30,0.72,0.4,1.1,1.3,1.4,12.0,85,77,73,71,69
2017-07-26 19:00,2191,66,65,0.00,46,1.11,,13.7,4.3,0.30,0.64,0.6,1.1,1.3,1.4,12.0,83,77,73,71,69
2017-07-26 20:00,2191,67,65,0.00,48,0.00,,12.8,3.9,0.28,0.63,0.6,1.1,1.0,1.4,12.4,80,78,73,71,69
2017-07-26 21:00,2191,67,62,0.00,37,0.00,,12.5,3.9,0.26,0.63,0.3,1.1,1.0,1.4,12.4,78,77,74,71,69
2017-07-26 22:00,2191,62,59,0.00,56,0.00,,3.2,0.6,0.31,0.54,0.3,1.1,1.4,1.4,12.4,76,76,74,71,69
2017-07-26 23:00,2191,59,58,0.00,61,0.00,,2.6,0.6,0.32,0.49,0.5,1.0,1.4,1.4,12.4,74,76,74,71,69
2017-07-27 00:00,2191,58,57,0.00,64,0.00,,3.5,1.0,0.32,0.48,0.5,1.0,1.0,1.4,12.2,72,75,74,71,69
2017-07-27 01:00,2191,58,52,0.00,60,0.00,,1.4,0.3,0.30,0.44,0.5,0.4,1.2,1.4,11.9,70,74,74,71,69
2017-07-27 02:00,2191,54,52,0.00,73,0.00,,2.5,0.7,0.27,0.40,0.4,0.5,1.4,1.4,11.9,68,73,74,71,69
2017-07-27 03:00,2191,55,54,0.00,64,0.00,,2.7,1.0,0.26,0.43,0.0,0.5,1.2,1.4,11.9,66,73,73,71,69
2017-07-27 04:00,2191,54,53,0.00,61,0.81,,2.6,1.0,0.26,0.41,0.0,0.5,1.2,1.4,12.5,65,72,73,71,69
2017-07-27 05:00,2191,54,52,0.00,63,21.49,,4.4,1.8,0.26,0.40,0.0,0.5,1.2,1.4,11.9,64,71,73,71,69
2017-07-27 06:00,2191,63,54,0.00,61,213.90,,3.1,1.3,0.27,0.47,0.0,0.5,1.2,1.4,12.5,62,70,73,71,69
2017-07-27 07:00,2191,67,63,0.00,48,473.10,,4.7,1.2,0.29,0.61,0.0,0.3,1.2,1.4,11.9,61,69,72,71,69
2017-07-27 08:00,2191,71,67,0.00,43,659.90,,5.3,2.2,0.29,0.69,0.0,0.3,1.1,1.4,12.2,61,69,72,71,69
2017-07-27 09:00,2191,75,71,0.00,37,818.00,,6.6,1.8,0.27,0.79,0.0,0.3,1.5,1.4,12.4,63,68,71,71,69
2017-07-27 10:00,2191,76,74,0.00,28,926.00,,7.2,3.0,0.24,0.87,0.1,0.3,1.0,1.4,12.4,67,67,71,71,69
2017-07-27 11:00,2191,78,76,0.00,25,983.00,,10.0,3.6,0.23,0.94,0.1,0.3,1.0,1.4,12.4,71,68,71,71,69
2017-07-27 12:00,2191,82,78,0.00,22,1052.00,,8.4,3.6,0.21,1.01,0.5,0.5,1.4,1.4,12.4,76,69,71,71,69
2017-07-27 13:00,2191,82,77,0.00,19,327.90,,9.7,2.6,0.20,0.97,0.4,0.5,1.1,1.4,12.6,81,71,71,71,69
2017-07-27 14:00,2191,80,77,0.00,22,389.10,,14.6,3.0,0.21,0.96,1.1,0.3,1.4,1.4,12.2,85,73,71,71,69
2017-07-27 15:00,2191,81,80,0.00,19,668.80,,14.6,4.9,0.19,1.04,0.7,1.0,1.1,1.4,12.2,86,75,71,71,69
2017-07-27 16:00,2191,81,79,0.00,14,494.00,,10.8,4.1,0.16,1.04,0.7,0.4,1.1,1.4,12.2,86,76,72,71,69
2017-07-27 17:00,2191,79,74,0.00,19,245.20,,11.2,4.2,0.21,0.96,1.1,0.9,1.2,1.4,12.2,87,78,73,71,69
2017-07-27 18:00,2191,74,70,0.00,27,28.22,,8.3,3.4,0.24,0.80,0.8,1.2,1.0,1.4,12.6,87,79,73,71,69
2017-07-27 19:00,2191,70,68,0.00,33,1.22,,10.5,3.7,0.24,0.71,0.8,1.2,1.0,1.4,12.4,85,79,74,71,69
2017-07-27 20:00,2191,68,63,0.00,34,0.00,,8.6,2.9,0.23,0.67,0.6,1.2,1.5,1.4,12.4,83,79,74,71,69
2017-07-27 21:00,2191,63,60,0.00,42,0.00,,5.4,1.3,0.25,0.55,0.6,1.0,1.5,1.4,12.4,80,78,74,71,69
2017-07-27 22:00,2191,61,60,0.00,45,0.00,,4.1,1.4,0.23,0.53,0.3,0.7,1.5,1.4,12.4,78,78,75,71,69
2017-07-27 23:00,2191,60,58,0.00,46,0.00,,5.0,1.9,0.24,0.50,0.3,0.9,1.5,1.4,12.4,76,77,75,71,69
2017-07-28 00:00,2191,58,56,0.00,49,0.00,,5.3,1.9,0.23,0.48,0.5,0.4,1.5,1.4,12.2,74,76,75,71,69
2017-07-28 01:00,2191,56,54,0.00,51,0.00,,3.4,1.6,0.23,0.44,0.5,0.7,1.5,1.4,12.2,72,76,75,71,69
2017-07-28 02:00,2191,55,54,0.00,55,0.00,,2.8,1.4,0.23,0.43,0.5,0.7,1.5,1.4,12.2,70,75,75,71,69
2017-07-28 03:00,2191,55,54,0.00,53,0.00,,4.2,1.7,0.23,0.43,0.0,1.0,1.0,1.4,11.9,69,74,74,71,69
2017-07-28 04:00,2191,55,51,0.00,51,0.72,,4.3,1.0,0.22,0.40,0.0,1.0,1.0,1.4,11.9,67,73,74,71,69
2017-07-28 05:00,2191,53,50,0.00,61,17.66,,2.0,0.6,0.23,0.37,0.0,1.0,1.0,1.4,12.2,65,72,73,71,69
2017-07-28 06:00,2191,63,53,0.00,59,210.90,,3.0,0.6,0.25,0.48,0.0,0.5,1.4,1.4,12.5,64,71,73,71,69
2017-07-28 07:00,2191,68,63,0.00,48,471.10,,3.8,1.4,0.26,0.61,0.2,0.5,1.2,1.4,11.9,63,70,73,71,69
2017-07-28 08:00,2191,74,68,0.00,39,663.90,,4.6,1.6,0.25,0.75,0.8,0.5,1.2,1.4,12.2,62,70,72,71,69
2017-07-28 09:00,2191,77,74,0.00,26,824.00,,7.1,2.7,0.22,0.87,0.0,0.5,1.1,1.4,12.4,64,69,72,71,69
2017-07-28 10:00,2191,79,76,0.00,23,932.00,,8.3,2.7,0.22,0.94,0.4,0.5,1.1,1.4,12.4,68,69,72,71,69
2017-07-28 11:00,2191,81,79,0.00,22,983.00,,10.1,3.7,0.20,1.02,0.6,0.5,0.6,1.4,12.4,72,69,71,71,69
2017-07-28 12:00,2191,83,81,0.00,20,997.00,,9.9,3.6,0.20,1.09,0.2,0.5,1.1,1.4,12.2,77,70,71,71,69
2017-07-28 13:00,2191,84,80,0.00,18,784.40,,7.6,2.8,0.19,1.15,0.7,1.0,1.1,1.4,12.2,82,72,71,71,69
2017-07-28 14:00,2191,84,80,0.00,18,835.00,,9.1,3.3,0.18,1.14,0.4,0.4,1.1,1.4,12.2,86,74,71,71,69
2017-07-28 15:00,2191,84,83,0.00,15,669.50,,11.5,4.0,0.18,1.17,0.9,1.2,1.1,1.4,12.2,89,76,72,71,69
2017-07-28 16:00,2191,83,81,0.00,16,467.40,,11.0,4.1,0.18,1.11,0.9,0.7,1.2,1.4,12.2,91,78,73,71,69
2017-07-28 17:00,2191,81,75,0.00,18,228.00,,14.6,3.9,0.19,0.99,0.9,1.0,1.4,1.4,12.2,92,80,73,71,69
2017-07-28 18:00,2191,75,70,0.00,23,20.76,,11.8,3.3,0.20,0.82,0.5,0.5,1.0,1.4,12.2,92,80,74,71,69
2017-07-28 19:00,2191,70,67,0.00,27,1.08,,7.5,2.6,0.20,0.70,1.0,1.2,1.1,1.4,12.2,90,82,75,71,69
2017-07-28 20:00,2191,67,65,0.00,29,0.00,,8.0,2.0,0.19,0.66,1.0,0.5,1.1,1.4,12.4,87,81,75,71,69
2017-07-28 21:00,2191,65,62,0.00,31,0.00,,5.5,1.5,0.19,0.61,0.5,1.2,1.5,1.4,12.4,85,81,76,71,69
2017-07-28 22:00,2191,64,62,0.00,35,0.00,,5.9,1.5,0.20,0.59,0.4,0.5,1.5,1.4,12.4,82,80,76,71,69
2017-07-28 23:00,2191,62,60,0.00,36,0.00,,5.4,1.3,0.20,0.55,0.7,0.7,1.5,1.4,12.4,80,80,76,71,69
2017-07-29 00:00,2191,60,59,0.00,40,0.00,,3.9,1.4,0.21,0.51,0.2,0.7,1.5,1.4,12.4,77,79,76,71,69
2017-07-29 01:00,2191,59,56,0.00,42,0.00,,3.3,1.3,0.21,0.49,0.2,0.7,1.5,1.4,12.4,75,78,76,71,69
2017-07-29 02:00,2191,56,54,0.00,48,0.00,,2.2,0.5,0.22,0.45,0.1,0.7,1.5,1.4,12.2,73,77,76,71,69
2017-07-29 03:00,2191,54,54,0.00,51,0.00,,2.7,1.2,0.22,0.42,0.1,0.8,1.1,1.4,12.2,71,76,76,71,69
2017-07-29 04:00,2191,54,53,0.00,51,0.66,,2.7,1.0,0.22,0.42,0.3,0.8,1.1,1.4,12.2,70,75,76,71,69
2017-07-29 05:00,2191,53,51,0.00,55,16.07,,2.6,0.5,0.22,0.39,0.3,0.4,1.1,1.4,12.8,68,74,75,72,69
2017-07-29 06:00,2191,66,53,0.00,57,208.10,,2.3,0.7,0.24,0.48,0.2,0.7,1.5,1.4,12.2,66,73,75,72,69
2017-07-29 07:00,2191,70,66,0.00,37,469.10,,4.1,1.3,0.24,0.67,0.9,0.6,1.4,1.4,12.4,65,72,74,71,69
2017-07-29 08:00,2191,75,70,0.00,33,660.60,,5.3,1.4,0.25,0.77,0.2,1.0,1.0,1.4,12.4,64,71,74,71,69
2017-07-29 09:00,2191,78,75,0.00,25,821.00,,8.4,2.3,0.20,0.89,0.2,1.0,1.4,1.4,12.4,66,71,73,72,69
2017-07-29 10:00,2191,80,78,0.00,18,932.00,,10.6,3.4,0.17,0.99,0.3,0.3,1.2,1.4,12.4,70,70,73,72,69
2017-07-29 11:00,2191,83,80,0.00,15,989.00,,10.5,2.9,0.15,1.07,1.5,1.0,1.2,1.4,12.2,74,70,73,72,69
2017-07-29 12:00,2191,83,82,0.00,13,1006.00,,10.8,3.3,0.14,1.12,0.8,1.0,1.2,1.4,12.2,78,71,72,71,69
2017-07-29 13:00,2191,84,82,0.00,13,990.00,,10.4,3.9,0.15,1.13,0.6,1.0,1.6,1.4,12.2,82,73,72,72,69
2017-07-29 14:00,2191,84,81,0.00,15,757.30,,13.4,4.8,0.19,1.13,0.6,0.7,1.2,1.4,12.2,86,75,73,71,69
2017-07-29 15:00,2191,82,80,0.00,18,629.20,,13.8,5.7,0.19,1.05,0.7,0.6,1.4,1.4,12.2,90,77,73,72,69
2017-07-29 16:00,2191,80,79,0.00,18,460.80,,14.7,5.2,0.19,1.02,0.7,1.0,1.0,1.4,12.2,92,79,73,71,69
2017-07-29 17:00,2191,79,74,0.00,17,224.30,,12.0,3.7,0.19,0.96,0.7,0.9,1.4,1.4,12.2,93,80,74,72,69
2017-07-29 18:00,2191,74,70,0.00,22,16.72,,11.6,4.5,0.18,0.79,0.6,1.2,1.1,1.4,12.2,92,81,75,71,69
2017-07-29 19:00,2191,70,66,0.00,23,0.98,,10.1,2.9,0.18,0.71,0.8,1.2,0.8,1.4,12.2,90,82,76,71,69
2017-07-29 20:00,2191,66,64,0.00,29,0.00,,5.0,1.4,0.18,0.63,0.6,1.2,0.8,1.4,12.2,87,82,76,71,69
2017-07-29 21:00,2191,64,63,0.00,31,0.00,,3.8,1.0,0.17,0.59,0.8,1.2,0.8,1.4,12.4,85,81,76,71,69
2017-07-29 22:00,2191,65,61,0.00,28,0.00,,5.1,1.9,0.18,0.59,0.3,1.2,0.8,1.4,12.4,82,80,77,71,69
2017-07-29 23:00,2191,61,60,0.00,33,0.00,,4.7,1.6,0.18,0.54,0.5,0.7,1.5,1.4,12.4,80,80,77,71,69
2017-07-30 00:00,2191,60,58,0.00,35,0.00,,4.4,1.8,0.19,0.51,0.5,0.7,0.8,1.4,12.4,77,79,77,71,69
2017-07-30 01:00,2191,58,57,0.00,40,0.00,,5.2,1.8,0.20,0.48,1.0,0.7,0.8,1.4,12.4,75,78,76,72,69
2017-07-30 02:00,2191,58,57,0.00,42,0.00,,4.0,1.8,0.20,0.47,0.4,0.7,0.8,1.4,12.4,73,77,76,72,69
2017-07-30 03:00,2191,58,57,0.00,43,0.00,,4.2,1.8,0.20,0.47,1.0,1.2,1.2,1.4,12.4,71,76,76,71,69
2017-07-30 04:00,2191,58,55,0.00,43,0.66,,3.6,1.8,0.21,0.46,0.9,0.4,1.5,1.4,12.4,70,75,76,72,69
2017-07-30 05:00,2191,56,55,0.00,46,16.52,,3.7,1.1,0.21,0.44,0.9,1.0,0.8,1.4,12.2,69,74,76,72,69
2017-07-30 06:00,2191,66,55,0.00,50,204.30,,2.5,0.7,0.23,0.50,1.0,1.0,1.0,1.4,12.2,67,73,75,72,69
2017-07-30 07:00,2191,69,66,0.00,35,467.70,,4.6,1.5,0.24,0.67,0.7,1.0,1.5,1.4,12.4,66,73,75,72,69
2017-07-30 08:00,2191,75,69,0.00,32,658.10,,5.0,1.7,0.24,0.79,0.7,0.3,1.5,1.4,12.4,65,72,74,72,69
2017-07-30 09:00,2191,78,75,0.00,26,819.00,,6.4,2.0,0.22,0.92,0.9,0.5,1.4,1.4,12.4,67,71,74,72,69
2017-07-30 10:00,2191,82,78,0.00,22,939.00,,9.3,2.8,0.19,1.00,0.1,0.5,1.4,1.4,12.2,70,71,73,72,69
2017-07-30 11:00,2191,83,82,0.00,15,1002.00,,8.9,2.7,0.15,1.11,0.2,0.5,0.9,1.4,12.2,75,71,73,72,69
2017-07-30 12:00,2191,85,82,0.00,13,1012.00,,9.4,3.2,0.14,1.18,0.2,0.5,0.9,1.4,12.2,79,72,73,72,69
2017-07-30 13:00,2191,85,82,0.00,13,953.00,,10.6,3.8,0.14,1.16,0.7,1.0,0.9,1.4,12.2,83,73,73,72,69
2017-07-30 14:00,2191,85,83,0.00,13,843.00,,14.1,4.5,0.15,1.17,0.5,0.7,1.4,1.4,12.2,88,76,73,72,69
2017-07-30 15:00,2191,84,83,0.00,12,716.50,,9.5,3.8,0.15,1.18,0.6,1.2,1.0,1.4,12.2,91,77,73,71,69
2017-07-30 16:00,2191,83,75,0.00,15,155.70,,13.0,4.0,0.18,1.01,0.6,1.0,1.4,1.4,12.4,94,79,74,72,69
2017-07-30 17:00,2191,75,73,0.00,19,26.64,,13.4,4.9,0.17,0.85,0.9,1.1,1.1,1.4,12.2,96,81,75,72,69
2017-07-30 18:00,2191,73,72,0.00,20,29.72,,8.8,2.7,0.17,0.81,0.7,0.5,1.5,1.4,12.2,95,82,76,72,69
2017-07-30 19:00,2191,72,69,0.00,22,0.71,,3.9,1.3,0.19,0.74,0.8,1.6,0.8,1.4,12.2,93,82,76,71,69
2017-07-30 20:00,2191,69,65,0.00,30,0.00,,3.7,1.5,0.22,0.68,0.7,1.6,0.8,1.4,12.2,90,82,77,72,69
2017-07-30 21:00,2191,65,63,0.00,36,0.00,,4.8,1.7,0.22,0.61,0.6,0.5,1.5,1.4,12.4,88,82,77,71,69
2017-07-30 22:00,2191,64,61,0.00,34,0.00,,5.0,2.3,0.22,0.56,0.0,0.7,1.3,1.4,12.4,85,82,77,71,69
2017-07-30 23:00,2191,62,61,0.00,40,0.00,,4.5,2.2,0.22,0.54,0.4,1.1,1.3,1.4,12.4,82,81,77,72,69
2017-07-31 00:00,2191,61,56,0.00,38,0.00,,4.2,1.7,0.21,0.52,1.1,0.7,0.8,1.4,12.4,80,80,77,72,69
2017-07-31 01:00,2191,59,56,0.00,48,0.00,,4.8,1.4,0.21,0.48,1.0,0.8,0.8,1.4,12.4,78,80,77,72,69
2017-07-31 02:00,2191,58,55,0.00,45,0.00,,4.8,2.1,0.21,0.46,0.9,0.8,0.8,1.4,12.4,76,79,77,72,69
2017-07-31 03:00,2191,58,55,0.00,41,0.00,,3.4,1.1,0.20,0.48,0.8,0.8,1.5,1.4,12.4,73,78,77,72,69
2017-07-31 04:00,2191,55,53,0.00,49,0.56,,3.3,0.7,0.21,0.42,0.8,1.1,0.8,1.4,12.4,71,77,77,72,69
2017-07-31 05:00,2191,58,53,0.00,51,17.86,,4.4,1.2,0.21,0.41,0.8,1.0,0.8,1.4,12.4,70,76,76,72,69
2017-07-31 06:00,2191,65,58,0.00,43,197.50,,5.1,1.4,0.22,0.53,0.8,0.4,1.2,1.4,12.4,69,75,76,73,69
2017-07-31 07:00,2191,73,65,0.00,38,456.90,,3.8,0.9,0.23,0.71,0.7,0.6,1.1,1.4,12.4,67,74,76,72,69
2017-07-31 08:00,2191,77,73,0.00,28,646.70,,6.5,1.7,0.21,0.87,0.6,0.5,1.5,1.4,12.4,67,73,75,73,69
2017-07-31 09:00,2191,82,77,0.00,20,806.00,,7.6,2.3,0.19,0.98,0.9,0.5,1.5,1.4,12.0,68,73,75,73,69
2017-07-31 10:00,2191,83,80,0.00,18,939.00,,8.7,2.9,0.19,1.09,0.9,0.8,1.5,1.4,12.2,72,72,75,72,69
2017-07-31 11:00,2191,84,81,0.00,14,961.00,,9.8,3.7,0.17,1.13,0.5,0.5,1.4,1.4,12.2,76,72,74,73,69
2017-07-31 12:00,2191,87,83,0.00,15,1111.00,,8.1,3.4,0.17,1.22,0.2,0.5,1.4,1.4,12.2,80,73,74,73,69
2017-07-31 13:00,2191,87,82,0.00,14,837.00,,8.4,3.2,0.17,1.24,0.3,0.6,1.0,1.4,12.2,86,75,74,72,69
2017-07-31 14:00,2191,84,81,0.00,15,411.60,,10.0,2.7,0.17,1.13,0.6,0.4,1.4,1.4,12.4,90,76,74,73,69
2017-07-31 15:00,2191,84,79,0.00,17,324.00,,7.6,1.9,0.17,1.05,0.7,1.1,1.5,1.4,12.4,93,79,74,72,69
2017-07-31 16:00,2191,84,81,0.00,13,377.60,,10.9,2.5,0.15,1.13,0.7,0.8,1.1,1.4,12.4,94,80,75,72,69
2017-07-31 17:00,2191,84,79,0.00,13,300.10,,8.2,2.1,0.17,1.15,0.8,1.3,0.8,1.4,12.4,94,81,76,72,69
2017-07-31 18:00,2191,79,74,0.00,20,16.94,,6.5,1.9,0.20,0.93,1.1,1.1,1.2,1.4,12.2,93,82,76,72,69
2017-07-31 19:00,2191,74,69,0.00,25,0.39,,6.8,2.0,0.21,0.82,1.1,1.1,1.2,1.4,12.2,91,82,77,73,69
2017-07-31 20:00,2191,69,68,0.00,34,0.00,,4.2,1.2,0.23,0.71,0.3,1.1,0.8,1.4,12.2,89,82,77,72,69
2017-07-31 21:00,2191,68,65,0.00,35,0.00,,4.5,1.8,0.25,0.65,0.5,1.3,1.5,1.4,12.2,87,82,77,72,69
2017-07-31 22:00,2191,66,63,0.00,39,0.00,,3.8,1.6,0.24,0.61,0.5,1.3,0.8,1.4,12.2,85,82,78,72,69
2017-07-31 23:00,2191,63,61,0.00,41,0.00,,6.0,2.0,0.23,0.57,0.4,0.8,1.5,1.4,12.4,82,81,78,72,69
