Date,Station Id,Air Temperature Maximum (degF),Air Temperature Minimum (degF),Precipitation Increment (in),Relative Humidity (pct),Solar Radiation Average (watt/m2),Solar Radiation/langley Total (langley),Wind Speed Maximum (mph),Wind Speed Average (mph),Vapor Pressure - Partial (inch_Hg),Vapor Pressure - Saturated (inch_Hg),Soil Moisture Percent -2in (pct),Soil Moisture Percent -4in (pct),Soil Moisture Percent -8in (pct),Soil Moisture Percent -20in (pct),Soil Moisture Percent -40in (pct),Soil Temperature Observed -2in (degF),Soil Temperature Observed -4in (degF),Soil Temperature Observed -8in (degF),Soil Temperature Observed -20in (degF),Soil Temperature Observed -40in (degF)
2017-07-01 00:00,2190,90,87,0.00,9,0.09,,16.4,11.9,0.13,1.36,0.3,,7.7,35.7,56.3,94,100,101,100,89
2017-07-01 01:00,2190,90,85,0.00,9,0.14,,13.2,6.8,0.12,1.35,0.5,,8.0,35.7,52.6,92,98,100,99,89
2017-07-01 02:00,2190,85,81,0.00,10,0.20,,7.8,3.0,0.12,1.17,0.1,,8.1,35.7,52.6,92,96,99,99,89
2017-07-01 03:00,2190,84,72,0.00,11,0.21,,5.1,2.6,0.12,1.07,0.1,,7.8,35.7,52.6,90,96,98,99,89
2017-07-01 04:00,2190,72,70,0.00,15,11.04,,7.3,3.6,0.11,0.76,0.1,,7.5,35.6,52.6,88,94,97,99,89
2017-07-01 05:00,2190,76,71,0.00,14,144.80,,7.2,4.1,0.11,0.81,0.1,,7.5,35.6,52.6,86,92,97,99,89
2017-07-01 06:00,2190,82,76,0.00,13,331.50,,8.1,5.0,0.12,0.97,0.1,,8.0,35.6,52.6,85,91,96,99,89
2017-07-01 07:00,2190,93,82,0.00,12,526.10,,16.0,7.7,0.16,1.30,0.1,,7.8,35.6,52.6,87,91,95,98,89
2017-07-01 08:00,2190,96,93,0.00,12,705.00,,20.6,14.1,0.20,1.62,0.4,,7.5,35.5,52.6,92,92,94,98,89
2017-07-01 09:00,2190,100,96,0.00,12,856.00,,23.2,16.4,0.20,1.78,0.6,,7.6,35.5,52.6,97,94,94,98,89
2017-07-01 10:00,2190,103,100,0.00,11,927.00,,23.1,16.4,0.19,2.00,0.5,,7.5,35.5,52.6,102,96,94,98,89
2017-07-01 11:00,2190,104,102,0.00,9,995.00,,23.6,15.1,0.18,2.11,0.7,,7.6,35.4,52.6,108,99,95,98,89
2017-07-01 12:00,2190,105,103,0.00,8,984.00,,23.7,14.8,0.17,2.18,0.3,,7.7,35.4,52.6,113,102,96,98,89
2017-07-01 13:00,2190,106,104,0.00,8,918.00,,23.2,14.3,0.17,2.24,1.1,,7.7,35.4,52.6,116,105,97,98,89
2017-07-01 14:00,2190,106,104,0.00,8,799.10,,29.8,18.0,0.17,2.25,1.1,,7.7,35.4,52.6,119,109,99,98,89
2017-07-01 15:00,2190,106,105,0.00,8,635.80,,29.5,17.1,0.16,2.27,0.7,,7.6,35.4,52.6,119,110,100,98,89
2017-07-01 16:00,2190,105,104,0.00,7,445.80,,26.9,17.8,0.15,2.24,0.9,,8.0,35.4,52.6,116,110,101,98,89
2017-07-01 17:00,2190,104,102,0.00,6,215.40,,25.5,17.8,0.13,2.15,0.4,,8.0,35.5,52.6,115,110,102,98,89
2017-07-01 18:00,2190,103,99,0.00,6,59.29,,22.2,15.3,0.12,2.01,0.6,,7.7,35.5,56.3,112,109,102,98,89
2017-07-01 19:00,2190,99,96,0.00,6,1.29,,18.8,13.3,0.12,1.82,0.7,,7.7,35.5,52.6,108,108,102,98,89
2017-07-01 20:00,2190,96,93,0.00,7,0.05,,17.7,13.2,0.12,1.66,0.7,,8.0,35.5,52.6,104,106,102,98,89
2017-07-01 21:00,2190,94,91,0.00,8,0.03,,20.7,15.6,0.12,1.55,0.2,,8.3,35.5,52.6,101,104,102,99,89
2017-07-01 22:00,2190,91,86,0.00,9,0.04,,18.2,11.9,0.13,1.42,0.1,,8.0,35.6,52.6,98,102,101,99,89
2017-07-01 23:00,2190,87,86,0.00,11,0.09,,13.8,9.9,0.17,1.26,0.4,,8.1,35.6,56.3,96,101,101,99,89
2017-07-02 00:00,2190,86,84,0.00,16,0.10,,15.2,11.5,0.20,1.22,0.0,,7.8,35.6,52.6,94,99,100,99,89
2017-07-02 01:00,2190,85,84,0.00,18,0.11,,15.3,11.7,0.22,1.20,0.3,,7.7,35.6,52.6,93,98,99,99,89
2017-07-02 02:00,2190,85,84,0.00,17,0.11,,15.2,10.3,0.18,1.20,0.0,,7.9,35.6,52.6,91,96,98,99,89
2017-07-02 03:00,2190,84,81,0.00,15,0.15,,16.4,10.7,0.17,1.15,0.0,,7.7,35.6,56.3,90,95,98,99,89
2017-07-02 04:00,2190,81,76,0.00,17,9.79,,6.0,2.4,0.18,0.97,0.0,,7.6,35.6,52.6,89,94,97,99,89
2017-07-02 05:00,2190,83,80,0.00,18,139.40,,21.5,10.1,0.19,1.07,0.1,,7.9,35.5,52.6,87,93,96,98,89
2017-07-02 06:00,2190,86,83,0.00,17,325.40,,20.8,15.0,0.21,1.19,0.0,,7.6,35.5,52.6,87,92,95,98,89
2017-07-02 07:00,2190,90,86,0.00,17,519.20,,21.1,15.1,0.21,1.31,0.0,,7.6,35.5,52.6,89,92,95,98,89
2017-07-02 08:00,2190,93,90,0.00,15,699.70,,21.2,14.8,0.20,1.46,0.0,,7.8,35.5,52.6,92,92,94,98,89
2017-07-02 09:00,2190,95,93,0.00,13,848.00,,23.8,16.8,0.19,1.61,0.2,,7.3,35.4,56.3,97,94,94,98,89
2017-07-02 10:00,2190,97,95,0.00,11,914.00,,25.1,17.6,0.19,1.75,0.5,,7.6,35.4,52.6,102,96,94,98,89
2017-07-02 11:00,2190,98,97,0.00,11,983.00,,26.3,17.2,0.21,1.79,0.5,,7.6,35.4,52.6,107,99,95,97,89
2017-07-02 12:00,2190,100,98,0.00,11,978.00,,26.5,15.4,0.20,1.88,0.3,,7.5,35.4,52.6,111,102,96,98,89
2017-07-02 13:00,2190,101,100,0.00,10,918.00,,21.6,14.0,0.18,1.98,1.1,,7.6,35.3,52.6,114,104,97,97,89
2017-07-02 14:00,2190,102,100,0.00,9,802.00,,24.2,13.6,0.17,1.98,0.7,,7.7,35.3,52.6,116,106,98,98,89
2017-07-02 15:00,2190,103,101,0.00,8,631.50,,20.7,12.4,0.17,2.05,1.1,,7.7,35.3,52.6,116,108,99,98,89
2017-07-02 16:00,2190,101,101,0.00,9,438.70,,20.5,13.2,0.17,1.98,0.3,,7.8,35.4,52.6,115,109,100,98,89
2017-07-02 17:00,2190,101,100,0.00,9,241.70,,20.2,13.0,0.16,1.96,0.5,,8.1,35.4,52.6,113,109,101,98,89
2017-07-02 18:00,2190,100,97,0.00,8,67.59,,16.3,10.8,0.15,1.87,0.6,,8.1,35.4,52.6,110,108,101,98,89
2017-07-02 19:00,2190,97,93,0.00,8,1.17,,12.5,7.5,0.15,1.67,0.5,0.0,7.8,35.4,52.6,106,106,102,98,89
2017-07-02 20:00,2190,93,88,0.00,9,0.04,,10.2,6.5,0.15,1.51,0.7,,8.1,35.5,52.6,102,105,101,98,89
2017-07-02 21:00,2190,90,88,0.00,11,0.08,,12.8,7.8,0.14,1.37,0.2,,8.2,35.5,52.6,99,102,101,98,89
2017-07-02 22:00,2190,88,85,0.00,10,0.14,,12.7,7.9,0.14,1.30,0.2,,8.1,35.5,52.6,96,101,100,98,89
2017-07-02 23:00,2190,85,84,0.00,12,0.12,,12.6,8.5,0.15,1.20,0.0,,7.9,35.5,52.6,94,99,100,99,89
2017-07-03 00:00,2190,85,82,0.00,13,0.12,,15.4,11.4,0.15,1.16,0.0,,7.7,35.5,52.6,92,97,99,99,89
2017-07-03 01:00,2190,82,79,0.00,13,0.14,,12.3,7.3,0.14,1.08,0.0,,7.6,35.5,52.6,91,96,98,99,89
2017-07-03 02:00,2190,79,79,0.00,14,0.18,,10.6,6.3,0.14,1.01,0.0,,7.5,35.5,52.6,89,94,97,99,89
2017-07-03 03:00,2190,81,79,0.00,14,0.16,,11.0,7.4,0.14,1.03,0.0,,7.4,35.5,52.6,87,93,96,98,89
2017-07-03 04:00,2190,79,78,0.00,15,9.25,,14.3,10.4,0.14,0.98,0.1,,7.9,35.5,52.6,86,92,96,98,89
2017-07-03 05:00,2190,81,79,0.00,15,142.20,,12.5,8.8,0.14,1.00,0.1,,7.7,35.5,52.6,85,91,95,98,89
2017-07-03 06:00,2190,86,81,0.00,14,335.20,,14.9,10.3,0.15,1.15,0.1,,7.6,35.4,52.6,85,90,94,98,89
2017-07-03 07:00,2190,89,86,0.00,12,536.40,,15.0,11.4,0.15,1.32,0.0,,7.2,35.4,56.3,87,90,94,98,89
2017-07-03 08:00,2190,92,89,0.00,10,722.90,,20.9,13.2,0.14,1.44,0.0,,7.4,35.4,52.6,91,91,93,98,89
2017-07-03 09:00,2190,94,92,0.00,9,879.00,,20.6,14.1,0.14,1.55,0.2,,7.2,35.3,52.6,96,93,93,98,89
2017-07-03 10:00,2190,96,94,0.00,8,952.00,,18.8,11.2,0.12,1.64,0.2,,7.8,35.3,52.6,102,95,93,97,89
2017-07-03 11:00,2190,98,95,0.00,7,1028.00,,19.7,9.9,0.11,1.73,0.5,,7.6,35.2,52.6,107,98,94,97,89
2017-07-03 12:00,2190,100,97,0.00,6,1020.00,,22.5,11.4,0.10,1.86,1.0,,7.8,34.1,52.6,112,102,95,96,89
2017-07-03 13:00,2190,101,100,0.00,5,954.00,,20.9,11.6,0.10,1.95,0.7,,7.6,35.2,56.3,116,104,96,97,89
2017-07-03 14:00,2190,102,101,0.00,5,832.00,,21.5,12.3,0.10,2.01,0.7,,7.9,34.2,52.6,119,107,98,96,89
2017-07-03 15:00,2190,102,101,0.00,5,667.30,,21.3,12.1,0.09,1.98,0.3,,7.7,34.4,52.6,117,109,99,97,89
2017-07-03 16:00,2190,102,101,0.00,4,472.70,,20.6,11.6,0.08,2.03,0.7,,7.9,34.6,52.6,116,109,100,97,89
2017-07-03 17:00,2190,101,100,0.00,4,267.80,,16.2,11.0,0.08,1.97,0.9,0.0,7.7,34.2,52.6,114,109,101,98,89
2017-07-03 18:00,2190,100,96,0.00,4,78.28,,15.3,10.6,0.09,1.88,0.6,0.0,7.9,34.7,52.6,110,108,101,98,89
2017-07-03 19:00,2190,96,90,0.00,5,1.31,,8.9,6.1,0.09,1.60,0.7,,7.9,34.6,52.6,106,107,102,98,89
2017-07-03 20:00,2190,90,85,0.00,6,0.05,,8.0,5.6,0.09,1.37,0.2,,7.5,34.8,52.6,102,104,101,98,89
2017-07-03 21:00,2190,86,83,0.00,7,0.14,,9.5,5.8,0.08,1.21,0.5,0.0,7.9,34.6,52.6,98,102,101,98,89
2017-07-03 22:00,2190,86,82,0.00,7,0.14,,8.8,6.3,0.08,1.19,0.0,0.0,7.7,34.5,52.6,95,100,100,98,89
2017-07-03 23:00,2190,84,81,0.00,7,0.15,,11.3,6.1,0.08,1.10,0.0,,7.6,34.8,52.6,92,98,100,98,89
2017-07-04 00:00,2190,84,80,0.00,7,0.18,,11.8,4.5,0.08,1.12,0.1,0.0,7.5,34.8,52.6,90,96,99,98,89
2017-07-04 01:00,2190,85,70,0.00,7,0.21,,9.0,3.0,0.09,1.06,0.1,0.0,7.6,34.9,52.6,89,94,98,98,89
2017-07-04 02:00,2190,70,68,0.00,11,0.24,,6.8,4.0,0.08,0.71,0.1,0.0,7.3,34.5,52.6,87,93,97,98,89
2017-07-04 03:00,2190,68,65,0.00,12,0.15,,5.3,3.5,0.08,0.68,0.1,0.0,7.4,34.6,52.6,85,92,96,98,89
2017-07-04 04:00,2190,66,64,0.00,13,9.23,,7.7,3.9,0.08,0.61,0.0,0.0,7.8,34.4,52.6,82,90,95,98,89
2017-07-04 05:00,2190,68,66,0.00,12,144.40,,8.0,4.8,0.08,0.67,0.0,0.0,7.3,35.1,52.6,80,89,94,98,89
2017-07-04 06:00,2190,78,68,0.00,13,335.70,,6.7,3.9,0.09,0.79,0.0,,7.3,34.8,52.6,80,87,93,98,89
2017-07-04 07:00,2190,87,78,0.00,10,534.30,,6.7,4.1,0.10,1.07,0.0,0.0,7.5,34.2,52.6,82,86,92,98,89
2017-07-04 08:00,2190,91,87,0.00,10,717.50,,9.6,3.6,0.14,1.36,0.1,,7.3,34.2,52.6,87,87,91,97,89
2017-07-04 09:00,2190,95,91,0.00,10,869.00,,10.5,4.1,0.17,1.53,0.0,,7.3,34.9,52.6,94,90,91,97,89
2017-07-04 10:00,2190,97,95,0.00,11,930.00,,15.6,7.2,0.18,1.70,0.0,,7.2,34.6,52.6,102,94,92,96,89
2017-07-04 11:00,2190,100,97,0.00,10,1001.00,,17.0,8.6,0.17,1.85,0.5,,7.0,34.5,52.6,109,98,93,96,89
2017-07-04 12:00,2190,101,100,0.00,7,997.00,,15.0,7.6,0.13,1.97,1.1,,7.3,34.2,52.6,114,102,94,96,89
2017-07-04 13:00,2190,103,101,0.00,7,922.00,,15.8,6.2,0.15,2.05,0.7,0.0,7.6,34.2,52.6,117,105,96,96,89
2017-07-04 14:00,2190,105,103,0.00,7,802.00,,18.8,7.7,0.16,2.16,0.8,,7.3,34.1,52.6,121,108,97,96,89
2017-07-04 15:00,2190,105,104,0.00,7,645.70,,15.9,8.5,0.15,2.19,0.7,,7.7,34.4,52.6,121,110,99,96,89
2017-07-04 16:00,2190,105,104,0.00,6,450.80,,14.6,7.5,0.14,2.23,0.9,,7.6,34.8,52.6,119,111,100,96,89
2017-07-04 17:00,2190,105,104,0.00,6,249.80,,15.4,7.5,0.14,2.21,0.9,,7.8,34.7,52.6,117,111,101,97,89
2017-07-04 18:00,2190,104,101,0.00,6,70.33,,10.7,6.7,0.13,2.12,0.7,,7.9,34.1,52.6,114,110,102,97,89
2017-07-04 19:00,2190,101,96,0.00,7,1.25,,9.3,6.3,0.13,1.85,0.7,,7.9,35.0,52.6,110,109,102,98,89
2017-07-04 20:00,2190,96,93,0.00,8,0.04,,13.4,7.5,0.14,1.64,0.3,,7.9,34.7,52.6,105,107,102,98,89
2017-07-04 21:00,2190,95,94,0.00,10,0.04,,13.7,9.4,0.18,1.63,0.5,,7.8,34.7,52.6,102,104,102,98,89
2017-07-04 22:00,2190,94,90,0.00,11,0.08,,11.4,7.2,0.18,1.54,0.5,,7.8,34.6,52.6,99,102,101,98,89
2017-07-04 23:00,2190,92,86,0.00,12,0.07,,10.4,3.4,0.17,1.39,0.0,,7.9,34.6,52.6,98,101,101,98,89
2017-07-05 00:00,2190,89,84,0.00,12,0.15,,5.7,3.6,0.16,1.33,0.3,,7.7,34.6,52.6,95,99,100,98,89
2017-07-05 01:00,2190,87,81,0.00,14,0.18,,9.7,3.9,0.17,1.15,0.5,,7.6,34.9,52.6,93,98,99,98,89
2017-07-05 02:00,2190,82,73,0.00,15,0.26,,7.5,3.6,0.14,0.90,0.1,,7.3,34.6,56.3,91,96,98,98,89
2017-07-05 03:00,2190,73,71,0.00,18,0.21,,6.5,3.7,0.14,0.80,0.1,,7.8,35.2,56.3,89,95,97,98,89
2017-07-05 04:00,2190,71,71,0.00,18,9.14,,8.8,4.9,0.14,0.76,0.0,,7.8,35.1,56.3,87,93,96,98,89
2017-07-05 05:00,2190,76,71,0.00,19,132.30,,8.8,5.6,0.14,0.79,0.0,,7.7,34.8,52.6,85,92,96,98,89
2017-07-05 06:00,2190,80,76,0.00,15,305.30,,8.8,5.3,0.14,0.94,0.0,,7.4,34.5,52.6,84,90,95,98,89
2017-07-05 07:00,2190,88,80,0.00,14,466.00,,6.9,4.5,0.15,1.16,0.1,,7.6,34.8,52.6,86,90,94,98,90
2017-07-05 08:00,2190,93,88,0.00,12,597.10,,6.2,2.2,0.17,1.44,0.0,,7.2,35.0,52.6,90,90,93,98,89
2017-07-05 09:00,2190,99,93,0.00,11,716.20,,12.6,5.7,0.17,1.69,0.0,,7.3,34.7,52.6,95,92,93,97,89
2017-07-05 10:00,2190,101,99,0.00,10,829.00,,16.2,9.2,0.18,1.90,0.3,,7.2,34.3,52.6,101,95,93,97,90
2017-07-05 11:00,2190,104,101,0.00,9,915.00,,15.3,5.7,0.18,2.08,0.2,,7.3,34.4,52.6,106,98,94,97,89
2017-07-05 12:00,2190,106,104,0.00,9,952.00,,14.3,6.0,0.18,2.23,0.5,,7.4,34.9,56.3,112,101,95,97,89
2017-07-05 13:00,2190,107,106,0.00,8,769.40,,21.4,10.5,0.18,2.33,1.1,,7.5,34.5,52.6,116,104,96,96,89
2017-07-05 14:00,2190,107,106,0.00,8,446.60,,21.1,12.9,0.19,2.33,0.7,,7.8,34.2,52.6,119,108,98,97,89
2017-07-05 15:00,2190,108,107,0.00,8,531.30,,20.4,12.9,0.18,2.40,0.7,,7.9,34.6,52.6,117,109,99,97,90
2017-07-05 16:00,2190,107,106,0.00,7,344.70,,19.4,12.1,0.18,2.33,0.9,,7.7,34.7,52.6,116,110,100,97,89
2017-07-05 17:00,2190,106,104,0.00,8,131.20,,17.1,9.8,0.18,2.25,0.7,,7.9,34.6,52.6,114,110,101,98,89
2017-07-05 18:00,2190,104,102,0.00,8,33.79,,20.2,11.2,0.18,2.13,0.5,,7.9,35.3,52.6,112,109,102,98,89
2017-07-05 19:00,2190,102,98,0.00,10,1.29,,11.7,6.8,0.20,1.95,0.7,,7.7,35.3,52.6,109,108,102,98,89
2017-07-05 20:00,2190,98,94,0.00,11,0.03,,8.6,4.4,0.21,1.77,0.7,,7.9,35.3,52.6,106,106,102,98,89
2017-07-05 21:00,2190,95,93,0.00,12,0.04,,14.2,6.5,0.20,1.60,0.3,,7.9,35.4,52.6,103,104,101,98,90
2017-07-05 22:00,2190,95,93,0.00,13,0.08,,9.9,6.9,0.21,1.59,0.5,,7.7,35.3,52.6,101,102,101,98,89
2017-07-05 23:00,2190,93,88,0.00,13,0.06,,10.1,5.4,0.21,1.47,0.5,,7.6,35.4,52.6,98,101,101,98,89
2017-07-06 00:00,2190,91,85,0.00,15,0.08,,6.1,3.7,0.21,1.36,0.0,,7.9,35.4,52.6,96,100,100,98,89
2017-07-06 01:00,2190,87,84,0.00,18,0.14,,4.5,2.5,0.22,1.23,0.3,,7.8,35.4,52.6,95,98,99,99,89
2017-07-06 02:00,2190,85,81,0.00,18,0.13,,4.9,3.0,0.21,1.18,0.3,,7.6,35.4,52.6,94,97,99,98,90
2017-07-06 03:00,2190,81,79,0.00,21,0.18,,5.4,3.4,0.21,1.04,0.0,,7.8,35.4,52.6,92,96,98,98,89
2017-07-06 04:00,2190,81,79,0.00,20,7.70,,5.8,3.1,0.21,1.02,0.0,,7.7,35.4,56.3,91,95,97,98,89
2017-07-06 05:00,2190,83,81,0.00,19,133.30,,7.7,4.9,0.20,1.08,0.1,,7.4,35.4,52.6,90,94,97,98,90
2017-07-06 06:00,2190,88,83,0.00,18,295.20,,6.7,3.6,0.20,1.23,0.1,,7.3,35.4,56.3,89,93,96,98,89
2017-07-06 07:00,2190,96,88,0.00,15,465.30,,5.2,2.4,0.20,1.49,0.0,,7.6,35.4,52.6,91,93,95,98,89
2017-07-06 08:00,2190,98,96,0.00,12,674.00,,8.8,3.7,0.22,1.75,0.0,,7.2,35.3,56.3,95,94,95,98,90
2017-07-06 09:00,2190,101,98,0.00,12,825.00,,10.4,4.9,0.23,1.90,0.7,,7.2,35.3,56.3,101,96,95,98,89
2017-07-06 10:00,2190,104,101,0.00,12,895.00,,15.9,6.7,0.23,2.08,0.2,,7.6,35.3,52.6,108,99,95,97,90
2017-07-06 11:00,2190,106,104,0.00,10,970.00,,14.5,6.5,0.23,2.23,0.3,,7.6,35.3,56.3,114,102,96,98,89
2017-07-06 12:00,2190,108,106,0.00,10,967.00,,17.0,8.1,0.23,2.39,0.5,,7.7,35.2,52.6,119,106,98,97,90
2017-07-06 13:00,2190,109,108,0.00,9,903.00,,20.5,7.9,0.23,2.47,1.0,,7.6,35.1,52.6,124,110,99,98,90
2017-07-06 14:00,2190,110,108,0.00,9,811.00,,20.1,10.0,0.23,2.51,1.5,,7.9,35.2,52.6,125,113,101,98,89
2017-07-06 15:00,2190,111,110,0.00,9,638.80,,19.5,8.6,0.21,2.61,1.2,,7.7,35.3,52.6,125,115,102,98,89
2017-07-06 16:00,2190,110,108,0.00,8,434.40,,14.5,7.5,0.19,2.54,0.7,,7.7,35.3,52.6,124,115,103,98,90
2017-07-06 17:00,2190,108,108,0.00,8,242.30,,15.1,8.7,0.19,2.48,1.0,,7.8,35.3,56.3,121,115,104,98,90
2017-07-06 18:00,2190,108,105,0.00,8,83.00,,12.9,8.4,0.19,2.41,0.7,,7.8,35.3,56.3,119,114,105,98,90
2017-07-06 19:00,2190,105,99,0.00,9,0.93,,7.3,5.0,0.19,2.08,0.5,,7.9,35.4,52.6,114,113,105,99,90
2017-07-06 20:00,2190,99,92,0.00,10,0.03,,5.9,4.1,0.19,1.72,0.7,,7.8,35.4,56.3,110,111,105,99,90
2017-07-06 21:00,2190,93,91,0.00,13,0.05,,5.2,3.8,0.19,1.51,0.3,,7.8,35.5,52.6,106,109,105,100,90
2017-07-06 22:00,2190,91,88,0.00,13,0.07,,5.9,3.0,0.19,1.42,0.5,,7.7,35.5,52.6,103,106,104,100,90
2017-07-06 23:00,2190,89,84,0.00,13,0.12,,6.1,2.7,0.19,1.28,0.0,,7.5,35.5,52.6,100,104,103,100,90
2017-07-07 00:00,2190,84,80,0.00,17,0.15,,7.4,3.6,0.19,1.10,0.3,,7.7,35.5,52.6,98,102,103,100,90
2017-07-07 01:00,2190,81,79,0.00,19,0.18,,4.3,2.8,0.19,1.01,0.3,,7.3,35.5,56.3,96,101,102,101,90
2017-07-07 02:00,2190,81,77,0.00,19,0.20,,4.4,2.2,0.21,0.96,0.5,,7.7,35.5,52.6,93,98,101,100,90
2017-07-07 03:00,2190,78,77,0.00,22,0.19,,4.3,0.8,0.20,0.95,0.5,,7.2,35.5,52.6,91,97,100,100,90
2017-07-07 04:00,2190,79,76,0.00,20,5.12,,4.6,2.1,0.19,0.97,0.5,,7.5,35.5,52.6,89,96,99,100,90
2017-07-07 05:00,2190,85,76,0.00,21,108.10,,5.9,1.9,0.19,1.04,0.0,,7.3,35.5,52.6,87,94,98,100,90
2017-07-07 06:00,2190,85,78,0.00,16,50.80,,16.6,4.5,0.20,1.11,0.0,,7.6,35.5,52.6,87,93,97,99,90
2017-07-07 07:00,2190,91,82,0.00,18,332.50,,8.0,3.6,0.20,1.20,0.5,,7.4,35.5,52.6,88,92,96,99,90
2017-07-07 08:00,2190,99,91,0.00,14,634.70,,5.9,2.0,0.21,1.64,0.1,,7.0,35.4,52.6,89,92,95,99,90
2017-07-07 09:00,2190,103,99,0.00,12,693.80,,7.1,2.7,0.22,1.95,0.0,,7.4,35.4,56.4,96,94,95,99,90
2017-07-07 10:00,2190,107,103,0.00,10,912.00,,7.6,3.1,0.22,2.21,0.9,,7.4,35.4,56.4,104,96,95,98,90
2017-07-07 11:00,2190,109,107,0.00,9,1010.00,,12.6,4.3,0.22,2.42,0.5,,7.0,35.4,56.4,112,101,96,98,90
2017-07-07 12:00,2190,112,109,0.00,8,993.00,,18.1,7.1,0.21,2.60,0.7,,7.8,35.4,56.4,119,105,97,98,90
2017-07-07 13:00,2190,113,111,0.00,8,808.00,,23.8,11.2,0.21,2.73,1.5,,9.5,35.3,52.6,124,110,99,98,90
2017-07-07 14:00,2190,113,110,0.00,7,442.40,,23.3,11.8,0.21,2.69,0.9,,11.6,35.3,56.4,125,112,100,98,90
2017-07-07 15:00,2190,111,110,0.00,8,555.60,,17.9,9.3,0.21,2.66,0.8,,12.3,35.3,52.6,124,114,102,98,90
2017-07-07 16:00,2190,111,110,0.00,8,422.80,,16.1,9.5,0.21,2.68,0.7,,15.4,35.4,56.4,122,114,103,98,90
2017-07-07 17:00,2190,110,109,0.00,8,208.60,,16.4,6.7,0.21,2.61,0.5,,16.3,35.4,53.7,121,115,104,99,90
2017-07-07 18:00,2190,109,107,0.00,8,77.90,,10.2,5.7,0.20,2.50,0.7,,15.5,35.4,56.4,117,113,105,99,90
2017-07-07 19:00,2190,107,100,0.00,9,0.74,,4.3,3.6,0.19,2.14,0.5,,20.3,35.4,56.4,114,112,105,99,90
2017-07-07 20:00,2190,100,97,0.00,10,0.02,,6.4,4.2,0.19,1.84,1.0,,20.3,35.5,52.6,110,110,105,100,90
2017-07-07 21:00,2190,98,97,0.00,11,0.03,,4.6,3.3,0.19,1.81,0.3,,18.4,35.5,56.4,106,109,105,100,90
2017-07-07 22:00,2190,97,93,0.00,11,0.03,,13.3,3.5,0.19,1.66,0.0,,20.1,35.3,52.6,103,106,104,100,90
2017-07-07 23:00,2190,94,90,0.00,13,0.06,,9.3,3.2,0.19,1.55,0.0,,20.1,35.5,52.6,101,104,103,101,90
2017-07-08 00:00,2190,91,88,0.00,14,0.10,,6.4,3.3,0.19,1.45,0.3,,20.0,35.5,52.6,99,103,103,101,90
2017-07-08 01:00,2190,88,86,0.00,14,0.09,,6.5,4.3,0.20,1.30,0.3,,19.9,35.6,52.6,98,102,102,101,90
2017-07-08 02:00,2190,87,86,0.00,16,0.10,,5.9,3.6,0.21,1.29,0.5,,19.7,35.6,52.6,96,100,101,101,90
2017-07-08 03:00,2190,86,84,0.00,16,0.10,,5.8,3.0,0.21,1.24,0.5,,19.6,35.6,52.6,94,98,100,101,90
2017-07-08 04:00,2190,85,83,0.00,18,8.58,,6.4,4.6,0.21,1.16,0.5,,19.7,35.6,52.6,92,97,100,100,90
2017-07-08 05:00,2190,88,84,0.00,19,129.60,,3.8,2.0,0.23,1.20,0.5,,19.5,35.5,56.4,91,96,99,100,90
2017-07-08 06:00,2190,92,87,0.00,18,294.90,,5.0,1.7,0.24,1.34,0.5,,19.4,35.5,56.4,90,95,98,100,90
2017-07-08 07:00,2190,96,92,0.00,15,449.00,,4.8,1.7,0.23,1.59,0.3,,19.3,35.5,56.4,92,95,97,100,90
2017-07-08 08:00,2190,100,96,0.00,13,644.10,,5.7,2.6,0.23,1.75,0.4,,19.3,35.5,52.6,97,96,97,100,90
2017-07-08 09:00,2190,103,100,0.00,12,745.00,,5.8,2.2,0.23,2.03,0.7,,19.3,35.5,56.4,102,98,97,99,90
2017-07-08 10:00,2190,107,103,0.00,11,997.00,,7.8,3.1,0.23,2.25,0.2,,19.3,35.5,56.4,110,101,97,99,90
2017-07-08 11:00,2190,107,106,0.00,10,626.60,,10.6,4.6,0.22,2.32,1.1,,19.4,35.4,56.4,116,104,98,99,90
2017-07-08 12:00,2190,110,107,0.00,10,934.00,,15.9,6.9,0.23,2.46,1.1,,19.5,35.4,52.6,120,109,99,99,90
2017-07-08 13:00,2190,111,110,0.00,9,871.00,,13.2,5.8,0.23,2.62,1.2,,19.6,35.4,52.6,124,111,101,99,90
2017-07-08 14:00,2190,112,110,0.00,9,767.70,,11.3,4.8,0.23,2.68,0.9,,19.9,35.4,48.8,127,114,102,99,90
2017-07-08 15:00,2190,112,110,0.00,8,460.20,,14.0,5.4,0.23,2.70,1.2,,20.0,35.4,52.6,127,116,103,99,90
2017-07-08 16:00,2190,110,106,0.00,8,352.80,,34.8,19.4,0.23,2.55,0.8,,20.1,35.4,56.4,125,116,105,99,90
2017-07-08 17:00,2190,107,106,0.00,10,130.90,,26.0,18.0,0.24,2.34,1.0,,20.2,35.5,52.6,121,116,106,100,90
2017-07-08 18:00,2190,107,106,0.00,10,32.87,,20.7,11.4,0.23,2.34,0.5,,20.2,35.5,52.6,117,115,106,100,90
2017-07-08 19:00,2190,106,105,0.00,10,0.80,,43.6,11.5,0.22,2.28,0.7,,20.2,35.5,52.6,114,113,107,101,90
2017-07-08 20:00,2190,106,102,0.00,9,0.01,,19.1,9.0,0.22,2.24,0.2,,20.2,35.6,56.4,111,112,106,101,90
2017-07-08 21:00,2190,102,98,0.00,11,0.01,,8.8,5.3,0.23,1.99,0.3,,20.2,35.7,48.8,109,110,106,101,90
2017-07-08 22:00,2190,100,98,0.00,12,0.01,,30.2,14.0,0.24,1.89,0.3,,20.1,35.6,52.6,107,109,105,101,90
2017-07-08 23:00,2190,98,94,0.00,14,0.03,,31.0,21.1,0.31,1.67,0.0,,20.0,35.7,52.6,104,107,105,102,90
2017-07-09 00:00,2190,95,94,0.00,19,0.03,,23.9,14.1,0.33,1.65,0.0,,20.0,35.7,52.6,102,105,104,102,90
2017-07-09 01:00,2190,94,92,0.00,22,0.04,,18.7,12.4,0.37,1.55,0.0,,19.9,35.7,52.6,101,104,103,102,90
2017-07-09 02:00,2190,92,90,0.00,26,0.04,,19.9,13.4,0.39,1.45,0.3,,19.8,35.7,52.6,100,102,103,102,90
2017-07-09 03:00,2190,90,88,0.00,28,0.04,,18.8,9.3,0.38,1.39,0.3,,19.6,35.7,52.6,98,102,102,102,90
2017-07-09 04:00,2190,89,88,0.00,29,3.45,,13.0,7.2,0.38,1.36,0.3,,19.7,35.8,48.8,97,101,102,102,90
2017-07-09 05:00,2190,90,89,0.00,28,35.01,,13.6,7.6,0.38,1.39,0.3,,19.5,35.8,52.6,96,99,101,102,90
2017-07-09 06:00,2190,92,90,0.00,27,96.90,,12.2,8.1,0.38,1.43,0.3,,19.4,35.7,52.6,95,98,100,101,90
2017-07-09 07:00,2190,93,92,0.00,25,126.20,,18.5,12.5,0.38,1.53,0.3,,19.4,35.7,52.6,96,98,100,101,90
2017-07-09 08:00,2190,93,92,0.00,25,139.40,,22.6,15.3,0.39,1.54,0.4,,19.3,35.6,52.6,96,98,99,101,90
2017-07-09 09:00,2190,97,92,0.00,26,320.30,,22.4,15.8,0.39,1.56,0.2,,19.3,35.6,52.7,97,98,99,101,90
2017-07-09 10:00,2190,99,96,0.00,22,712.70,,25.4,18.4,0.38,1.81,1.0,,19.3,35.6,52.7,98,98,99,101,90
2017-07-09 11:00,2190,97,95,0.00,23,448.80,,25.4,19.1,0.39,1.67,0.9,,19.3,35.5,56.4,104,99,99,101,90
2017-07-09 12:00,2190,100,97,0.00,23,880.00,,25.8,20.0,0.40,1.79,0.9,,19.3,35.5,52.7,104,102,99,100,90
2017-07-09 13:00,2190,100,97,0.00,20,530.70,,23.0,17.8,0.39,1.84,0.5,,19.3,35.5,52.7,108,102,99,100,90
2017-07-09 14:00,2190,98,97,0.00,22,317.90,,22.6,15.3,0.39,1.77,0.5,,19.5,35.5,53.8,110,104,100,100,90
2017-07-09 15:00,2190,100,98,0.00,21,475.80,,19.6,13.4,0.37,1.87,0.0,,19.4,35.4,52.7,109,105,100,100,90
2017-07-09 16:00,2190,100,98,0.00,19,140.30,,17.0,10.7,0.36,1.90,0.0,,19.5,35.5,56.4,110,105,101,100,90
2017-07-09 17:00,2190,98,98,0.00,19,41.86,,13.0,9.1,0.34,1.80,0.6,,19.5,35.4,56.4,108,106,101,100,90
2017-07-09 18:00,2190,98,97,0.00,18,9.67,,12.1,7.9,0.33,1.79,0.9,,19.5,35.5,52.7,105,105,101,100,90
2017-07-09 19:00,2190,97,95,0.00,20,0.20,,13.7,9.1,0.35,1.70,0.4,,19.5,35.5,52.7,103,104,101,100,90
2017-07-09 20:00,2190,95,92,0.00,21,0.03,,11.3,7.1,0.35,1.60,0.3,,19.5,35.5,52.7,102,102,101,100,90
2017-07-09 21:00,2190,92,91,0.00,23,0.04,,9.2,4.8,0.36,1.53,0.6,,19.4,35.5,56.4,99,102,101,100,90
2017-07-09 22:00,2190,92,90,0.00,25,0.06,,21.6,11.4,0.38,1.47,0.2,,19.4,35.5,52.7,98,101,101,101,90
2017-07-09 23:00,2190,92,88,0.00,26,0.06,,9.0,5.3,0.38,1.43,0.2,,19.3,35.5,52.7,97,100,100,101,90
2017-07-10 00:00,2190,90,87,0.00,27,0.05,,12.2,7.3,0.39,1.33,0.6,,19.3,35.5,52.7,96,99,100,100,90
2017-07-10 01:00,2190,87,87,0.00,31,0.05,,13.3,8.4,0.39,1.31,0.0,,19.2,35.5,52.7,95,98,99,100,90
2017-07-10 02:00,2190,87,85,0.00,30,0.07,,10.2,5.6,0.40,1.27,0.0,,19.2,35.5,56.4,94,97,99,100,90
2017-07-10 03:00,2190,85,83,0.00,33,0.10,,3.9,1.5,0.40,1.18,0.0,,19.1,35.5,52.7,93,96,98,100,90
2017-07-10 04:00,2190,83,82,0.00,36,5.80,,4.2,2.3,0.40,1.13,0.0,,19.1,35.5,48.8,92,96,98,99,90
2017-07-10 05:00,2190,85,83,0.00,36,67.78,,6.0,3.6,0.40,1.16,0.0,,19.0,35.5,56.4,91,95,97,99,90
2017-07-10 06:00,2190,89,85,0.00,33,233.70,,6.9,3.4,0.40,1.30,0.5,,19.0,35.4,52.7,91,94,97,99,90
2017-07-10 07:00,2190,93,89,0.00,28,352.00,,11.4,6.9,0.40,1.42,0.2,,19.0,35.4,52.7,92,94,96,99,90
2017-07-10 08:00,2190,94,91,0.00,24,717.50,,16.3,6.5,0.39,1.53,0.2,,18.9,35.4,52.7,95,95,96,99,90
2017-07-10 09:00,2190,96,94,0.00,25,817.00,,13.9,7.5,0.39,1.64,0.7,,18.9,35.4,56.4,101,96,96,99,90
2017-07-10 10:00,2190,99,95,0.00,23,840.00,,11.3,6.5,0.37,1.74,1.0,,19.0,35.4,48.8,107,99,96,98,90
2017-07-10 11:00,2190,103,99,0.00,19,977.00,,10.2,4.6,0.35,1.91,1.0,,19.0,35.4,56.5,112,102,97,98,90
2017-07-10 12:00,2190,103,101,0.00,16,887.00,,22.4,10.0,0.34,2.04,1.2,,19.1,35.3,56.4,119,106,98,98,90
2017-07-10 13:00,2190,106,102,0.00,16,888.00,,18.2,8.9,0.32,2.11,1.2,,19.2,35.3,48.8,121,110,100,98,90
2017-07-10 14:00,2190,106,103,0.00,14,641.90,,17.8,9.3,0.32,2.18,1.2,,19.4,35.3,52.7,122,112,101,99,90
2017-07-10 15:00,2190,105,102,0.00,15,430.90,,18.3,8.9,0.32,2.13,0.7,,19.5,35.3,48.8,122,113,102,99,91
2017-07-10 16:00,2190,104,103,0.00,14,265.40,,17.8,8.9,0.31,2.14,0.9,,19.7,35.4,52.7,120,113,103,99,90
2017-07-10 17:00,2190,103,100,0.00,15,65.71,,18.0,8.5,0.30,2.03,0.7,,19.8,35.3,53.8,117,113,104,99,90
2017-07-10 18:00,2190,101,94,0.00,15,8.86,,32.8,15.6,0.33,1.72,0.9,,19.7,35.4,52.7,114,112,105,100,91
2017-07-10 19:00,2190,94,79,0.03,21,0.12,,22.7,13.5,0.43,1.43,0.6,,19.9,35.5,52.7,110,110,105,100,91
2017-07-10 20:00,2190,83,79,0.05,56,0.14,,26.0,16.9,0.54,1.06,0.4,,19.8,35.4,52.7,105,108,104,101,91
2017-07-10 21:00,2190,85,82,0.00,48,0.10,,21.0,13.3,0.48,1.16,0.0,,19.8,35.5,53.8,96,104,104,101,91
2017-07-10 22:00,2190,85,79,0.00,34,0.14,,9.9,5.2,0.48,1.12,0.0,,19.5,35.5,56.5,91,100,103,101,91
2017-07-10 23:00,2190,80,79,0.00,59,0.15,,8.2,3.8,0.58,1.01,0.0,,19.4,35.5,56.5,89,97,101,101,90
2017-07-11 00:00,2190,80,78,0.00,51,0.17,,6.9,4.1,0.56,1.00,0.2,,19.2,35.5,52.7,87,95,100,101,91
2017-07-11 01:00,2190,79,74,0.00,53,0.23,,5.3,1.6,0.55,0.97,0.2,,19.1,35.5,53.8,86,94,99,101,90
2017-07-11 02:00,2190,74,73,0.00,75,0.21,,4.5,1.3,0.63,0.85,0.0,,19.0,35.5,48.8,85,92,97,101,91
2017-07-11 03:00,2190,73,72,0.00,76,0.19,,5.0,2.6,0.60,0.80,0.0,,18.9,35.5,48.8,83,91,96,101,91
2017-07-11 04:00,2190,72,71,0.00,78,2.80,,4.6,1.5,0.59,0.79,0.2,,18.7,35.4,52.7,82,90,95,100,91
2017-07-11 05:00,2190,75,72,0.00,75,34.37,,4.7,2.4,0.58,0.81,0.4,,18.6,35.5,48.8,82,89,94,99,91
2017-07-11 06:00,2190,77,75,0.00,64,108.20,,8.9,5.2,0.56,0.91,0.2,,18.7,35.4,53.8,82,87,94,99,91
2017-07-11 07:00,2190,87,77,0.00,59,353.30,,9.1,6.0,0.52,1.06,0.3,,18.6,35.4,56.5,82,87,93,99,91
2017-07-11 08:00,2190,91,87,0.00,33,671.30,,8.5,3.6,0.40,1.36,0.3,,18.6,35.3,52.7,85,87,92,98,91
2017-07-11 09:00,2190,95,91,0.00,27,818.00,,8.2,2.7,0.38,1.55,0.6,,18.5,35.3,52.7,92,90,92,98,91
2017-07-11 10:00,2190,97,95,0.00,22,923.00,,9.9,3.8,0.36,1.70,0.9,,18.6,35.3,48.8,102,94,92,98,91
2017-07-11 11:00,2190,100,97,0.00,20,913.00,,13.1,5.0,0.34,1.81,1.9,,18.7,35.1,53.8,109,98,94,98,91
2017-07-11 12:00,2190,101,100,0.00,17,1009.00,,18.8,7.5,0.32,1.98,1.8,,18.8,35.1,52.7,115,102,95,98,91
2017-07-11 13:00,2190,102,101,0.00,14,916.00,,19.2,8.5,0.28,2.02,2.0,,19.0,35.1,53.8,120,107,97,98,91
2017-07-11 14:00,2190,104,102,0.00,13,778.40,,17.0,8.9,0.27,2.10,2.5,,19.1,35.1,53.8,121,110,99,98,91
2017-07-11 15:00,2190,104,103,0.00,12,568.80,,17.7,8.4,0.26,2.11,2.5,,19.3,35.1,52.7,121,112,100,98,91
2017-07-11 16:00,2190,104,103,0.00,13,391.20,,17.4,10.8,0.27,2.13,2.8,,19.4,35.1,52.7,119,112,102,98,91
2017-07-11 17:00,2190,103,102,0.00,13,184.00,,14.6,8.2,0.26,2.06,2.4,,19.5,35.1,53.8,116,112,103,98,91
2017-07-11 18:00,2190,102,99,0.00,13,45.18,,10.4,6.8,0.26,1.97,2.3,,19.7,35.1,53.8,112,110,103,98,91
2017-07-11 19:00,2190,99,96,0.00,15,0.73,,14.8,9.6,0.27,1.80,1.5,,19.7,35.3,53.8,108,109,103,99,91
2017-07-11 20:00,2190,96,95,0.00,16,0.03,,15.0,8.2,0.29,1.70,2.1,,19.7,35.3,48.8,104,107,103,99,91
2017-07-11 21:00,2190,95,91,0.00,18,0.07,,10.2,3.6,0.31,1.57,1.9,,19.7,35.3,53.8,102,104,103,100,91
2017-07-11 22:00,2190,91,89,0.00,22,0.09,,6.9,3.7,0.30,1.44,1.6,,19.5,35.4,48.8,100,102,102,100,91
2017-07-11 23:00,2190,90,87,0.00,23,0.11,,11.9,4.4,0.33,1.35,1.6,,19.4,35.4,48.8,98,101,102,100,91
2017-07-12 00:00,2190,87,86,0.00,26,0.14,,12.4,6.3,0.34,1.29,1.6,,19.4,35.4,53.8,96,99,101,100,91
2017-07-12 01:00,2190,87,85,0.00,26,0.11,,16.5,11.2,0.34,1.24,1.3,,19.3,35.4,53.8,94,98,100,100,91
2017-07-12 02:00,2190,85,84,0.00,29,0.12,,14.5,10.4,0.35,1.20,1.6,,19.2,35.4,53.8,92,96,99,100,91
2017-07-12 03:00,2190,84,82,0.00,30,0.14,,13.7,8.3,0.35,1.17,1.0,,19.2,35.4,48.8,91,96,98,100,91
2017-07-12 04:00,2190,83,82,0.00,31,3.84,,15.6,10.3,0.35,1.13,1.0,,19.1,35.4,53.8,90,94,98,100,91
2017-07-12 05:00,2190,83,82,0.00,32,91.60,,13.1,6.7,0.35,1.10,1.4,,19.0,35.4,48.8,89,94,97,99,91
2017-07-12 06:00,2190,86,83,0.00,30,205.80,,15.0,10.5,0.34,1.19,0.9,,19.0,35.4,53.8,88,92,96,99,91
2017-07-12 07:00,2190,89,86,0.00,27,480.00,,13.1,8.3,0.34,1.30,0.9,,18.9,35.3,52.7,89,92,96,99,91
2017-07-12 08:00,2190,92,89,0.00,24,664.90,,11.7,5.2,0.33,1.42,1.6,,18.9,35.3,53.8,93,93,95,99,91
2017-07-12 09:00,2190,95,92,0.00,22,801.00,,10.8,3.2,0.32,1.58,1.6,,18.9,35.3,53.8,98,95,95,99,91
2017-07-12 10:00,2190,98,95,0.00,19,910.00,,14.8,6.4,0.30,1.72,1.3,,18.9,35.3,56.5,106,98,95,98,91
2017-07-12 11:00,2190,101,98,0.00,15,968.00,,16.9,9.5,0.25,1.88,2.1,,19.0,35.3,48.8,112,102,96,98,91
2017-07-12 12:00,2190,101,100,0.00,13,966.00,,19.0,11.2,0.24,1.98,2.1,,19.1,35.1,48.8,116,105,98,98,91
2017-07-12 13:00,2190,102,101,0.00,11,915.00,,19.8,11.8,0.24,2.05,1.9,,19.3,35.1,53.8,120,108,99,98,91
2017-07-12 14:00,2190,104,102,0.00,11,798.50,,20.5,11.1,0.23,2.10,2.6,,19.4,35.1,53.8,121,111,101,98,91
2017-07-12 15:00,2190,105,103,0.00,10,633.90,,19.1,8.7,0.22,2.17,1.9,,19.7,35.1,53.8,121,112,102,98,91
2017-07-12 16:00,2190,103,103,0.00,10,433.40,,15.5,7.6,0.22,2.13,1.6,,19.8,35.3,53.8,119,112,103,98,91
2017-07-12 17:00,2190,103,102,0.00,11,229.80,,15.3,7.4,0.22,2.12,1.7,,19.9,35.3,53.8,117,112,104,99,91
2017-07-12 18:00,2190,102,100,0.00,10,55.59,,14.0,7.5,0.22,2.04,1.2,,19.8,35.3,53.8,114,112,104,99,91
2017-07-12 19:00,2190,100,95,0.00,11,0.63,,7.3,5.3,0.22,1.82,1.2,,20.0,35.3,53.8,110,110,104,100,91
2017-07-12 20:00,2190,95,92,0.00,13,0.04,,9.3,4.5,0.22,1.60,1.3,,20.0,35.3,53.8,106,108,104,100,91
2017-07-12 21:00,2190,93,93,0.00,14,0.05,,11.8,7.6,0.23,1.56,0.5,,19.9,35.4,53.8,102,106,104,100,91
2017-07-12 22:00,2190,93,89,0.00,15,0.06,,10.9,6.6,0.24,1.51,0.9,,19.9,35.4,53.8,100,103,103,101,91
2017-07-12 23:00,2190,89,85,0.00,18,0.06,,7.4,3.6,0.25,1.30,1.0,,19.7,35.4,48.8,98,102,102,101,91
2017-07-13 00:00,2190,89,82,0.00,18,0.12,,8.0,3.4,0.25,1.27,0.6,,19.8,35.4,53.8,96,100,102,101,91
2017-07-13 01:00,2190,85,80,0.00,24,0.15,,7.3,2.1,0.26,1.13,0.8,,19.5,34.3,48.8,94,98,101,101,91
2017-07-13 02:00,2190,86,83,0.00,22,0.11,,12.8,6.2,0.26,1.21,0.8,,19.5,34.2,48.8,92,97,100,101,91
2017-07-13 03:00,2190,84,83,0.00,23,0.12,,10.1,6.2,0.27,1.15,1.0,,19.4,34.2,53.8,90,96,99,101,91
2017-07-13 04:00,2190,84,83,0.00,23,4.91,,17.0,11.4,0.27,1.16,1.0,,19.5,34.2,53.8,89,94,98,100,91
2017-07-13 05:00,2190,85,83,0.00,24,111.80,,16.1,10.7,0.27,1.15,0.5,,19.3,34.2,53.8,89,94,97,100,91
2017-07-13 06:00,2190,88,85,0.00,21,301.50,,17.5,12.6,0.26,1.28,0.5,,19.2,34.5,53.8,88,93,97,100,91
2017-07-13 07:00,2190,91,88,0.00,19,492.90,,16.6,12.0,0.25,1.39,0.8,,19.1,34.4,48.8,90,92,96,100,91
2017-07-13 08:00,2190,95,91,0.00,17,673.30,,14.4,8.4,0.24,1.52,1.3,,19.1,34.6,58.5,94,94,95,99,91
2017-07-13 09:00,2190,98,94,0.00,14,799.30,,16.9,10.6,0.22,1.71,0.9,,19.1,34.7,53.8,99,96,95,99,91
2017-07-13 10:00,2190,101,98,0.00,12,919.00,,20.6,13.6,0.22,1.88,0.5,,19.1,34.7,53.8,106,98,96,99,91
2017-07-13 11:00,2190,103,101,0.00,11,963.00,,20.2,14.2,0.22,2.03,1.0,,19.2,34.5,52.7,111,102,97,98,91
2017-07-13 12:00,2190,104,103,0.00,10,961.00,,23.6,15.6,0.23,2.13,1.3,,19.3,34.4,53.8,115,104,98,98,91
2017-07-13 13:00,2190,105,103,0.00,11,897.00,,22.4,13.1,0.25,2.16,1.0,,19.5,34.4,53.8,119,107,99,98,91
2017-07-13 14:00,2190,106,104,0.00,11,625.10,,19.4,12.0,0.24,2.25,1.0,,19.6,34.5,48.8,121,110,100,98,91
2017-07-13 15:00,2190,105,104,0.00,11,582.20,,20.1,11.0,0.23,2.22,1.2,,19.7,34.5,53.8,120,112,102,99,91
2017-07-13 16:00,2190,105,105,0.00,9,446.80,,17.2,10.0,0.21,2.22,0.9,,19.9,34.5,52.7,119,112,103,99,91
2017-07-13 17:00,2190,105,104,0.00,9,236.20,,17.0,9.3,0.20,2.19,1.3,,20.0,34.6,48.8,116,111,103,98,91
2017-07-13 18:00,2190,104,101,0.00,9,62.02,,14.0,8.2,0.20,2.10,1.1,,20.1,34.6,53.8,113,111,104,99,91
2017-07-13 19:00,2190,101,97,0.00,10,1.22,,8.7,6.3,0.19,1.87,1.1,,20.1,34.9,48.8,110,110,104,100,91
2017-07-13 20:00,2190,97,93,0.00,11,0.05,,8.9,6.5,0.19,1.67,0.8,,20.1,34.9,48.8,106,108,104,100,91
2017-07-13 21:00,2190,95,93,0.00,12,0.03,,15.6,10.9,0.21,1.62,0.4,,19.9,35.3,48.8,102,105,103,101,91
2017-07-13 22:00,2190,95,93,0.00,14,0.06,,12.7,9.1,0.23,1.59,0.6,,20.0,35.3,53.8,100,103,103,101,91
2017-07-13 23:00,2190,93,90,0.00,15,0.07,,12.3,9.4,0.23,1.50,0.9,,19.9,35.4,53.8,98,102,102,101,91
2017-07-14 00:00,2190,91,87,0.00,16,0.10,,9.8,5.7,0.22,1.38,0.4,,19.7,35.4,48.8,96,101,101,101,91
2017-07-14 01:00,2190,88,83,0.00,16,0.13,,6.4,3.1,0.22,1.22,0.4,,19.7,35.4,53.8,95,99,101,101,91
2017-07-14 02:00,2190,85,80,0.00,20,0.13,,11.3,5.0,0.24,1.14,0.6,,19.6,35.4,48.8,93,98,100,101,91
2017-07-14 03:00,2190,86,84,0.00,20,0.17,,14.0,7.0,0.25,1.21,0.0,,19.5,35.3,53.8,91,96,99,101,91
2017-07-14 04:00,2190,85,78,0.00,22,4.12,,8.6,3.0,0.25,1.09,0.2,,19.4,35.4,53.8,90,95,98,101,91
2017-07-14 05:00,2190,80,77,0.00,25,112.00,,6.8,3.3,0.25,0.97,0.2,,19.4,35.4,53.8,89,94,98,100,91
2017-07-14 06:00,2190,87,79,0.00,26,302.50,,5.4,3.5,0.26,1.10,0.2,,19.3,35.3,48.8,87,93,97,100,91
2017-07-14 07:00,2190,92,87,0.00,20,499.80,,7.8,2.7,0.26,1.37,0.2,,19.2,35.3,53.8,89,92,96,99,91
2017-07-14 08:00,2190,97,92,0.00,17,681.40,,6.2,2.4,0.25,1.56,0.4,,19.2,35.3,53.8,94,94,96,99,91
2017-07-14 09:00,2190,100,97,0.00,14,803.00,,9.0,3.3,0.25,1.80,1.1,,19.2,35.3,53.8,101,96,95,99,91
2017-07-14 10:00,2190,102,100,0.00,13,929.00,,14.7,6.4,0.24,1.97,1.7,,19.2,35.1,53.8,109,99,96,99,91
2017-07-14 11:00,2190,104,102,0.00,11,974.00,,19.5,9.4,0.24,2.10,1.3,,19.3,35.1,53.8,115,103,97,99,91
2017-07-14 12:00,2190,107,104,0.00,11,966.00,,19.7,9.3,0.24,2.24,1.1,,19.4,35.1,56.5,120,107,98,99,91
2017-07-14 13:00,2190,106,105,0.00,10,899.00,,21.6,10.6,0.24,2.26,1.1,,19.6,35.0,53.8,122,111,100,98,91
2017-07-14 14:00,2190,108,105,0.00,11,779.30,,21.5,11.2,0.24,2.34,1.1,,19.7,35.1,53.8,125,113,101,99,91
2017-07-14 15:00,2190,108,106,0.00,10,615.80,,20.3,10.5,0.23,2.38,1.2,,20.0,35.1,53.8,124,114,103,99,91
2017-07-14 16:00,2190,107,106,0.00,10,417.20,,18.4,9.3,0.23,2.36,1.4,,20.1,35.2,53.8,122,114,104,99,91
2017-07-14 17:00,2190,106,105,0.00,10,224.60,,15.3,9.6,0.23,2.30,1.1,,20.2,35.2,53.8,120,114,105,100,91
2017-07-14 18:00,2190,105,102,0.00,10,55.70,,11.4,7.5,0.22,2.19,0.9,,20.2,35.2,53.8,116,113,105,100,91
2017-07-14 19:00,2190,102,98,0.00,11,0.81,,9.8,6.2,0.22,1.94,0.9,,20.3,35.3,53.8,112,112,106,101,91
2017-07-14 20:00,2190,98,96,0.00,11,0.03,,9.4,7.2,0.20,1.77,0.4,,20.2,35.3,53.8,108,110,105,101,91
2017-07-14 21:00,2190,96,93,0.00,12,0.05,,9.2,6.8,0.20,1.64,0.7,,20.2,35.3,53.8,105,108,105,101,91
2017-07-14 22:00,2190,94,92,0.00,14,0.05,,8.9,5.5,0.21,1.57,0.7,,20.1,35.4,53.8,102,106,104,101,91
2017-07-14 23:00,2190,92,90,0.00,14,0.09,,9.2,3.8,0.22,1.45,1.0,,19.9,35.4,53.8,99,103,103,102,91
2017-07-15 00:00,2190,91,88,0.00,15,0.08,,8.8,4.7,0.22,1.44,0.0,,20.0,35.4,48.8,98,102,103,102,91
2017-07-15 01:00,2190,88,86,0.00,16,0.15,,6.8,3.1,0.22,1.31,0.4,,19.9,35.4,53.8,96,100,102,102,91
2017-07-15 02:00,2190,87,86,0.00,17,0.12,,8.0,5.1,0.21,1.28,0.2,,19.7,35.4,53.8,94,98,101,102,91
2017-07-15 03:00,2190,88,85,0.00,18,0.15,,11.2,7.1,0.22,1.25,0.2,,19.6,35.4,53.8,92,98,100,101,91
2017-07-15 04:00,2190,86,84,0.00,19,4.31,,12.4,6.6,0.24,1.25,0.2,,19.5,35.4,56.5,91,96,99,101,91
2017-07-15 05:00,2190,86,77,0.00,21,110.30,,7.6,3.7,0.24,1.07,0.4,,19.4,35.4,53.8,90,95,99,101,91
2017-07-15 06:00,2190,87,78,0.00,23,300.40,,7.5,4.5,0.22,1.07,0.4,,19.3,35.4,53.8,90,94,98,101,91
2017-07-15 07:00,2190,93,87,0.00,17,498.40,,8.6,4.5,0.22,1.39,0.1,,19.3,35.3,53.8,91,94,97,101,91
2017-07-15 08:00,2190,97,93,0.00,14,680.60,,6.8,2.4,0.22,1.66,0.0,,19.2,35.3,53.8,96,95,97,100,91
2017-07-15 09:00,2190,102,97,0.00,13,803.00,,9.2,2.9,0.23,1.88,0.3,,19.2,35.2,53.8,102,97,97,100,91
2017-07-15 10:00,2190,105,102,0.00,11,935.00,,14.3,7.7,0.22,2.15,1.1,,19.2,35.3,53.8,110,100,97,100,91
2017-07-15 11:00,2190,107,105,0.00,10,981.00,,18.2,7.9,0.24,2.31,1.3,,19.3,35.2,53.8,116,104,98,99,91
2017-07-15 12:00,2190,108,106,0.00,10,971.00,,18.1,9.6,0.23,2.41,1.6,,19.4,35.2,53.8,121,108,99,99,91
2017-07-15 13:00,2190,110,108,0.00,9,908.00,,22.2,11.6,0.23,2.54,1.6,,19.6,35.2,53.8,125,111,101,99,91
2017-07-15 14:00,2190,111,109,0.00,9,791.40,,23.0,11.9,0.22,2.59,1.6,,19.7,35.3,48.8,127,114,102,99,91
2017-07-15 15:00,2190,111,110,0.00,8,629.80,,17.7,9.5,0.22,2.66,0.8,,20.0,35.2,53.8,127,116,104,99,91
2017-07-15 16:00,2190,110,110,0.00,8,439.50,,16.3,7.6,0.21,2.61,1.2,,20.1,35.3,53.8,125,116,105,100,91
2017-07-15 17:00,2190,110,109,0.00,8,240.60,,12.2,7.5,0.21,2.55,1.2,,20.2,35.2,53.8,122,117,106,100,91
2017-07-15 18:00,2190,109,105,0.00,8,59.41,,7.4,4.2,0.22,2.43,0.7,,20.3,35.3,53.8,119,115,107,101,91
2017-07-15 19:00,2190,105,100,0.00,10,0.60,,6.1,4.4,0.22,2.05,0.7,,20.3,35.4,53.8,115,114,107,101,92
2017-07-15 20:00,2190,100,97,0.00,12,0.02,,8.3,6.6,0.22,1.85,0.3,,20.3,35.3,53.8,110,112,107,102,92
2017-07-15 21:00,2190,98,96,0.00,13,0.04,,11.4,6.1,0.22,1.74,0.5,,20.2,35.4,53.8,107,110,106,102,92
2017-07-15 22:00,2190,98,94,0.00,12,0.04,,9.9,6.5,0.22,1.72,0.2,,20.1,35.4,53.8,103,108,106,102,92
2017-07-15 23:00,2190,94,90,0.00,14,0.09,,6.3,4.3,0.22,1.49,0.5,,19.9,35.4,53.8,102,105,105,102,91
2017-07-16 00:00,2190,91,83,0.00,15,0.10,,11.0,4.8,0.21,1.32,0.5,,19.8,35.4,53.8,99,103,104,102,92
2017-07-16 01:00,2190,90,83,0.00,17,0.14,,12.9,5.2,0.20,1.18,0.0,,19.9,35.5,53.8,97,102,103,102,92
2017-07-16 02:00,2190,91,89,0.00,15,0.09,,19.7,13.8,0.22,1.44,0.2,,19.8,35.5,53.8,95,100,102,102,91
2017-07-16 03:00,2190,89,87,0.00,17,0.15,,20.7,10.2,0.24,1.37,0.2,,19.7,35.4,53.8,94,98,101,102,92
2017-07-16 04:00,2190,88,87,0.00,19,3.16,,16.6,9.6,0.25,1.31,0.2,,19.5,35.5,58.6,94,98,101,102,92
2017-07-16 05:00,2190,89,87,0.00,20,97.50,,12.8,7.1,0.27,1.30,0.2,,19.4,35.4,53.8,92,97,100,102,92
2017-07-16 06:00,2190,92,89,0.00,21,283.60,,21.0,11.6,0.30,1.44,0.2,,19.3,35.4,53.8,92,96,99,102,92
2017-07-16 07:00,2190,95,92,0.00,21,483.40,,21.6,16.1,0.31,1.56,0.0,,19.2,35.4,53.8,94,96,99,102,92
2017-07-16 08:00,2190,98,95,0.00,18,660.60,,20.0,14.0,0.30,1.67,0.2,,19.2,35.3,48.8,97,96,98,101,92
2017-07-16 09:00,2190,100,98,0.00,18,785.50,,17.1,11.2,0.31,1.83,0.5,,19.2,35.4,53.8,102,98,98,101,92
2017-07-16 10:00,2190,103,100,0.00,15,917.00,,16.1,7.8,0.27,1.95,0.7,,19.2,35.3,53.8,107,101,98,101,92
2017-07-16 11:00,2190,104,102,0.00,12,966.00,,16.3,7.7,0.25,2.13,0.6,,19.2,35.3,53.8,113,103,99,101,92
2017-07-16 12:00,2190,106,103,0.00,12,959.00,,14.8,7.3,0.24,2.24,1.4,,19.5,35.3,56.5,119,107,100,101,92
2017-07-16 13:00,2190,108,105,0.00,11,899.00,,18.9,8.8,0.23,2.35,1.2,,19.5,35.2,53.8,124,111,101,101,92
2017-07-16 14:00,2190,108,108,0.00,9,782.60,,18.6,10.8,0.23,2.46,1.2,,19.7,35.3,56.5,127,113,103,101,92
2017-07-16 15:00,2190,109,108,0.00,9,618.40,,18.1,10.0,0.22,2.47,0.9,,19.9,35.2,53.8,127,116,104,101,92
2017-07-16 16:00,2190,109,108,0.00,9,422.40,,17.6,11.2,0.22,2.50,0.7,,20.0,35.3,53.8,124,116,105,101,92
2017-07-16 17:00,2190,108,107,0.00,9,224.00,,17.5,11.4,0.22,2.44,1.5,,20.1,35.3,53.8,121,115,106,101,92
2017-07-16 18:00,2190,107,104,0.00,9,52.47,,16.8,11.4,0.21,2.33,1.1,,20.2,35.3,53.8,117,115,107,101,92
2017-07-16 19:00,2190,104,99,0.00,9,0.63,,13.2,7.9,0.21,2.08,0.7,,20.1,35.3,53.8,113,113,107,102,92
2017-07-16 20:00,2190,100,99,0.00,11,0.02,,18.2,9.8,0.20,1.89,0.6,,20.1,35.3,53.8,110,111,107,102,92
2017-07-16 21:00,2190,100,99,0.00,13,0.03,,21.7,15.6,0.29,1.87,0.6,,19.9,35.4,53.8,106,109,106,102,92
2017-07-16 22:00,2190,99,96,0.00,19,0.04,,25.5,17.0,0.36,1.80,0.4,,20.0,35.4,53.8,104,107,106,102,92
2017-07-16 23:00,2190,96,95,0.00,21,0.03,,24.8,15.8,0.31,1.69,0.4,,19.9,35.4,53.8,102,106,105,102,92
2017-07-17 00:00,2190,95,93,0.00,21,0.05,,24.7,16.8,0.37,1.64,0.4,,19.7,35.5,53.8,101,104,104,102,92
2017-07-17 01:00,2190,93,91,0.00,24,0.07,,22.0,15.7,0.37,1.51,0.3,,19.7,35.5,53.8,100,103,103,102,92
2017-07-17 02:00,2190,91,91,0.00,23,0.06,,21.0,14.9,0.36,1.47,0.2,,19.7,35.5,53.8,98,103,103,102,92
2017-07-17 03:00,2190,91,90,0.00,26,0.09,,20.3,13.6,0.38,1.45,0.2,,19.5,35.4,53.8,97,103,102,102,92
2017-07-17 04:00,2190,90,89,0.00,25,6.91,,18.7,9.3,0.36,1.40,0.2,,19.4,35.4,53.8,96,100,102,102,92
2017-07-17 05:00,2190,90,89,0.00,25,120.70,,20.8,11.5,0.33,1.41,0.2,,19.5,35.5,53.8,96,99,101,102,92
2017-07-17 06:00,2190,92,90,0.00,22,276.30,,15.8,10.5,0.30,1.46,0.2,,19.3,35.4,48.8,96,98,100,102,92
2017-07-17 07:00,2190,95,92,0.00,19,494.60,,26.2,16.8,0.27,1.60,0.0,,19.2,35.4,53.9,96,98,100,102,92
2017-07-17 08:00,2190,97,95,0.00,20,667.20,,26.5,19.7,0.34,1.68,0.2,,19.2,35.4,53.9,99,98,100,102,92
2017-07-17 09:00,2190,99,97,0.00,20,790.00,,24.2,18.3,0.34,1.79,0.5,,19.2,35.3,48.8,103,100,99,102,92
2017-07-17 10:00,2190,102,99,0.00,17,912.00,,24.4,16.0,0.32,1.93,0.7,,19.2,35.3,53.9,108,102,100,102,92
2017-07-17 11:00,2190,103,102,0.00,16,957.00,,24.4,15.7,0.33,2.07,1.0,,19.2,35.3,53.9,112,104,100,101,92
2017-07-17 12:00,2190,104,102,0.00,16,945.00,,26.6,15.8,0.34,2.13,0.4,,19.3,35.3,53.9,116,107,101,101,92
2017-07-17 13:00,2190,108,104,0.00,15,892.00,,24.7,14.9,0.29,2.33,1.2,,19.4,35.3,53.9,120,110,102,101,92
2017-07-17 14:00,2190,109,106,0.00,11,782.80,,22.9,14.7,0.26,2.41,1.2,,19.5,35.3,53.9,122,112,103,101,92
2017-07-17 15:00,2190,109,108,0.00,10,616.40,,27.2,15.4,0.26,2.45,0.5,,19.7,35.3,58.6,122,114,104,101,92
2017-07-17 16:00,2190,108,107,0.00,10,423.10,,24.0,14.8,0.26,2.43,0.7,,19.8,35.3,53.9,121,114,105,102,92
2017-07-17 17:00,2190,107,106,0.00,11,221.00,,22.3,13.8,0.26,2.37,0.9,,19.9,35.3,53.9,119,114,106,102,92
2017-07-17 18:00,2190,106,104,0.00,11,54.44,,19.1,13.4,0.26,2.26,1.5,,19.9,35.3,53.9,115,113,106,102,92
2017-07-17 19:00,2190,104,101,0.00,11,0.69,,19.6,13.0,0.24,2.09,0.9,,19.9,35.3,58.6,112,113,106,102,92
2017-07-17 20:00,2190,101,99,0.00,12,0.01,,18.5,11.4,0.23,1.93,0.4,,19.9,35.4,58.6,109,113,106,102,92
2017-07-17 21:00,2190,99,97,0.00,14,0.02,,16.5,10.2,0.23,1.81,0.6,,19.7,35.4,58.7,106,113,106,102,92
2017-07-17 22:00,2190,98,96,0.00,11,0.03,,18.0,13.0,0.20,1.78,0.4,,19.8,35.4,53.9,103,107,105,102,92
2017-07-17 23:00,2190,96,92,0.00,12,0.03,,17.4,13.5,0.19,1.62,0.4,,19.7,35.4,58.7,102,105,105,102,92
2017-07-18 00:00,2190,92,90,0.00,13,0.03,,22.6,16.8,0.22,1.47,0.3,,19.7,35.4,53.9,100,103,104,102,92
2017-07-18 01:00,2190,90,88,0.00,16,0.06,,18.6,12.4,0.24,1.40,0.2,,19.6,34.3,53.9,98,102,103,102,92
2017-07-18 02:00,2190,88,86,0.00,18,0.11,,15.0,7.5,0.25,1.31,0.2,,19.4,34.5,53.9,96,101,102,102,92
2017-07-18 03:00,2190,87,86,0.00,20,0.12,,15.4,8.9,0.26,1.29,0.2,,19.3,34.5,53.9,95,100,102,102,92
2017-07-18 04:00,2190,86,85,0.00,21,3.17,,13.1,8.8,0.26,1.23,0.6,,19.2,35.4,53.9,94,98,101,102,92
2017-07-18 05:00,2190,86,85,0.00,21,75.66,,13.6,9.7,0.26,1.22,0.6,,19.1,35.3,58.7,92,97,100,102,92
2017-07-18 06:00,2190,90,86,0.00,21,221.20,,11.4,7.6,0.25,1.31,0.6,,19.2,34.2,53.9,92,96,100,102,92
2017-07-18 07:00,2190,93,90,0.00,17,436.10,,21.4,13.8,0.24,1.50,0.6,,19.0,35.4,53.9,92,96,99,102,92
2017-07-18 08:00,2190,96,93,0.00,14,664.10,,23.6,17.8,0.22,1.62,0.2,,19.1,34.1,53.9,96,96,98,102,92
2017-07-18 09:00,2190,98,96,0.00,13,745.20,,25.1,17.9,0.22,1.76,0.2,,18.9,34.5,53.9,100,97,98,102,92
2017-07-18 10:00,2190,100,98,0.00,12,921.00,,27.0,19.6,0.22,1.89,0.5,,19.0,34.4,58.7,105,99,98,102,92
2017-07-18 11:00,2190,103,100,0.00,11,989.00,,26.8,19.0,0.21,2.03,0.7,,19.0,34.4,53.9,110,102,99,101,92
2017-07-18 12:00,2190,105,103,0.00,9,1008.00,,27.7,19.3,0.19,2.19,1.0,,19.2,35.2,53.9,113,104,100,101,92
2017-07-18 13:00,2190,105,105,0.00,9,795.30,,25.6,17.0,0.20,2.23,0.7,,19.2,35.2,53.9,116,107,101,101,92
2017-07-18 14:00,2190,107,105,0.00,9,762.00,,26.1,15.2,0.19,2.31,0.7,,19.3,35.2,53.9,119,110,102,101,92
2017-07-18 15:00,2190,107,106,0.00,8,597.00,,24.5,15.4,0.19,2.35,1.0,,19.5,35.1,53.9,119,111,103,101,92
2017-07-18 16:00,2190,107,106,0.00,8,475.50,,20.7,12.7,0.19,2.34,0.9,,19.6,35.2,53.9,119,112,104,101,92
2017-07-18 17:00,2190,107,105,0.00,8,237.00,,20.3,12.9,0.19,2.31,1.1,,19.5,35.2,53.9,116,112,104,101,92
2017-07-18 18:00,2190,105,102,0.00,9,62.47,,17.6,11.9,0.19,2.16,0.7,,19.7,35.2,53.9,114,111,105,102,92
2017-07-18 19:00,2190,102,99,0.00,9,1.37,,18.1,11.9,0.19,1.98,0.4,,19.7,35.2,58.7,110,110,105,102,92
2017-07-18 20:00,2190,99,98,0.00,11,0.02,,19.4,11.8,0.19,1.86,0.6,,19.7,35.3,53.9,107,109,105,102,92
2017-07-18 21:00,2190,98,95,0.00,11,0.03,,17.0,10.5,0.19,1.74,0.4,,19.5,35.3,53.9,104,107,105,102,92
2017-07-18 22:00,2190,95,93,0.00,11,0.04,,15.0,9.5,0.19,1.65,0.7,,19.6,35.3,53.9,102,105,104,102,92
2017-07-18 23:00,2190,93,93,0.00,12,0.07,,16.9,11.2,0.19,1.55,0.6,,19.5,35.3,58.7,100,103,103,102,92
2017-07-19 00:00,2190,93,91,0.00,12,0.06,,20.3,13.3,0.19,1.54,0.6,,19.3,35.3,53.9,98,102,103,102,92
2017-07-19 01:00,2190,91,89,0.00,13,0.10,,24.4,17.6,0.19,1.45,0.6,,19.3,35.3,53.9,98,101,102,102,92
2017-07-19 02:00,2190,89,87,0.00,15,0.11,,23.6,10.4,0.21,1.34,1.0,,19.2,35.3,53.9,96,100,102,102,92
2017-07-19 03:00,2190,88,87,0.00,17,0.08,,21.2,12.6,0.21,1.30,0.0,,19.1,35.3,53.9,95,99,101,102,92
2017-07-19 04:00,2190,88,87,0.00,16,1.98,,20.7,13.6,0.22,1.30,0.0,,19.0,34.1,53.9,94,98,100,102,92
2017-07-19 05:00,2190,87,87,0.00,17,44.52,,21.1,15.1,0.22,1.29,0.0,,19.0,35.3,58.7,93,97,100,102,92
2017-07-19 06:00,2190,89,87,0.00,17,93.30,,18.1,10.2,0.23,1.32,0.0,,18.9,35.3,58.7,92,96,99,102,92
2017-07-19 07:00,2190,91,89,0.00,17,189.40,,19.5,13.0,0.24,1.41,0.0,,19.0,35.2,53.9,93,96,99,102,92
2017-07-19 08:00,2190,95,91,0.00,19,485.30,,26.5,17.2,0.29,1.54,0.2,,18.8,35.2,53.9,94,96,98,102,92
2017-07-19 09:00,2190,97,95,0.00,18,749.10,,29.0,21.6,0.30,1.70,0.0,,18.8,35.2,53.9,97,96,98,101,92
2017-07-19 10:00,2190,96,96,0.00,19,761.90,,27.8,19.8,0.37,1.71,0.2,,18.8,35.1,53.9,102,98,98,101,92
2017-07-19 11:00,2190,96,95,0.00,22,908.00,,29.4,21.8,0.39,1.69,0.3,,18.8,35.1,53.9,106,101,98,101,92
2017-07-19 12:00,2190,96,96,0.00,24,950.00,,32.3,20.2,0.43,1.72,1.0,,18.9,35.1,53.9,110,102,99,101,92
2017-07-19 13:00,2190,98,96,0.00,22,890.00,,25.9,15.9,0.38,1.76,0.7,,19.0,35.0,58.7,112,105,100,100,92
2017-07-19 14:00,2190,99,98,0.00,22,788.40,,23.4,14.9,0.37,1.84,1.0,,19.0,35.1,58.7,115,107,101,101,92
2017-07-19 15:00,2190,100,99,0.00,20,624.50,,20.7,13.0,0.35,1.88,1.0,,19.1,35.1,58.7,116,109,101,101,92
2017-07-19 16:00,2190,100,99,0.00,18,409.70,,20.2,13.2,0.34,1.90,0.7,,19.3,35.1,53.9,115,110,102,101,92
2017-07-19 17:00,2190,99,98,0.00,19,231.90,,19.6,13.1,0.35,1.87,0.7,,19.3,34.9,53.9,114,110,103,101,92
2017-07-19 18:00,2190,98,95,0.00,19,41.95,,17.7,12.0,0.36,1.77,0.3,,19.3,35.1,53.9,111,109,103,101,92
2017-07-19 19:00,2190,95,93,0.00,23,0.89,,16.8,11.7,0.40,1.64,0.5,,19.5,35.1,58.7,107,108,103,101,92
2017-07-19 20:00,2190,93,91,0.00,26,0.07,,15.0,11.2,0.42,1.54,0.6,,19.3,35.1,58.7,103,106,103,101,92
2017-07-19 21:00,2190,91,90,0.00,29,0.09,,20.8,13.9,0.42,1.47,0.0,,19.3,35.1,58.7,101,104,103,102,92
2017-07-19 22:00,2190,90,89,0.00,29,0.08,,21.1,14.6,0.43,1.41,0.6,,19.3,35.2,58.7,99,102,103,102,92
2017-07-19 23:00,2190,89,87,0.00,32,0.13,,20.4,12.7,0.43,1.34,0.2,,19.1,35.2,58.7,98,101,102,102,92
2017-07-20 00:00,2190,87,86,0.00,33,0.13,,14.6,10.1,0.43,1.29,0.2,,19.2,35.1,58.7,96,100,101,102,92
2017-07-20 01:00,2190,86,85,0.00,34,0.13,,14.1,7.9,0.42,1.23,0.2,,19.0,35.2,53.9,94,98,101,102,92
2017-07-20 02:00,2190,85,85,0.00,33,0.14,,15.5,10.8,0.40,1.21,0.2,,18.9,35.2,53.9,93,98,100,102,92
2017-07-20 03:00,2190,85,84,0.00,33,0.13,,18.8,12.2,0.38,1.19,0.2,,19.0,35.2,58.7,92,96,99,102,92
2017-07-20 04:00,2190,84,83,0.00,30,2.01,,18.6,13.1,0.33,1.15,0.2,,18.8,35.1,53.9,91,96,99,101,92
2017-07-20 05:00,2190,83,82,0.00,28,50.95,,13.9,9.0,0.31,1.11,0.2,,18.7,35.1,58.7,90,95,98,101,92
2017-07-20 06:00,2190,85,83,0.00,26,261.30,,19.3,13.1,0.28,1.18,0.2,,18.7,35.1,58.7,89,94,97,101,92
2017-07-20 07:00,2190,90,85,0.00,23,497.10,,21.1,15.0,0.27,1.28,0.2,,18.5,35.0,58.7,90,94,97,101,92
2017-07-20 08:00,2190,92,90,0.00,18,798.50,,28.2,18.5,0.24,1.46,0.5,,18.6,35.1,58.7,93,94,96,101,92
2017-07-20 09:00,2190,95,92,0.00,13,853.00,,26.0,18.9,0.19,1.58,0.5,,18.6,35.0,58.7,98,96,96,100,92
2017-07-20 10:00,2190,97,94,0.00,10,964.00,,26.6,17.6,0.16,1.71,0.7,,18.5,34.9,53.9,103,98,96,100,92
2017-07-20 11:00,2190,98,97,0.00,7,996.00,,26.2,15.4,0.17,1.78,1.0,,18.7,34.9,58.7,108,101,97,100,92
2017-07-20 12:00,2190,100,97,0.00,11,984.00,,23.3,13.3,0.18,1.87,0.6,,18.7,34.9,58.7,112,103,98,100,92
2017-07-20 13:00,2190,100,99,0.00,10,768.80,,21.5,12.3,0.19,1.90,1.2,,18.8,34.8,53.9,116,106,99,99,92
2017-07-20 14:00,2190,102,100,0.00,10,787.30,,23.4,11.9,0.19,1.98,0.4,,19.0,34.9,53.9,119,109,100,99,92
2017-07-20 15:00,2190,102,101,0.00,9,628.50,,23.0,11.7,0.18,2.05,0.7,,19.2,34.9,53.9,119,110,101,100,92
2017-07-20 16:00,2190,102,101,0.00,9,442.80,,19.1,12.5,0.16,2.03,1.0,,19.1,34.8,53.9,117,111,102,100,92
2017-07-20 17:00,2190,102,100,0.00,7,231.30,,18.6,12.6,0.13,2.01,0.7,,19.3,34.8,58.7,115,110,103,100,92
2017-07-20 18:00,2190,100,96,0.00,6,55.87,,16.5,9.5,0.11,1.88,0.7,,19.3,34.9,53.9,112,110,104,101,92
2017-07-20 19:00,2190,96,93,0.00,6,0.70,,8.2,6.1,0.10,1.65,0.4,,19.3,34.9,58.7,107,109,104,101,92
2017-07-20 20:00,2190,93,90,0.00,7,0.07,,7.4,5.1,0.10,1.47,0.4,,19.3,34.9,58.7,103,109,104,101,92
2017-07-20 21:00,2190,91,88,0.00,8,0.08,,9.8,7.1,0.12,1.43,0.6,,19.3,35.0,53.9,100,109,103,101,92
2017-07-20 22:00,2190,89,87,0.00,9,0.13,,10.6,7.0,0.13,1.32,0.6,,19.2,35.1,58.7,98,102,102,101,92
2017-07-20 23:00,2190,88,85,0.00,10,0.10,,12.4,8.1,0.14,1.30,0.2,,19.0,35.1,58.7,96,101,102,102,92
2017-07-21 00:00,2190,85,84,0.00,12,0.12,,15.3,8.9,0.14,1.21,0.0,,19.1,35.1,53.9,94,101,101,101,92
2017-07-21 01:00,2190,85,83,0.00,12,0.14,,15.6,9.9,0.13,1.15,0.0,,19.0,35.1,58.7,92,101,100,101,92
2017-07-21 02:00,2190,85,82,0.00,11,0.18,,14.7,9.8,0.14,1.16,0.0,,18.8,34.9,58.7,91,101,99,101,92
2017-07-21 03:00,2190,82,80,0.00,13,0.22,,11.4,7.6,0.14,1.09,0.0,,18.7,35.0,58.7,90,101,99,101,92
2017-07-21 04:00,2190,81,80,0.00,14,2.31,,14.4,9.0,0.15,1.07,0.0,,18.5,34.9,58.7,89,101,98,101,92
2017-07-21 05:00,2190,83,80,0.00,16,97.80,,9.9,4.7,0.17,1.05,0.0,,18.6,34.9,58.7,87,101,97,101,92
2017-07-21 06:00,2190,86,83,0.00,15,289.10,,17.7,10.7,0.17,1.18,0.0,,18.5,34.9,58.7,87,101,96,100,92
2017-07-21 07:00,2190,89,86,0.00,14,484.90,,17.8,13.8,0.18,1.30,0.0,,18.3,34.9,58.7,89,101,96,100,92
2017-07-21 08:00,2190,92,89,0.00,13,666.90,,18.2,12.6,0.18,1.44,0.0,,18.4,34.9,58.7,92,101,95,100,92
2017-07-21 09:00,2190,95,92,0.00,11,790.30,,20.0,13.3,0.17,1.59,0.0,,18.4,34.8,58.7,98,101,95,100,92
2017-07-21 10:00,2190,98,95,0.00,10,914.00,,19.9,13.6,0.17,1.73,0.2,,18.3,34.8,58.7,103,101,95,99,92
2017-07-21 11:00,2190,98,98,0.00,10,956.00,,21.9,14.2,0.23,1.81,0.3,,18.5,34.8,58.7,109,101,96,99,92
2017-07-21 12:00,2190,101,98,0.00,14,951.00,,23.0,14.0,0.24,1.88,0.7,,18.6,34.8,53.9,113,101,97,99,92
2017-07-21 13:00,2190,102,100,0.00,11,895.00,,22.6,13.4,0.21,1.99,1.0,,18.7,34.7,58.7,116,101,99,98,92
2017-07-21 14:00,2190,103,101,0.00,10,780.40,,22.5,13.0,0.20,2.06,0.5,,18.8,34.7,58.7,119,101,100,99,92
2017-07-21 15:00,2190,103,102,0.00,10,619.60,,19.7,11.2,0.20,2.08,0.9,,18.9,34.7,58.7,120,101,101,99,92
2017-07-21 16:00,2190,103,103,0.00,10,429.90,,16.4,9.8,0.19,2.11,1.1,,19.0,34.8,58.7,119,101,102,99,92
2017-07-21 17:00,2190,103,101,0.00,9,232.70,,15.9,10.2,0.18,2.06,0.7,,19.2,34.7,58.7,116,101,103,100,92
2017-07-21 18:00,2190,101,98,0.00,8,55.23,,15.6,8.6,0.17,1.96,0.4,,19.3,34.8,58.7,113,101,103,100,92
2017-07-21 19:00,2190,98,95,0.00,9,0.56,,10.6,7.3,0.16,1.75,0.6,,19.3,34.8,53.9,109,101,104,100,92
2017-07-21 20:00,2190,95,92,0.00,9,0.05,,11.8,7.6,0.15,1.59,0.7,,19.3,34.8,58.7,104,101,103,101,92
2017-07-21 21:00,2190,93,88,0.00,10,0.08,,8.5,5.4,0.15,1.44,0.0,,19.2,34.8,58.7,102,101,103,101,93
2017-07-21 22:00,2190,89,88,0.00,10,0.12,,7.5,5.5,0.14,1.34,0.2,,19.2,34.8,58.7,98,101,103,101,92
2017-07-21 23:00,2190,89,83,0.00,10,0.13,,6.5,3.7,0.13,1.29,0.2,,19.0,34.8,58.7,96,101,102,101,92
2017-07-22 00:00,2190,87,77,0.00,11,0.18,,3.7,1.6,0.13,1.20,0.4,,18.9,34.9,55.3,94,101,101,101,92
2017-07-22 01:00,2190,86,77,0.00,15,0.12,,10.6,4.5,0.14,1.10,0.0,,18.8,34.9,53.9,92,101,100,101,92
2017-07-22 02:00,2190,84,75,0.00,12,0.21,,4.6,2.4,0.15,1.00,0.3,,18.7,34.8,58.7,90,101,100,101,92
2017-07-22 03:00,2190,82,74,0.00,17,0.23,,6.7,2.3,0.17,0.92,0.3,,18.8,34.8,58.7,89,101,99,101,93
2017-07-22 04:00,2190,82,72,0.00,19,2.15,,9.2,3.7,0.18,0.92,0.2,,18.6,34.8,53.9,87,101,98,101,92
2017-07-22 05:00,2190,74,72,0.00,22,94.00,,6.5,3.8,0.17,0.80,0.1,,18.5,34.8,58.7,86,101,97,101,92
2017-07-22 06:00,2190,82,74,0.00,19,283.50,,6.8,4.6,0.15,0.94,0.1,,18.4,34.8,58.7,85,101,96,101,92
2017-07-22 07:00,2190,90,82,0.00,13,481.10,,6.4,3.2,0.16,1.21,0.0,,18.3,34.8,58.7,86,101,95,100,92
2017-07-22 08:00,2190,94,90,0.00,13,667.20,,6.8,1.9,0.19,1.48,0.4,,18.3,34.8,53.9,91,101,95,100,92
2017-07-22 09:00,2190,98,94,0.00,12,791.90,,6.5,2.5,0.20,1.72,0.6,,18.2,34.7,53.9,98,101,95,99,93
2017-07-22 10:00,2190,102,98,0.00,11,917.00,,10.6,3.6,0.19,1.90,0.5,,18.3,34.7,58.7,106,101,95,99,92
2017-07-22 11:00,2190,103,102,0.00,9,962.00,,13.3,5.5,0.25,2.08,0.7,,18.2,34.6,53.9,114,101,96,99,92
2017-07-22 12:00,2190,104,102,0.00,13,958.00,,17.0,8.1,0.27,2.12,0.7,,18.5,34.6,58.7,120,101,97,99,92
2017-07-22 13:00,2190,105,104,0.00,13,893.00,,19.4,10.1,0.28,2.20,0.7,,18.6,34.6,53.9,124,101,99,99,92
2017-07-22 14:00,2190,105,105,0.00,12,768.90,,18.6,9.7,0.27,2.23,1.1,,18.8,34.6,58.7,125,101,101,99,92
2017-07-22 15:00,2190,106,105,0.00,12,606.00,,20.6,9.8,0.28,2.27,0.9,,19.0,34.6,58.7,125,101,102,99,92
2017-07-22 16:00,2190,106,106,0.00,12,417.40,,14.2,7.3,0.28,2.31,0.4,,19.2,34.6,53.9,124,101,104,99,92
2017-07-22 17:00,2190,106,104,0.00,12,222.20,,13.4,8.0,0.26,2.27,0.7,,19.3,34.6,58.7,121,101,105,100,92
2017-07-22 18:00,2190,104,102,0.00,12,52.31,,15.1,7.9,0.25,2.16,0.7,,19.4,34.6,58.7,117,101,105,100,92
2017-07-22 19:00,2190,102,99,0.00,12,0.48,,11.2,7.9,0.25,1.97,0.7,,19.4,34.7,58.7,113,101,106,100,92
2017-07-22 20:00,2190,99,98,0.00,13,0.02,,10.1,7.4,0.25,1.85,0.7,,19.4,34.8,58.7,109,101,106,101,92
2017-07-22 21:00,2190,98,93,0.00,14,0.05,,9.0,5.1,0.25,1.77,0.5,,19.3,34.8,58.7,106,101,105,101,92
2017-07-22 22:00,2190,95,90,0.00,16,0.05,,9.2,3.6,0.24,1.56,0.3,,19.2,34.8,58.7,103,101,105,101,92
2017-07-22 23:00,2190,91,87,0.00,16,0.09,,4.3,1.6,0.24,1.43,0.2,,19.2,34.8,58.7,101,101,104,102,92
2017-07-23 00:00,2190,89,87,0.00,19,0.13,,4.3,2.9,0.24,1.28,0.5,,19.0,34.8,53.9,98,101,103,102,92
2017-07-23 01:00,2190,92,83,0.00,18,0.13,,7.9,3.4,0.25,1.32,0.0,,18.9,34.8,58.7,97,101,102,102,92
2017-07-23 02:00,2190,85,80,0.00,22,0.14,,7.5,3.6,0.25,1.20,0.3,,18.8,34.9,53.9,95,101,102,102,92
2017-07-23 03:00,2190,84,79,0.00,24,0.21,,5.9,1.8,0.25,1.07,0.3,,18.7,34.8,53.9,94,101,101,102,92
2017-07-23 04:00,2190,81,76,0.00,24,2.35,,5.1,1.9,0.24,1.02,0.3,,18.8,34.8,58.7,92,101,100,102,92
2017-07-23 05:00,2190,84,76,0.00,27,95.80,,3.9,0.9,0.24,1.00,0.5,,18.6,34.9,58.7,90,101,99,101,92
2017-07-23 06:00,2190,89,84,0.00,20,282.50,,4.7,1.8,0.23,1.28,0.5,,18.5,34.8,58.7,89,101,99,101,92
2017-07-23 07:00,2190,94,89,0.00,18,479.60,,5.5,2.1,0.25,1.45,0.3,,18.3,34.8,58.7,91,101,98,101,92
2017-07-23 08:00,2190,99,94,0.00,15,663.10,,6.3,1.8,0.25,1.74,0.2,,18.4,34.8,53.9,96,101,97,101,93
2017-07-23 09:00,2190,101,99,0.00,13,787.50,,12.3,3.2,0.25,1.91,0.4,,18.2,34.7,53.9,102,101,97,101,92
2017-07-23 10:00,2190,103,101,0.00,12,918.00,,10.9,4.6,0.25,2.07,0.9,,18.4,34.7,58.7,110,101,97,101,92
2017-07-23 11:00,2190,106,103,0.00,11,968.00,,13.8,5.8,0.22,2.17,1.1,,18.6,34.7,58.7,116,101,98,100,92
2017-07-23 12:00,2190,107,106,0.00,10,966.00,,20.4,6.8,0.25,2.33,1.1,,18.6,34.6,53.9,122,101,100,100,92
2017-07-23 13:00,2190,108,106,0.00,11,903.00,,18.3,8.1,0.26,2.35,1.1,,18.7,34.7,58.7,127,101,101,100,92
2017-07-23 14:00,2190,108,107,0.00,11,780.40,,16.0,7.5,0.26,2.40,1.1,,18.9,34.6,58.7,130,101,103,100,92
2017-07-23 15:00,2190,109,107,0.00,11,610.60,,16.1,6.2,0.25,2.45,1.0,,19.0,34.6,58.7,130,101,105,101,92
2017-07-23 16:00,2190,108,108,0.00,10,421.80,,15.3,6.8,0.25,2.45,1.0,,19.2,34.6,58.7,127,101,106,101,92
2017-07-23 17:00,2190,108,107,0.00,11,221.90,,15.6,6.4,0.25,2.41,1.3,,19.2,34.7,58.7,124,101,107,101,92
2017-07-23 18:00,2190,107,104,0.00,10,48.42,,14.0,7.5,0.25,2.30,0.9,,19.3,34.7,53.9,120,101,108,102,92
2017-07-23 19:00,2190,104,101,0.00,12,0.39,,11.1,7.7,0.25,2.11,0.8,,19.3,34.7,53.9,115,101,108,102,93
2017-07-23 20:00,2190,101,100,0.00,13,0.01,,13.1,8.5,0.25,1.95,0.2,,19.3,34.8,58.7,111,101,108,102,92
2017-07-23 21:00,2190,100,97,0.00,13,0.01,,14.8,9.4,0.27,1.88,0.5,,19.4,34.8,53.9,108,101,107,102,92
2017-07-23 22:00,2190,99,97,0.00,15,0.02,,18.3,11.5,0.32,1.80,0.8,,19.3,34.9,53.9,105,101,107,102,92
2017-07-23 23:00,2190,97,94,0.00,20,0.04,,25.8,17.3,0.34,1.70,0.2,,19.2,34.9,58.7,103,101,106,102,92
2017-07-24 00:00,2190,94,93,0.00,22,0.03,,26.0,17.4,0.39,1.59,0.2,,19.0,34.9,58.7,102,101,105,103,92
2017-07-24 01:00,2190,93,92,0.00,24,0.04,,26.4,18.1,0.35,1.55,0.2,,19.1,34.9,58.7,100,101,104,102,92
2017-07-24 02:00,2190,92,90,0.00,22,0.04,,21.9,11.3,0.35,1.47,0.0,,19.0,34.9,58.7,99,101,103,102,93
2017-07-24 03:00,2190,90,88,0.00,27,0.06,,13.3,3.7,0.39,1.40,0.0,,18.8,35.0,58.7,98,101,103,102,93
2017-07-24 04:00,2190,89,86,0.00,30,1.80,,12.4,6.3,0.40,1.29,0.3,,18.7,34.9,58.7,97,101,102,102,92
2017-07-24 05:00,2190,88,87,0.00,34,67.11,,14.5,9.9,0.44,1.31,0.3,,18.6,34.9,58.7,96,101,102,102,92
2017-07-24 06:00,2190,90,88,0.00,31,243.30,,19.0,13.1,0.39,1.39,0.3,,18.6,34.9,58.7,95,101,101,102,92
2017-07-24 07:00,2190,92,90,0.00,25,275.60,,20.2,13.5,0.36,1.46,0.0,,18.5,34.8,53.9,96,101,100,102,92
2017-07-24 08:00,2190,94,92,0.00,25,668.40,,26.8,17.6,0.39,1.56,0.2,,18.5,34.8,53.9,98,101,100,102,92
2017-07-24 09:00,2190,95,93,0.00,24,627.30,,27.7,16.9,0.39,1.61,0.7,,18.4,34.8,53.9,101,101,100,102,92
2017-07-24 10:00,2190,98,95,0.00,23,866.00,,23.3,15.8,0.40,1.75,0.4,,18.4,34.7,53.9,104,101,100,102,93
2017-07-24 11:00,2190,100,98,0.00,22,950.00,,24.3,14.9,0.41,1.87,0.9,,18.5,34.8,53.9,110,101,100,102,93
2017-07-24 12:00,2190,100,99,0.00,20,576.50,,24.6,15.1,0.39,1.91,1.5,,18.5,34.7,53.9,114,101,101,102,93
2017-07-24 13:00,2190,100,96,0.00,21,663.10,,31.5,19.9,0.43,1.87,0.7,,18.6,34.7,58.7,115,101,102,102,92
2017-07-24 14:00,2190,96,90,0.00,29,577.70,,36.3,26.0,0.50,1.59,0.7,,18.8,34.7,58.7,115,101,102,102,92
2017-07-24 15:00,2190,90,84,0.00,34,123.60,,34.1,24.5,0.51,1.34,0.9,,18.8,34.7,53.9,114,101,103,102,92
2017-07-24 16:00,2190,87,84,0.00,44,226.10,,32.1,20.6,0.53,1.18,0.6,,18.8,34.7,58.7,108,101,104,102,93
2017-07-24 17:00,2190,89,84,0.00,39,228.10,,27.7,16.9,0.47,1.31,0.4,,18.8,34.7,53.9,104,101,104,102,93
2017-07-24 18:00,2190,84,80,0.00,43,27.96,,26.4,18.8,0.52,1.13,0.7,,18.8,34.7,58.7,102,101,103,102,93
2017-07-24 19:00,2190,80,80,0.00,53,0.40,,21.1,15.7,0.56,1.03,0.6,,18.8,34.7,58.7,99,101,103,102,93
2017-07-24 20:00,2190,81,80,0.00,53,0.11,,19.2,11.3,0.52,1.04,0.2,,18.7,34.8,58.7,96,101,102,102,93
2017-07-24 21:00,2190,81,81,0.00,50,0.14,,10.0,3.6,0.52,1.06,0.2,,18.6,34.7,58.7,94,101,102,102,93
2017-07-24 22:00,2190,82,81,0.00,50,0.12,,13.2,8.4,0.53,1.09,0.2,,18.5,34.7,58.7,93,101,101,102,93
2017-07-24 23:00,2190,82,82,0.00,48,0.12,,14.3,9.5,0.54,1.10,0.0,,18.6,34.7,53.9,92,101,100,102,93
2017-07-25 00:00,2190,82,81,0.00,49,0.13,,14.4,8.9,0.54,1.09,0.0,,18.4,34.7,58.8,92,101,99,102,93
2017-07-25 01:00,2190,81,81,0.00,53,0.11,,9.7,6.0,0.58,1.05,0.0,,18.3,34.7,58.7,91,101,99,102,93
2017-07-25 02:00,2190,81,81,0.00,54,0.11,,8.2,4.5,0.58,1.06,0.0,,18.4,34.7,58.7,90,101,98,102,93
2017-07-25 03:00,2190,81,80,0.00,58,0.18,,8.6,4.6,0.60,1.04,0.0,,18.2,34.6,58.8,90,101,98,101,93
2017-07-25 04:00,2190,80,79,0.00,59,0.91,,4.7,1.6,0.60,1.02,0.5,,18.0,34.6,58.8,89,101,97,101,93
2017-07-25 05:00,2190,80,79,0.00,60,52.33,,4.4,1.5,0.59,0.99,0.5,,18.1,34.6,58.8,89,101,96,101,93
2017-07-25 06:00,2190,83,80,0.00,57,206.50,,6.4,3.2,0.59,1.06,0.5,,17.9,34.6,58.8,88,92,96,101,93
2017-07-25 07:00,2190,85,83,0.00,54,451.80,,5.3,2.1,0.61,1.18,0.2,,18.0,34.5,53.9,89,92,95,101,93
2017-07-25 08:00,2190,87,85,0.00,50,535.70,,8.5,3.7,0.60,1.27,0.5,,18.0,34.4,58.8,94,92,95,100,93
2017-07-25 09:00,2190,91,87,0.00,45,586.60,,15.1,4.2,0.56,1.38,0.2,,18.0,34.4,58.8,99,92,95,100,93
2017-07-25 10:00,2190,91,89,0.00,41,605.80,,13.3,6.0,0.55,1.41,0.9,,18.0,34.4,58.8,104,92,96,100,93
2017-07-25 11:00,2190,94,91,0.00,36,990.00,,17.8,8.8,0.50,1.54,0.6,,18.1,34.3,58.8,108,92,96,99,93
2017-07-25 12:00,2190,93,93,0.00,28,406.20,,21.1,13.4,0.42,1.56,0.6,,18.2,34.3,58.8,113,92,97,99,93
2017-07-25 13:00,2190,93,93,0.00,26,420.90,,22.1,15.5,0.40,1.56,1.2,,18.3,34.3,58.8,112,92,99,99,93
2017-07-25 14:00,2190,94,93,0.00,25,298.30,,23.0,13.6,0.38,1.60,0.6,,18.3,34.3,58.8,110,92,100,99,93
2017-07-25 15:00,2190,96,94,0.00,24,366.60,,20.2,14.4,0.39,1.65,1.0,,18.4,34.3,58.8,109,92,100,99,93
2017-07-25 16:00,2190,95,94,0.00,23,260.40,,20.3,13.7,0.38,1.65,0.7,,18.5,34.3,58.8,108,92,101,99,93
2017-07-25 17:00,2190,95,93,0.00,23,192.40,,19.9,13.3,0.40,1.61,0.7,,18.5,34.3,58.8,106,92,101,100,93
2017-07-25 18:00,2190,93,90,0.00,31,41.10,,23.6,13.6,0.48,1.49,0.3,,18.5,34.3,58.8,105,92,101,100,93
2017-07-25 19:00,2190,90,88,0.00,35,0.38,,22.3,14.3,0.52,1.35,0.5,,18.5,34.3,58.8,102,92,101,100,93
2017-07-25 20:00,2190,88,87,0.00,42,0.06,,14.2,9.0,0.56,1.30,0.5,,18.5,34.4,53.9,99,92,101,100,93
2017-07-25 21:00,2190,87,84,0.00,43,0.09,,6.3,2.7,0.54,1.26,0.2,,18.4,34.4,58.8,97,92,101,101,93
2017-07-25 22:00,2190,85,84,0.00,44,0.10,,6.2,1.5,0.51,1.19,0.2,,18.4,34.4,58.8,96,92,100,101,93
2017-07-25 23:00,2190,84,80,0.00,44,0.14,,5.3,2.1,0.52,1.13,0.5,,18.3,34.4,58.8,94,92,100,101,93
2017-07-26 00:00,2190,82,80,0.00,50,0.12,,6.5,3.4,0.53,1.05,0.5,,18.3,34.4,58.8,92,92,99,100,93
2017-07-26 01:00,2190,82,80,0.00,49,0.14,,10.2,4.7,0.56,1.07,0.5,,18.2,34.4,58.8,91,92,98,101,93
2017-07-26 02:00,2190,81,80,0.00,54,0.12,,8.7,4.2,0.56,1.04,0.0,,18.2,34.3,58.8,90,92,98,100,93
2017-07-26 03:00,2190,80,80,0.00,55,0.14,,5.7,2.8,0.57,1.03,0.2,,18.1,34.4,58.8,90,92,97,100,93
2017-07-26 04:00,2190,80,79,0.00,54,1.80,,4.7,2.4,0.56,1.01,0.5,,18.0,34.3,53.9,89,92,96,100,93
2017-07-26 05:00,2190,80,78,0.00,56,43.78,,4.9,1.3,0.56,0.98,0.0,,18.0,34.3,58.8,89,92,96,100,93
2017-07-26 06:00,2190,84,80,0.00,53,146.50,,4.7,2.3,0.56,1.10,0.0,,18.0,34.3,58.8,87,92,95,99,93
2017-07-26 07:00,2190,87,84,0.00,47,380.90,,4.3,0.8,0.55,1.24,0.5,,17.8,34.3,58.8,89,92,95,99,93
2017-07-26 08:00,2190,90,87,0.00,42,482.30,,7.6,2.1,0.53,1.31,0.4,,17.9,34.2,58.8,92,92,95,99,93
2017-07-26 09:00,2190,91,89,0.00,37,550.90,,8.0,3.0,0.51,1.41,1.0,,17.9,34.2,58.8,97,92,95,99,93
2017-07-26 10:00,2190,95,91,0.00,35,938.00,,14.5,5.8,0.49,1.53,0.9,,17.9,34.2,53.9,102,92,95,99,93
2017-07-26 11:00,2190,96,95,0.00,29,864.00,,19.8,11.6,0.46,1.70,1.1,,18.0,34.1,58.8,110,92,96,98,93
2017-07-26 12:00,2190,98,95,0.00,27,848.00,,16.9,10.0,0.43,1.72,1.3,,18.1,34.1,58.8,114,92,97,98,93
2017-07-26 13:00,2190,99,96,0.00,22,651.40,,21.7,11.6,0.41,1.80,1.3,,18.2,34.1,58.8,116,92,98,99,93
2017-07-26 14:00,2190,99,98,0.00,22,596.40,,20.5,11.9,0.39,1.84,1.1,,18.3,34.1,58.8,116,92,99,98,93
2017-07-26 15:00,2190,100,99,0.00,20,601.30,,25.6,14.1,0.37,1.93,1.4,,18.4,34.1,58.8,116,92,101,99,93
2017-07-26 16:00,2190,100,99,0.00,19,404.20,,21.2,12.2,0.36,1.93,1.2,,18.5,34.1,58.8,115,92,102,99,93
2017-07-26 17:00,2190,100,99,0.00,19,200.10,,19.2,11.3,0.36,1.89,0.6,,18.6,34.1,58.8,114,92,102,99,93
2017-07-26 18:00,2190,99,97,0.00,19,41.68,,16.3,10.8,0.36,1.81,0.5,,18.6,34.2,58.8,110,92,103,99,93
2017-07-26 19:00,2190,97,94,0.00,20,0.32,,12.0,7.8,0.35,1.70,0.3,,18.8,34.2,58.8,107,92,103,100,93
2017-07-26 20:00,2190,94,92,0.00,22,0.04,,7.1,5.2,0.36,1.58,0.2,,18.6,34.2,58.8,103,92,103,100,93
2017-07-26 21:00,2190,92,90,0.00,24,0.04,,6.7,4.6,0.36,1.48,0.5,,18.6,34.2,58.8,101,92,102,100,93
2017-07-26 22:00,2190,91,89,0.00,25,0.08,,8.9,5.3,0.36,1.43,0.2,,18.6,34.3,58.8,98,92,102,101,93
2017-07-26 23:00,2190,89,87,0.00,25,0.07,,7.8,4.5,0.35,1.36,0.2,,18.5,34.3,58.8,97,92,101,100,93
2017-07-27 00:00,2190,89,85,0.00,26,0.11,,7.0,4.3,0.35,1.29,0.5,,18.4,34.3,58.8,96,92,101,101,93
2017-07-27 01:00,2190,86,81,0.00,27,0.13,,8.4,2.9,0.36,1.15,0.0,,18.3,34.3,58.8,94,92,100,101,93
2017-07-27 02:00,2190,81,78,0.00,37,0.15,,4.8,1.0,0.40,1.04,0.0,,18.3,34.3,58.8,92,92,99,101,93
2017-07-27 03:00,2190,78,76,0.00,42,0.18,,5.8,2.9,0.41,0.94,0.2,,18.2,34.3,58.8,91,92,99,100,93
2017-07-27 04:00,2190,78,77,0.00,45,1.98,,6.6,1.9,0.43,0.96,0.2,,18.3,34.2,58.8,89,92,98,100,93
2017-07-27 05:00,2190,80,77,0.00,46,89.50,,5.9,2.7,0.43,0.97,0.2,,18.1,34.2,58.8,87,92,97,100,93
2017-07-27 06:00,2190,86,79,0.00,43,281.00,,6.5,4.4,0.43,1.10,0.2,,18.0,34.2,58.8,87,92,96,100,93
2017-07-27 07:00,2190,91,86,0.00,30,461.20,,6.5,2.1,0.37,1.38,0.2,,17.8,34.1,58.8,89,92,96,100,93
2017-07-27 08:00,2190,94,90,0.00,26,632.50,,10.2,3.7,0.39,1.48,0.2,,17.9,34.2,58.8,94,92,95,99,93
2017-07-27 09:00,2190,96,93,0.00,23,782.70,,10.0,3.0,0.35,1.61,0.2,,17.9,34.1,53.9,99,92,95,99,93
2017-07-27 10:00,2190,98,96,0.00,19,912.00,,12.0,4.2,0.31,1.77,0.6,,17.8,34.1,58.8,107,92,96,99,93
2017-07-27 11:00,2190,101,98,0.00,15,951.00,,19.5,6.5,0.28,1.90,1.1,,18.0,34.1,53.9,114,92,97,99,93
2017-07-27 12:00,2190,101,100,0.00,15,964.00,,17.6,7.5,0.30,1.97,0.8,,18.3,34.1,58.8,120,92,98,99,93
2017-07-27 13:00,2190,103,101,0.00,14,782.00,,17.0,8.2,0.28,2.04,0.8,,18.3,34.0,58.8,122,92,99,99,93
2017-07-27 14:00,2190,104,101,0.00,14,811.00,,18.4,8.6,0.27,2.09,1.2,,18.4,34.0,53.9,124,112,101,99,93
2017-07-27 15:00,2190,104,103,0.00,12,613.80,,19.8,8.0,0.25,2.17,0.9,,18.6,34.1,58.8,124,113,102,99,93
2017-07-27 16:00,2190,104,103,0.00,10,422.70,,17.1,7.5,0.22,2.14,0.5,,18.8,34.1,58.8,122,114,104,99,93
2017-07-27 17:00,2190,103,103,0.00,10,213.10,,15.1,7.1,0.21,2.11,1.4,,18.8,34.1,53.9,120,115,105,100,93
2017-07-27 18:00,2190,103,99,0.00,10,47.76,,14.6,8.4,0.21,2.03,1.1,,19.0,34.1,58.8,116,114,105,100,93
2017-07-27 19:00,2190,99,96,0.00,11,0.28,,10.3,6.5,0.22,1.82,0.9,,19.0,34.1,58.8,111,112,105,100,93
2017-07-27 20:00,2190,96,91,0.00,13,0.05,,7.7,5.6,0.20,1.60,0.6,,19.0,34.1,58.8,107,110,105,101,93
2017-07-27 21:00,2190,92,90,0.00,11,0.09,,10.2,6.4,0.14,1.49,0.4,,18.8,34.2,58.8,103,107,105,101,93
2017-07-27 22:00,2190,91,85,0.00,9,0.11,,6.3,4.3,0.13,1.33,0.6,,18.8,34.3,58.8,100,105,104,101,93
2017-07-27 23:00,2190,89,85,0.00,12,0.14,,6.7,4.6,0.18,1.33,0.0,,18.8,34.3,58.8,98,105,103,102,93
2017-07-28 00:00,2190,88,84,0.00,16,0.14,,6.5,3.0,0.20,1.24,0.2,,18.6,34.3,58.8,96,105,102,102,93
2017-07-28 01:00,2190,84,78,0.00,16,0.21,,10.9,5.3,0.18,1.04,0.4,,18.5,34.3,58.8,94,105,102,102,93
2017-07-28 02:00,2190,81,78,0.00,18,0.19,,6.4,4.5,0.22,1.00,0.4,,18.4,34.3,58.8,92,105,101,102,93
2017-07-28 03:00,2190,82,79,0.00,27,0.16,,8.0,4.5,0.29,1.07,0.0,,18.3,34.3,58.8,90,105,100,101,93
2017-07-28 04:00,2190,80,78,0.00,30,1.35,,5.8,3.2,0.30,0.99,0.0,,18.2,34.3,58.8,89,105,99,101,93
2017-07-28 05:00,2190,81,77,0.00,31,85.90,,4.5,1.5,0.30,0.97,0.2,,18.1,34.2,58.8,87,105,98,101,93
2017-07-28 06:00,2190,85,81,0.00,28,284.90,,5.7,1.6,0.30,1.15,0.2,,18.0,34.2,58.8,86,105,97,101,93
2017-07-28 07:00,2190,88,85,0.00,25,484.60,,6.8,3.3,0.30,1.24,0.0,,18.0,34.2,58.8,88,105,96,101,93
2017-07-28 08:00,2190,94,88,0.00,22,668.50,,8.3,2.8,0.27,1.42,0.2,,17.8,34.1,53.9,93,105,96,101,93
2017-07-28 09:00,2190,97,94,0.00,16,797.40,,9.4,4.2,0.25,1.66,0.5,,17.9,34.1,53.9,99,105,96,100,93
2017-07-28 10:00,2190,102,97,0.00,14,928.00,,10.3,3.6,0.25,1.81,0.3,,17.8,34.1,58.8,107,105,96,100,93
2017-07-28 11:00,2190,103,100,0.00,12,974.00,,13.4,4.7,0.23,2.01,1.0,,18.0,34.0,58.8,114,105,97,100,93
2017-07-28 12:00,2190,104,102,0.00,11,964.00,,19.4,7.0,0.23,2.11,0.4,,18.0,34.0,53.9,120,105,98,99,93
2017-07-28 13:00,2190,105,103,0.00,11,900.00,,20.1,9.0,0.24,2.18,1.2,,18.3,34.0,53.9,124,105,100,99,93
2017-07-28 14:00,2190,105,104,0.00,11,777.70,,18.9,10.1,0.23,2.23,0.9,,18.4,34.0,53.9,125,105,101,99,93
2017-07-28 15:00,2190,105,104,0.00,10,613.20,,18.8,9.3,0.21,2.24,1.1,,18.6,34.0,53.9,125,105,103,99,93
2017-07-28 16:00,2190,105,104,0.00,10,421.60,,14.3,8.5,0.21,2.24,1.2,,18.8,34.0,53.9,124,105,104,100,93
2017-07-28 17:00,2190,104,103,0.00,9,221.30,,13.6,7.4,0.21,2.17,0.7,,18.9,34.0,53.9,120,105,105,100,93
2017-07-28 18:00,2190,103,100,0.00,10,43.58,,13.2,8.3,0.20,2.08,0.7,,19.0,34.0,58.8,116,114,106,101,93
2017-07-28 19:00,2190,100,96,0.00,10,0.24,,11.7,6.5,0.19,1.87,0.7,,19.0,34.1,58.8,112,112,106,101,93
2017-07-28 20:00,2190,97,93,0.00,11,0.02,,11.3,7.2,0.19,1.70,0.9,,19.0,34.1,58.8,108,,106,101,93
2017-07-28 21:00,2190,96,91,0.00,12,0.04,,13.8,8.6,0.20,1.63,0.5,,18.9,34.1,58.8,104,,105,102,93
2017-07-28 22:00,2190,91,88,0.00,14,0.10,,9.9,5.6,0.19,1.40,0.2,,18.8,34.2,58.8,102,,105,102,93
2017-07-28 23:00,2190,91,89,0.00,13,0.09,,13.5,6.2,0.19,1.41,0.0,,18.8,34.3,58.8,99,,104,102,93
2017-07-29 00:00,2190,90,88,0.00,15,0.06,,17.7,13.2,0.21,1.38,0.3,,18.6,34.2,58.8,97,,103,102,93
2017-07-29 01:00,2190,88,87,0.00,17,0.10,,18.1,13.7,0.23,1.33,0.3,,18.5,34.2,58.8,96,,102,102,93
2017-07-29 02:00,2190,87,87,0.00,18,0.09,,20.2,15.4,0.24,1.29,0.3,,18.4,34.2,58.8,94,,101,102,93
2017-07-29 03:00,2190,87,85,0.00,19,0.13,,18.1,11.1,0.24,1.25,0.3,,18.3,34.2,58.8,93,,101,102,93
2017-07-29 04:00,2190,85,84,0.00,20,1.45,,12.4,5.1,0.24,1.20,0.3,,18.2,34.1,58.8,92,,100,102,93
2017-07-29 05:00,2190,85,83,0.00,20,43.87,,13.1,6.8,0.24,1.17,0.3,,18.3,34.1,58.8,91,,99,102,93
2017-07-29 06:00,2190,87,85,0.00,20,136.70,,18.9,10.7,0.24,1.24,0.3,,18.1,34.2,58.8,90,,98,101,93
2017-07-29 07:00,2190,91,87,0.00,18,376.10,,20.0,15.6,0.23,1.37,0.3,,18.0,34.1,58.8,91,,98,101,93
2017-07-29 08:00,2190,94,91,0.00,15,679.30,,19.6,14.6,0.23,1.54,0.0,,18.0,34.1,58.8,94,,97,101,93
2017-07-29 09:00,2190,97,94,0.00,14,527.00,,20.4,13.8,0.22,1.64,0.0,,18.1,34.1,58.8,98,,97,101,93
2017-07-29 10:00,2190,99,97,0.00,13,921.00,,21.1,15.3,0.23,1.82,0.7,,18.0,34.1,58.8,102,,97,101,93
2017-07-29 11:00,2190,101,99,0.00,12,959.00,,21.6,13.1,0.22,1.95,0.6,,18.0,34.0,53.9,108,,98,100,93
2017-07-29 12:00,2190,103,101,0.00,12,950.00,,20.9,11.3,0.24,2.05,0.7,,18.1,34.0,58.8,113,,98,100,93
2017-07-29 13:00,2190,104,103,0.00,12,887.00,,19.0,8.8,0.24,2.13,1.1,,18.3,34.0,58.8,117,,99,100,93
2017-07-29 14:00,2190,105,104,0.00,11,777.00,,18.9,10.3,0.24,2.18,0.9,,18.3,33.9,58.8,121,,101,100,93
2017-07-29 15:00,2190,105,104,0.00,11,605.00,,20.2,10.8,0.25,2.21,1.2,,18.4,33.9,58.8,122,,102,100,93
2017-07-29 16:00,2190,105,104,0.00,11,418.80,,17.3,11.0,0.24,2.19,0.7,,18.5,33.9,58.8,121,,103,100,93
2017-07-29 17:00,2190,104,103,0.00,11,218.30,,17.9,9.4,0.22,2.14,0.4,,18.6,34.0,58.8,119,,104,101,93
2017-07-29 18:00,2190,103,100,0.00,10,43.66,,13.0,8.1,0.21,2.05,0.4,,18.8,34.0,58.8,114,,105,101,93
2017-07-29 19:00,2190,100,94,0.00,10,0.27,,6.6,4.8,0.19,1.79,1.0,,18.8,34.0,58.8,110,,105,101,93
2017-07-29 20:00,2190,94,93,0.00,12,0.03,,7.1,5.7,0.20,1.61,0.5,,18.8,34.0,58.8,106,,105,101,93
2017-07-29 21:00,2190,93,85,0.00,13,0.04,,8.2,3.8,0.20,1.47,0.7,,18.6,34.0,58.8,102,,105,102,93
2017-07-29 22:00,2190,89,85,0.00,16,0.07,,7.9,4.1,0.21,1.29,0.0,,18.6,34.1,58.8,99,,104,102,93
2017-07-29 23:00,2190,92,85,0.00,16,0.06,,17.4,7.3,0.24,1.36,0.0,,18.5,34.1,58.8,97,,103,102,93
2017-07-30 00:00,2190,92,85,0.00,20,0.09,,10.4,4.0,0.31,1.37,0.3,,18.4,34.1,58.8,96,,102,102,93
2017-07-30 01:00,2190,86,82,0.00,26,0.13,,7.5,2.5,0.31,1.17,0.3,,18.3,34.1,58.8,95,,101,102,93
2017-07-30 02:00,2190,83,82,0.00,28,0.15,,5.4,2.3,0.31,1.11,0.3,,18.2,34.1,53.9,93,,101,102,93
2017-07-30 03:00,2190,84,80,0.00,28,0.13,,4.6,2.6,0.32,1.15,0.5,,18.3,34.1,58.8,91,,100,102,93
2017-07-30 04:00,2190,80,77,0.00,31,1.47,,4.3,1.3,0.31,0.96,0.5,,18.1,34.1,53.9,90,,99,102,93
2017-07-30 05:00,2190,84,78,0.00,31,81.50,,4.7,2.8,0.31,1.02,0.0,,18.0,34.1,53.9,89,,98,101,93
2017-07-30 06:00,2190,89,84,0.00,28,268.10,,4.9,2.2,0.33,1.28,0.0,,17.8,34.0,58.8,87,,97,101,93
2017-07-30 07:00,2190,92,88,0.00,25,469.30,,5.9,2.6,0.33,1.38,0.3,,17.9,34.0,58.8,90,,97,101,93
2017-07-30 08:00,2190,95,92,0.00,20,654.60,,6.7,2.2,0.30,1.56,0.0,,17.8,34.0,58.8,94,,96,101,93
2017-07-30 09:00,2190,97,95,0.00,17,785.30,,9.9,4.3,0.29,1.71,0.7,,17.8,33.9,58.8,101,,96,101,93
2017-07-30 10:00,2190,100,97,0.00,17,911.00,,11.6,4.4,0.30,1.85,0.4,,17.9,33.9,58.8,108,,97,101,94
2017-07-30 11:00,2190,102,99,0.00,15,962.00,,11.2,4.3,0.28,1.96,0.9,,17.8,33.9,53.9,116,,98,100,94
2017-07-30 12:00,2190,103,101,0.00,13,959.00,,15.2,4.2,0.26,2.08,1.1,,18.0,33.9,58.8,122,,99,100,94
2017-07-30 13:00,2190,107,103,0.00,12,903.00,,13.1,4.3,0.22,2.20,,,,,,122,,99,100,94
2017-07-30 14:00,2190,107,105,0.00,9,784.70,,12.6,4.8,0.21,2.31,,,,,,122,,99,100,94
2017-07-30 15:00,2190,106,105,0.00,8,623.30,,12.0,6.3,0.20,2.29,,,,,,122,,99,100,94
2017-07-30 16:00,2190,107,103,0.00,9,422.10,,21.9,8.9,0.22,2.28,,,,,,122,,99,100,94
2017-07-30 17:00,2190,103,102,0.00,11,190.60,,21.6,10.3,0.23,2.10,,,,,,122,,99,100,94
2017-07-30 18:00,2190,103,100,0.00,11,41.08,,14.5,6.2,0.23,2.04,,,,,,122,,99,100,94
2017-07-30 19:00,2190,100,94,0.00,12,0.19,,5.6,2.9,0.22,1.81,,,,,,122,,99,100,94
2017-07-30 20:00,2190,97,94,0.00,13,0.03,,6.6,2.9,0.22,1.67,,,,,,122,,99,100,94
2017-07-30 21:00,2190,96,90,0.00,14,0.04,,6.4,2.2,0.23,1.63,,,,,,122,,99,100,94
2017-07-30 22:00,2190,90,82,0.00,17,0.09,,5.0,1.2,0.25,1.24,,,,,,122,,99,100,94
2017-07-30 23:00,2190,83,80,0.00,23,0.11,,7.2,2.1,0.25,1.10,,,,,,122,,99,100,94
2017-07-31 00:00,2190,86,80,0.00,24,0.10,,11.9,5.0,0.24,1.08,,,,,,122,,99,100,94
2017-07-31 01:00,2190,86,79,0.00,19,0.14,,9.2,4.8,0.23,1.12,,,,,,122,,99,100,94
2017-07-31 02:00,2190,80,76,0.00,23,0.15,,5.2,2.7,0.23,0.98,,,,,,122,,99,100,94
2017-07-31 03:00,2190,78,76,0.00,26,0.16,,5.8,2.9,0.24,0.93,,,,,,122,,99,100,94
2017-07-31 04:00,2190,78,73,0.00,26,1.41,,2.5,0.8,0.25,0.90,,,,,,122,,99,100,94
2017-07-31 05:00,2190,79,73,0.00,30,84.30,,4.2,2.2,0.24,0.90,,,,,,122,,99,100,94
2017-07-31 06:00,2190,85,79,0.00,23,273.60,,3.3,1.2,0.23,1.09,,,,,,122,,99,100,94
2017-07-31 07:00,2190,92,85,0.00,20,473.00,,5.2,1.5,0.24,1.33,,,,,,122,,99,100,94
2017-07-31 08:00,2190,97,92,0.00,17,657.10,,7.3,3.0,0.24,1.62,,,,,,122,,99,100,94
2017-07-31 09:00,2190,101,97,0.00,14,803.00,,11.5,4.0,0.24,1.85,,,,,,122,,99,100,94
2017-07-31 10:00,2190,104,101,0.00,12,915.00,,12.8,4.3,0.25,2.05,,,,,,122,,99,100,94
2017-07-31 11:00,2190,105,104,0.00,12,964.00,,12.0,4.8,0.25,2.23,,,,,,122,,99,100,94
2017-07-31 12:00,2190,107,105,0.00,11,963.00,,15.9,7.1,0.24,2.33,,,,,,122,,99,100,94
2017-07-31 13:00,2190,108,107,0.00,10,897.00,,16.5,7.3,0.24,2.42,,,,,,122,,99,100,94
2017-07-31 14:00,2190,110,107,0.00,10,623.30,,17.4,6.6,0.23,2.48,,,,,,122,,99,100,94
2017-07-31 15:00,2190,107,104,0.00,10,374.30,,27.3,16.7,0.25,2.31,,,,,,122,,99,100,94
2017-07-31 16:00,2190,107,104,0.00,11,313.10,,20.0,13.8,0.25,2.30,,,,,,122,,99,100,94
2017-07-31 17:00,2190,104,101,0.00,12,166.00,,21.7,14.3,0.27,2.14,,,,,,122,,99,100,94
2017-07-31 18:00,2190,101,100,0.00,13,19.47,,11.5,6.4,0.25,1.99,,,,,,122,,99,100,94
2017-07-31 19:00,2190,100,96,0.00,13,0.13,,7.0,4.3,0.24,1.79,,,,,,122,,99,100,94
2017-07-31 20:00,2190,96,95,0.00,14,0.01,,8.1,5.8,0.24,1.70,,,,,,122,,99,100,94
2017-07-31 21:00,2190,95,87,0.00,14,0.02,,6.7,2.9,0.24,1.44,,,,,,122,,99,100,94
2017-07-31 22:00,2190,90,88,0.00,17,0.06,,5.7,3.6,0.24,1.35,,,,,,122,,99,100,94
2017-07-31 23:00,2190,91,83,0.00,17,0.08,,5.8,3.2,0.25,1.29,,,,,,122,,99,100,94
