Date,Station Id,Air Temperature Maximum (degF),Air Temperature Minimum (degF),Precipitation Increment (in),Relative Humidity (pct),Solar Radiation Average (watt/m2),Solar Radiation/langley Total (langley),Wind Speed Maximum (mph),Wind Speed Average (mph),Vapor Pressure - Partial (inch_Hg),Vapor Pressure - Saturated (inch_Hg),Soil Moisture Percent -2in (pct),Soil Moisture Percent -4in (pct),Soil Moisture Percent -8in (pct),Soil Moisture Percent -20in (pct),Soil Moisture Percent -40in (pct),Soil Temperature Observed -2in (degF),Soil Temperature Observed -4in (degF),Soil Temperature Observed -8in (degF),Soil Temperature Observed -20in (degF),Soil Temperature Observed -40in (degF)
2017-07-01 00:00,2217,85,83,0.00,15,0.07,,15.5,10.8,0.19,1.18,7.8,19.2,25.4,28.6,36.6,105,108,107,99,92
2017-07-01 01:00,2217,84,82,0.00,15,0.05,,14.0,8.6,0.18,1.13,8.1,18.4,24.8,28.6,36.6,103,107,106,100,92
2017-07-01 02:00,2217,82,80,0.00,15,0.04,,13.6,8.0,0.17,1.08,7.7,18.2,25.8,28.6,36.6,102,106,106,100,92
2017-07-01 03:00,2217,81,80,0.00,16,0.03,,13.6,8.8,0.13,1.04,8.0,18.9,25.1,28.6,31.5,101,104,106,100,92
2017-07-01 04:00,2217,81,79,0.00,9,2.24,,11.8,6.8,0.10,1.03,7.6,18.0,24.8,28.6,36.6,99,103,105,100,92
2017-07-01 05:00,2217,79,74,0.00,9,65.13,,5.7,1.1,0.09,0.91,7.6,17.9,25.4,28.6,36.6,98,102,104,100,92
2017-07-01 06:00,2217,85,78,0.00,9,310.90,,8.7,4.1,0.08,1.10,7.8,17.9,24.8,28.6,35.5,97,102,103,100,92
2017-07-01 07:00,2217,85,76,0.00,6,512.10,,11.6,4.9,0.20,1.03,7.6,18.2,25.7,28.6,36.6,96,101,103,100,92
2017-07-01 08:00,2217,77,76,0.00,35,697.10,,8.3,3.7,0.32,0.92,7.6,17.8,25.1,28.6,36.6,96,100,102,100,92
2017-07-01 09:00,2217,79,77,0.00,35,851.00,,8.4,4.5,0.32,0.96,7.6,17.9,25.6,28.6,36.6,97,99,102,100,92
2017-07-01 10:00,2217,81,79,0.00,33,958.00,,11.1,5.6,0.32,1.00,7.2,17.9,25.0,28.6,36.6,99,98,102,100,92
2017-07-01 11:00,2217,83,81,0.00,29,980.00,,9.3,4.9,0.30,1.09,7.9,18.4,24.8,28.6,36.6,102,100,101,100,92
2017-07-01 12:00,2217,85,83,0.00,26,1011.00,,13.0,4.6,0.30,1.19,8.3,18.1,24.8,28.6,36.6,107,102,101,100,92
2017-07-01 13:00,2217,87,85,0.00,25,964.00,,15.0,6.0,0.30,1.26,8.3,18.2,25.3,28.6,36.6,113,104,101,100,92
2017-07-01 14:00,2217,89,86,0.00,24,852.00,,10.6,6.0,0.33,1.31,8.6,18.4,24.7,28.6,36.6,117,108,102,100,92
2017-07-01 15:00,2217,89,88,0.00,26,691.50,,10.8,5.8,0.35,1.33,8.8,19.2,25.1,28.6,36.6,121,110,102,100,92
2017-07-01 16:00,2217,89,88,0.00,26,503.40,,11.2,6.2,0.34,1.36,8.7,19.3,24.8,28.6,36.6,124,113,104,100,92
2017-07-01 17:00,2217,88,87,0.00,26,300.50,,10.4,6.0,0.37,1.32,8.8,19.9,24.8,28.6,36.6,124,115,105,100,92
2017-07-01 18:00,2217,87,84,0.00,29,113.50,,8.3,5.3,0.34,1.25,8.8,19.7,25.1,28.6,36.6,122,116,106,100,92
2017-07-01 19:00,2217,84,78,0.00,28,6.22,,4.5,2.4,0.33,1.06,8.5,19.7,25.5,28.6,36.6,120,116,107,100,92
2017-07-01 20:00,2217,78,76,0.00,39,0.04,,4.2,1.6,0.38,0.95,8.3,19.8,26.1,28.6,35.5,116,115,108,100,92
2017-07-01 21:00,2217,78,75,0.00,40,0.01,,10.3,4.6,0.35,0.93,8.3,19.6,25.4,28.6,36.6,113,114,108,100,92
2017-07-01 22:00,2217,78,78,0.00,33,0.04,,7.5,4.8,0.32,0.97,8.0,19.1,25.7,28.6,36.6,110,112,108,100,92
2017-07-01 23:00,2217,78,74,0.00,35,0.03,,5.8,2.8,0.34,0.90,7.7,19.2,25.0,28.6,36.6,108,110,108,100,92
2017-07-02 00:00,2217,76,72,0.00,36,0.02,,5.8,2.4,0.31,0.85,7.7,19.1,25.9,28.6,36.6,105,108,107,100,92
2017-07-02 01:00,2217,73,71,0.00,35,0.02,,6.3,2.2,0.27,0.81,8.0,18.9,26.6,28.6,36.6,103,107,106,100,92
2017-07-02 02:00,2217,75,71,0.00,33,0.01,,3.5,1.2,0.26,0.82,7.6,18.5,26.0,28.6,36.6,102,106,106,100,92
2017-07-02 03:00,2217,71,69,0.00,35,0.02,,4.2,1.5,0.25,0.75,7.6,18.4,25.7,28.6,36.6,100,104,106,100,92
2017-07-02 04:00,2217,70,68,0.00,34,2.13,,3.7,1.0,0.26,0.73,8.0,18.3,25.0,28.6,36.6,98,102,105,100,92
2017-07-02 05:00,2217,76,68,0.00,38,60.13,,2.6,0.4,0.27,0.74,7.6,18.2,25.7,28.6,35.5,97,102,104,100,92
2017-07-02 06:00,2217,80,76,0.00,30,289.20,,5.7,2.5,0.30,0.97,7.3,17.8,24.6,27.8,36.6,96,101,103,100,92
2017-07-02 07:00,2217,78,76,0.00,32,495.60,,6.5,3.4,0.31,0.96,7.5,17.8,24.8,28.6,36.6,96,100,102,100,92
2017-07-02 08:00,2217,79,76,0.00,34,686.90,,7.8,3.6,0.33,0.93,7.0,18.2,25.0,28.6,36.6,96,99,102,100,92
2017-07-02 09:00,2217,81,79,0.00,34,844.00,,8.1,3.6,0.36,1.03,7.6,17.4,24.4,28.6,36.6,97,98,102,100,92
2017-07-02 10:00,2217,85,81,0.00,36,950.00,,8.4,3.8,0.39,1.14,7.4,17.7,24.7,28.6,35.5,98,99,102,100,92
2017-07-02 11:00,2217,88,85,0.00,32,973.00,,8.9,3.8,0.37,1.26,7.5,18.0,24.9,28.6,35.5,102,100,101,100,92
2017-07-02 12:00,2217,92,87,0.00,27,1000.00,,10.2,3.4,0.35,1.40,8.3,17.8,24.9,28.6,36.6,108,102,101,100,92
2017-07-02 13:00,2217,94,91,0.00,25,946.00,,11.4,4.0,0.38,1.51,8.2,18.2,24.9,28.6,35.5,113,104,101,100,92
2017-07-02 14:00,2217,94,94,0.00,25,836.00,,10.0,3.8,0.40,1.61,8.2,18.8,25.0,28.6,34.4,119,108,102,100,92
2017-07-02 15:00,2217,95,94,0.00,24,678.90,,10.3,4.0,0.39,1.63,8.7,18.8,24.5,28.6,35.5,122,111,102,100,92
2017-07-02 16:00,2217,95,95,0.00,22,489.80,,11.3,3.5,0.39,1.66,8.7,19.2,25.4,28.6,35.5,124,114,103,100,92
2017-07-02 17:00,2217,95,93,0.00,24,290.30,,10.8,5.2,0.38,1.64,8.7,19.5,25.0,28.6,35.5,125,116,105,100,92
2017-07-02 18:00,2217,93,89,0.00,24,108.30,,9.5,5.0,0.38,1.52,8.5,20.2,25.4,28.6,35.5,124,116,106,100,92
2017-07-02 19:00,2217,89,84,0.00,32,6.29,,7.1,3.0,0.43,1.26,8.1,19.7,25.2,28.6,36.6,121,116,107,100,92
2017-07-02 20:00,2217,85,85,0.00,31,0.10,,10.0,6.4,0.35,1.22,8.6,19.5,25.9,28.6,36.6,119,116,108,100,92
2017-07-02 21:00,2217,85,85,0.00,28,0.08,,13.9,8.6,0.34,1.22,8.2,19.6,25.9,28.6,35.5,115,115,108,100,92
2017-07-02 22:00,2217,85,84,0.00,28,0.08,,15.4,10.9,0.35,1.20,8.6,19.3,25.9,28.6,35.5,112,113,109,100,92
2017-07-02 23:00,2217,85,76,0.00,29,0.08,,11.2,3.0,0.35,1.12,8.0,19.2,25.2,28.6,35.5,110,112,108,100,92
2017-07-03 00:00,2217,76,72,0.00,39,0.04,,4.1,1.7,0.34,0.86,8.1,18.6,25.5,28.6,34.4,107,110,108,100,92
2017-07-03 01:00,2217,76,72,0.00,41,0.01,,3.8,1.5,0.32,0.86,8.1,18.6,26.0,28.6,35.5,105,108,107,100,92
2017-07-03 02:00,2217,74,73,0.00,38,0.02,,4.7,2.2,0.31,0.84,7.7,18.9,25.8,28.6,35.5,103,107,107,100,92
2017-07-03 03:00,2217,73,69,0.00,38,0.03,,3.1,1.3,0.32,0.78,8.2,18.2,25.1,28.6,35.5,102,106,106,100,92
2017-07-03 04:00,2217,69,67,0.00,47,1.91,,4.6,0.8,0.33,0.71,7.8,18.4,24.7,27.8,35.5,100,104,106,100,92
2017-07-03 05:00,2217,72,67,0.00,49,54.05,,2.9,0.7,0.33,0.70,7.6,18.2,24.6,28.6,34.4,98,103,105,100,92
2017-07-03 06:00,2217,75,72,0.00,44,265.90,,4.6,2.1,0.37,0.82,7.4,17.8,25.1,27.8,35.5,98,102,104,100,92
2017-07-03 07:00,2217,81,75,0.00,43,469.30,,4.8,2.1,0.38,0.92,7.4,18.2,25.6,28.7,35.6,97,101,103,100,92
2017-07-03 08:00,2217,85,81,0.00,35,665.50,,6.8,3.3,0.37,1.13,7.6,18.2,25.3,28.7,35.6,96,100,102,100,92
2017-07-03 09:00,2217,85,84,0.00,33,822.00,,8.4,3.9,0.40,1.21,7.6,17.7,25.0,28.7,34.4,98,100,102,100,92
2017-07-03 10:00,2217,89,85,0.00,34,932.00,,10.1,4.2,0.41,1.26,8.1,17.7,24.3,27.1,36.6,100,100,102,100,92
2017-07-03 11:00,2217,91,89,0.00,28,952.00,,10.2,4.7,0.37,1.42,8.1,17.8,24.8,30.8,38.6,103,101,102,100,92
2017-07-03 12:00,2217,95,90,0.00,27,974.00,,10.8,4.5,0.39,1.47,7.7,18.5,24.7,30.8,35.6,109,102,102,100,92
2017-07-03 13:00,2217,95,94,0.00,24,928.00,,11.6,4.3,0.39,1.64,8.0,18.4,24.3,28.6,36.6,114,105,102,100,92
2017-07-03 14:00,2217,97,94,0.00,25,822.00,,10.9,4.3,0.39,1.67,8.6,18.8,24.9,28.6,36.6,119,109,102,100,92
2017-07-03 15:00,2217,97,95,0.00,22,666.30,,10.2,4.4,0.38,1.72,8.5,19.0,25.0,28.6,38.6,122,112,103,100,92
2017-07-03 16:00,2217,96,95,0.00,23,479.50,,10.5,6.0,0.37,1.70,9.0,19.3,25.1,28.6,34.4,125,114,104,100,92
2017-07-03 17:00,2217,95,94,0.00,23,282.30,,10.1,6.2,0.36,1.65,8.5,19.7,25.2,28.6,35.5,125,116,106,100,92
2017-07-03 18:00,2217,94,91,0.00,21,103.50,,9.1,4.5,0.32,1.55,8.5,20.0,25.7,28.6,35.5,124,117,107,100,92
2017-07-03 19:00,2217,91,85,0.00,24,5.90,,6.0,3.5,0.38,1.33,8.8,20.0,26.0,28.6,34.4,121,117,108,100,92
2017-07-03 20:00,2217,85,84,0.00,37,0.09,,8.6,4.6,0.44,1.19,8.2,19.7,25.5,28.6,34.4,119,116,108,100,92
2017-07-03 21:00,2217,84,81,0.00,38,0.04,,7.4,2.2,0.43,1.12,8.6,19.4,25.5,28.6,36.6,115,115,109,100,92
2017-07-03 22:00,2217,81,77,0.00,39,0.03,,2.0,0.5,0.40,1.01,8.3,18.9,24.9,28.6,34.4,112,114,109,100,92
2017-07-03 23:00,2217,78,77,0.00,41,0.03,,2.4,0.7,0.38,0.95,8.0,18.8,25.8,28.6,38.6,110,112,109,100,92
2017-07-04 00:00,2217,77,76,0.00,40,0.02,,3.3,1.2,0.38,0.92,7.9,18.9,25.8,28.6,35.6,107,110,108,100,92
2017-07-04 01:00,2217,76,71,0.00,43,0.03,,3.3,1.2,0.38,0.84,8.1,19.0,24.9,28.6,34.4,105,109,108,100,92
2017-07-04 02:00,2217,77,71,0.00,46,0.02,,2.9,0.8,0.37,0.78,8.0,18.8,24.7,28.6,37.6,103,107,107,100,92
2017-07-04 03:00,2217,78,71,0.00,39,0.02,,5.7,1.5,0.35,0.93,7.8,18.2,25.5,28.7,38.6,102,105,106,100,92
2017-07-04 04:00,2217,71,67,0.00,46,1.88,,3.2,1.2,0.37,0.72,7.6,18.2,24.8,27.1,38.6,100,104,106,100,92
2017-07-04 05:00,2217,73,67,0.00,54,57.11,,1.9,0.6,0.35,0.71,7.6,18.2,25.4,29.5,34.4,99,103,105,100,92
2017-07-04 06:00,2217,77,73,0.00,41,280.00,,3.3,1.0,0.34,0.86,7.4,18.0,24.5,30.2,37.6,98,102,104,100,92
2017-07-04 07:00,2217,82,77,0.00,36,484.70,,4.4,2.2,0.35,0.98,7.4,18.0,25.0,29.5,34.4,97,101,103,101,92
2017-07-04 08:00,2217,85,82,0.00,33,676.70,,7.5,3.7,0.37,1.14,7.4,17.7,25.2,29.5,34.4,97,101,103,101,92
2017-07-04 09:00,2217,86,85,0.00,33,837.00,,7.9,3.8,0.40,1.22,7.6,17.9,24.5,29.5,34.4,98,100,102,101,92
2017-07-04 10:00,2217,89,86,0.00,31,946.00,,10.3,4.5,0.37,1.29,7.8,17.5,24.5,29.5,35.5,100,100,102,101,92
2017-07-04 11:00,2217,92,89,0.00,27,965.00,,9.8,4.0,0.38,1.43,8.1,17.7,23.8,29.5,38.6,103,101,102,101,92
2017-07-04 12:00,2217,96,92,0.00,25,990.00,,11.4,4.2,0.38,1.60,8.0,18.0,24.7,29.5,37.8,109,102,102,101,92
2017-07-04 13:00,2217,98,95,0.00,22,940.00,,9.9,4.1,0.37,1.71,8.4,17.7,24.7,27.1,35.6,115,106,102,100,92
2017-07-04 14:00,2217,99,97,0.00,19,831.00,,13.4,4.8,0.32,1.80,8.8,19.0,24.5,27.1,34.4,120,109,102,100,92
2017-07-04 15:00,2217,101,99,0.00,15,677.60,,11.2,4.3,0.28,1.91,8.7,19.0,25.0,30.2,38.6,124,112,103,100,92
2017-07-04 16:00,2217,100,99,0.00,14,486.70,,10.2,4.1,0.30,1.92,8.7,18.9,25.1,27.1,36.7,127,115,105,100,92
2017-07-04 17:00,2217,99,97,0.00,20,286.00,,9.7,5.4,0.39,1.83,9.0,19.9,24.8,27.8,36.7,127,117,106,100,92
2017-07-04 18:00,2217,97,92,0.00,22,101.70,,9.4,6.1,0.43,1.69,9.0,20.0,24.7,27.8,34.4,125,119,107,100,92
2017-07-04 19:00,2217,92,87,0.00,30,5.67,,8.1,4.6,0.43,1.42,8.7,19.8,24.9,27.1,37.7,124,119,108,100,92
2017-07-04 20:00,2217,87,84,0.00,30,0.12,,8.1,4.7,0.40,1.25,8.8,19.7,25.5,30.8,34.4,120,117,109,100,92
2017-07-04 21:00,2217,84,82,0.00,33,0.08,,4.3,2.3,0.38,1.16,8.3,19.4,25.5,27.8,34.4,116,116,109,100,92
2017-07-04 22:00,2217,82,79,0.00,34,0.07,,6.0,1.8,0.35,1.06,8.2,19.6,25.5,28.6,34.4,113,114,110,100,92
2017-07-04 23:00,2217,80,77,0.00,31,0.03,,2.1,0.7,0.31,0.98,7.7,19.6,24.6,30.8,34.4,110,113,110,100,92
2017-07-05 00:00,2217,83,77,0.00,33,0.04,,8.8,1.7,0.32,1.00,7.9,18.9,25.1,30.2,34.4,108,111,109,100,92
2017-07-05 01:00,2217,83,74,0.00,27,0.03,,10.8,4.6,0.30,1.07,7.9,19.0,25.8,27.1,36.7,106,109,108,100,92
2017-07-05 02:00,2217,74,69,0.00,34,0.03,,5.8,1.7,0.30,0.79,7.7,18.3,25.5,29.5,37.7,104,108,108,100,92
2017-07-05 03:00,2217,71,69,0.00,43,0.02,,5.0,1.5,0.30,0.73,7.8,18.2,24.9,29.5,34.4,102,107,107,101,92
2017-07-05 04:00,2217,71,69,0.00,39,1.80,,3.1,1.1,0.29,0.73,8.1,17.9,25.1,29.5,34.4,101,105,106,100,92
2017-07-05 05:00,2217,71,69,0.00,41,54.18,,2.2,0.9,0.32,0.71,7.6,18.5,24.5,29.5,34.4,99,104,106,101,92
2017-07-05 06:00,2217,75,71,0.00,44,264.50,,3.9,2.2,0.34,0.80,7.6,17.8,25.0,29.5,34.4,98,102,105,101,92
2017-07-05 07:00,2217,81,75,0.00,42,456.20,,4.5,2.4,0.37,0.93,7.7,18.4,23.8,29.5,35.6,98,102,104,101,92
2017-07-05 08:00,2217,84,80,0.00,36,671.10,,5.4,3.0,0.38,1.08,7.8,17.9,24.6,29.5,37.8,98,101,103,101,92
2017-07-05 09:00,2217,89,84,0.00,31,789.90,,7.3,3.0,0.32,1.26,7.4,17.5,23.9,29.5,34.4,98,101,103,101,92
2017-07-05 10:00,2217,90,87,0.00,19,940.00,,8.7,4.2,0.28,1.36,8.1,17.7,25.0,29.5,36.7,101,101,102,101,92
2017-07-05 11:00,2217,93,90,0.00,22,884.00,,9.4,4.1,0.33,1.45,7.9,17.7,24.7,29.5,34.4,104,102,102,101,92
2017-07-05 12:00,2217,94,92,0.00,19,981.00,,10.8,4.3,0.31,1.59,7.7,18.4,23.8,29.5,36.7,109,103,102,101,92
2017-07-05 13:00,2217,95,92,0.00,23,921.00,,9.1,4.0,0.35,1.60,8.5,18.2,24.2,29.5,36.7,114,106,102,101,92
2017-07-05 14:00,2217,98,95,0.00,21,811.00,,8.3,3.9,0.35,1.72,8.6,18.3,25.0,29.5,34.4,119,109,103,101,92
2017-07-05 15:00,2217,97,96,0.00,21,660.50,,9.6,5.3,0.36,1.72,8.7,18.5,24.6,29.5,36.7,122,112,104,101,92
2017-07-05 16:00,2217,97,96,0.00,19,475.70,,8.8,4.7,0.32,1.77,8.5,19.3,25.0,29.5,36.8,125,114,105,101,92
2017-07-05 17:00,2217,97,95,0.00,20,275.00,,9.1,5.7,0.37,1.72,8.9,19.2,25.1,29.5,34.4,125,116,106,101,92
2017-07-05 18:00,2217,95,91,0.00,25,101.00,,9.3,6.1,0.39,1.59,8.7,19.4,24.9,29.5,36.8,124,117,108,101,92
2017-07-05 19:00,2217,91,86,0.00,27,6.31,,7.7,4.3,0.41,1.35,8.4,19.3,25.5,29.5,34.4,121,117,108,101,92
2017-07-05 20:00,2217,86,84,0.00,36,0.15,,8.1,3.7,0.43,1.20,8.5,19.4,24.8,29.5,36.7,119,116,109,100,92
2017-07-05 21:00,2217,84,82,0.00,35,0.08,,8.2,3.3,0.42,1.15,8.2,18.7,24.8,29.5,36.8,115,115,110,100,92
2017-07-05 22:00,2217,82,78,0.00,39,0.06,,6.7,1.8,0.43,1.06,8.0,19.5,24.8,29.5,34.4,112,114,109,101,92
2017-07-05 23:00,2217,82,78,0.00,43,0.04,,7.7,4.2,0.39,1.03,8.0,18.9,25.1,29.5,34.4,110,112,109,101,92
2017-07-06 00:00,2217,82,79,0.00,30,0.04,,7.8,2.8,0.34,1.06,7.7,18.5,25.8,29.5,36.8,108,111,109,101,92
2017-07-06 01:00,2217,82,79,0.00,36,0.04,,7.9,3.4,0.36,1.06,7.8,18.9,25.2,29.5,34.4,106,109,108,101,92
2017-07-06 02:00,2217,83,82,0.00,32,0.04,,8.6,4.9,0.35,1.11,7.5,18.2,25.1,29.5,36.8,104,108,108,101,92
2017-07-06 03:00,2217,83,72,0.00,28,0.04,,7.9,3.3,0.33,1.05,8.0,18.2,24.9,29.5,36.8,102,106,107,101,92
2017-07-06 04:00,2217,85,70,0.00,48,1.26,,8.0,2.5,0.34,0.89,7.8,18.5,25.1,28.5,34.4,102,105,106,101,92
2017-07-06 05:00,2217,85,72,0.00,17,39.72,,4.9,1.2,0.28,0.94,7.6,18.3,24.4,29.5,34.4,100,104,106,101,92
2017-07-06 06:00,2217,83,78,0.00,30,257.50,,6.9,2.1,0.31,1.03,7.5,18.0,24.6,28.5,36.8,99,103,105,101,92
2017-07-06 07:00,2217,82,78,0.00,35,446.90,,5.8,2.3,0.34,1.02,7.5,18.0,24.8,28.5,36.8,98,102,104,101,92
2017-07-06 08:00,2217,87,82,0.00,29,653.80,,5.7,2.7,0.32,1.16,7.7,18.0,24.5,28.5,34.4,98,102,104,101,92
2017-07-06 09:00,2217,91,87,0.00,26,818.00,,7.6,3.1,0.30,1.36,7.6,18.0,24.2,28.5,36.8,99,102,103,101,92
2017-07-06 10:00,2217,95,91,0.00,18,941.00,,11.6,5.5,0.23,1.53,7.8,18.3,24.7,28.5,37.8,101,102,103,101,92
2017-07-06 11:00,2217,96,94,0.00,14,948.00,,12.6,6.0,0.24,1.65,8.3,17.5,23.6,28.5,34.4,104,102,102,102,92
2017-07-06 12:00,2217,98,96,0.00,13,980.00,,11.5,6.6,0.22,1.72,7.7,18.0,24.6,28.5,36.8,110,104,102,102,92
2017-07-06 13:00,2217,99,98,0.00,12,932.00,,12.4,7.3,0.24,1.84,8.2,18.3,24.7,28.5,34.4,115,106,102,101,92
2017-07-06 14:00,2217,100,98,0.00,14,827.00,,14.0,7.2,0.24,1.90,8.5,18.4,24.1,28.5,34.4,120,110,103,101,92
2017-07-06 15:00,2217,101,99,0.00,12,674.30,,13.6,7.0,0.25,1.97,8.3,18.7,24.2,28.5,34.4,124,113,104,101,92
2017-07-06 16:00,2217,100,99,0.00,15,489.20,,10.9,6.8,0.27,1.92,8.7,18.8,24.6,29.5,36.8,125,115,105,101,92
2017-07-06 17:00,2217,100,98,0.00,14,290.90,,11.3,6.4,0.27,1.86,8.7,18.9,25.1,28.5,36.8,125,116,106,101,92
2017-07-06 18:00,2217,98,93,0.00,16,106.20,,9.2,5.2,0.29,1.72,8.6,19.2,25.1,29.5,36.8,124,119,108,101,92
2017-07-06 19:00,2217,93,89,0.00,20,5.60,,7.1,2.7,0.33,1.47,9.0,19.7,25.5,29.5,34.4,122,119,109,101,92
2017-07-06 20:00,2217,89,87,0.00,25,0.10,,6.0,2.0,0.35,1.33,8.4,19.2,25.8,29.5,36.8,119,117,109,101,92
2017-07-06 21:00,2217,90,87,0.00,25,0.08,,10.1,5.8,0.26,1.36,8.2,19.4,25.8,29.5,34.4,116,116,110,101,92
2017-07-06 22:00,2217,90,89,0.00,20,0.10,,10.2,7.1,0.28,1.39,7.8,19.0,24.4,29.5,34.4,113,114,110,101,92
2017-07-06 23:00,2217,90,90,0.00,18,0.09,,10.7,6.6,0.26,1.44,7.9,18.7,24.9,29.5,36.8,111,113,110,101,92
2017-07-07 00:00,2217,91,90,0.00,18,0.08,,9.8,6.8,0.26,1.44,8.1,19.2,25.2,28.5,36.8,109,111,109,101,92
2017-07-07 01:00,2217,90,79,0.00,18,0.08,,8.0,3.8,0.26,1.33,7.8,18.5,24.9,28.5,34.4,107,109,109,101,92
2017-07-07 02:00,2217,89,78,0.00,27,0.04,,6.1,1.8,0.26,1.05,7.5,18.4,24.9,28.5,36.8,106,109,108,102,92
2017-07-07 03:00,2217,89,76,0.00,19,0.06,,5.7,1.6,0.25,1.07,8.4,18.4,25.1,28.5,34.4,104,108,108,101,92
2017-07-07 04:00,2217,80,74,0.00,27,1.45,,4.9,1.6,0.25,0.94,7.8,18.7,24.9,28.5,36.8,103,106,107,101,92
2017-07-07 05:00,2217,79,74,0.00,30,50.37,,3.5,1.1,0.25,0.93,7.8,18.3,24.1,28.5,34.4,102,105,106,101,93
2017-07-07 06:00,2217,94,79,0.00,24,270.60,,8.6,1.6,0.24,1.16,7.6,18.4,25.1,28.5,34.4,100,104,106,101,92
2017-07-07 07:00,2217,94,93,0.00,13,470.80,,11.7,6.2,0.22,1.58,7.0,18.1,24.8,30.1,36.8,100,103,105,101,92
2017-07-07 08:00,2217,95,94,0.00,13,657.60,,10.9,7.3,0.22,1.61,7.8,18.3,24.5,28.5,35.2,100,102,105,101,92
2017-07-07 09:00,2217,96,94,0.00,15,812.00,,11.7,7.1,0.25,1.64,7.5,17.9,24.7,28.5,34.4,101,102,104,102,92
2017-07-07 10:00,2217,98,95,0.00,16,925.00,,12.3,7.7,0.30,1.74,7.8,18.5,24.1,30.1,34.4,103,102,103,102,92
2017-07-07 11:00,2217,100,98,0.00,16,956.00,,14.1,8.6,0.30,1.85,8.2,18.1,24.1,28.5,36.8,106,103,103,102,92
2017-07-07 12:00,2217,102,99,0.00,15,988.00,,15.7,8.5,0.28,1.96,7.9,18.4,24.4,30.1,35.2,111,105,103,102,92
2017-07-07 13:00,2217,103,101,0.00,13,940.00,,15.8,8.7,0.28,2.01,8.2,18.6,24.1,28.5,36.8,116,108,104,102,92
2017-07-07 14:00,2217,105,102,0.00,15,836.00,,16.2,9.9,0.30,2.14,8.5,18.3,23.6,28.5,36.8,121,111,104,101,92
2017-07-07 15:00,2217,104,103,0.00,13,677.10,,16.1,9.2,0.32,2.12,8.6,18.5,24.8,28.5,36.8,124,114,105,101,92
2017-07-07 16:00,2217,104,102,0.00,13,491.40,,13.6,9.2,0.29,2.11,8.2,19.0,24.8,28.5,35.2,127,116,106,101,92
2017-07-07 17:00,2217,102,101,0.00,13,290.80,,13.9,9.1,0.24,2.03,8.6,19.2,24.4,28.5,35.2,127,117,108,101,92
2017-07-07 18:00,2217,101,97,0.00,12,105.80,,12.0,6.4,0.24,1.90,8.3,19.4,25.1,28.5,34.4,125,119,109,101,93
2017-07-07 19:00,2217,97,94,0.00,13,5.39,,9.4,4.5,0.23,1.67,8.1,19.4,24.9,28.5,36.8,122,119,110,101,92
2017-07-07 20:00,2217,97,96,0.00,12,0.16,,12.8,6.6,0.19,1.72,8.4,19.2,25.3,28.5,36.8,120,119,110,101,92
2017-07-07 21:00,2217,97,97,0.00,12,0.14,,14.8,8.5,0.21,1.75,8.3,19.7,25.3,28.5,35.2,116,116,110,102,92
2017-07-07 22:00,2217,97,96,0.00,12,0.14,,14.2,8.7,0.20,1.75,8.0,19.0,25.3,28.5,35.2,114,115,110,101,92
2017-07-07 23:00,2217,96,95,0.00,12,0.14,,13.3,8.1,0.21,1.70,7.9,19.4,24.9,28.5,35.2,111,113,110,101,92
2017-07-08 00:00,2217,96,94,0.00,12,0.14,,12.9,7.4,0.21,1.67,7.4,18.5,25.5,30.1,35.2,109,112,110,102,92
2017-07-08 01:00,2217,95,94,0.00,12,0.13,,12.3,6.5,0.20,1.62,7.7,18.4,25.1,30.1,35.2,108,110,109,101,93
2017-07-08 02:00,2217,95,93,0.00,12,0.17,,12.0,6.9,0.19,1.61,7.5,18.4,24.5,30.1,35.2,106,110,109,102,92
2017-07-08 03:00,2217,93,92,0.00,11,0.13,,11.8,6.4,0.16,1.56,7.1,18.1,24.2,30.1,35.2,105,108,108,102,93
2017-07-08 04:00,2217,93,92,0.00,9,1.32,,9.6,5.5,0.14,1.55,7.5,18.0,24.9,30.1,35.2,104,108,108,102,93
2017-07-08 05:00,2217,92,91,0.00,9,47.20,,8.1,3.5,0.13,1.51,7.3,17.8,24.3,29.4,35.2,102,106,107,102,93
2017-07-08 06:00,2217,96,92,0.00,8,257.10,,9.9,4.8,0.12,1.62,7.8,17.6,24.8,29.4,35.2,102,106,107,102,93
2017-07-08 07:00,2217,96,95,0.00,7,463.50,,11.8,6.8,0.13,1.68,7.3,18.0,24.5,29.4,35.2,102,105,106,102,93
2017-07-08 08:00,2217,98,95,0.00,8,659.20,,9.7,6.4,0.13,1.72,7.3,18.1,23.9,29.4,35.2,102,104,105,102,93
2017-07-08 09:00,2217,98,95,0.00,7,826.00,,14.7,8.1,0.14,1.74,7.8,18.1,24.2,29.4,35.2,102,104,105,102,93
2017-07-08 10:00,2217,98,96,0.00,10,919.00,,12.0,7.0,0.18,1.77,7.3,18.1,24.5,29.4,35.2,105,104,105,102,93
2017-07-08 11:00,2217,101,98,0.00,11,960.00,,14.0,7.1,0.19,1.91,7.9,18.1,24.1,29.4,35.2,108,105,104,102,93
2017-07-08 12:00,2217,102,101,0.00,9,955.00,,13.4,6.8,0.19,2.00,8.2,18.2,24.1,29.4,35.2,113,107,104,102,93
2017-07-08 13:00,2217,103,102,0.00,10,872.00,,12.1,6.2,0.21,2.05,7.9,18.3,24.5,29.4,35.2,117,109,105,102,93
2017-07-08 14:00,2217,104,103,0.00,12,792.00,,11.8,6.3,0.21,2.14,8.1,18.3,24.2,27.8,35.2,121,112,105,102,93
2017-07-08 15:00,2217,103,103,0.00,9,661.90,,12.3,6.1,0.19,2.13,8.4,19.0,24.5,29.4,35.2,125,114,106,102,93
2017-07-08 16:00,2217,103,102,0.00,9,459.10,,11.3,6.7,0.22,2.09,8.6,18.8,25.4,29.4,35.2,127,116,107,102,93
2017-07-08 17:00,2217,102,100,0.00,11,298.70,,15.2,8.3,0.22,2.01,8.6,19.2,24.7,29.4,35.2,127,119,108,102,93
2017-07-08 18:00,2217,100,95,0.00,11,100.70,,10.6,7.5,0.23,1.85,8.2,19.6,24.5,29.4,35.2,125,119,110,102,93
2017-07-08 19:00,2217,95,93,0.00,13,5.75,,13.5,7.1,0.19,1.61,8.2,19.6,25.7,29.4,35.2,124,119,110,102,93
2017-07-08 20:00,2217,93,91,0.00,11,0.14,,17.7,10.6,0.16,1.51,7.8,19.2,25.5,29.4,36.8,120,119,111,102,93
2017-07-08 21:00,2217,92,91,0.00,10,0.13,,15.3,10.0,0.16,1.50,7.8,18.5,25.5,29.4,35.2,116,116,111,102,93
2017-07-08 22:00,2217,93,92,0.00,11,0.10,,14.3,10.3,0.17,1.54,7.7,18.9,25.0,29.4,35.2,113,115,111,102,93
2017-07-08 23:00,2217,93,93,0.00,10,0.12,,13.0,9.2,0.15,1.55,7.7,18.8,25.1,29.4,35.2,111,113,111,102,93
2017-07-09 00:00,2217,93,92,0.00,9,0.10,,9.5,6.2,0.14,1.57,7.1,18.5,25.3,29.4,35.2,109,112,110,102,93
2017-07-09 01:00,2217,92,80,0.00,9,0.14,,8.8,4.3,0.14,1.44,7.6,18.1,24.2,29.5,35.2,108,110,110,102,93
2017-07-09 02:00,2217,81,77,0.00,19,0.05,,4.5,2.0,0.17,1.00,7.5,18.1,24.9,29.5,35.2,106,110,109,102,93
2017-07-09 03:00,2217,81,79,0.00,16,0.03,,8.0,2.3,0.15,1.00,7.6,18.1,25.2,29.5,35.2,105,108,108,102,93
2017-07-09 04:00,2217,81,77,0.00,14,0.92,,5.9,2.1,0.15,0.99,7.7,17.8,24.8,29.5,35.2,103,107,108,102,93
2017-07-09 05:00,2217,84,78,0.00,16,47.53,,3.7,1.5,0.15,1.03,7.2,18.1,24.6,28.4,35.2,102,106,107,102,93
2017-07-09 06:00,2217,89,84,0.00,13,252.80,,6.6,3.3,0.14,1.29,7.4,18.1,25.0,28.4,35.2,101,105,107,102,93
2017-07-09 07:00,2217,90,88,0.00,11,454.20,,6.1,2.5,0.14,1.36,7.4,18.0,23.9,28.4,35.2,101,104,106,102,93
2017-07-09 08:00,2217,93,89,0.00,10,643.40,,6.6,2.3,0.13,1.45,7.4,17.5,24.3,28.4,35.2,101,103,106,102,93
2017-07-09 09:00,2217,97,93,0.00,8,795.50,,8.0,3.1,0.14,1.66,7.2,17.8,24.1,28.4,35.2,102,103,105,102,93
2017-07-09 10:00,2217,97,95,0.00,8,881.00,,8.2,4.1,0.12,1.72,7.2,17.5,24.1,28.4,35.2,103,103,104,102,93
2017-07-09 11:00,2217,99,97,0.00,7,937.00,,9.4,3.7,0.14,1.79,7.6,18.0,23.9,28.4,35.2,107,104,104,102,93
2017-07-09 12:00,2217,102,99,0.00,8,964.00,,7.8,3.6,0.16,1.93,7.7,17.7,24.7,28.4,35.2,112,106,104,102,93
2017-07-09 13:00,2217,103,102,0.00,8,920.00,,10.3,5.1,0.20,2.08,8.0,17.8,24.1,28.4,35.2,117,108,104,102,93
2017-07-09 14:00,2217,104,102,0.00,10,823.00,,8.8,3.9,0.22,2.12,8.2,18.1,24.3,28.4,35.2,122,112,105,102,93
2017-07-09 15:00,2217,105,103,0.00,10,669.80,,8.8,4.1,0.24,2.19,8.1,18.5,24.7,28.4,35.2,127,114,106,102,94
2017-07-09 16:00,2217,104,103,0.00,11,487.20,,8.8,4.4,0.25,2.15,8.4,18.9,24.7,28.4,35.2,128,116,107,102,93
2017-07-09 17:00,2217,103,101,0.00,13,287.30,,8.5,4.4,0.29,2.08,8.4,18.5,24.0,29.5,35.2,128,119,109,102,94
2017-07-09 18:00,2217,101,97,0.00,14,109.60,,5.8,3.3,0.28,1.95,8.6,18.8,24.9,29.5,35.2,128,120,110,102,93
2017-07-09 19:00,2217,97,92,0.00,17,7.66,,5.9,2.3,0.31,1.61,8.1,19.3,25.3,29.5,35.2,125,120,110,102,93
2017-07-09 20:00,2217,93,90,0.00,16,0.13,,7.1,4.0,0.24,1.51,7.8,19.1,25.4,29.5,35.2,122,120,111,102,94
2017-07-09 21:00,2217,92,88,0.00,16,0.13,,6.4,2.8,0.25,1.46,7.6,18.8,25.2,29.5,35.2,119,119,112,102,94
2017-07-09 22:00,2217,91,87,0.00,18,0.13,,7.8,5.6,0.25,1.37,8.1,19.0,25.4,29.5,35.2,116,116,112,102,94
2017-07-09 23:00,2217,89,85,0.00,18,0.10,,7.6,2.1,0.23,1.30,7.6,18.8,24.5,28.4,35.2,114,115,111,102,94
2017-07-10 00:00,2217,87,84,0.00,16,0.07,,5.5,1.8,0.22,1.21,7.6,18.1,24.8,29.5,35.2,112,113,111,102,94
2017-07-10 01:00,2217,87,83,0.00,20,0.04,,4.0,0.9,0.23,1.22,7.7,18.8,25.5,28.4,35.2,110,112,111,102,94
2017-07-10 02:00,2217,88,83,0.00,20,0.05,,7.0,2.5,0.23,1.17,7.5,18.1,25.2,29.6,35.2,108,111,110,102,94
2017-07-10 03:00,2217,88,83,0.00,17,0.05,,8.5,4.1,0.23,1.21,7.6,18.1,24.6,28.4,35.2,106,110,110,102,94
2017-07-10 04:00,2217,83,82,0.00,20,0.78,,7.9,4.0,0.24,1.13,7.5,18.0,24.6,30.7,35.2,105,108,109,102,94
2017-07-10 05:00,2217,85,83,0.00,21,39.37,,7.1,3.6,0.25,1.16,6.9,18.1,23.9,28.4,35.2,103,107,108,102,94
2017-07-10 06:00,2217,88,84,0.00,20,247.50,,5.0,2.5,0.24,1.23,7.2,18.1,24.7,30.7,35.2,102,106,108,102,94
2017-07-10 07:00,2217,90,88,0.00,17,447.70,,5.5,2.9,0.24,1.36,7.6,17.9,24.4,30.7,35.2,102,106,107,102,94
2017-07-10 08:00,2217,91,88,0.00,18,634.40,,6.9,3.2,0.25,1.40,7.2,17.4,24.1,30.7,35.2,102,105,106,102,94
2017-07-10 09:00,2217,94,91,0.00,19,748.50,,8.1,3.9,0.29,1.54,7.5,17.8,24.7,30.7,35.2,103,104,106,102,94
2017-07-10 10:00,2217,97,94,0.00,17,891.00,,8.4,4.7,0.25,1.69,7.5,17.8,23.9,30.7,35.2,105,104,105,102,94
2017-07-10 11:00,2217,99,96,0.00,13,947.00,,9.5,4.4,0.23,1.82,7.6,17.9,24.2,30.7,35.2,109,105,105,102,94
2017-07-10 12:00,2217,102,98,0.00,13,978.00,,9.2,3.9,0.25,1.94,7.7,17.7,24.2,30.7,35.2,113,107,105,102,94
2017-07-10 13:00,2217,104,101,0.00,13,927.00,,10.0,4.2,0.27,2.07,8.0,18.2,23.9,30.7,35.2,119,109,105,102,94
2017-07-10 14:00,2217,105,103,0.00,13,822.00,,11.7,5.9,0.28,2.21,8.2,18.1,24.1,30.7,34.0,124,113,106,102,94
2017-07-10 15:00,2217,105,103,0.00,13,670.50,,12.0,5.9,0.28,2.19,8.4,18.5,24.4,30.7,38.6,127,116,107,102,94
2017-07-10 16:00,2217,104,103,0.00,12,483.50,,11.9,7.0,0.27,2.16,8.7,19.4,24.2,30.7,35.2,128,119,108,102,94
2017-07-10 17:00,2217,103,100,0.00,11,285.70,,10.9,6.5,0.26,2.05,8.8,19.5,24.6,30.7,35.3,130,120,109,102,94
2017-07-10 18:00,2217,100,96,0.00,11,107.60,,8.3,3.9,0.22,1.87,8.2,19.1,25.2,30.7,35.3,128,121,110,102,94
2017-07-10 19:00,2217,96,91,0.00,13,6.08,,18.7,8.1,0.21,1.61,7.9,19.5,24.9,28.4,34.0,125,121,111,102,94
2017-07-10 20:00,2217,91,90,0.00,16,0.11,,18.7,10.5,0.24,1.45,8.0,19.2,24.8,30.7,35.3,121,120,112,102,94
2017-07-10 21:00,2217,91,89,0.00,16,0.08,,12.5,8.3,0.25,1.42,8.1,19.0,24.9,30.7,34.0,117,119,112,102,94
2017-07-10 22:00,2217,90,89,0.00,18,0.09,,12.2,8.0,0.24,1.39,7.9,18.8,24.3,30.7,35.3,114,116,112,102,94
2017-07-10 23:00,2217,90,89,0.00,16,0.07,,13.5,10.2,0.22,1.39,7.4,18.5,24.5,30.7,34.0,112,114,112,102,94
2017-07-11 00:00,2217,89,88,0.00,16,0.09,,14.7,10.5,0.24,1.34,7.6,18.2,25.2,30.7,35.3,110,113,111,102,94
2017-07-11 01:00,2217,89,87,0.00,18,0.08,,15.5,10.7,0.25,1.34,7.5,17.6,24.9,30.7,35.3,108,112,110,102,94
2017-07-11 02:00,2217,88,80,0.00,20,0.07,,14.6,6.5,0.26,1.27,7.2,18.1,24.8,30.7,35.3,106,109,110,102,94
2017-07-11 03:00,2217,87,80,0.00,25,0.04,,8.5,3.4,0.26,1.13,6.9,18.4,24.3,30.8,34.0,105,109,109,102,94
2017-07-11 04:00,2217,84,79,0.00,21,0.83,,5.2,1.8,0.24,1.11,7.3,17.9,23.9,30.1,38.6,104,108,109,102,94
2017-07-11 05:00,2217,81,77,0.00,23,42.29,,3.9,1.0,0.24,0.97,7.1,17.4,24.4,28.9,34.0,102,107,108,103,94
2017-07-11 06:00,2217,89,81,0.00,22,244.40,,3.4,0.7,0.24,1.19,6.7,17.8,24.1,30.1,34.0,102,106,108,103,94
2017-07-11 07:00,2217,91,89,0.00,18,464.00,,5.8,2.3,0.26,1.41,7.0,17.8,23.5,30.2,35.3,101,105,107,103,94
2017-07-11 08:00,2217,91,89,0.00,19,653.20,,8.3,3.9,0.35,1.41,7.0,17.4,24.4,30.8,38.6,101,104,106,103,94
2017-07-11 09:00,2217,93,91,0.00,28,817.00,,11.5,4.7,0.38,1.50,7.1,17.5,23.9,30.2,34.0,102,104,106,103,94
2017-07-11 10:00,2217,96,93,0.00,23,935.00,,10.9,5.2,0.37,1.61,7.7,17.5,23.3,29.0,38.6,104,104,106,103,94
2017-07-11 11:00,2217,99,96,0.00,15,958.00,,9.8,4.6,0.27,1.77,7.9,18.0,23.6,30.1,38.6,108,105,105,103,94
2017-07-11 12:00,2217,101,99,0.00,16,987.00,,12.4,4.9,0.30,1.92,7.3,17.6,23.8,30.1,34.1,113,107,105,103,94
2017-07-11 13:00,2217,102,100,0.00,13,933.00,,12.0,5.2,0.30,1.98,7.8,18.5,24.2,30.2,34.1,119,110,105,102,94
2017-07-11 14:00,2217,102,101,0.00,14,824.00,,15.2,4.2,0.30,2.04,8.4,17.9,23.9,30.1,34.1,124,112,106,102,94
2017-07-11 15:00,2217,104,101,0.00,15,672.00,,11.5,5.2,0.30,2.11,8.2,18.8,23.9,30.1,34.1,127,115,107,102,94
2017-07-11 16:00,2217,101,99,0.00,18,483.20,,12.5,7.5,0.34,1.91,8.5,18.8,23.8,29.6,34.1,130,119,108,102,94
2017-07-11 17:00,2217,100,96,0.00,15,289.10,,11.2,6.2,0.24,1.85,8.8,19.0,24.3,29.6,34.1,130,120,109,102,94
2017-07-11 18:00,2217,96,91,0.00,12,105.70,,11.0,4.6,0.21,1.68,8.1,19.2,25.4,30.7,34.1,128,121,110,102,94
2017-07-11 19:00,2217,91,88,0.00,13,6.42,,18.5,11.3,0.19,1.40,8.5,19.1,24.6,30.1,34.1,125,121,111,102,94
2017-07-11 20:00,2217,90,88,0.00,15,0.10,,17.0,11.3,0.19,1.39,7.8,19.0,24.4,30.7,37.7,121,120,112,102,94
2017-07-11 21:00,2217,89,82,0.00,14,0.08,,14.6,7.1,0.20,1.19,7.5,18.8,24.4,30.7,34.1,116,119,112,102,94
2017-07-11 22:00,2217,87,82,0.00,17,0.04,,13.3,7.9,0.18,1.20,7.1,18.5,24.6,30.7,34.1,113,116,112,102,94
2017-07-11 23:00,2217,87,85,0.00,14,0.04,,10.4,6.3,0.18,1.26,7.0,18.4,24.0,30.8,37.7,111,113,112,102,94
2017-07-12 00:00,2217,86,84,0.00,17,0.06,,12.4,7.2,0.21,1.24,7.6,17.9,24.3,30.8,34.1,109,112,111,103,94
2017-07-12 01:00,2217,86,84,0.00,18,0.06,,11.9,8.6,0.22,1.22,7.7,18.6,24.3,30.1,37.7,107,111,111,102,94
2017-07-12 02:00,2217,86,84,0.00,18,0.05,,10.7,7.0,0.23,1.22,7.3,17.9,23.9,30.1,37.7,105,109,110,103,94
2017-07-12 03:00,2217,85,71,0.00,20,0.09,,10.4,4.2,0.24,1.05,7.4,18.1,24.7,28.9,37.7,104,108,109,103,94
2017-07-12 04:00,2217,74,71,0.00,30,1.07,,5.3,1.9,0.22,0.76,7.6,18.2,24.4,29.0,34.1,103,107,109,103,94
2017-07-12 05:00,2217,77,72,0.00,27,43.05,,5.6,3.4,0.22,0.82,7.2,17.1,24.3,30.2,34.1,102,106,108,103,94
2017-07-12 06:00,2217,83,77,0.00,26,262.70,,6.5,3.9,0.25,1.03,7.0,17.1,24.4,30.2,34.1,100,105,107,103,94
2017-07-12 07:00,2217,84,83,0.00,23,468.80,,7.0,3.7,0.27,1.17,7.4,17.4,24.2,30.2,37.7,99,104,106,103,94
2017-07-12 08:00,2217,85,82,0.00,25,652.10,,9.7,4.6,0.31,1.15,7.0,17.7,23.9,30.2,37.7,100,103,106,103,94
2017-07-12 09:00,2217,88,85,0.00,27,810.00,,8.5,4.1,0.33,1.26,7.2,17.2,23.6,30.2,37.7,102,103,105,103,94
2017-07-12 10:00,2217,91,87,0.00,24,926.00,,10.1,4.2,0.31,1.38,7.1,17.9,23.8,30.2,37.7,103,103,105,103,94
2017-07-12 11:00,2217,96,91,0.00,20,959.00,,10.1,4.1,0.30,1.53,7.5,17.4,22.9,29.0,34.1,106,104,104,103,94
2017-07-12 12:00,2217,96,95,0.00,18,988.00,,8.5,3.6,0.30,1.71,7.5,17.5,22.9,30.2,37.7,111,106,105,103,94
2017-07-12 13:00,2217,99,95,0.00,19,932.00,,9.2,3.8,0.32,1.77,7.7,17.8,23.8,30.2,37.7,117,108,104,103,94
2017-07-12 14:00,2217,99,97,0.00,19,826.00,,10.5,5.1,0.32,1.83,8.0,18.4,23.6,29.0,37.7,122,112,105,103,94
2017-07-12 15:00,2217,99,98,0.00,17,671.30,,10.7,4.6,0.31,1.85,8.1,18.3,23.6,29.0,34.1,125,114,106,103,94
2017-07-12 16:00,2217,99,97,0.00,18,483.30,,10.3,6.1,0.36,1.82,8.3,18.3,23.9,30.1,34.1,128,117,108,102,94
2017-07-12 17:00,2217,97,95,0.00,22,283.20,,9.8,6.2,0.36,1.73,8.3,18.6,24.4,30.1,37.7,128,119,109,102,94
2017-07-12 18:00,2217,95,91,0.00,18,100.60,,11.5,5.7,0.30,1.59,8.1,18.6,24.4,30.1,34.1,127,120,110,102,94
2017-07-12 19:00,2217,91,87,0.00,22,5.13,,8.0,3.3,0.29,1.36,7.8,18.6,24.3,30.1,37.7,124,120,111,103,94
2017-07-12 20:00,2217,87,81,0.00,21,0.11,,5.9,2.1,0.27,1.22,7.8,18.9,25.1,30.1,34.1,120,119,111,103,94
2017-07-12 21:00,2217,86,81,0.00,24,0.07,,9.7,4.8,0.27,1.19,7.5,18.3,24.9,30.1,37.7,117,117,112,102,94
2017-07-12 22:00,2217,86,85,0.00,21,0.06,,9.4,5.5,0.29,1.23,7.4,18.9,25.1,30.1,37.7,114,116,112,102,94
2017-07-12 23:00,2217,85,83,0.00,25,0.07,,6.4,3.5,0.31,1.20,7.6,17.6,24.3,28.9,37.7,112,113,111,102,94
2017-07-13 00:00,2217,83,80,0.00,28,0.07,,4.4,0.9,0.30,1.09,7.6,18.1,23.9,30.1,34.1,110,113,111,102,94
2017-07-13 01:00,2217,80,78,0.00,28,0.02,,5.5,1.7,0.28,1.02,7.7,18.4,24.4,30.1,34.1,108,111,110,103,94
2017-07-13 02:00,2217,78,76,0.00,28,0.02,,4.8,1.3,0.27,0.96,7.3,17.9,24.9,30.2,37.7,106,110,110,103,94
2017-07-13 03:00,2217,78,76,0.00,30,0.02,,4.6,2.1,0.28,0.92,7.1,17.6,23.8,30.2,37.7,104,108,110,103,94
2017-07-13 04:00,2217,76,71,0.00,33,0.77,,6.2,1.3,0.29,0.82,7.6,17.8,24.5,30.2,37.7,102,107,109,103,94
2017-07-13 05:00,2217,76,74,0.00,33,39.99,,2.5,0.6,0.30,0.88,7.2,17.6,24.2,29.0,37.7,101,106,108,103,94
2017-07-13 06:00,2217,82,76,0.00,33,241.40,,3.3,1.2,0.29,1.01,7.0,17.9,23.9,29.0,37.7,100,105,107,103,94
2017-07-13 07:00,2217,82,81,0.00,25,357.80,,6.1,2.3,0.28,1.08,7.0,17.7,23.8,30.2,37.7,99,104,106,103,94
2017-07-13 08:00,2217,85,82,0.00,28,600.60,,5.7,2.6,0.32,1.13,7.0,17.4,24.0,29.0,37.7,100,103,106,103,94
2017-07-13 09:00,2217,86,84,0.00,27,749.80,,7.8,3.2,0.34,1.22,7.2,17.1,23.9,30.2,37.7,101,102,105,103,94
2017-07-13 10:00,2217,89,86,0.00,27,886.00,,9.0,3.7,0.33,1.33,7.4,17.1,23.9,30.2,37.7,102,102,105,103,94
2017-07-13 11:00,2217,93,89,0.00,26,928.00,,9.4,3.7,0.36,1.44,7.5,17.4,23.6,30.2,37.7,105,103,104,103,94
2017-07-13 12:00,2217,95,93,0.00,24,958.00,,9.2,3.7,0.36,1.63,7.7,17.4,23.5,30.2,37.7,110,105,104,103,94
2017-07-13 13:00,2217,98,95,0.00,21,915.00,,9.4,4.4,0.35,1.73,7.5,17.4,23.5,29.0,37.7,115,107,104,103,94
2017-07-13 14:00,2217,98,98,0.00,19,805.00,,9.9,4.6,0.35,1.82,8.4,18.0,23.9,29.0,37.7,120,110,105,103,94
2017-07-13 15:00,2217,98,97,0.00,20,656.60,,9.8,4.5,0.36,1.81,8.0,18.1,23.8,30.2,37.7,124,114,106,102,94
2017-07-13 16:00,2217,98,97,0.00,19,495.50,,10.1,5.5,0.36,1.80,8.1,18.2,23.0,30.1,37.7,125,116,107,103,94
2017-07-13 17:00,2217,98,95,0.00,21,289.40,,10.2,5.6,0.38,1.74,7.9,18.4,24.2,30.1,37.7,127,119,108,102,94
2017-07-13 18:00,2217,95,91,0.00,22,108.10,,10.2,5.9,0.32,1.60,8.4,18.1,24.3,30.1,37.7,125,119,109,102,94
2017-07-13 19:00,2217,91,87,0.00,21,6.38,,9.9,4.0,0.29,1.37,8.2,18.2,24.4,30.1,37.7,122,119,110,103,94
2017-07-13 20:00,2217,88,87,0.00,20,0.11,,8.1,5.0,0.30,1.31,8.1,18.6,24.2,28.9,37.7,120,119,111,102,94
2017-07-13 21:00,2217,87,86,0.00,22,0.07,,8.3,4.8,0.29,1.28,7.7,18.9,23.9,28.9,37.7,116,116,111,102,94
2017-07-13 22:00,2217,86,86,0.00,22,0.06,,9.2,5.4,0.29,1.26,7.4,18.3,24.8,30.1,37.7,113,115,111,102,94
2017-07-13 23:00,2217,86,84,0.00,23,0.09,,6.8,4.0,0.28,1.24,7.9,18.1,24.2,30.1,37.7,111,114,111,103,94
2017-07-14 00:00,2217,86,81,0.00,19,0.06,,5.3,2.3,0.24,1.13,7.5,18.4,23.6,30.1,37.7,109,112,110,102,94
2017-07-14 01:00,2217,81,79,0.00,23,0.06,,7.1,2.3,0.24,1.02,7.2,18.3,24.3,30.1,37.7,107,111,110,102,94
2017-07-14 02:00,2217,80,75,0.00,25,0.03,,6.6,1.2,0.25,0.96,7.1,17.6,24.8,30.1,37.7,106,110,109,103,94
2017-07-14 03:00,2217,77,74,0.00,28,0.03,,4.3,0.9,0.25,0.85,7.1,17.8,23.6,30.1,36.7,104,108,109,103,94
2017-07-14 04:00,2217,79,74,0.00,27,0.73,,5.4,2.1,0.26,0.93,7.6,17.1,24.2,30.2,36.7,102,107,108,103,94
2017-07-14 05:00,2217,78,74,0.00,29,34.60,,8.3,1.7,0.28,0.90,7.2,17.1,23.8,30.2,36.7,101,106,108,103,94
2017-07-14 06:00,2217,79,74,0.00,33,219.10,,3.2,0.5,0.29,0.92,7.2,17.2,23.6,29.0,37.7,100,104,107,102,94
2017-07-14 07:00,2217,84,79,0.00,32,441.00,,4.6,1.8,0.31,1.07,7.2,17.2,23.9,30.2,37.7,99,103,106,103,94
2017-07-14 08:00,2217,87,84,0.00,27,631.50,,7.2,2.9,0.32,1.21,7.2,16.7,23.6,29.0,36.7,99,102,105,103,94
2017-07-14 09:00,2217,90,87,0.00,25,792.40,,8.0,3.6,0.34,1.33,7.2,16.9,23.0,29.0,36.7,100,102,105,103,94
2017-07-14 10:00,2217,90,89,0.00,26,912.00,,8.6,4.2,0.38,1.39,7.4,16.9,23.5,30.2,36.7,102,102,104,103,94
2017-07-14 11:00,2217,95,90,0.00,24,951.00,,9.7,4.1,0.35,1.51,7.5,17.4,23.3,30.2,36.0,105,103,104,103,94
2017-07-14 12:00,2217,96,94,0.00,22,977.00,,10.1,4.3,0.35,1.65,7.7,17.4,23.3,29.0,36.7,110,105,104,103,94
2017-07-14 13:00,2217,98,96,0.00,20,927.00,,12.4,4.5,0.34,1.77,8.1,17.6,23.5,30.2,36.7,115,108,104,103,94
2017-07-14 14:00,2217,99,98,0.00,20,815.00,,10.8,5.4,0.36,1.82,8.2,17.6,24.1,28.9,37.7,121,110,104,103,94
2017-07-14 15:00,2217,100,98,0.00,18,659.00,,10.6,4.6,0.35,1.86,8.1,18.6,23.6,28.9,36.7,124,114,106,103,94
2017-07-14 16:00,2217,99,97,0.00,19,471.30,,10.6,5.5,0.35,1.82,8.2,18.3,24.0,30.1,36.7,127,116,107,102,94
2017-07-14 17:00,2217,98,96,0.00,21,275.70,,8.5,4.8,0.36,1.78,8.2,18.2,24.2,28.9,37.7,127,119,108,102,94
2017-07-14 18:00,2217,96,92,0.00,20,102.20,,9.8,5.8,0.30,1.67,8.1,18.6,24.2,30.1,36.7,125,119,109,102,94
2017-07-14 19:00,2217,92,88,0.00,19,4.89,,10.1,4.4,0.26,1.43,8.4,18.3,24.5,30.1,36.7,124,119,110,102,94
2017-07-14 20:00,2217,88,86,0.00,20,0.10,,8.6,4.4,0.27,1.31,7.6,18.4,25.1,30.1,36.7,120,119,111,102,94
2017-07-14 21:00,2217,87,83,0.00,20,0.07,,8.8,1.9,0.23,1.23,7.7,18.5,23.6,30.1,38.9,116,117,111,102,94
2017-07-14 22:00,2217,86,85,0.00,18,0.05,,10.7,6.0,0.21,1.24,7.4,17.9,23.6,30.1,36.7,113,115,111,102,94
2017-07-14 23:00,2217,86,85,0.00,19,0.04,,8.0,5.4,0.26,1.24,7.9,17.8,24.3,30.1,34.9,111,113,111,103,94
2017-07-15 00:00,2217,86,83,0.00,22,0.05,,7.4,4.8,0.28,1.20,7.6,18.2,24.0,28.9,36.7,108,112,110,102,94
2017-07-15 01:00,2217,84,81,0.00,24,0.04,,6.0,2.5,0.28,1.10,7.7,17.6,24.3,30.1,36.7,107,110,110,102,94
2017-07-15 02:00,2217,83,79,0.00,24,0.03,,3.2,1.2,0.25,1.10,7.3,17.8,23.6,28.9,36.7,105,109,109,102,94
2017-07-15 03:00,2217,83,79,0.00,23,0.03,,8.1,3.3,0.22,1.02,7.1,17.6,23.9,28.9,36.7,103,108,109,102,94
2017-07-15 04:00,2217,83,76,0.00,18,0.98,,8.7,2.1,0.20,1.06,7.3,17.1,24.0,30.2,38.9,102,107,108,102,95
2017-07-15 05:00,2217,76,71,0.00,22,39.01,,2.6,0.8,0.21,0.82,7.2,17.8,23.5,30.2,36.7,101,106,107,103,94
2017-07-15 06:00,2217,80,76,0.00,25,275.20,,5.3,2.0,0.22,0.96,7.0,17.6,23.6,30.2,36.7,100,104,107,103,94
2017-07-15 07:00,2217,87,80,0.00,20,479.70,,9.4,3.6,0.18,1.18,6.8,16.9,23.1,29.0,36.7,98,103,106,103,94
2017-07-15 08:00,2217,88,87,0.00,17,668.10,,9.0,5.5,0.25,1.31,7.2,17.2,23.8,29.0,36.7,98,102,105,103,94
2017-07-15 09:00,2217,91,88,0.00,20,829.00,,9.4,5.0,0.28,1.37,7.0,16.9,23.5,30.2,36.7,99,102,105,103,94
2017-07-15 10:00,2217,93,91,0.00,18,943.00,,10.7,4.2,0.27,1.50,7.0,17.2,24.2,29.0,36.7,102,102,104,103,94
2017-07-15 11:00,2217,95,92,0.00,19,1012.00,,9.9,5.1,0.27,1.60,7.5,17.2,23.7,29.0,36.7,105,102,104,103,94
2017-07-15 12:00,2217,96,94,0.00,17,659.80,,10.9,5.9,0.26,1.67,7.3,17.4,23.6,29.0,36.7,110,103,104,102,94
2017-07-15 13:00,2217,96,95,0.00,18,453.60,,10.2,6.5,0.28,1.67,7.9,17.5,23.7,29.0,36.7,114,107,104,103,94
2017-07-15 14:00,2217,96,94,0.00,13,317.40,,11.1,6.1,0.26,1.66,7.7,18.1,23.5,30.1,37.3,114,110,104,102,94
2017-07-15 15:00,2217,96,94,0.00,20,450.00,,8.7,5.0,0.31,1.65,7.5,17.6,23.8,28.9,36.7,115,110,105,102,94
2017-07-15 16:00,2217,96,94,0.00,20,470.90,,12.0,6.6,0.33,1.68,7.7,17.5,23.1,30.1,36.7,114,111,106,102,94
2017-07-15 17:00,2217,94,92,0.00,19,143.20,,11.5,6.9,0.33,1.56,7.9,18.1,23.9,30.1,38.9,116,112,106,102,94
2017-07-15 18:00,2217,92,89,0.00,24,47.51,,7.5,3.8,0.35,1.46,7.7,18.4,23.6,30.1,37.3,116,112,107,102,94
2017-07-15 19:00,2217,90,89,0.00,20,2.76,,6.5,3.3,0.26,1.39,7.9,17.9,23.4,30.1,38.9,114,112,108,102,94
2017-07-15 20:00,2217,90,90,0.00,19,0.12,,8.2,5.6,0.30,1.43,7.7,18.0,23.9,30.1,36.7,112,112,108,102,94
2017-07-15 21:00,2217,90,89,0.00,23,0.08,,10.1,5.7,0.27,1.41,7.5,17.6,24.0,30.1,36.7,110,111,108,102,94
2017-07-15 22:00,2217,92,90,0.00,15,0.09,,12.1,7.3,0.21,1.46,7.2,17.8,23.9,30.1,36.7,108,110,108,102,95
2017-07-15 23:00,2217,93,92,0.00,14,0.13,,10.8,6.5,0.22,1.52,6.9,17.6,23.6,30.1,36.8,106,109,108,102,95
2017-07-16 00:00,2217,92,91,0.00,15,0.12,,8.8,5.7,0.23,1.50,7.3,17.9,23.9,29.6,36.8,104,108,107,102,94
2017-07-16 01:00,2217,91,90,0.00,16,0.08,,9.3,6.4,0.24,1.45,7.1,17.7,23.1,30.1,36.8,103,106,107,102,95
2017-07-16 02:00,2217,90,90,0.00,17,0.10,,11.0,6.7,0.25,1.42,7.6,17.4,23.6,30.1,36.7,102,106,106,102,94
2017-07-16 03:00,2217,90,80,0.00,18,0.10,,7.1,2.7,0.25,1.30,6.9,17.4,23.3,28.9,34.9,102,104,106,102,94
2017-07-16 04:00,2217,86,79,0.00,25,0.54,,3.7,1.1,0.26,1.03,7.2,16.9,23.5,30.1,38.9,101,104,105,102,94
2017-07-16 05:00,2217,86,83,0.00,20,25.30,,5.9,1.8,0.25,1.16,7.0,16.7,23.7,29.6,38.9,99,103,105,102,94
2017-07-16 06:00,2217,91,84,0.00,22,156.60,,6.1,1.7,0.25,1.27,7.0,16.9,23.7,30.1,36.8,98,102,104,102,95
2017-07-16 07:00,2217,94,91,0.00,18,488.70,,10.0,6.4,0.26,1.52,7.0,17.1,24.0,28.9,38.9,98,102,104,102,95
2017-07-16 08:00,2217,94,92,0.00,16,654.80,,11.4,7.8,0.27,1.57,6.8,17.0,23.2,30.1,34.9,98,102,103,102,95
2017-07-16 09:00,2217,92,91,0.00,20,816.00,,12.6,7.8,0.33,1.51,7.0,17.0,23.0,30.1,36.8,100,101,103,102,95
2017-07-16 10:00,2217,96,92,0.00,25,926.00,,14.6,7.0,0.38,1.60,7.0,17.0,23.2,30.1,34.9,102,102,102,102,95
2017-07-16 11:00,2217,98,96,0.00,23,959.00,,13.1,8.0,0.37,1.75,7.1,17.2,23.5,30.1,36.8,104,102,102,102,95
2017-07-16 12:00,2217,101,98,0.00,21,995.00,,15.9,8.1,0.35,1.85,7.9,16.7,22.4,26.2,34.9,110,104,102,102,95
2017-07-16 13:00,2217,102,100,0.00,18,945.00,,14.5,8.3,0.35,1.99,7.9,17.6,23.2,30.7,36.8,115,107,102,102,95
2017-07-16 14:00,2217,103,100,0.00,17,843.00,,15.4,8.9,0.32,2.00,8.0,17.6,23.2,30.7,38.9,120,110,103,102,94
2017-07-16 15:00,2217,102,101,0.00,16,688.00,,13.5,8.0,0.33,2.03,8.2,17.7,23.7,30.7,38.9,124,113,104,102,95
2017-07-16 16:00,2217,102,100,0.00,18,496.10,,12.9,7.7,0.37,2.00,8.5,18.5,23.3,30.7,36.8,125,115,105,102,95
2017-07-16 17:00,2217,101,100,0.00,18,294.20,,12.0,6.7,0.37,1.94,8.5,17.9,24.3,30.7,36.8,127,117,107,102,95
2017-07-16 18:00,2217,100,94,0.00,18,105.10,,8.7,5.1,0.33,1.82,8.2,18.2,23.4,28.4,36.8,125,119,108,102,94
2017-07-16 19:00,2217,94,93,0.00,21,3.99,,9.5,4.4,0.36,1.59,7.9,18.6,24.5,28.4,38.9,124,119,109,102,95
2017-07-16 20:00,2217,94,94,0.00,15,0.15,,15.2,8.3,0.21,1.61,8.3,18.4,23.9,30.7,36.8,120,117,110,102,95
2017-07-16 21:00,2217,94,92,0.00,11,0.14,,13.4,8.2,0.19,1.61,7.7,18.1,24.2,30.7,38.9,116,116,110,102,95
2017-07-16 22:00,2217,94,92,0.00,13,0.13,,14.7,10.1,0.19,1.55,8.0,18.5,23.7,30.7,36.8,113,115,110,102,95
2017-07-16 23:00,2217,94,93,0.00,12,0.12,,14.0,10.2,0.18,1.58,7.5,18.0,24.4,30.7,38.9,111,113,109,102,94
2017-07-17 00:00,2217,94,92,0.00,10,0.11,,12.8,9.1,0.15,1.57,7.5,17.9,24.1,28.4,36.8,109,112,110,102,94
2017-07-17 01:00,2217,92,90,0.00,9,0.12,,13.5,9.0,0.12,1.48,7.3,17.4,23.6,30.7,36.8,107,110,109,102,94
2017-07-17 02:00,2217,92,83,0.00,8,0.09,,11.8,7.5,0.13,1.51,7.1,17.9,23.6,28.4,36.8,106,109,109,102,95
2017-07-17 03:00,2217,84,82,0.00,17,0.11,,10.0,6.3,0.20,1.14,7.0,17.9,23.9,30.7,38.9,104,108,108,102,95
2017-07-17 04:00,2217,82,78,0.00,17,0.81,,5.2,1.5,0.17,1.02,7.3,17.6,23.6,30.7,36.8,103,107,108,102,95
2017-07-17 05:00,2217,83,78,0.00,16,35.65,,3.3,0.6,0.16,1.01,7.0,17.4,23.9,30.7,34.9,102,106,107,102,95
2017-07-17 06:00,2217,88,83,0.00,10,270.70,,6.3,1.9,0.11,1.23,6.8,17.2,23.5,30.1,35.0,101,105,106,102,95
2017-07-17 07:00,2217,90,88,0.00,9,474.90,,7.1,3.6,0.12,1.36,7.5,17.5,24.2,30.1,38.9,100,104,106,102,95
2017-07-17 08:00,2217,94,90,0.00,9,668.00,,6.7,3.3,0.14,1.50,7.2,17.2,24.0,30.1,36.8,100,103,105,102,95
2017-07-17 09:00,2217,96,93,0.00,10,831.00,,7.3,3.9,0.17,1.63,6.8,17.2,23.3,30.1,36.8,101,102,105,102,95
2017-07-17 10:00,2217,99,96,0.00,10,945.00,,7.8,3.9,0.17,1.74,7.2,16.8,23.5,30.1,35.0,103,102,104,102,94
2017-07-17 11:00,2217,100,99,0.00,8,976.00,,9.6,4.1,0.15,1.91,7.5,17.0,23.5,30.1,36.8,106,103,104,102,95
2017-07-17 12:00,2217,101,100,0.00,9,1002.00,,12.0,6.1,0.18,1.98,8.0,17.2,23.5,30.1,38.9,111,105,104,102,95
2017-07-17 13:00,2217,103,101,0.00,11,947.00,,13.1,6.9,0.21,2.06,8.0,17.5,23.0,30.1,35.0,117,108,104,102,95
2017-07-17 14:00,2217,103,102,0.00,10,841.00,,14.3,8.7,0.20,2.09,7.6,17.5,23.3,30.1,38.9,122,112,105,102,95
2017-07-17 15:00,2217,103,101,0.00,10,681.90,,15.5,9.8,0.22,2.07,8.2,18.2,23.7,30.7,38.9,125,114,106,102,94
2017-07-17 16:00,2217,101,101,0.00,9,493.40,,14.2,9.6,0.20,2.00,8.2,18.7,23.3,30.1,36.8,127,116,107,102,95
2017-07-17 17:00,2217,101,98,0.00,13,289.70,,15.0,8.2,0.26,1.94,8.2,18.0,24.1,30.1,38.9,127,119,108,102,95
2017-07-17 18:00,2217,98,94,0.00,15,101.50,,10.3,6.0,0.27,1.78,7.9,18.4,24.9,30.7,34.9,127,120,109,102,95
2017-07-17 19:00,2217,94,91,0.00,17,4.43,,9.5,4.6,0.29,1.54,7.8,18.2,24.1,30.7,37.3,124,120,110,102,95
2017-07-17 20:00,2217,92,91,0.00,14,0.12,,12.1,7.8,0.20,1.48,7.8,18.6,23.9,30.7,38.9,120,119,111,102,95
2017-07-17 21:00,2217,91,88,0.00,14,0.11,,12.4,8.4,0.20,1.41,7.6,18.2,23.9,30.7,37.3,116,117,111,102,95
2017-07-17 22:00,2217,90,88,0.00,15,0.10,,13.3,9.0,0.21,1.37,7.7,18.0,23.9,30.7,38.9,114,115,111,102,95
2017-07-17 23:00,2217,90,89,0.00,15,0.10,,13.0,8.7,0.21,1.40,7.3,18.3,24.1,30.1,37.3,111,114,111,102,95
2017-07-18 00:00,2217,89,76,0.00,16,0.09,,10.2,4.5,0.19,1.13,7.6,18.1,23.6,30.1,38.9,109,112,110,102,95
2017-07-18 01:00,2217,80,76,0.00,20,0.04,,3.9,1.7,0.19,0.96,7.5,17.4,24.2,30.1,37.3,107,111,110,102,95
2017-07-18 02:00,2217,76,74,0.00,22,0.02,,3.8,1.1,0.20,0.89,7.2,17.7,23.9,30.1,37.3,105,109,110,102,95
2017-07-18 03:00,2217,78,74,0.00,20,0.02,,9.4,3.3,0.19,0.91,7.6,17.6,23.3,30.1,35.0,104,108,109,102,95
2017-07-18 04:00,2217,77,71,0.00,20,0.80,,3.8,1.1,0.18,0.87,7.1,17.0,23.9,30.1,36.8,102,107,108,102,95
2017-07-18 05:00,2217,80,73,0.00,21,33.69,,4.6,1.2,0.17,0.91,7.0,16.9,23.5,28.9,38.9,101,106,108,103,95
2017-07-18 06:00,2217,82,80,0.00,16,268.10,,8.1,3.9,0.16,1.08,6.6,17.0,23.7,30.1,35.0,99,103,107,102,95
2017-07-18 07:00,2217,87,81,0.00,15,471.50,,8.2,4.5,0.16,1.13,6.8,17.2,23.3,30.2,37.5,98,103,106,102,95
2017-07-18 08:00,2217,88,87,0.00,12,664.30,,7.7,5.0,0.19,1.30,6.8,16.7,23.1,29.0,38.9,98,102,105,103,95
2017-07-18 09:00,2217,91,88,0.00,16,826.00,,10.4,5.6,0.18,1.40,7.2,16.6,22.4,30.2,34.9,99,102,105,103,95
2017-07-18 10:00,2217,92,90,0.00,9,940.00,,12.8,6.4,0.17,1.47,7.1,16.6,23.8,29.0,37.5,102,102,104,103,95
2017-07-18 11:00,2217,94,92,0.00,9,971.00,,12.3,7.0,0.16,1.56,7.2,16.7,23.2,30.2,37.5,104,102,104,103,95
2017-07-18 12:00,2217,97,94,0.00,12,999.00,,12.2,6.3,0.20,1.65,7.8,17.0,23.2,30.2,37.5,110,104,104,102,95
2017-07-18 13:00,2217,99,96,0.00,12,949.00,,13.6,6.4,0.19,1.78,7.2,17.2,23.2,30.1,32.8,115,107,104,103,95
2017-07-18 14:00,2217,99,97,0.00,10,842.00,,12.6,6.3,0.18,1.80,7.8,17.5,22.7,28.9,37.5,120,109,104,102,95
2017-07-18 15:00,2217,99,98,0.00,11,686.30,,12.1,6.1,0.19,1.85,7.8,17.5,23.6,30.1,32.8,124,113,106,102,95
2017-07-18 16:00,2217,99,97,0.00,10,496.00,,11.5,7.0,0.19,1.82,7.8,18.2,23.9,30.1,32.8,127,115,107,102,95
2017-07-18 17:00,2217,97,94,0.00,12,292.20,,10.7,7.1,0.21,1.72,8.1,18.3,24.1,28.9,38.9,127,117,108,102,95
2017-07-18 18:00,2217,94,87,0.00,15,101.20,,10.7,5.5,0.27,1.46,7.8,18.2,23.3,30.1,34.9,125,119,109,102,95
2017-07-18 19:00,2217,87,83,0.00,21,3.93,,9.1,5.1,0.25,1.21,7.8,18.2,23.7,30.1,32.8,122,119,110,102,95
2017-07-18 20:00,2217,84,78,0.00,19,0.09,,9.1,4.3,0.20,1.15,7.6,18.3,24.0,30.1,37.5,119,117,111,102,95
2017-07-18 21:00,2217,79,76,0.00,23,0.04,,5.1,1.9,0.20,0.94,7.5,18.0,23.6,30.1,35.7,115,116,111,102,95
2017-07-18 22:00,2217,80,76,0.00,21,0.02,,9.8,4.5,0.19,0.95,7.2,18.3,24.0,28.9,38.9,113,115,111,102,95
2017-07-18 23:00,2217,81,80,0.00,19,0.03,,9.6,6.2,0.19,1.05,7.3,18.1,24.2,30.1,38.9,110,113,111,102,95
2017-07-19 00:00,2217,80,80,0.00,17,0.03,,11.9,7.9,0.19,1.03,7.4,17.9,24.0,30.1,37.5,107,112,110,102,95
2017-07-19 01:00,2217,81,80,0.00,17,0.04,,9.8,6.4,0.17,1.03,7.6,17.5,23.6,30.1,32.8,105,109,110,102,95
2017-07-19 02:00,2217,80,76,0.00,16,0.03,,12.1,5.6,0.18,0.98,7.4,17.0,23.6,28.9,35.1,103,108,109,103,95
2017-07-19 03:00,2217,80,79,0.00,17,0.03,,12.4,6.4,0.14,1.03,7.2,16.9,24.2,28.9,37.3,102,106,108,102,95
2017-07-19 04:00,2217,80,79,0.00,10,0.63,,8.3,6.1,0.10,1.01,6.8,17.3,23.9,29.0,37.5,100,105,108,102,95
2017-07-19 05:00,2217,81,77,0.00,9,32.91,,6.8,3.4,0.08,1.01,6.6,17.2,23.3,29.0,32.8,99,104,107,102,95
2017-07-19 06:00,2217,79,76,0.00,12,276.40,,7.5,3.2,0.15,0.94,7.0,16.6,23.3,29.0,32.8,98,103,106,103,95
2017-07-19 07:00,2217,81,76,0.00,23,487.40,,7.1,2.8,0.21,0.98,6.5,16.6,23.0,29.0,37.3,97,102,106,102,95
2017-07-19 08:00,2217,82,79,0.00,19,684.10,,6.2,3.4,0.24,1.02,7.1,16.9,22.7,28.2,35.1,98,102,105,103,95
2017-07-19 09:00,2217,84,81,0.00,23,846.00,,7.3,3.4,0.23,1.13,6.6,16.6,23.4,28.2,37.5,98,101,104,103,95
2017-07-19 10:00,2217,86,84,0.00,15,960.00,,8.5,3.6,0.19,1.20,6.8,16.6,22.8,28.2,37.5,100,101,103,103,95
2017-07-19 11:00,2217,89,85,0.00,15,990.00,,9.2,3.9,0.21,1.28,6.8,16.9,23.0,30.2,32.8,103,102,103,103,95
2017-07-19 12:00,2217,91,89,0.00,17,1017.00,,10.6,4.2,0.24,1.44,7.3,16.6,23.0,29.0,37.5,108,103,103,103,95
2017-07-19 13:00,2217,92,91,0.00,17,963.00,,10.4,4.6,0.25,1.48,7.5,16.9,22.8,30.2,35.7,114,106,103,103,95
2017-07-19 14:00,2217,93,92,0.00,15,852.00,,12.2,5.7,0.23,1.54,7.6,17.0,23.4,30.2,35.1,119,109,104,102,95
2017-07-19 15:00,2217,94,92,0.00,17,687.30,,12.7,6.0,0.27,1.56,8.0,17.5,23.2,28.9,38.9,124,112,105,103,95
2017-07-19 16:00,2217,93,92,0.00,18,493.20,,11.7,7.2,0.27,1.56,8.0,17.9,23.5,28.9,37.5,125,113,106,103,95
2017-07-19 17:00,2217,93,91,0.00,17,286.20,,11.6,6.9,0.26,1.54,7.4,18.2,24.1,30.1,35.7,125,116,107,102,95
2017-07-19 18:00,2217,91,87,0.00,19,98.10,,7.1,4.1,0.30,1.40,8.0,18.0,23.3,30.1,37.5,124,119,108,102,95
2017-07-19 19:00,2217,87,82,0.00,25,3.76,,13.8,4.3,0.30,1.16,7.4,18.0,23.9,28.9,37.5,121,117,109,102,95
2017-07-19 20:00,2217,83,80,0.00,26,0.07,,18.2,11.3,0.30,1.10,7.2,18.3,23.3,30.1,35.7,119,117,110,102,95
2017-07-19 21:00,2217,81,80,0.00,29,0.04,,14.1,9.6,0.30,1.04,7.3,17.7,23.4,30.1,35.7,114,115,110,102,95
2017-07-19 22:00,2217,80,80,0.00,28,0.03,,13.2,8.4,0.28,1.04,7.0,17.7,23.9,30.1,35.7,110,114,110,102,95
2017-07-19 23:00,2217,81,80,0.00,27,0.03,,11.2,8.2,0.27,1.05,7.0,17.8,23.9,30.1,35.7,108,112,110,102,95
2017-07-20 00:00,2217,81,80,0.00,23,0.02,,13.3,9.0,0.22,1.05,6.9,17.5,23.6,30.1,37.5,106,109,110,102,95
2017-07-20 01:00,2217,81,80,0.00,17,0.03,,14.3,9.8,0.17,1.04,6.7,17.4,23.8,30.1,32.8,104,108,109,102,95
2017-07-20 02:00,2217,81,80,0.00,15,0.02,,15.3,10.2,0.15,1.05,6.6,17.1,24.1,30.1,35.7,102,107,108,102,95
2017-07-20 03:00,2217,81,81,0.00,13,0.03,,11.0,7.4,0.13,1.07,6.8,17.3,23.6,28.9,32.8,101,106,107,102,95
2017-07-20 04:00,2217,81,73,0.00,12,0.72,,8.1,3.1,0.13,0.97,7.0,16.6,23.5,30.1,35.7,99,104,107,102,95
2017-07-20 05:00,2217,76,73,0.00,16,30.48,,5.7,2.3,0.13,0.85,6.8,16.6,23.0,30.1,37.3,98,103,106,102,95
2017-07-20 06:00,2217,80,76,0.00,15,277.70,,6.6,2.0,0.14,0.93,6.9,16.7,22.7,30.1,37.3,97,102,105,103,95
2017-07-20 07:00,2217,81,79,0.00,14,487.30,,5.9,2.8,0.21,1.02,6.9,16.6,23.6,29.0,35.7,96,102,104,102,95
2017-07-20 08:00,2217,82,80,0.00,29,680.20,,6.6,3.3,0.29,1.06,6.9,16.1,23.0,30.2,37.5,96,101,104,103,95
2017-07-20 09:00,2217,84,82,0.00,28,841.00,,9.6,3.6,0.30,1.13,6.8,16.4,22.7,30.1,32.8,98,100,103,103,95
2017-07-20 10:00,2217,87,83,0.00,27,959.00,,7.8,3.5,0.29,1.24,6.8,16.4,23.2,29.5,37.5,99,101,103,103,95
2017-07-20 11:00,2217,88,87,0.00,21,985.00,,8.8,4.3,0.28,1.33,7.0,16.8,22.4,28.9,32.8,102,101,102,102,95
2017-07-20 12:00,2217,91,88,0.00,22,1011.00,,11.0,5.1,0.29,1.38,7.2,16.7,21.9,30.1,35.7,108,102,102,102,95
2017-07-20 13:00,2217,93,91,0.00,19,960.00,,13.2,5.2,0.29,1.50,7.3,16.6,22.4,28.9,32.8,114,105,102,102,95
2017-07-20 14:00,2217,95,92,0.00,19,848.00,,12.1,5.9,0.30,1.56,7.6,16.9,23.5,30.1,37.6,119,109,103,102,95
2017-07-20 15:00,2217,95,93,0.00,17,684.50,,11.9,6.1,0.30,1.64,7.8,17.7,23.5,30.1,32.8,122,112,104,102,95
2017-07-20 16:00,2217,94,92,0.00,19,493.90,,11.1,6.3,0.29,1.59,8.0,17.5,22.7,30.1,35.7,125,114,105,102,95
2017-07-20 17:00,2217,93,91,0.00,18,288.00,,9.4,5.9,0.30,1.53,7.8,17.9,23.3,30.1,37.6,125,116,107,102,95
2017-07-20 18:00,2217,91,88,0.00,23,98.80,,9.5,5.9,0.35,1.42,7.8,17.7,24.1,30.1,35.7,124,117,108,102,95
2017-07-20 19:00,2217,88,83,0.00,23,3.43,,16.4,9.7,0.29,1.20,7.6,18.2,23.9,30.1,37.6,121,119,109,102,95
2017-07-20 20:00,2217,83,82,0.00,24,0.06,,14.8,9.4,0.27,1.12,7.7,18.0,23.9,30.1,37.3,117,116,110,102,95
2017-07-20 21:00,2217,82,81,0.00,24,0.04,,12.6,7.6,0.27,1.08,7.2,17.5,23.6,28.9,32.8,113,115,110,102,95
2017-07-20 22:00,2217,83,82,0.00,24,0.04,,11.5,7.0,0.25,1.12,7.1,17.2,23.9,30.1,35.7,110,113,110,102,95
2017-07-20 23:00,2217,83,82,0.00,21,0.04,,13.3,8.4,0.25,1.12,7.6,17.3,23.3,30.1,35.7,108,111,110,102,95
2017-07-21 00:00,2217,83,81,0.00,22,0.04,,16.6,10.6,0.24,1.10,6.9,17.3,23.2,30.1,35.7,106,110,109,102,95
2017-07-21 01:00,2217,82,81,0.00,21,0.04,,16.5,11.6,0.22,1.08,7.2,17.1,23.6,30.1,35.7,104,108,108,102,95
2017-07-21 02:00,2217,82,80,0.00,19,0.03,,13.9,7.7,0.20,1.08,6.8,17.3,23.3,30.1,35.7,102,107,108,102,95
2017-07-21 03:00,2217,81,80,0.00,18,0.03,,8.3,5.4,0.19,1.05,7.3,16.6,23.1,30.1,35.7,101,106,107,102,95
2017-07-21 04:00,2217,81,72,0.00,18,0.64,,7.2,4.0,0.19,1.01,6.8,16.9,23.2,30.1,35.7,100,104,106,102,95
2017-07-21 05:00,2217,72,69,0.00,25,27.47,,2.3,0.7,0.20,0.74,6.6,16.7,23.4,30.1,35.7,98,103,106,102,95
2017-07-21 06:00,2217,77,71,0.00,28,271.20,,4.5,1.1,0.22,0.87,6.9,16.6,23.0,30.1,37.5,98,102,105,102,95
2017-07-21 07:00,2217,81,77,0.00,24,480.30,,5.2,1.9,0.22,1.02,6.7,16.4,23.5,30.1,35.7,97,102,104,102,95
2017-07-21 08:00,2217,82,80,0.00,21,672.00,,8.9,3.7,0.28,1.07,6.4,16.1,22.4,30.1,35.7,96,101,104,102,95
2017-07-21 09:00,2217,83,81,0.00,31,834.00,,6.8,3.1,0.33,1.11,6.2,16.4,22.7,30.1,35.7,98,101,103,102,95
2017-07-21 10:00,2217,86,83,0.00,28,951.00,,8.6,3.7,0.33,1.18,6.8,16.4,22.2,30.1,37.6,99,101,103,102,95
2017-07-21 11:00,2217,89,86,0.00,27,982.00,,9.1,4.1,0.34,1.30,6.9,16.1,21.8,30.1,35.7,102,101,102,102,95
2017-07-21 12:00,2217,92,88,0.00,23,1015.00,,10.5,3.7,0.31,1.44,6.8,16.8,22.9,30.1,35.7,108,102,102,102,95
2017-07-21 13:00,2217,93,91,0.00,20,960.00,,9.2,4.1,0.30,1.51,7.2,17.5,22.4,30.1,35.7,114,106,102,102,95
2017-07-21 14:00,2217,95,92,0.00,21,848.00,,11.7,4.9,0.32,1.57,7.5,17.1,22.2,30.1,35.7,119,109,103,102,95
2017-07-21 15:00,2217,95,95,0.00,19,684.90,,10.3,5.4,0.30,1.66,8.0,17.7,23.5,30.1,37.6,122,112,104,102,95
2017-07-21 16:00,2217,96,94,0.00,18,491.60,,11.1,5.6,0.30,1.66,8.0,17.8,23.6,30.1,35.7,125,114,105,102,95
2017-07-21 17:00,2217,94,92,0.00,19,285.10,,9.5,6.3,0.33,1.59,7.8,17.5,23.2,30.1,35.7,125,116,106,102,95
2017-07-21 18:00,2217,92,88,0.00,22,92.10,,8.4,4.7,0.36,1.46,7.8,18.1,23.3,30.1,37.3,124,119,108,102,95
2017-07-21 19:00,2217,88,82,0.00,29,3.02,,6.7,2.5,0.32,1.18,7.8,18.0,23.3,30.1,35.7,122,119,109,102,95
2017-07-21 20:00,2217,84,82,0.00,24,0.06,,13.4,8.2,0.27,1.16,7.7,17.7,23.9,30.1,35.7,119,117,110,102,95
2017-07-21 21:00,2217,84,83,0.00,24,0.06,,10.5,7.4,0.27,1.15,7.6,17.7,24.0,30.1,35.7,114,116,110,102,95
2017-07-21 22:00,2217,83,83,0.00,25,0.04,,10.5,6.8,0.29,1.14,7.3,17.8,24.0,28.9,35.7,111,114,110,102,95
2017-07-21 23:00,2217,83,82,0.00,26,0.06,,9.2,6.5,0.29,1.12,6.8,17.5,23.4,30.1,35.7,109,112,110,102,95
2017-07-22 00:00,2217,83,83,0.00,25,0.04,,9.7,7.2,0.28,1.14,7.2,17.0,23.6,30.1,35.7,107,109,109,102,95
2017-07-22 01:00,2217,83,82,0.00,22,0.03,,12.6,8.3,0.26,1.13,7.4,17.5,24.1,30.1,35.7,105,109,109,102,95
2017-07-22 02:00,2217,83,82,0.00,24,0.04,,13.3,9.8,0.23,1.10,6.3,16.8,23.1,30.1,35.7,103,107,108,102,95
2017-07-22 03:00,2217,83,72,0.00,17,0.03,,10.2,3.4,0.21,1.04,6.8,17.1,23.3,30.1,35.7,102,106,107,102,95
2017-07-22 04:00,2217,72,70,0.00,32,0.60,,3.3,1.2,0.23,0.76,6.8,17.1,23.6,30.1,35.7,101,105,107,102,95
2017-07-22 05:00,2217,75,71,0.00,26,25.64,,6.1,1.9,0.18,0.81,6.5,16.9,23.8,30.1,35.7,99,104,106,102,95
2017-07-22 06:00,2217,79,75,0.00,25,248.50,,5.3,2.7,0.21,0.95,6.9,16.8,22.8,30.1,35.7,98,102,106,102,95
2017-07-22 07:00,2217,82,79,0.00,21,455.20,,5.9,2.8,0.22,1.05,6.7,16.6,23.2,30.1,35.7,97,102,105,102,95
2017-07-22 08:00,2217,85,82,0.00,20,647.50,,6.4,2.7,0.22,1.13,6.4,16.4,22.4,30.1,37.6,97,101,104,102,95
2017-07-22 09:00,2217,88,84,0.00,20,815.00,,6.9,2.9,0.25,1.23,6.6,16.3,22.7,30.1,35.7,98,101,104,102,95
2017-07-22 10:00,2217,89,87,0.00,20,913.00,,7.9,4.1,0.27,1.34,6.6,16.5,22.4,30.1,35.7,100,101,103,102,95
2017-07-22 11:00,2217,91,89,0.00,21,936.00,,8.3,4.2,0.28,1.42,7.2,16.4,22.6,30.1,35.7,103,102,102,102,95
2017-07-22 12:00,2217,94,91,0.00,18,982.00,,10.3,4.1,0.26,1.54,6.8,16.2,22.6,30.1,35.7,108,103,102,103,95
2017-07-22 13:00,2217,95,93,0.00,18,949.00,,10.7,4.4,0.27,1.62,7.6,17.3,22.4,30.1,35.7,113,105,103,102,95
2017-07-22 14:00,2217,97,95,0.00,15,838.00,,10.2,4.4,0.26,1.71,7.2,16.7,22.7,30.1,35.7,119,109,103,102,95
2017-07-22 15:00,2217,98,97,0.00,14,681.60,,8.6,3.9,0.23,1.77,8.0,17.0,23.5,30.1,35.7,122,112,104,102,95
2017-07-22 16:00,2217,98,97,0.00,10,489.80,,8.2,4.5,0.21,1.79,8.0,17.6,22.8,30.1,35.7,124,114,105,102,95
2017-07-22 17:00,2217,98,96,0.00,12,285.80,,7.7,3.8,0.22,1.74,7.6,17.9,23.6,30.1,35.7,125,116,106,102,95
2017-07-22 18:00,2217,96,90,0.00,14,94.40,,5.2,1.5,0.24,1.63,7.8,18.2,23.3,30.1,35.7,124,117,108,102,95
2017-07-22 19:00,2217,90,85,0.00,18,2.69,,7.1,3.0,0.25,1.33,7.5,18.2,23.6,30.1,35.7,122,119,109,102,95
2017-07-22 20:00,2217,90,85,0.00,20,0.07,,6.2,2.5,0.22,1.31,7.5,17.6,23.6,30.1,35.7,119,117,110,102,95
2017-07-22 21:00,2217,89,85,0.00,15,0.07,,5.8,1.9,0.20,1.25,7.3,17.5,23.6,30.7,35.7,116,116,110,102,95
2017-07-22 22:00,2217,89,88,0.00,14,0.04,,8.0,4.9,0.19,1.36,7.6,18.0,23.6,30.1,35.7,113,113,110,102,95
2017-07-22 23:00,2217,89,84,0.00,14,0.05,,6.5,3.4,0.19,1.35,7.5,17.5,23.8,30.1,35.7,110,113,110,102,95
2017-07-23 00:00,2217,85,83,0.00,17,0.07,,4.8,2.7,0.21,1.18,7.3,17.0,23.6,30.1,35.7,108,111,110,102,95
2017-07-23 01:00,2217,85,83,0.00,18,0.06,,3.8,1.7,0.20,1.19,7.7,17.1,23.9,30.1,35.7,106,110,109,102,95
2017-07-23 02:00,2217,83,81,0.00,17,0.03,,2.9,0.7,0.21,1.13,7.4,16.7,23.3,30.1,35.7,105,108,108,102,95
2017-07-23 03:00,2217,81,78,0.00,21,0.02,,4.6,2.3,0.23,1.02,7.2,16.6,23.0,30.1,35.7,103,107,108,102,95
2017-07-23 04:00,2217,80,77,0.00,23,0.47,,5.3,2.4,0.23,0.99,6.6,16.9,23.6,30.1,35.7,102,106,107,102,95
2017-07-23 05:00,2217,83,77,0.00,25,22.58,,6.4,1.9,0.23,0.95,6.4,16.5,22.5,30.1,35.7,101,105,107,102,95
2017-07-23 06:00,2217,90,83,0.00,21,240.40,,4.6,1.4,0.25,1.29,6.8,16.7,23.2,30.1,35.7,99,103,106,102,95
2017-07-23 07:00,2217,93,90,0.00,19,446.00,,4.7,2.2,0.25,1.48,7.1,16.4,22.7,28.9,35.7,98,102,105,102,95
2017-07-23 08:00,2217,93,91,0.00,16,637.20,,7.1,3.6,0.27,1.51,6.8,16.6,22.4,30.1,35.7,99,102,104,102,95
2017-07-23 09:00,2217,94,92,0.00,20,797.70,,7.5,3.8,0.29,1.55,6.4,16.1,22.5,28.9,35.7,100,102,104,102,95
2017-07-23 10:00,2217,96,93,0.00,19,914.00,,8.2,3.7,0.29,1.61,6.9,16.1,21.7,30.1,35.7,102,102,104,102,95
2017-07-23 11:00,2217,98,96,0.00,16,950.00,,8.9,3.4,0.28,1.75,7.3,16.6,22.6,30.1,35.7,105,102,103,102,95
2017-07-23 12:00,2217,100,97,0.00,16,975.00,,9.2,4.9,0.27,1.89,6.6,16.9,22.6,30.1,35.7,110,104,103,102,95
2017-07-23 13:00,2217,101,100,0.00,12,926.00,,9.9,4.0,0.24,1.96,7.7,17.1,22.4,30.1,35.7,116,108,104,102,95
2017-07-23 14:00,2217,104,101,0.00,12,818.00,,10.5,5.4,0.26,2.08,8.0,17.3,22.7,30.1,35.7,121,111,104,102,95
2017-07-23 15:00,2217,103,102,0.00,14,657.90,,9.3,4.5,0.30,2.07,7.6,17.5,22.7,30.1,35.7,125,114,105,102,95
2017-07-23 16:00,2217,102,101,0.00,14,465.60,,11.4,5.4,0.29,2.04,8.4,17.7,23.3,30.1,35.7,127,116,106,102,95
2017-07-23 17:00,2217,101,99,0.00,15,266.50,,8.9,5.4,0.30,1.95,8.4,18.2,23.0,30.1,35.7,128,119,108,102,95
2017-07-23 18:00,2217,99,93,0.00,16,86.00,,9.7,4.3,0.33,1.79,8.0,18.0,23.8,30.1,35.7,127,120,109,102,95
2017-07-23 19:00,2217,93,90,0.00,22,2.86,,8.7,1.9,0.33,1.48,7.8,18.0,24.1,30.1,35.7,124,120,109,102,95
2017-07-23 20:00,2217,92,90,0.00,17,0.11,,13.4,9.0,0.25,1.46,7.4,18.2,23.7,28.9,35.7,121,119,110,102,95
2017-07-23 21:00,2217,92,90,0.00,17,0.08,,12.3,7.5,0.25,1.46,7.6,17.7,23.4,30.1,35.7,117,117,111,102,95
2017-07-23 22:00,2217,91,90,0.00,18,0.10,,11.8,7.9,0.26,1.44,7.6,17.7,24.4,30.1,35.7,114,115,111,102,95
2017-07-23 23:00,2217,90,85,0.00,18,0.08,,9.7,3.7,0.26,1.33,7.3,17.5,23.7,30.1,35.7,112,114,110,102,95
2017-07-24 00:00,2217,85,84,0.00,22,0.06,,6.9,2.6,0.26,1.19,7.1,17.3,23.3,30.1,35.7,110,112,110,102,95
2017-07-24 01:00,2217,85,77,0.00,21,0.02,,5.2,1.9,0.26,1.05,7.0,17.3,22.8,30.1,35.7,109,111,110,102,95
2017-07-24 02:00,2217,77,75,0.00,28,0.02,,5.8,2.1,0.26,0.91,6.5,17.5,23.3,30.1,35.7,106,110,109,102,95
2017-07-24 03:00,2217,76,75,0.00,30,0.02,,3.2,1.3,0.27,0.88,7.4,16.8,23.0,30.1,35.7,105,108,109,102,95
2017-07-24 04:00,2217,76,73,0.00,29,0.56,,6.8,3.2,0.27,0.87,7.2,16.8,23.6,30.1,35.7,103,107,108,102,95
2017-07-24 05:00,2217,78,74,0.00,30,27.55,,6.2,1.7,0.26,0.91,6.8,16.9,23.3,28.9,35.7,102,106,108,102,95
2017-07-24 06:00,2217,85,78,0.00,26,287.60,,7.4,2.6,0.26,1.13,6.8,16.9,22.8,30.1,35.7,100,105,107,102,95
2017-07-24 07:00,2217,85,84,0.00,21,265.90,,7.3,3.3,0.26,1.21,6.6,16.8,23.7,30.1,35.7,99,104,106,102,95
2017-07-24 08:00,2217,84,83,0.00,24,616.60,,6.9,3.7,0.29,1.15,6.8,16.4,22.7,30.2,35.7,100,103,106,102,95
2017-07-24 09:00,2217,89,84,0.00,24,760.30,,8.6,3.5,0.29,1.25,6.6,16.6,22.5,30.1,35.7,100,102,105,102,95
2017-07-24 10:00,2217,90,88,0.00,22,913.00,,10.4,4.0,0.30,1.38,7.2,16.2,22.6,30.1,37.6,102,102,104,102,95
2017-07-24 11:00,2217,94,90,0.00,21,945.00,,9.7,3.8,0.25,1.49,7.1,16.4,22.9,30.1,35.7,105,103,104,102,95
2017-07-24 12:00,2217,96,94,0.00,14,974.00,,11.4,4.2,0.24,1.67,7.3,16.7,22.9,31.6,35.7,110,104,104,103,95
2017-07-24 13:00,2217,100,96,0.00,16,921.00,,10.9,4.9,0.26,1.78,7.0,16.4,22.6,28.9,35.7,115,107,104,102,95
2017-07-24 14:00,2217,100,98,0.00,14,815.00,,11.7,5.7,0.26,1.87,7.6,17.1,22.5,30.1,35.7,120,110,105,102,95
2017-07-24 15:00,2217,98,98,0.00,15,660.70,,11.7,7.0,0.28,1.82,7.8,17.1,22.4,30.1,35.7,124,113,106,102,95
2017-07-24 16:00,2217,98,96,0.00,16,470.70,,12.1,7.1,0.31,1.76,7.8,18.0,22.8,30.1,37.6,125,116,107,102,95
2017-07-24 17:00,2217,96,94,0.00,20,268.10,,11.6,6.7,0.34,1.67,8.0,17.7,23.8,28.9,35.7,127,117,108,102,95
2017-07-24 18:00,2217,94,88,0.00,20,86.60,,11.6,6.9,0.36,1.48,8.0,18.2,23.5,30.1,35.7,125,119,109,102,95
2017-07-24 19:00,2217,88,84,0.00,27,2.93,,7.1,3.2,0.34,1.27,7.4,18.2,24.0,30.1,35.7,122,119,109,102,95
2017-07-24 20:00,2217,85,82,0.00,28,0.09,,9.2,3.6,0.29,1.18,7.5,17.7,24.1,30.1,35.7,119,119,110,102,95
2017-07-24 21:00,2217,85,82,0.00,23,0.06,,5.3,1.4,0.26,1.17,7.3,17.7,23.3,30.1,35.7,115,116,111,102,95
2017-07-24 22:00,2217,83,77,0.00,24,0.04,,7.0,2.0,0.27,1.05,7.6,17.5,23.6,30.1,35.7,113,115,110,102,95
2017-07-24 23:00,2217,78,76,0.00,26,0.02,,5.2,1.5,0.25,0.96,7.1,17.7,22.8,30.1,35.7,110,113,110,102,95
2017-07-25 00:00,2217,76,70,0.00,31,0.03,,3.6,1.3,0.27,0.82,7.0,17.3,23.3,28.9,35.7,108,111,110,102,95
2017-07-25 01:00,2217,72,69,0.00,40,0.01,,3.0,1.5,0.29,0.76,6.9,17.1,23.1,30.1,35.7,106,110,110,102,95
2017-07-25 02:00,2217,69,68,0.00,42,0.01,,3.0,1.1,0.30,0.70,7.0,17.1,23.6,30.1,35.7,104,108,109,102,95
2017-07-25 03:00,2217,69,67,0.00,40,0.02,,4.2,1.0,0.28,0.69,6.6,16.6,23.3,28.9,35.7,102,107,108,102,95
2017-07-25 04:00,2217,67,65,0.00,41,0.30,,4.0,1.9,0.28,0.64,6.6,16.7,23.0,28.9,35.7,101,106,108,103,95
2017-07-25 05:00,2217,71,64,0.00,50,14.90,,5.4,1.8,0.31,0.64,7.0,16.8,22.3,28.2,35.7,98,104,107,102,95
2017-07-25 06:00,2217,76,71,0.00,41,242.30,,5.7,3.0,0.32,0.83,6.5,16.6,22.7,28.2,35.7,98,102,106,102,95
2017-07-25 07:00,2217,76,72,0.00,37,447.50,,7.3,3.7,0.35,0.86,6.6,16.4,22.7,29.9,35.7,97,102,106,103,96
2017-07-25 08:00,2217,78,76,0.00,40,646.30,,7.1,3.1,0.34,0.93,6.9,16.5,22.2,29.9,35.7,97,101,104,103,95
2017-07-25 09:00,2217,81,78,0.00,37,814.00,,8.7,3.6,0.35,1.01,6.2,16.3,21.8,28.2,35.7,98,101,104,103,95
2017-07-25 10:00,2217,83,80,0.00,34,929.00,,8.2,3.9,0.35,1.08,6.6,16.5,22.4,29.9,35.7,99,101,103,103,95
2017-07-25 11:00,2217,87,83,0.00,31,954.00,,9.0,3.7,0.34,1.22,7.0,16.6,22.7,29.9,35.7,102,101,103,103,95
2017-07-25 12:00,2217,89,86,0.00,26,984.00,,9.6,3.8,0.35,1.28,6.8,16.4,21.9,29.9,35.7,107,102,102,103,95
2017-07-25 13:00,2217,92,89,0.00,26,937.00,,11.6,4.1,0.33,1.44,7.3,16.7,21.6,29.0,35.7,113,105,103,102,95
2017-07-25 14:00,2217,94,92,0.00,21,827.00,,8.5,3.5,0.31,1.57,7.8,17.1,22.0,28.2,35.7,117,108,103,102,95
2017-07-25 15:00,2217,95,93,0.00,20,668.30,,9.5,4.3,0.32,1.60,7.8,17.4,22.2,30.1,35.7,121,112,104,102,95
2017-07-25 16:00,2217,95,94,0.00,19,476.70,,8.6,4.5,0.33,1.64,7.6,17.7,22.2,30.1,35.7,124,114,105,102,95
2017-07-25 17:00,2217,95,92,0.00,23,274.60,,8.3,4.7,0.36,1.60,7.9,18.0,22.3,30.1,35.7,124,116,107,102,95
2017-07-25 18:00,2217,92,87,0.00,25,87.10,,8.1,4.5,0.38,1.46,8.0,17.7,23.3,30.1,35.7,124,117,108,102,95
2017-07-25 19:00,2217,87,83,0.00,31,2.51,,5.3,2.5,0.40,1.21,7.8,18.0,23.6,30.1,35.7,121,117,109,102,96
2017-07-25 20:00,2217,85,83,0.00,33,0.04,,10.7,2.8,0.39,1.14,8.1,17.7,23.7,30.1,35.7,119,116,109,102,95
2017-07-25 21:00,2217,85,82,0.00,23,0.04,,10.3,4.3,0.26,1.17,7.5,18.0,23.6,30.1,35.7,114,115,110,102,95
2017-07-25 22:00,2217,82,80,0.00,23,0.04,,4.1,1.5,0.29,1.07,7.5,17.5,23.1,30.1,35.7,112,114,110,102,96
2017-07-25 23:00,2217,80,77,0.00,30,0.03,,3.8,1.8,0.31,1.00,7.3,17.4,23.2,30.1,35.7,109,112,110,102,96
2017-07-26 00:00,2217,77,75,0.00,31,0.02,,3.2,1.3,0.29,0.91,7.2,17.3,23.1,30.1,35.7,107,111,109,102,95
2017-07-26 01:00,2217,75,73,0.00,33,0.02,,2.7,1.0,0.30,0.86,7.1,16.8,22.8,30.1,35.7,105,109,109,102,95
2017-07-26 02:00,2217,74,71,0.00,37,0.02,,3.3,1.1,0.31,0.81,6.9,16.8,23.0,30.1,35.7,103,108,108,103,95
2017-07-26 03:00,2217,71,70,0.00,39,0.01,,5.6,0.9,0.30,0.75,7.2,17.1,23.7,28.9,35.7,102,106,108,102,96
2017-07-26 04:00,2217,71,68,0.00,37,0.33,,3.3,0.8,0.28,0.72,7.2,17.1,22.5,28.9,35.7,101,105,107,102,95
2017-07-26 05:00,2217,68,67,0.00,41,18.98,,3.1,1.3,0.31,0.69,6.4,16.8,23.0,28.9,35.7,99,104,106,102,95
2017-07-26 06:00,2217,75,68,0.00,57,221.10,,2.7,1.0,0.40,0.77,6.8,16.2,22.9,30.1,35.7,98,102,106,102,96
2017-07-26 07:00,2217,76,73,0.00,45,421.70,,6.3,3.7,0.40,0.84,7.1,15.9,21.6,30.1,35.7,97,102,105,102,95
2017-07-26 08:00,2217,82,76,0.00,43,619.70,,6.9,3.4,0.39,0.99,7.1,16.5,22.9,29.5,35.7,97,101,104,102,96
2017-07-26 09:00,2217,84,82,0.00,35,783.10,,8.5,3.9,0.37,1.13,6.8,16.5,22.7,30.1,35.7,98,101,104,103,96
2017-07-26 10:00,2217,87,84,0.00,32,890.00,,10.2,3.7,0.38,1.22,6.6,16.5,22.4,30.1,35.7,99,100,103,103,95
2017-07-26 11:00,2217,90,86,0.00,33,923.00,,10.5,4.4,0.41,1.29,7.2,16.7,21.6,30.1,35.7,102,101,102,102,95
2017-07-26 12:00,2217,91,89,0.00,30,953.00,,10.6,5.4,0.41,1.40,7.4,16.4,21.6,30.1,34.5,107,102,102,102,95
2017-07-26 13:00,2217,92,91,0.00,27,906.00,,10.8,5.5,0.41,1.48,7.7,16.7,22.1,28.9,35.7,113,105,102,102,96
2017-07-26 14:00,2217,94,92,0.00,27,801.00,,11.8,5.5,0.41,1.54,7.4,17.1,21.9,30.1,35.7,117,108,103,102,95
2017-07-26 15:00,2217,95,93,0.00,26,647.80,,11.3,5.8,0.43,1.63,8.1,17.1,21.8,30.1,35.7,121,111,104,102,95
2017-07-26 16:00,2217,94,93,0.00,27,458.00,,11.5,6.4,0.43,1.60,7.6,17.3,22.2,30.1,35.7,122,114,105,102,95
2017-07-26 17:00,2217,94,92,0.00,28,257.70,,10.4,6.8,0.45,1.57,7.9,17.6,23.0,30.1,35.7,124,115,106,102,95
2017-07-26 18:00,2217,92,88,0.00,30,77.85,,10.0,5.8,0.46,1.46,8.0,17.8,23.5,30.1,35.7,122,116,108,102,95
2017-07-26 19:00,2217,88,84,0.00,34,2.38,,7.5,3.7,0.44,1.28,8.2,17.7,22.8,30.1,35.7,120,116,109,102,95
2017-07-26 20:00,2217,85,84,0.00,37,0.12,,9.9,4.7,0.40,1.21,7.2,17.8,23.1,30.1,35.7,117,116,109,102,95
2017-07-26 21:00,2217,85,84,0.00,29,0.06,,7.6,4.5,0.36,1.21,7.7,17.5,23.8,30.1,35.7,114,115,109,102,95
2017-07-26 22:00,2217,84,84,0.00,32,0.07,,6.8,3.9,0.37,1.17,7.5,17.3,23.8,30.1,35.7,111,113,109,102,96
2017-07-26 23:00,2217,84,83,0.00,31,0.06,,8.5,4.4,0.36,1.16,7.3,17.3,23.3,30.1,35.7,109,112,109,102,95
2017-07-27 00:00,2217,83,83,0.00,32,0.07,,6.4,3.2,0.37,1.14,6.8,17.1,23.8,30.1,35.7,107,110,109,102,95
2017-07-27 01:00,2217,84,79,0.00,33,0.04,,6.3,2.3,0.38,1.11,7.1,17.1,23.0,30.1,35.7,105,109,108,102,95
2017-07-27 02:00,2217,86,79,0.00,37,0.03,,7.0,2.2,0.35,1.08,6.9,17.1,23.0,30.1,35.7,104,108,108,102,95
2017-07-27 03:00,2217,87,86,0.00,24,0.03,,7.7,5.3,0.29,1.26,7.4,16.5,22.7,30.1,35.7,102,107,108,102,96
2017-07-27 04:00,2217,87,73,0.00,21,0.37,,7.2,3.1,0.31,1.08,7.2,17.1,22.2,30.1,35.7,102,106,107,102,95
2017-07-27 05:00,2217,73,70,0.00,48,16.77,,3.4,0.5,0.39,0.77,7.2,16.2,21.9,30.1,35.7,101,104,106,102,95
2017-07-27 06:00,2217,77,72,0.00,49,226.30,,4.6,2.1,0.36,0.87,6.8,16.6,22.2,30.1,35.7,99,104,106,102,96
2017-07-27 07:00,2217,82,77,0.00,37,431.90,,4.4,2.2,0.35,1.01,7.0,16.4,22.9,28.9,35.7,98,102,105,102,95
2017-07-27 08:00,2217,84,82,0.00,32,623.70,,6.0,2.7,0.37,1.11,7.0,16.3,22.0,30.1,35.7,98,102,104,102,96
2017-07-27 09:00,2217,89,84,0.00,32,787.80,,8.8,3.2,0.37,1.28,6.8,16.7,22.1,30.1,35.7,99,102,104,102,96
2017-07-27 10:00,2217,92,88,0.00,26,903.00,,8.6,4.3,0.31,1.41,7.0,16.7,22.1,30.1,35.7,101,102,103,102,95
2017-07-27 11:00,2217,94,92,0.00,17,943.00,,10.9,5.2,0.22,1.52,7.1,16.3,22.2,30.1,35.7,104,102,103,102,96
2017-07-27 12:00,2217,97,94,0.00,15,969.00,,10.3,5.6,0.26,1.70,6.7,16.2,22.4,30.1,35.7,108,104,103,102,95
2017-07-27 13:00,2217,97,95,0.00,16,921.00,,12.3,6.1,0.29,1.73,7.5,16.7,21.6,30.1,35.7,114,106,103,102,95
2017-07-27 14:00,2217,98,97,0.00,18,815.00,,12.7,5.6,0.33,1.79,7.4,16.8,22.1,30.1,35.7,119,110,104,102,96
2017-07-27 15:00,2217,99,97,0.00,18,658.10,,11.8,6.2,0.32,1.85,7.6,17.1,22.4,30.1,35.7,122,112,105,102,96
2017-07-27 16:00,2217,98,97,0.00,18,467.80,,13.6,6.8,0.32,1.80,7.8,17.7,22.9,30.1,35.7,124,115,106,102,96
2017-07-27 17:00,2217,98,96,0.00,18,264.70,,10.2,6.1,0.32,1.79,8.3,18.0,23.0,30.1,35.7,125,116,107,102,96
2017-07-27 18:00,2217,96,90,0.00,18,83.20,,8.1,4.3,0.32,1.65,7.6,17.7,23.7,30.1,35.7,124,117,108,102,95
2017-07-27 19:00,2217,90,88,0.00,23,2.30,,8.2,3.4,0.32,1.39,7.8,17.7,22.8,30.1,35.7,121,119,109,102,95
2017-07-27 20:00,2217,90,89,0.00,20,0.14,,10.9,6.9,0.30,1.38,7.6,18.3,22.6,30.1,34.5,119,117,110,102,95
2017-07-27 21:00,2217,90,89,0.00,21,0.10,,9.7,6.7,0.29,1.40,7.3,18.0,23.1,30.1,35.7,115,116,110,102,95
2017-07-27 22:00,2217,89,89,0.00,20,0.07,,9.8,6.5,0.28,1.38,7.6,17.7,23.1,30.1,34.5,112,114,110,102,95
2017-07-27 23:00,2217,89,88,0.00,20,0.10,,9.7,6.8,0.28,1.36,7.0,17.3,22.9,30.1,35.7,110,112,110,102,96
2017-07-28 00:00,2217,89,88,0.00,21,0.07,,11.1,8.5,0.28,1.36,7.1,17.1,23.0,30.1,35.7,108,111,110,102,95
2017-07-28 01:00,2217,89,88,0.00,20,0.09,,10.2,6.1,0.27,1.36,7.0,16.8,23.6,30.1,34.5,107,110,109,102,95
2017-07-28 02:00,2217,88,84,0.00,20,0.08,,6.4,2.6,0.26,1.28,7.3,17.2,22.5,28.9,34.5,105,108,109,102,95
2017-07-28 03:00,2217,84,82,0.00,22,0.06,,3.4,1.6,0.25,1.15,6.9,17.1,23.0,30.1,34.5,104,107,108,102,95
2017-07-28 04:00,2217,86,83,0.00,22,0.28,,7.9,2.1,0.25,1.18,6.7,17.1,22.7,30.1,35.7,103,106,107,102,95
2017-07-28 05:00,2217,83,83,0.00,21,14.42,,4.6,1.2,0.24,1.14,6.3,16.8,22.2,28.9,35.7,102,105,107,102,96
2017-07-28 06:00,2217,89,83,0.00,22,235.00,,6.2,2.5,0.24,1.27,6.8,16.6,22.4,28.9,35.7,101,104,106,102,95
2017-07-28 07:00,2217,89,87,0.00,19,444.90,,6.2,2.7,0.24,1.33,7.0,16.4,22.5,29.5,35.7,100,103,106,102,95
2017-07-28 08:00,2217,94,89,0.00,17,639.30,,6.6,2.8,0.25,1.46,7.0,16.3,22.7,30.1,35.7,100,102,105,102,95
2017-07-28 09:00,2217,94,94,0.00,17,806.00,,7.4,3.4,0.27,1.61,7.2,16.1,21.6,30.1,34.5,101,102,105,103,95
2017-07-28 10:00,2217,96,94,0.00,17,921.00,,8.5,3.8,0.27,1.67,6.7,16.5,22.7,28.2,34.5,102,102,104,102,95
2017-07-28 11:00,2217,98,96,0.00,17,952.00,,10.2,4.2,0.29,1.75,7.0,15.8,22.2,28.9,34.5,106,103,104,102,95
2017-07-28 12:00,2217,100,98,0.00,17,977.00,,10.8,4.3,0.32,1.85,7.2,16.0,21.9,29.5,35.7,110,105,104,102,96
2017-07-28 13:00,2217,100,99,0.00,16,923.00,,10.7,4.7,0.32,1.93,7.5,16.7,22.2,28.9,35.7,116,107,104,103,95
2017-07-28 14:00,2217,101,100,0.00,15,815.00,,10.8,6.3,0.29,1.99,7.8,16.9,23.1,28.2,34.5,121,111,105,102,95
2017-07-28 15:00,2217,101,100,0.00,14,654.20,,10.8,5.6,0.29,1.99,7.9,17.0,22.5,28.9,34.5,125,114,106,102,96
2017-07-28 16:00,2217,101,100,0.00,15,463.30,,9.5,5.3,0.29,1.97,8.1,17.8,23.0,28.9,34.5,127,116,107,102,95
2017-07-28 17:00,2217,100,98,0.00,15,264.50,,9.6,5.5,0.28,1.89,8.1,17.7,22.8,30.1,35.7,127,119,108,102,96
2017-07-28 18:00,2217,98,93,0.00,11,82.50,,15.6,7.2,0.20,1.71,8.0,17.7,23.6,30.1,34.5,127,119,109,102,96
2017-07-28 19:00,2217,93,89,0.00,10,2.17,,16.6,9.2,0.17,1.48,7.8,17.7,22.9,30.1,34.5,122,119,110,102,96
2017-07-28 20:00,2217,90,89,0.00,12,0.10,,14.1,8.2,0.14,1.38,7.5,17.7,23.1,30.1,35.7,119,119,111,102,96
2017-07-28 21:00,2217,91,89,0.00,11,0.08,,10.7,6.9,0.16,1.44,7.3,18.0,23.1,30.1,34.5,115,116,111,102,96
2017-07-28 22:00,2217,90,89,0.00,11,0.09,,9.8,6.8,0.15,1.39,7.6,17.7,23.1,30.1,38.2,113,115,111,102,95
2017-07-28 23:00,2217,90,89,0.00,10,0.09,,10.0,7.1,0.13,1.41,7.1,17.3,23.4,28.9,35.7,110,113,111,102,96
2017-07-29 00:00,2217,90,89,0.00,9,0.08,,8.7,6.4,0.11,1.41,7.1,17.1,23.1,28.9,34.5,108,111,110,102,95
2017-07-29 01:00,2217,89,87,0.00,7,0.08,,9.6,6.0,0.12,1.38,6.9,17.1,23.7,28.9,34.5,107,110,110,102,96
2017-07-29 02:00,2217,88,83,0.00,11,0.07,,9.2,4.6,0.15,1.28,7.4,16.6,22.5,28.9,38.2,105,109,109,102,95
2017-07-29 03:00,2217,84,80,0.00,13,0.05,,3.7,1.2,0.15,1.12,7.0,16.7,23.0,28.2,34.5,104,107,108,102,96
2017-07-29 04:00,2217,82,79,0.00,14,0.29,,3.7,1.2,0.15,1.05,6.6,16.7,21.9,29.9,34.5,102,107,108,103,95
2017-07-29 05:00,2217,83,80,0.00,15,15.22,,6.8,3.7,0.15,1.06,7.0,16.5,22.2,29.9,34.5,102,106,108,103,96
2017-07-29 06:00,2217,87,83,0.00,13,228.90,,5.1,2.3,0.14,1.20,6.8,16.2,22.6,29.9,34.5,101,104,107,103,95
2017-07-29 07:00,2217,89,87,0.00,11,441.30,,5.8,2.0,0.16,1.33,7.3,16.3,22.0,29.9,35.7,100,104,106,103,96
2017-07-29 08:00,2217,89,87,0.00,14,635.50,,6.0,3.1,0.20,1.34,6.3,16.9,22.2,29.9,34.5,100,103,106,103,96
2017-07-29 09:00,2217,92,88,0.00,17,798.80,,7.9,3.4,0.23,1.41,6.6,16.5,21.6,28.2,38.2,101,102,105,103,96
2017-07-29 10:00,2217,94,91,0.00,15,915.00,,9.3,3.5,0.24,1.53,6.6,16.5,21.4,29.9,34.5,102,102,104,103,96
2017-07-29 11:00,2217,96,94,0.00,15,954.00,,9.6,3.9,0.23,1.65,6.9,16.5,22.4,28.2,34.5,105,103,104,103,96
2017-07-29 12:00,2217,99,96,0.00,11,979.00,,11.6,4.1,0.22,1.79,7.5,16.4,22.4,29.9,35.7,110,105,104,103,96
2017-07-29 13:00,2217,99,97,0.00,14,926.00,,12.7,5.1,0.26,1.83,7.7,16.7,22.4,29.9,34.5,116,108,104,102,96
2017-07-29 14:00,2217,100,98,0.00,15,821.00,,11.6,5.0,0.27,1.86,7.7,17.0,21.9,29.9,34.5,121,111,105,103,96
2017-07-29 15:00,2217,100,98,0.00,16,660.30,,11.3,5.6,0.30,1.88,7.8,17.2,22.7,28.2,35.7,124,114,106,102,96
2017-07-29 16:00,2217,99,98,0.00,14,469.30,,10.2,5.6,0.25,1.87,7.6,17.7,22.8,31.0,34.5,127,116,107,102,96
2017-07-29 17:00,2217,98,97,0.00,16,263.70,,9.6,5.8,0.30,1.81,7.6,18.0,22.7,28.2,34.5,127,117,108,102,96
2017-07-29 18:00,2217,97,90,0.00,19,79.57,,11.2,6.3,0.35,1.61,7.8,17.7,22.5,31.0,34.5,125,119,110,102,96
2017-07-29 19:00,2217,90,87,0.00,25,2.08,,8.1,3.7,0.35,1.34,7.8,17.7,23.3,28.2,34.5,124,119,110,102,96
2017-07-29 20:00,2217,88,87,0.00,24,0.09,,9.3,5.1,0.26,1.30,7.7,17.9,23.4,31.0,34.5,120,119,111,102,96
2017-07-29 21:00,2217,88,87,0.00,16,0.08,,9.3,5.0,0.22,1.31,7.6,17.8,23.4,28.2,34.5,116,117,111,102,95
2017-07-29 22:00,2217,87,87,0.00,16,0.06,,8.2,5.1,0.19,1.30,7.3,17.3,23.4,28.2,34.5,113,114,111,102,96
2017-07-29 23:00,2217,87,83,0.00,13,0.05,,5.9,2.1,0.19,1.20,6.9,17.4,23.1,28.2,34.5,111,113,111,102,96
2017-07-30 00:00,2217,83,80,0.00,18,0.02,,3.8,1.6,0.22,1.10,7.3,17.3,23.7,28.2,34.5,109,111,110,103,96
2017-07-30 01:00,2217,82,80,0.00,21,0.02,,3.7,1.3,0.24,1.07,7.0,16.7,23.0,29.9,34.5,107,111,110,103,96
2017-07-30 02:00,2217,82,79,0.00,24,0.03,,6.3,2.1,0.24,1.03,7.2,17.0,22.3,31.0,38.2,105,110,110,102,96
2017-07-30 03:00,2217,82,74,0.00,23,0.02,,5.2,1.8,0.23,1.03,6.9,17.1,22.0,28.2,34.5,103,108,109,103,96
2017-07-30 04:00,2217,74,71,0.00,31,0.25,,3.9,1.3,0.25,0.80,6.8,16.9,22.2,29.9,34.5,102,107,108,103,96
2017-07-30 05:00,2217,75,73,0.00,28,15.46,,10.1,1.7,0.26,0.85,7.1,16.6,23.0,28.2,34.5,101,106,107,103,96
2017-07-30 06:00,2217,78,73,0.00,36,225.80,,3.4,1.3,0.30,0.89,6.9,16.0,22.0,31.0,34.5,99,104,107,103,96
2017-07-30 07:00,2217,85,78,0.00,29,440.90,,4.1,1.8,0.29,1.04,6.6,16.3,22.2,31.0,34.5,98,103,106,103,96
2017-07-30 08:00,2217,87,85,0.00,23,636.10,,5.7,3.0,0.30,1.25,6.9,16.1,22.2,29.9,34.5,98,102,106,103,96
2017-07-30 09:00,2217,89,87,0.00,25,800.00,,8.3,3.9,0.30,1.32,6.6,16.3,22.4,29.9,34.5,99,102,105,103,96
2017-07-30 10:00,2217,91,89,0.00,22,915.00,,7.9,4.2,0.32,1.40,6.8,16.3,21.4,31.0,34.5,102,102,104,103,96
2017-07-30 11:00,2217,94,91,0.00,20,965.00,,9.9,4.9,0.28,1.52,7.2,16.7,22.5,29.9,38.2,104,102,104,103,96
2017-07-30 12:00,2217,96,93,0.00,21,979.00,,10.3,4.8,0.33,1.63,6.8,16.8,21.6,29.9,34.5,109,103,104,103,96
2017-07-30 13:00,2217,99,94,0.00,20,922.00,,9.3,4.5,0.33,1.72,7.9,16.5,22.1,31.0,38.2,114,106,104,103,96
2017-07-30 14:00,2217,100,98,0.00,17,812.00,,9.6,4.8,0.34,1.86,7.6,17.1,21.6,29.9,34.5,120,110,104,103,96
2017-07-30 15:00,2217,100,98,0.00,19,652.70,,10.3,5.0,0.34,1.86,7.5,17.3,22.2,29.9,38.2,122,113,105,103,96
2017-07-30 16:00,2217,99,98,0.00,19,462.10,,10.2,5.8,0.33,1.85,7.8,17.5,22.7,29.9,34.5,125,115,106,103,96
2017-07-30 17:00,2217,98,97,0.00,18,259.10,,9.5,5.8,0.33,1.80,8.0,18.0,22.4,31.0,34.5,125,117,108,103,96
2017-07-30 18:00,2217,97,91,0.00,19,75.81,,8.3,4.7,0.35,1.66,7.8,18.0,22.7,28.2,34.5,124,119,109,102,96
2017-07-30 19:00,2217,91,87,0.00,26,1.86,,4.4,2.1,0.37,1.35,7.4,18.0,22.5,29.9,38.2,122,119,110,103,96
2017-07-30 20:00,2217,89,87,0.00,27,0.10,,6.7,4.2,0.30,1.33,7.5,17.6,23.7,29.9,34.5,119,117,110,103,96
2017-07-30 21:00,2217,88,85,0.00,22,0.08,,5.9,2.2,0.30,1.25,7.2,17.7,23.6,31.0,34.5,116,116,111,102,96
2017-07-30 22:00,2217,89,86,0.00,26,0.08,,8.9,5.6,0.31,1.31,7.3,17.5,23.8,28.2,34.5,113,115,111,102,96
2017-07-30 23:00,2217,89,84,0.00,20,0.07,,7.7,3.8,0.27,1.36,6.9,17.3,22.5,29.9,34.5,111,114,111,103,96
2017-07-31 00:00,2217,84,83,0.00,23,0.06,,3.4,1.0,0.27,1.17,7.3,16.9,22.8,29.5,34.5,109,112,110,103,96
2017-07-31 01:00,2217,86,80,0.00,24,0.03,,3.6,1.6,0.27,1.09,7.4,17.1,23.2,31.0,34.5,107,110,110,103,96
2017-07-31 02:00,2217,88,86,0.00,21,0.03,,7.4,4.2,0.26,1.30,7.2,16.8,23.0,29.9,38.2,105,109,109,103,96
2017-07-31 03:00,2217,88,82,0.00,20,0.06,,7.2,3.7,0.26,1.28,6.6,16.9,22.4,29.9,34.5,104,108,109,103,96
2017-07-31 04:00,2217,82,76,0.00,24,0.18,,3.0,1.1,0.27,0.95,7.1,16.5,22.1,29.9,34.5,102,107,108,103,96
2017-07-31 05:00,2217,77,75,0.00,30,14.68,,4.0,0.5,0.27,0.90,6.8,16.4,22.0,29.9,34.5,102,105,107,103,96
2017-07-31 06:00,2217,79,77,0.00,29,216.20,,4.8,1.9,0.29,0.95,6.5,16.0,21.7,29.9,38.2,100,104,107,103,96
2017-07-31 07:00,2217,82,79,0.00,34,429.70,,6.2,3.5,0.35,1.03,6.6,16.5,22.2,31.0,38.2,99,104,106,103,96
2017-07-31 08:00,2217,86,81,0.00,34,625.40,,5.7,2.8,0.36,1.12,6.6,16.1,22.7,31.0,34.5,99,102,105,103,96
2017-07-31 09:00,2217,90,86,0.00,30,790.30,,7.4,3.2,0.35,1.33,6.5,16.3,21.4,29.9,34.5,100,102,105,103,96
2017-07-31 10:00,2217,92,89,0.00,24,907.00,,7.7,3.8,0.32,1.47,6.6,16.3,21.6,29.9,34.5,102,102,104,103,96
2017-07-31 11:00,2217,95,92,0.00,20,968.00,,7.7,3.7,0.30,1.57,7.0,16.3,22.3,29.9,34.5,104,102,104,103,96
2017-07-31 12:00,2217,98,95,0.00,18,976.00,,8.5,4.2,0.30,1.75,6.8,16.5,22.3,29.9,34.5,109,103,104,103,96
2017-07-31 13:00,2217,99,97,0.00,16,919.00,,9.5,4.9,0.31,1.80,7.6,16.2,22.3,31.0,34.5,114,107,104,103,96
2017-07-31 14:00,2217,100,98,0.00,18,805.00,,10.0,4.4,0.33,1.87,7.2,17.0,21.6,29.9,34.5,119,109,104,103,96
2017-07-31 15:00,2217,100,100,0.00,17,643.40,,10.2,4.8,0.35,1.93,8.0,16.9,22.4,29.9,34.5,124,113,105,103,96
2017-07-31 16:00,2217,101,100,0.00,17,452.60,,10.0,5.0,0.32,1.95,8.0,17.3,22.2,29.9,38.3,125,115,106,103,96
2017-07-31 17:00,2217,100,97,0.00,17,250.60,,10.4,6.3,0.31,1.86,7.8,17.7,22.5,31.0,34.5,127,117,108,103,96
2017-07-31 18:00,2217,97,91,0.00,19,71.47,,8.6,5.3,0.34,1.67,7.8,17.6,23.0,28.2,34.5,125,119,109,102,96
2017-07-31 19:00,2217,91,89,0.00,22,1.88,,7.6,3.9,0.30,1.43,7.4,18.2,22.3,29.5,34.5,122,119,110,102,96
2017-07-31 20:00,2217,90,90,0.00,20,0.12,,8.4,4.7,0.28,1.41,7.7,18.0,22.5,31.0,34.5,119,119,110,102,96
2017-07-31 21:00,2217,90,90,0.00,18,0.06,,11.3,6.7,0.22,1.43,7.2,17.3,22.5,29.5,38.3,115,116,111,102,96
2017-07-31 22:00,2217,91,90,0.00,15,0.11,,11.0,7.1,0.22,1.45,7.3,17.5,22.5,29.5,34.5,113,115,111,102,96
2017-07-31 23:00,2217,93,90,0.00,17,0.09,,11.4,7.4,0.18,1.49,7.4,17.4,22.8,31.0,34.5,111,113,110,102,96
