Date,Station Id,Air Temperature Maximum (degF),Air Temperature Minimum (degF),Precipitation Increment (in),Relative Humidity (pct),Solar Radiation Average (watt/m2),Solar Radiation/langley Total (langley),Wind Speed Maximum (mph),Wind Speed Average (mph),Vapor Pressure - Partial (inch_Hg),Vapor Pressure - Saturated (inch_Hg),Soil Moisture Percent -2in (pct),Soil Moisture Percent -4in (pct),Soil Moisture Percent -8in (pct),Soil Moisture Percent -20in (pct),Soil Moisture Percent -40in (pct),Soil Temperature Observed -2in (degF),Soil Temperature Observed -4in (degF),Soil Temperature Observed -8in (degF),Soil Temperature Observed -20in (degF),Soil Temperature Observed -40in (degF)
2017-07-01 00:00,2149,76,74,0.00,14,0.16,,6.4,4.3,0.12,0.87,0.1,3.2,4.6,0.6,6.0,85,85,84,76,73
2017-07-01 01:00,2149,75,71,0.00,14,0.16,,7.6,4.5,0.13,0.83,0.0,3.4,4.7,0.6,6.0,83,84,83,76,73
2017-07-01 02:00,2149,73,72,0.00,17,0.14,,6.6,4.5,0.14,0.82,0.5,2.7,5.2,0.6,5.7,81,83,83,76,73
2017-07-01 03:00,2149,73,68,0.00,18,0.17,,6.6,4.1,0.14,0.75,0.1,3.3,4.7,0.6,5.7,80,82,82,76,73
2017-07-01 04:00,2149,71,67,0.00,21,3.08,,6.8,4.2,0.15,0.70,0.3,2.8,4.6,0.6,6.1,78,82,81,76,73
2017-07-01 05:00,2149,69,68,0.00,23,15.73,,7.5,4.1,0.16,0.70,0.1,3.1,4.3,0.6,5.3,77,80,80,76,73
2017-07-01 06:00,2149,77,69,0.00,22,181.50,,7.2,3.6,0.17,0.78,0.1,2.6,4.8,0.6,6.1,76,80,80,76,73
2017-07-01 07:00,2149,82,77,0.00,18,439.20,,5.9,1.6,0.17,1.00,0.3,2.9,4.4,0.6,6.1,75,79,80,76,73
2017-07-01 08:00,2149,87,82,0.00,16,590.80,,5.4,0.8,0.17,1.18,0.0,2.9,4.8,0.6,5.7,74,78,79,76,73
2017-07-01 09:00,2149,88,86,0.00,12,714.20,,11.0,2.6,0.14,1.31,0.3,2.9,4.4,0.6,5.7,75,77,78,76,73
2017-07-01 10:00,2149,91,88,0.00,10,806.00,,12.1,4.6,0.13,1.40,0.3,3.2,4.6,0.0,5.6,78,77,78,76,73
2017-07-01 11:00,2149,92,90,0.00,8,807.00,,14.6,7.0,0.12,1.47,0.0,2.8,4.1,0.8,5.7,81,77,78,76,73
2017-07-01 12:00,2149,94,91,0.00,8,775.40,,15.7,7.3,0.11,1.55,0.8,2.9,3.9,0.0,5.7,85,78,78,76,73
2017-07-01 13:00,2149,95,92,0.00,5,658.60,,19.3,5.5,0.09,1.60,0.0,2.9,4.4,0.0,6.0,87,79,79,76,73
2017-07-01 14:00,2149,95,91,0.00,6,569.20,,13.1,4.6,0.10,1.56,0.3,3.3,4.8,0.0,5.4,90,80,80,76,73
2017-07-01 15:00,2149,95,93,0.00,6,595.00,,13.4,3.3,0.10,1.62,0.3,3.1,4.6,0.0,5.4,92,82,81,76,73
2017-07-01 16:00,2149,96,94,0.00,6,477.70,,18.3,4.9,0.11,1.64,0.3,2.9,4.6,0.0,5.4,93,83,82,76,73
2017-07-01 17:00,2149,94,90,0.00,8,280.90,,11.4,4.1,0.14,1.53,0.7,2.7,4.3,0.0,5.4,94,85,83,76,73
2017-07-01 18:00,2149,90,86,0.00,10,98.10,,6.8,0.8,0.14,1.39,0.6,3.2,4.6,0.0,5.7,95,85,84,76,73
2017-07-01 19:00,2149,86,81,0.00,11,4.34,,15.0,7.9,0.16,1.16,0.3,3.2,4.7,0.0,5.7,95,86,85,76,73
2017-07-01 20:00,2149,81,79,0.00,16,0.01,,11.9,6.0,0.17,1.05,1.0,3.3,4.7,0.0,5.1,94,87,85,76,73
2017-07-01 21:00,2149,79,73,0.00,16,0.06,,6.4,3.1,0.15,0.94,0.5,3.3,4.4,0.0,5.7,92,86,85,76,73
2017-07-01 22:00,2149,75,73,0.00,20,0.13,,9.2,5.2,0.17,0.83,0.6,3.2,4.7,0.0,5.7,89,86,85,76,73
2017-07-01 23:00,2149,76,72,0.00,18,0.16,,8.6,3.1,0.15,0.87,0.1,3.5,4.7,0.8,5.7,86,86,85,76,73
2017-07-02 00:00,2149,74,72,0.00,18,0.13,,10.2,5.4,0.14,0.83,0.3,3.1,4.8,0.8,5.6,84,85,84,76,73
2017-07-02 01:00,2149,74,72,0.00,18,0.13,,9.8,5.8,0.15,0.81,0.5,3.3,4.6,0.0,5.6,82,84,83,76,73
2017-07-02 02:00,2149,72,72,0.00,20,0.13,,10.3,6.5,0.16,0.80,0.1,3.2,4.8,0.0,6.0,80,83,82,76,73
2017-07-02 03:00,2149,72,70,0.00,22,0.18,,9.9,5.7,0.17,0.78,0.4,3.4,4.6,0.6,6.0,79,82,82,76,73
2017-07-02 04:00,2149,71,70,0.00,24,3.20,,8.5,4.8,0.18,0.75,0.1,2.6,4.8,0.0,6.0,78,82,82,76,73
2017-07-02 05:00,2149,70,70,0.00,26,23.74,,7.5,4.4,0.19,0.73,0.3,3.0,4.0,0.6,6.0,77,80,81,76,73
2017-07-02 06:00,2149,76,69,0.00,27,175.80,,6.6,3.4,0.20,0.77,0.0,2.9,4.4,0.0,5.7,76,80,80,76,73
2017-07-02 07:00,2149,80,76,0.00,21,406.80,,6.9,2.4,0.20,0.94,0.0,2.9,4.2,0.6,5.7,75,79,80,76,73
2017-07-02 08:00,2149,83,80,0.00,20,561.30,,4.0,0.3,0.18,1.08,0.1,2.8,4.1,0.6,5.7,74,78,79,76,73
2017-07-02 09:00,2149,87,83,0.00,14,688.70,,9.0,1.9,0.16,1.19,0.0,3.3,4.3,0.8,5.6,75,77,78,76,73
2017-07-02 10:00,2149,88,87,0.00,12,772.50,,10.9,3.9,0.15,1.32,0.1,3.3,4.6,0.0,5.7,77,77,78,76,73
2017-07-02 11:00,2149,90,88,0.00,11,811.00,,11.8,5.0,0.14,1.36,0.1,3.3,4.1,0.0,5.7,80,77,78,76,73
2017-07-02 12:00,2149,92,90,0.00,10,806.00,,12.4,4.9,0.13,1.47,0.5,2.8,4.6,0.0,5.1,84,78,79,76,73
2017-07-02 13:00,2149,93,92,0.00,6,753.10,,12.2,3.8,0.12,1.54,0.1,3.2,4.6,0.0,5.4,87,79,79,76,73
2017-07-02 14:00,2149,93,92,0.00,8,661.60,,12.9,4.6,0.12,1.55,0.6,2.5,4.3,0.0,5.7,90,80,80,76,73
2017-07-02 15:00,2149,94,93,0.00,8,537.40,,13.1,3.4,0.12,1.58,0.5,2.6,4.6,0.0,5.7,92,82,81,76,73
2017-07-02 16:00,2149,94,92,0.00,7,385.40,,9.5,3.2,0.12,1.56,0.3,3.2,4.2,0.0,5.5,94,83,82,76,73
2017-07-02 17:00,2149,92,89,0.00,8,231.10,,11.1,4.7,0.13,1.47,0.3,3.3,4.4,0.0,5.9,95,85,83,76,73
2017-07-02 18:00,2149,89,83,0.00,11,81.90,,10.3,5.8,0.16,1.28,0.3,3.0,4.8,0.0,5.5,96,86,84,76,73
2017-07-02 19:00,2149,83,80,0.00,14,3.02,,9.9,5.0,0.14,1.08,0.7,2.7,4.2,0.0,5.9,95,86,85,76,73
2017-07-02 20:00,2149,80,76,0.00,12,0.05,,6.2,2.8,0.12,0.96,0.3,2.7,4.4,0.0,5.7,93,87,85,76,73
2017-07-02 21:00,2149,76,74,0.00,13,0.15,,5.6,3.5,0.11,0.87,0.3,2.7,4.4,0.0,5.4,91,86,85,76,73
2017-07-02 22:00,2149,74,72,0.00,13,0.17,,5.5,3.8,0.11,0.81,0.1,3.3,4.4,0.0,6.0,88,86,85,76,73
2017-07-02 23:00,2149,72,69,0.00,13,0.15,,5.4,3.5,0.11,0.77,0.4,3.2,4.6,0.0,5.7,86,85,85,76,73
2017-07-03 00:00,2149,69,69,0.00,16,0.11,,5.7,3.9,0.12,0.72,0.5,3.2,4.8,0.0,5.7,83,85,83,76,73
2017-07-03 01:00,2149,69,68,0.00,17,0.06,,6.1,4.6,0.13,0.71,0.1,2.9,4.6,0.0,5.7,82,83,83,76,73
2017-07-03 02:00,2149,69,68,0.00,18,0.06,,5.8,4.3,0.13,0.70,0.4,3.2,4.4,0.0,5.6,80,82,82,76,73
2017-07-03 03:00,2149,68,66,0.00,18,0.03,,4.5,3.2,0.13,0.67,0.1,3.0,4.6,0.0,5.6,78,82,82,76,73
2017-07-03 04:00,2149,67,65,0.00,20,3.04,,4.8,3.2,0.14,0.65,0.0,2.9,4.3,0.0,5.6,77,80,81,76,73
2017-07-03 05:00,2149,66,65,0.00,24,16.24,,4.9,3.2,0.15,0.63,0.0,2.8,4.6,0.0,6.0,76,80,80,76,73
2017-07-03 06:00,2149,78,66,0.00,26,182.50,,5.4,2.0,0.17,0.73,0.1,3.0,4.1,0.8,6.0,74,79,80,76,73
2017-07-03 07:00,2149,80,78,0.00,16,435.80,,4.1,0.1,0.15,0.99,0.0,2.6,4.2,0.0,6.0,73,78,79,76,73
2017-07-03 08:00,2149,82,80,0.00,14,584.40,,0.0,0.0,0.15,1.05,0.0,2.8,4.3,0.0,6.0,73,77,79,76,73
2017-07-03 09:00,2149,85,82,0.00,14,704.40,,0.0,0.0,0.16,1.13,0.0,2.7,4.8,0.0,5.7,74,76,78,76,73
2017-07-03 10:00,2149,88,85,0.00,14,782.90,,0.0,0.0,0.17,1.23,0.0,2.7,4.0,0.0,5.7,76,76,78,76,73
2017-07-03 11:00,2149,90,87,0.00,12,821.00,,11.0,2.9,0.15,1.34,0.1,2.7,4.3,0.0,6.0,80,76,77,76,73
2017-07-03 12:00,2149,91,90,0.00,9,817.00,,13.9,3.7,0.13,1.44,0.0,2.8,4.1,0.0,5.4,83,77,78,76,73
2017-07-03 13:00,2149,92,90,0.00,10,762.10,,10.4,2.9,0.14,1.51,0.4,3.0,4.8,0.4,5.4,87,78,79,76,73
2017-07-03 14:00,2149,94,92,0.00,10,673.50,,7.9,1.7,0.14,1.56,0.1,2.8,4.0,0.0,5.7,89,80,80,76,73
2017-07-03 15:00,2149,95,93,0.00,9,549.30,,8.6,1.2,0.13,1.61,0.3,2.7,4.0,0.4,5.9,92,82,81,76,73
2017-07-03 16:00,2149,94,93,0.00,9,404.70,,8.9,2.1,0.14,1.58,0.3,3.2,4.1,0.4,5.5,94,83,82,76,73
2017-07-03 17:00,2149,93,91,0.00,9,246.20,,11.2,4.0,0.14,1.54,0.7,2.7,4.3,0.4,5.5,96,85,83,76,73
2017-07-03 18:00,2149,91,85,0.00,11,91.70,,12.0,6.1,0.16,1.36,0.3,3.2,5.2,0.4,5.5,96,86,84,76,73
2017-07-03 19:00,2149,85,82,0.00,13,3.06,,10.8,6.3,0.15,1.13,0.7,3.2,4.4,0.4,5.5,96,86,85,76,74
2017-07-03 20:00,2149,82,78,0.00,14,0.02,,10.1,4.6,0.14,1.05,0.3,3.3,4.4,0.4,5.7,94,87,85,76,73
2017-07-03 21:00,2149,78,73,0.00,14,0.11,,5.6,3.4,0.14,0.90,0.4,3.2,4.6,0.0,5.4,92,87,86,76,73
2017-07-03 22:00,2149,73,72,0.00,18,0.16,,5.4,3.7,0.14,0.82,0.1,3.2,4.4,0.0,5.4,89,86,85,76,73
2017-07-03 23:00,2149,72,71,0.00,17,0.15,,5.9,3.9,0.14,0.77,0.4,3.2,4.4,0.4,5.1,87,86,85,76,73
2017-07-04 00:00,2149,71,69,0.00,18,0.10,,5.3,3.8,0.14,0.73,0.5,2.7,4.2,0.0,5.7,85,85,85,76,73
2017-07-04 01:00,2149,70,68,0.00,20,0.08,,5.0,3.7,0.14,0.71,0.1,3.2,4.8,0.4,5.7,82,84,84,76,73
2017-07-04 02:00,2149,69,68,0.00,20,0.06,,5.0,3.6,0.14,0.71,0.1,3.0,4.6,0.0,5.6,80,83,83,76,74
2017-07-04 03:00,2149,69,68,0.00,19,0.04,,4.8,3.6,0.14,0.71,0.3,2.9,4.1,0.0,5.6,79,82,82,76,73
2017-07-04 04:00,2149,69,68,0.00,20,2.76,,5.7,4.1,0.14,0.71,0.0,2.8,4.0,0.0,5.6,77,81,82,76,73
2017-07-04 05:00,2149,69,65,0.00,21,13.21,,4.9,3.3,0.15,0.69,0.1,3.0,4.0,0.0,6.0,76,80,80,76,73
2017-07-04 06:00,2149,80,65,0.00,28,182.50,,5.3,2.5,0.17,0.74,0.1,2.9,3.8,0.0,5.7,75,79,80,76,73
2017-07-04 07:00,2149,82,80,0.00,16,447.00,,1.4,0.0,0.15,1.05,0.0,2.9,4.3,0.0,6.0,74,79,79,76,73
2017-07-04 08:00,2149,85,82,0.00,14,594.30,,0.0,0.0,0.14,1.13,0.0,2.7,4.2,0.8,6.0,73,78,79,76,74
2017-07-04 09:00,2149,87,85,0.00,12,710.40,,10.0,2.2,0.14,1.24,0.0,2.9,3.9,0.5,5.7,74,77,78,76,74
2017-07-04 10:00,2149,89,87,0.00,11,787.70,,10.8,3.8,0.15,1.35,0.0,2.2,4.0,0.0,5.7,77,76,78,76,74
2017-07-04 11:00,2149,91,89,0.00,10,822.00,,13.9,5.3,0.14,1.44,0.1,2.2,4.2,0.0,5.4,80,76,78,76,74
2017-07-04 12:00,2149,94,91,0.00,9,811.00,,11.6,3.9,0.13,1.55,0.1,2.7,4.0,0.4,5.4,84,77,78,76,74
2017-07-04 13:00,2149,95,94,0.00,9,768.20,,13.4,3.4,0.12,1.62,0.0,2.9,3.7,0.4,5.7,87,79,79,76,74
2017-07-04 14:00,2149,95,94,0.00,6,679.50,,10.1,2.3,0.11,1.64,0.1,3.0,4.2,0.4,5.5,90,80,80,76,74
2017-07-04 15:00,2149,95,94,0.00,6,560.20,,12.6,3.0,0.09,1.65,0.3,2.8,4.3,0.4,5.5,92,82,81,76,74
2017-07-04 16:00,2149,95,93,0.00,5,416.10,,12.3,4.4,0.09,1.62,0.3,3.0,4.3,0.8,5.5,94,83,82,76,74
2017-07-04 17:00,2149,93,90,0.00,6,258.80,,11.2,5.0,0.10,1.53,0.3,3.0,4.0,0.4,5.5,96,85,83,76,74
2017-07-04 18:00,2149,90,84,0.00,8,100.30,,10.1,3.0,0.12,1.33,0.3,2.7,4.2,0.4,5.5,96,86,84,76,74
2017-07-04 19:00,2149,84,80,0.00,11,4.30,,7.9,2.4,0.13,1.07,1.0,3.2,4.3,0.4,5.5,96,87,85,76,74
2017-07-04 20:00,2149,80,76,0.00,12,0.02,,6.7,3.8,0.12,0.99,0.5,3.2,4.3,0.4,5.5,94,87,86,76,74
2017-07-04 21:00,2149,77,76,0.00,12,0.09,,5.7,4.0,0.11,0.92,0.6,3.2,4.3,0.0,5.7,92,87,86,76,74
2017-07-04 22:00,2149,77,75,0.00,11,0.15,,8.1,3.4,0.10,0.91,0.4,3.4,4.3,0.0,5.4,89,87,86,76,74
2017-07-04 23:00,2149,76,73,0.00,11,0.14,,5.2,3.2,0.10,0.86,0.1,3.0,4.6,0.0,5.4,87,86,85,76,74
2017-07-05 00:00,2149,74,70,0.00,12,0.12,,5.6,3.8,0.09,0.81,0.1,2.8,4.2,0.0,5.4,84,85,85,76,74
2017-07-05 01:00,2149,72,69,0.00,13,0.09,,6.2,4.1,0.09,0.74,0.1,3.0,4.2,0.0,5.7,82,84,83,76,74
2017-07-05 02:00,2149,72,69,0.00,13,0.07,,8.3,5.2,0.11,0.74,0.3,2.8,4.4,0.0,5.7,80,83,83,76,74
2017-07-05 03:00,2149,71,69,0.00,15,0.07,,8.1,4.7,0.11,0.74,0.0,2.8,4.5,0.0,5.7,79,82,82,76,74
2017-07-05 04:00,2149,71,68,0.00,14,2.85,,7.0,4.3,0.11,0.74,0.1,2.7,4.3,0.0,5.7,77,82,82,76,74
2017-07-05 05:00,2149,72,68,0.00,18,13.29,,6.3,4.1,0.13,0.74,0.1,2.9,4.2,0.0,5.6,76,80,81,76,74
2017-07-05 06:00,2149,77,69,0.00,17,178.80,,5.1,2.9,0.15,0.78,0.0,3.2,3.7,0.0,5.6,75,80,80,76,74
2017-07-05 07:00,2149,83,77,0.00,15,444.10,,7.8,2.6,0.14,1.03,0.0,2.7,4.2,0.0,5.6,74,79,80,77,74
2017-07-05 08:00,2149,88,83,0.00,13,590.10,,6.8,1.3,0.15,1.20,0.0,2.2,4.3,0.0,5.7,73,78,79,76,74
2017-07-05 09:00,2149,89,88,0.00,11,705.90,,5.8,0.6,0.14,1.34,0.0,2.8,3.9,0.5,5.1,75,77,78,77,74
2017-07-05 10:00,2149,92,89,0.00,10,802.00,,8.3,0.9,0.12,1.45,0.1,2.8,4.0,0.0,5.7,77,77,78,77,74
2017-07-05 11:00,2149,94,91,0.00,8,721.10,,10.9,2.5,0.12,1.55,0.3,2.8,4.0,0.0,5.4,81,77,78,76,74
2017-07-05 12:00,2149,91,88,0.00,7,303.80,,17.7,5.8,0.13,1.39,0.1,2.9,3.9,0.8,5.9,85,78,79,77,74
2017-07-05 13:00,2149,93,89,0.00,10,521.80,,9.0,1.2,0.15,1.44,0.5,2.7,3.9,0.8,5.5,87,79,80,76,74
2017-07-05 14:00,2149,93,90,0.00,9,490.10,,14.4,3.6,0.16,1.48,0.3,2.9,3.8,0.8,5.5,89,80,80,76,74
2017-07-05 15:00,2149,93,89,0.00,10,189.50,,7.2,1.1,0.15,1.44,0.4,3.0,4.2,0.4,5.5,89,82,81,76,74
2017-07-05 16:00,2149,89,85,0.00,11,130.40,,11.8,3.5,0.16,1.32,0.1,2.8,4.0,0.4,5.5,90,82,82,76,74
2017-07-05 17:00,2149,87,84,0.00,14,122.50,,9.3,2.7,0.17,1.24,0.4,2.8,4.2,0.4,5.7,90,83,82,76,74
2017-07-05 18:00,2149,86,82,0.00,13,38.36,,4.1,0.4,0.17,1.18,0.4,3.3,4.6,0.8,5.5,90,84,83,76,74
2017-07-05 19:00,2149,82,80,0.00,16,5.21,,7.8,3.4,0.18,1.05,0.3,2.8,4.4,0.8,5.5,89,85,83,76,74
2017-07-05 20:00,2149,80,76,0.00,18,0.04,,5.8,3.1,0.19,0.95,0.5,3.3,4.4,0.0,4.9,87,84,82,76,74
2017-07-05 21:00,2149,79,76,0.00,19,0.10,,6.7,3.6,0.18,0.95,0.1,2.8,4.6,0.4,5.4,86,84,83,76,74
2017-07-05 22:00,2149,78,75,0.00,20,0.11,,6.8,3.8,0.20,0.94,0.1,2.8,4.2,0.4,5.4,84,84,83,76,74
2017-07-05 23:00,2149,76,72,0.00,25,0.14,,8.7,5.7,0.22,0.90,0.1,3.0,4.4,0.4,5.4,82,83,82,76,74
2017-07-06 00:00,2149,73,72,0.00,29,0.15,,10.1,5.5,0.22,0.80,0.3,2.7,4.0,0.4,5.4,81,82,82,76,74
2017-07-06 01:00,2149,73,71,0.00,28,0.12,,9.5,6.2,0.22,0.80,0.0,2.9,3.8,0.0,6.0,80,82,82,76,74
2017-07-06 02:00,2149,71,71,0.00,29,0.12,,12.0,6.9,0.22,0.76,0.1,2.9,4.0,0.0,5.7,78,81,80,76,74
2017-07-06 03:00,2149,72,71,0.00,29,0.12,,12.1,7.7,0.22,0.78,0.1,2.7,4.3,0.0,5.7,77,80,80,76,74
2017-07-06 04:00,2149,72,71,0.00,29,2.35,,11.5,7.6,0.22,0.79,0.1,2.7,4.1,0.4,5.7,76,80,80,76,74
2017-07-06 05:00,2149,74,72,0.00,28,37.20,,13.2,7.4,0.22,0.82,0.0,2.9,3.6,0.0,5.6,76,79,80,76,74
2017-07-06 06:00,2149,77,74,0.00,27,163.10,,12.4,7.6,0.23,0.86,0.0,2.5,4.1,0.0,5.6,75,78,79,76,74
2017-07-06 07:00,2149,82,77,0.00,25,418.80,,13.6,7.3,0.24,0.98,0.0,2.5,3.8,0.0,5.7,75,78,78,76,74
2017-07-06 08:00,2149,85,82,0.00,23,568.10,,10.9,3.7,0.24,1.14,0.0,2.3,4.0,0.4,5.7,75,77,78,76,74
2017-07-06 09:00,2149,90,85,0.00,19,697.40,,10.4,2.4,0.23,1.30,0.0,2.5,4.0,0.0,5.7,76,77,78,76,74
2017-07-06 10:00,2149,92,89,0.00,16,793.50,,6.3,0.5,0.20,1.42,0.1,2.5,3.8,0.3,5.4,78,77,77,76,74
2017-07-06 11:00,2149,93,92,0.00,13,861.00,,10.1,2.0,0.19,1.53,0.3,2.5,3.8,0.8,5.7,81,77,78,76,74
2017-07-06 12:00,2149,95,93,0.00,12,862.00,,13.4,2.5,0.17,1.61,0.1,2.8,3.8,0.8,5.5,85,78,78,76,74
2017-07-06 13:00,2149,97,92,0.00,9,628.70,,9.0,0.9,0.16,1.67,0.5,2.2,3.6,0.3,5.5,88,79,79,76,74
2017-07-06 14:00,2149,95,92,0.00,12,619.00,,11.7,3.0,0.18,1.61,0.1,2.7,3.9,0.3,5.9,91,80,80,76,74
2017-07-06 15:00,2149,92,89,0.00,10,98.30,,10.2,4.4,0.17,1.44,0.6,2.9,4.1,0.3,5.7,93,82,82,76,74
2017-07-06 16:00,2149,92,87,0.00,14,315.50,,12.1,5.4,0.20,1.39,0.5,2.8,4.0,0.3,5.5,94,84,82,76,74
2017-07-06 17:00,2149,93,91,0.00,12,287.60,,14.7,5.7,0.18,1.53,0.4,3.3,4.3,0.3,5.7,94,85,83,76,74
2017-07-06 18:00,2149,91,86,0.00,12,105.70,,9.3,4.1,0.19,1.41,0.6,3.0,4.0,0.3,5.7,93,86,84,76,74
2017-07-06 19:00,2149,86,70,0.03,16,4.52,,15.8,6.3,0.29,1.08,0.6,3.0,4.2,0.8,5.7,93,86,85,76,74
2017-07-06 20:00,2149,75,70,0.00,66,0.13,,15.9,5.1,0.41,0.82,0.1,2.7,4.2,0.3,5.5,92,86,85,76,74
2017-07-06 21:00,2149,75,72,0.00,43,0.13,,7.7,4.9,0.35,0.83,0.0,3.0,4.2,0.3,5.5,89,86,85,76,74
2017-07-06 22:00,2149,75,72,0.00,41,0.14,,9.4,5.4,0.30,0.84,0.1,3.3,4.4,0.3,5.4,85,86,84,76,74
2017-07-06 23:00,2149,74,73,0.00,33,0.16,,9.4,5.2,0.27,0.84,0.1,3.0,4.0,0.3,5.4,82,85,84,76,74
2017-07-07 00:00,2149,74,73,0.00,32,0.14,,11.0,5.8,0.26,0.83,0.3,2.9,4.0,0.3,5.4,80,83,83,76,74
2017-07-07 01:00,2149,74,73,0.00,32,0.11,,10.8,5.9,0.26,0.83,0.1,3.2,4.3,0.3,5.4,78,82,82,76,74
2017-07-07 02:00,2149,74,73,0.00,32,0.14,,10.1,5.9,0.26,0.82,0.1,2.7,4.1,0.8,5.4,76,81,82,76,74
2017-07-07 03:00,2149,73,72,0.00,31,0.12,,10.8,6.1,0.26,0.82,0.0,2.9,3.9,0.8,5.7,75,80,80,76,74
2017-07-07 04:00,2149,73,72,0.00,32,2.98,,10.1,5.3,0.26,0.81,0.0,2.5,3.8,0.8,5.7,74,79,80,76,74
2017-07-07 05:00,2149,73,71,0.00,33,20.56,,6.9,4.8,0.26,0.78,0.0,2.3,4.0,0.8,5.7,73,78,79,76,74
2017-07-07 06:00,2149,78,73,0.00,33,164.90,,8.9,4.7,0.27,0.86,0.0,2.5,3.4,0.3,5.7,72,77,78,76,74
2017-07-07 07:00,2149,82,78,0.00,28,427.20,,9.2,4.7,0.27,1.02,0.0,2.8,4.1,0.4,5.7,71,76,78,76,74
2017-07-07 08:00,2149,87,82,0.00,24,596.30,,8.6,3.8,0.27,1.15,0.0,2.1,4.1,0.8,5.7,71,76,77,76,74
2017-07-07 09:00,2149,90,87,0.00,20,738.50,,6.5,1.0,0.24,1.32,0.0,2.3,3.6,0.3,5.4,73,75,77,76,74
2017-07-07 10:00,2149,93,90,0.00,16,843.00,,7.0,0.2,0.20,1.49,0.1,2.7,3.2,0.3,5.7,76,75,76,76,74
2017-07-07 11:00,2149,96,93,0.00,12,907.00,,14.5,3.0,0.18,1.64,0.1,2.7,3.5,0.3,5.5,79,75,77,76,74
2017-07-07 12:00,2149,97,96,0.00,10,907.00,,13.7,4.7,0.16,1.76,0.5,2.1,3.6,0.3,5.5,83,76,77,76,74
2017-07-07 13:00,2149,98,97,0.00,9,827.00,,11.6,3.2,0.16,1.81,0.1,2.5,4.1,0.3,5.7,87,77,78,76,74
2017-07-07 14:00,2149,98,92,0.00,9,665.10,,14.1,4.0,0.17,1.79,0.8,2.2,3.6,0.5,5.7,90,79,79,76,74
2017-07-07 15:00,2149,93,92,0.00,12,303.20,,14.8,4.1,0.18,1.54,0.7,3.2,4.0,0.5,5.7,92,81,80,76,74
2017-07-07 16:00,2149,92,89,0.00,11,183.40,,14.6,4.8,0.18,1.50,0.4,2.9,3.9,0.5,5.7,94,83,82,76,74
2017-07-07 17:00,2149,89,85,0.00,14,76.78,,17.3,4.5,0.19,1.35,0.4,2.8,4.1,0.5,5.9,94,85,83,76,74
2017-07-07 18:00,2149,87,85,0.00,16,26.19,,24.0,11.7,0.18,1.23,0.4,2.8,4.0,0.5,5.7,93,85,83,76,74
2017-07-07 19:00,2149,87,85,0.00,13,2.18,,10.8,3.8,0.17,1.27,0.5,3.3,4.3,0.3,5.7,91,86,83,76,74
2017-07-07 20:00,2149,87,83,0.00,13,0.01,,10.0,3.6,0.17,1.22,0.3,3.3,3.8,0.3,5.5,89,86,84,76,74
2017-07-07 21:00,2149,83,76,0.00,15,0.02,,7.1,3.1,0.19,1.04,0.3,2.8,4.3,0.3,5.5,87,85,84,76,74
2017-07-07 22:00,2149,78,76,0.00,24,0.09,,10.5,3.3,0.21,0.92,0.7,2.8,4.0,0.3,5.9,85,85,83,76,74
2017-07-07 23:00,2149,78,73,0.00,23,0.14,,9.1,3.4,0.23,0.89,0.6,3.0,4.0,0.3,5.7,83,84,83,76,74
2017-07-08 00:00,2149,76,75,0.00,26,0.12,,12.7,6.6,0.23,0.89,0.1,3.4,4.5,0.3,5.7,82,83,83,76,74
2017-07-08 01:00,2149,75,74,0.00,26,0.12,,10.4,5.9,0.23,0.87,0.8,2.9,3.9,0.3,5.4,80,82,82,76,74
2017-07-08 02:00,2149,75,73,0.00,27,0.15,,7.3,4.8,0.23,0.87,0.3,2.9,4.1,0.3,5.4,79,82,82,76,74
2017-07-08 03:00,2149,73,72,0.00,28,0.16,,6.6,4.1,0.24,0.81,0.5,2.9,3.9,0.3,5.4,78,81,81,76,74
2017-07-08 04:00,2149,73,71,0.00,29,2.70,,5.9,4.2,0.24,0.79,0.0,2.7,4.1,0.3,5.4,77,80,80,76,74
2017-07-08 05:00,2149,71,71,0.00,32,18.98,,5.8,3.8,0.25,0.77,0.0,2.7,3.8,0.0,5.7,76,80,80,76,74
2017-07-08 06:00,2149,79,71,0.00,33,164.20,,6.6,3.7,0.26,0.82,0.3,2.2,4.0,0.8,5.7,75,79,79,76,74
2017-07-08 07:00,2149,83,79,0.00,26,431.20,,7.0,3.0,0.27,1.04,0.0,2.5,3.8,0.8,5.1,74,78,79,76,74
2017-07-08 08:00,2149,87,83,0.00,24,596.90,,6.0,0.4,0.25,1.22,0.0,2.8,3.4,0.8,5.4,74,77,78,76,74
2017-07-08 09:00,2149,92,87,0.00,17,739.70,,7.6,0.2,0.20,1.40,0.3,2.5,3.8,0.3,5.7,75,77,78,76,74
2017-07-08 10:00,2149,95,92,0.00,12,839.00,,9.8,3.0,0.19,1.59,0.0,2.5,3.8,0.3,5.5,78,76,77,76,74
2017-07-08 11:00,2149,97,95,0.00,11,897.00,,13.3,5.3,0.18,1.70,0.4,2.5,3.8,0.3,5.5,82,77,78,76,74
2017-07-08 12:00,2149,98,96,0.00,10,912.00,,13.4,4.4,0.17,1.79,0.6,2.8,3.4,0.3,5.9,85,78,78,76,74
2017-07-08 13:00,2149,99,97,0.00,9,860.00,,13.1,3.3,0.16,1.82,0.3,2.7,4.3,0.3,5.9,89,79,79,76,74
2017-07-08 14:00,2149,100,98,0.00,9,753.50,,12.4,3.4,0.16,1.87,0.5,2.9,3.8,0.3,5.9,91,81,80,76,74
2017-07-08 15:00,2149,99,96,0.00,8,528.80,,10.3,2.2,0.15,1.83,0.4,3.0,4.1,0.5,5.0,93,82,82,76,74
2017-07-08 16:00,2149,98,96,0.00,9,418.30,,13.5,3.7,0.16,1.75,0.8,3.0,4.0,0.5,5.5,95,84,82,76,74
2017-07-08 17:00,2149,96,94,0.00,9,263.00,,14.5,4.9,0.16,1.67,0.8,2.5,4.0,0.5,5.5,96,86,83,76,74
2017-07-08 18:00,2149,94,89,0.00,10,106.20,,10.0,3.2,0.16,1.52,0.8,2.7,4.6,0.5,5.5,97,87,85,76,74
2017-07-08 19:00,2149,89,86,0.00,12,6.90,,9.2,2.4,0.17,1.30,0.8,3.4,4.2,0.3,5.5,96,87,86,76,74
2017-07-08 20:00,2149,87,83,0.00,13,0.00,,6.7,2.1,0.16,1.23,0.8,3.2,4.3,0.3,5.9,95,88,86,76,74
2017-07-08 21:00,2149,84,80,0.00,14,0.02,,5.1,1.8,0.17,1.11,0.6,3.2,4.4,0.3,5.9,92,88,86,76,74
2017-07-08 22:00,2149,81,79,0.00,16,0.04,,5.4,1.2,0.18,1.04,0.7,3.4,4.4,0.3,5.7,90,87,86,76,74
2017-07-08 23:00,2149,82,78,0.00,19,0.05,,6.6,2.6,0.18,1.02,0.3,3.4,4.4,0.3,5.7,88,87,86,76,74
2017-07-09 00:00,2149,82,78,0.00,15,0.08,,5.4,2.8,0.17,1.04,0.3,3.0,4.6,0.3,5.5,86,86,85,76,74
2017-07-09 01:00,2149,80,78,0.00,19,0.10,,5.2,2.4,0.18,1.00,0.6,3.2,4.0,0.3,5.5,85,85,85,76,74
2017-07-09 02:00,2149,78,77,0.00,19,0.06,,6.6,3.4,0.18,0.96,0.1,3.0,4.2,0.3,5.5,83,85,84,76,74
2017-07-09 03:00,2149,80,77,0.00,18,0.09,,5.6,2.6,0.18,0.95,0.1,3.0,4.4,0.3,5.5,82,84,83,76,74
2017-07-09 04:00,2149,80,75,0.00,16,3.35,,8.7,3.9,0.18,0.93,0.3,2.8,4.2,0.3,5.5,81,83,83,77,74
2017-07-09 05:00,2149,78,76,0.00,20,27.73,,6.5,3.7,0.19,0.93,0.3,2.8,4.4,0.3,5.9,80,82,82,77,74
2017-07-09 06:00,2149,83,76,0.00,22,147.80,,6.0,2.8,0.19,0.98,0.0,3.0,4.0,0.8,5.9,79,82,82,77,74
2017-07-09 07:00,2149,87,83,0.00,15,345.50,,2.7,0.0,0.18,1.25,0.5,2.7,3.8,0.8,5.7,78,81,81,77,74
2017-07-09 08:00,2149,88,85,0.00,16,278.80,,3.6,0.1,0.20,1.23,0.3,2.9,4.0,0.3,5.5,78,80,81,77,74
2017-07-09 09:00,2149,88,86,0.00,15,298.00,,7.1,2.7,0.19,1.30,0.0,2.9,4.3,0.8,5.5,78,80,80,77,74
2017-07-09 10:00,2149,92,88,0.00,14,728.90,,10.6,3.8,0.19,1.41,0.0,2.7,3.9,0.8,5.7,79,80,80,77,74
2017-07-09 11:00,2149,96,92,0.00,13,844.00,,12.5,4.4,0.19,1.54,0.3,2.7,3.9,0.3,5.9,81,80,80,77,74
2017-07-09 12:00,2149,96,93,0.00,12,756.20,,11.0,4.0,0.19,1.64,0.1,2.9,3.9,0.3,5.9,83,80,80,77,74
2017-07-09 13:00,2149,95,92,0.00,11,500.60,,10.9,2.4,0.18,1.59,0.6,2.9,3.9,0.3,5.5,87,80,80,77,74
2017-07-09 14:00,2149,92,83,0.00,12,122.20,,14.9,4.2,0.21,1.40,0.3,3.4,4.2,0.3,5.5,90,82,81,77,74
2017-07-09 15:00,2149,89,83,0.00,24,160.80,,12.2,4.9,0.24,1.25,0.3,2.8,4.3,0.3,5.5,91,82,82,77,74
2017-07-09 16:00,2149,89,88,0.00,16,90.60,,6.4,0.5,0.21,1.35,0.3,3.0,4.4,0.3,5.3,90,84,83,77,74
2017-07-09 17:00,2149,88,85,0.00,14,35.21,,13.6,3.5,0.22,1.26,0.8,3.0,4.2,0.3,5.9,89,85,83,77,74
2017-07-09 18:00,2149,85,83,0.00,19,17.31,,17.1,6.0,0.24,1.19,0.3,3.0,4.2,0.3,5.9,87,85,83,77,74
2017-07-09 19:00,2149,83,81,0.00,21,1.83,,9.1,1.5,0.25,1.10,0.6,3.0,4.2,0.3,5.9,86,84,83,77,74
2017-07-09 20:00,2149,82,79,0.00,24,0.02,,8.5,2.8,0.28,1.04,0.0,3.0,4.2,0.3,5.7,85,84,83,77,75
2017-07-09 21:00,2149,79,75,0.00,28,0.04,,3.9,2.7,0.27,0.95,0.1,2.8,4.2,0.3,5.7,84,84,83,77,74
2017-07-09 22:00,2149,75,73,0.00,31,0.14,,4.9,2.4,0.27,0.86,0.4,2.8,3.5,0.3,5.5,83,83,82,77,74
2017-07-09 23:00,2149,75,73,0.00,32,0.15,,5.3,3.5,0.27,0.84,0.3,2.8,4.0,0.3,5.5,82,83,82,77,74
2017-07-10 00:00,2149,73,72,0.00,34,0.15,,5.1,3.9,0.28,0.80,0.5,3.4,4.3,0.3,5.5,80,82,82,77,75
2017-07-10 01:00,2149,72,71,0.00,36,0.14,,5.2,4.0,0.28,0.78,0.0,3.4,3.8,0.3,5.9,79,82,82,77,75
2017-07-10 02:00,2149,72,72,0.00,36,0.11,,5.5,4.1,0.28,0.79,0.3,2.7,4.0,0.8,5.7,78,81,81,77,75
2017-07-10 03:00,2149,72,71,0.00,36,0.11,,4.8,3.8,0.28,0.78,0.3,2.9,3.9,0.8,5.4,77,80,80,77,74
2017-07-10 04:00,2149,72,70,0.00,37,2.75,,4.6,3.0,0.28,0.77,0.1,3.2,4.1,0.3,5.4,76,80,80,77,74
2017-07-10 05:00,2149,72,70,0.00,38,26.41,,4.7,3.3,0.27,0.76,0.1,2.7,4.1,0.3,5.4,75,79,80,77,75
2017-07-10 06:00,2149,81,71,0.00,38,229.50,,4.1,1.1,0.30,0.84,0.3,2.7,3.9,0.8,5.4,74,78,79,77,75
2017-07-10 07:00,2149,83,80,0.00,27,408.60,,0.0,0.0,0.28,1.06,0.3,2.2,3.4,0.3,5.4,74,78,79,77,75
2017-07-10 08:00,2149,85,83,0.00,25,567.50,,6.0,0.2,0.27,1.17,0.0,2.8,4.0,0.3,5.7,74,77,78,77,75
2017-07-10 09:00,2149,88,84,0.00,22,569.90,,9.3,1.3,0.26,1.23,0.1,2.3,4.0,0.3,5.5,75,76,78,77,75
2017-07-10 10:00,2149,91,88,0.00,20,851.00,,11.1,2.8,0.25,1.38,0.3,2.3,3.8,0.3,5.5,77,76,78,77,74
2017-07-10 11:00,2149,93,91,0.00,17,880.00,,13.0,2.7,0.23,1.46,0.5,2.3,3.5,0.3,5.9,80,77,77,77,75
2017-07-10 12:00,2149,93,91,0.00,14,754.90,,11.1,1.7,0.22,1.53,0.1,2.2,4.0,0.5,5.3,84,77,78,77,75
2017-07-10 13:00,2149,95,92,0.00,15,788.30,,10.8,2.0,0.22,1.60,0.6,2.9,3.8,0.3,5.3,87,79,79,76,75
2017-07-10 14:00,2149,94,91,0.00,13,329.50,,10.5,2.0,0.19,1.54,0.3,2.9,3.9,0.5,5.5,90,80,80,76,75
2017-07-10 15:00,2149,96,93,0.00,13,618.30,,13.1,5.1,0.19,1.66,0.7,3.0,3.9,0.5,5.5,92,82,81,76,75
2017-07-10 16:00,2149,96,93,0.00,11,497.50,,11.6,4.4,0.19,1.64,0.7,2.8,4.2,0.5,5.7,92,83,82,76,75
2017-07-10 17:00,2149,94,92,0.00,12,382.00,,13.6,5.2,0.19,1.56,0.6,3.0,4.0,0.5,5.7,94,85,83,76,75
2017-07-10 18:00,2149,92,85,0.00,13,176.90,,12.5,5.2,0.21,1.41,0.6,3.4,4.2,0.5,5.7,94,85,84,76,75
2017-07-10 19:00,2149,85,82,0.00,21,10.00,,10.7,4.1,0.26,1.14,0.6,3.2,4.4,0.3,5.7,95,86,85,76,75
2017-07-10 20:00,2149,82,79,0.00,24,0.01,,6.8,2.9,0.26,1.05,1.0,3.0,4.2,0.5,5.5,94,87,85,76,75
2017-07-10 21:00,2149,79,77,0.00,27,0.05,,4.8,2.0,0.25,0.99,0.3,2.7,4.6,0.5,5.5,92,87,85,76,75
2017-07-10 22:00,2149,78,75,0.00,27,0.10,,4.3,2.4,0.25,0.92,0.5,3.0,4.3,0.5,5.0,90,87,85,76,75
2017-07-10 23:00,2149,77,75,0.00,27,0.13,,5.1,2.8,0.25,0.92,0.6,3.0,4.0,0.3,5.0,87,86,85,76,75
2017-07-11 00:00,2149,75,73,0.00,27,0.15,,4.1,2.5,0.24,0.84,0.1,3.4,3.8,0.5,5.7,86,86,85,76,75
2017-07-11 01:00,2149,74,72,0.00,27,0.15,,4.8,3.0,0.20,0.83,0.4,3.0,4.4,0.3,5.7,84,85,84,76,74
2017-07-11 02:00,2149,72,70,0.00,25,0.11,,5.2,3.7,0.19,0.79,0.3,2.8,4.2,0.3,5.7,82,84,83,77,75
2017-07-11 03:00,2149,74,70,0.00,25,0.10,,6.0,3.4,0.18,0.78,0.0,3.2,4.4,0.3,5.5,80,83,83,77,75
2017-07-11 04:00,2149,73,71,0.00,20,2.03,,6.0,3.0,0.17,0.79,0.1,2.7,3.7,0.3,5.5,79,82,82,77,75
2017-07-11 05:00,2149,73,70,0.00,20,17.08,,6.8,3.8,0.17,0.79,0.3,2.9,4.0,0.3,5.5,78,82,82,77,75
2017-07-11 06:00,2149,80,70,0.00,22,169.80,,8.7,3.9,0.15,0.85,0.1,2.9,3.9,0.3,5.5,77,81,81,77,75
2017-07-11 07:00,2149,84,78,0.00,13,389.80,,7.6,0.9,0.15,1.06,0.1,2.7,3.9,0.3,5.5,76,80,80,77,75
2017-07-11 08:00,2149,86,84,0.00,11,623.00,,5.4,0.4,0.14,1.23,0.0,2.9,3.6,0.3,5.9,75,79,80,77,75
2017-07-11 09:00,2149,89,86,0.00,10,764.30,,7.9,0.8,0.13,1.28,0.3,2.2,3.2,0.3,5.9,76,79,79,77,75
2017-07-11 10:00,2149,90,88,0.00,10,863.00,,9.9,1.7,0.13,1.34,0.4,2.8,3.4,0.3,5.3,79,78,79,77,75
2017-07-11 11:00,2149,92,89,0.00,9,907.00,,8.6,1.9,0.13,1.42,0.5,2.4,3.8,0.3,5.5,82,78,79,77,75
2017-07-11 12:00,2149,94,92,0.00,9,902.00,,13.0,2.5,0.14,1.53,0.4,2.2,3.8,0.3,5.5,86,79,79,77,75
2017-07-11 13:00,2149,95,93,0.00,9,856.00,,11.0,2.8,0.13,1.59,0.6,2.7,3.9,0.3,5.7,89,80,80,77,75
2017-07-11 14:00,2149,95,92,0.00,8,725.10,,12.3,3.1,0.13,1.59,0.8,2.9,4.1,0.5,5.3,91,82,81,77,75
2017-07-11 15:00,2149,94,93,0.00,9,605.00,,13.0,4.5,0.14,1.58,0.3,3.0,3.6,0.5,5.3,93,83,82,77,75
2017-07-11 16:00,2149,93,91,0.00,9,440.30,,15.8,6.1,0.15,1.54,0.7,3.3,4.3,0.5,5.3,95,85,83,77,75
2017-07-11 17:00,2149,91,89,0.00,10,264.50,,10.8,4.7,0.15,1.47,0.6,3.0,4.2,0.5,5.3,96,86,85,77,75
2017-07-11 18:00,2149,89,84,0.00,11,100.90,,8.9,3.2,0.15,1.30,0.6,3.0,4.4,0.5,5.3,96,87,85,77,75
2017-07-11 19:00,2149,84,78,0.00,13,4.08,,3.0,0.3,0.15,1.05,0.1,3.0,4.0,0.5,5.3,96,88,86,77,75
2017-07-11 20:00,2149,78,75,0.00,16,0.10,,4.7,1.1,0.15,0.92,1.0,2.7,4.0,0.5,5.3,94,88,86,77,75
2017-07-11 21:00,2149,75,73,0.00,17,0.18,,4.8,3.2,0.15,0.86,0.5,2.7,4.1,0.3,5.5,92,88,86,77,75
2017-07-11 22:00,2149,74,72,0.00,17,0.14,,4.5,2.9,0.14,0.80,0.6,3.0,4.3,0.3,5.5,89,87,86,77,75
2017-07-11 23:00,2149,73,69,0.00,18,0.08,,8.0,3.8,0.14,0.77,0.4,3.4,4.3,0.3,5.5,87,87,86,77,75
2017-07-12 00:00,2149,73,70,0.00,17,0.09,,7.9,4.6,0.13,0.79,0.5,3.0,4.4,0.3,5.5,85,86,85,77,75
2017-07-12 01:00,2149,72,70,0.00,17,0.06,,8.7,5.4,0.12,0.76,0.0,2.8,4.6,0.8,5.9,82,85,85,77,75
2017-07-12 02:00,2149,70,69,0.00,15,0.07,,7.0,4.6,0.11,0.73,0.4,3.0,4.4,0.3,5.3,81,84,84,77,75
2017-07-12 03:00,2149,69,67,0.00,15,0.04,,7.8,4.5,0.10,0.69,0.1,2.9,3.8,0.3,5.3,79,83,83,77,75
2017-07-12 04:00,2149,68,67,0.00,15,2.19,,8.6,4.7,0.10,0.68,0.3,2.9,4.0,0.3,5.7,78,82,82,77,75
2017-07-12 05:00,2149,67,67,0.00,15,16.34,,5.5,3.8,0.10,0.66,0.0,2.7,3.9,0.8,5.9,76,81,82,77,75
2017-07-12 06:00,2149,76,67,0.00,16,162.80,,6.4,3.5,0.11,0.74,0.1,2.9,4.1,0.3,5.7,76,80,80,77,75
2017-07-12 07:00,2149,81,76,0.00,13,437.50,,7.4,1.9,0.12,0.99,0.1,2.5,3.2,0.3,5.9,74,80,80,77,75
2017-07-12 08:00,2149,85,81,0.00,12,600.40,,6.7,1.2,0.11,1.15,0.0,2.8,4.0,0.3,5.9,74,79,80,77,75
2017-07-12 09:00,2149,88,85,0.00,8,738.20,,6.5,0.3,0.11,1.28,0.0,2.5,3.8,0.3,5.3,75,78,79,78,75
2017-07-12 10:00,2149,90,87,0.00,9,837.00,,9.8,0.9,0.14,1.36,0.0,2.5,4.1,0.3,5.5,77,77,78,77,75
2017-07-12 11:00,2149,93,90,0.00,12,886.00,,11.9,2.7,0.17,1.45,0.1,2.5,3.8,0.3,5.5,80,77,79,77,75
2017-07-12 12:00,2149,95,92,0.00,10,909.00,,9.8,3.0,0.17,1.53,0.0,2.5,3.6,0.3,5.3,85,78,79,77,75
2017-07-12 13:00,2149,95,94,0.00,10,871.00,,9.2,2.2,0.15,1.61,0.6,2.5,3.8,0.3,5.3,87,80,80,77,75
2017-07-12 14:00,2149,96,94,0.00,9,790.40,,11.3,2.2,0.14,1.62,0.6,2.7,3.8,0.3,5.3,91,81,80,77,75
2017-07-12 15:00,2149,98,93,0.00,8,571.50,,9.4,1.6,0.14,1.71,0.5,3.2,3.9,0.5,5.3,93,82,82,77,75
2017-07-12 16:00,2149,93,91,0.00,9,203.40,,10.0,2.1,0.14,1.53,0.3,3.4,3.9,0.5,5.3,95,84,83,77,75
2017-07-12 17:00,2149,91,86,0.00,12,82.10,,15.7,7.1,0.19,1.39,0.3,3.3,4.0,0.3,5.3,96,86,84,77,75
2017-07-12 18:00,2149,86,83,0.00,18,25.26,,11.7,3.9,0.24,1.20,0.3,3.0,4.0,0.3,5.3,96,87,85,77,75
2017-07-12 19:00,2149,83,79,0.00,20,2.41,,7.8,2.2,0.25,1.07,0.3,3.0,4.2,0.5,5.3,95,87,86,77,75
2017-07-12 20:00,2149,80,77,0.00,24,0.04,,6.0,2.3,0.25,1.00,0.5,3.5,4.2,0.3,5.3,93,88,86,77,75
2017-07-12 21:00,2149,77,76,0.00,27,0.09,,3.5,0.5,0.25,0.93,0.6,3.0,4.6,0.3,5.7,91,87,86,77,75
2017-07-12 22:00,2149,76,75,0.00,28,0.11,,2.7,1.4,0.25,0.89,0.4,3.0,4.2,0.3,5.5,89,87,86,77,75
2017-07-12 23:00,2149,76,76,0.00,29,0.09,,9.2,3.8,0.26,0.90,0.3,3.3,3.5,0.3,5.5,86,87,85,77,75
2017-07-13 00:00,2149,78,74,0.00,30,0.11,,10.3,5.3,0.26,0.92,0.5,3.0,4.0,0.3,5.5,85,86,85,77,75
2017-07-13 01:00,2149,76,74,0.00,30,0.11,,7.3,3.7,0.24,0.88,0.1,2.7,4.0,0.8,5.5,83,85,85,77,75
2017-07-13 02:00,2149,76,73,0.00,29,0.15,,5.9,3.8,0.24,0.87,0.1,2.9,4.0,0.3,5.5,82,84,83,77,75
2017-07-13 03:00,2149,74,73,0.00,30,0.12,,6.4,4.1,0.24,0.82,0.1,3.2,3.9,0.3,5.3,81,83,83,77,75
2017-07-13 04:00,2149,74,72,0.00,28,1.78,,6.8,4.0,0.23,0.83,0.1,2.7,4.1,0.3,5.9,80,83,82,77,75
2017-07-13 05:00,2149,73,71,0.00,29,26.96,,7.5,3.9,0.24,0.79,0.3,2.9,3.9,0.3,5.9,79,82,82,78,75
2017-07-13 06:00,2149,79,73,0.00,30,166.80,,6.7,3.7,0.25,0.85,0.0,2.9,3.8,0.8,5.9,78,82,82,78,75
2017-07-13 07:00,2149,81,79,0.00,24,413.30,,8.5,3.0,0.23,1.02,0.0,2.5,4.0,0.3,5.7,77,80,81,78,75
2017-07-13 08:00,2149,87,81,0.00,22,585.80,,4.5,0.3,0.23,1.15,0.1,2.3,3.8,0.3,5.3,77,80,80,78,75
2017-07-13 09:00,2149,88,86,0.00,18,617.50,,5.8,0.6,0.22,1.30,0.0,2.5,3.6,0.3,5.5,77,79,80,78,75
2017-07-13 10:00,2149,91,87,0.00,17,833.00,,10.2,1.6,0.21,1.38,0.3,2.5,3.8,0.3,5.5,80,79,80,78,75
2017-07-13 11:00,2149,92,90,0.00,14,900.00,,12.8,4.3,0.19,1.47,0.4,2.5,3.8,0.5,5.3,82,79,80,78,75
2017-07-13 12:00,2149,94,92,0.00,13,922.00,,12.0,2.7,0.20,1.54,0.5,2.5,3.8,0.3,5.3,86,80,80,78,75
2017-07-13 13:00,2149,95,93,0.00,12,883.00,,11.5,4.0,0.18,1.63,0.4,2.8,4.1,0.3,5.3,89,80,81,78,75
2017-07-13 14:00,2149,94,87,0.00,11,337.00,,17.2,5.8,0.19,1.49,0.6,2.9,4.0,0.5,5.6,92,82,82,78,75
2017-07-13 15:00,2149,87,86,0.00,14,111.70,,14.6,6.8,0.20,1.27,0.5,3.2,3.8,0.5,5.3,94,84,83,78,75
2017-07-13 16:00,2149,89,85,0.00,14,236.00,,13.4,3.8,0.18,1.33,0.5,2.7,4.1,0.5,5.3,94,85,84,77,75
2017-07-13 17:00,2149,85,84,0.00,16,43.76,,29.4,8.2,0.18,1.19,0.3,3.0,3.9,0.3,5.3,94,86,85,77,75
2017-07-13 18:00,2149,86,81,0.00,16,40.32,,11.1,2.9,0.17,1.19,0.6,2.8,3.6,0.5,5.3,92,87,85,77,75
2017-07-13 19:00,2149,81,80,0.00,20,3.55,,10.9,5.2,0.21,1.06,0.1,2.8,4.5,0.5,5.3,91,87,86,77,75
2017-07-13 20:00,2149,80,77,0.00,21,0.04,,8.2,4.8,0.22,1.01,0.4,3.0,4.3,0.3,5.3,89,87,85,77,75
2017-07-13 21:00,2149,78,77,0.00,23,0.12,,8.5,4.6,0.22,0.94,0.0,3.0,3.9,0.5,5.7,87,86,85,77,75
2017-07-13 22:00,2149,77,75,0.00,23,0.15,,6.8,4.5,0.22,0.89,0.5,2.9,3.9,0.3,5.5,86,86,85,77,75
2017-07-13 23:00,2149,76,73,0.00,24,0.15,,7.2,4.4,0.22,0.88,0.1,2.9,4.1,0.5,5.5,84,85,85,77,75
2017-07-14 00:00,2149,73,72,0.00,26,0.14,,6.2,4.1,0.22,0.82,0.6,2.7,3.9,0.3,5.5,82,85,84,78,75
2017-07-14 01:00,2149,73,72,0.00,27,0.13,,7.3,4.6,0.23,0.81,0.1,2.7,3.8,0.3,5.5,81,83,83,78,75
2017-07-14 02:00,2149,72,69,0.00,30,0.11,,7.0,4.5,0.24,0.76,0.3,2.2,4.0,0.3,5.3,80,83,82,78,75
2017-07-14 03:00,2149,72,70,0.00,30,0.11,,6.1,4.2,0.23,0.76,0.0,2.2,4.3,0.3,5.3,78,82,82,78,75
2017-07-14 04:00,2149,71,69,0.00,32,2.21,,6.4,4.1,0.23,0.74,0.1,2.5,3.6,0.3,5.3,77,81,82,78,75
2017-07-14 05:00,2149,72,71,0.00,31,16.51,,8.6,5.5,0.24,0.78,0.1,2.5,3.8,0.3,5.0,76,80,80,78,75
2017-07-14 06:00,2149,76,70,0.00,31,156.50,,8.4,4.9,0.25,0.79,0.4,2.5,4.3,0.3,5.9,76,80,80,78,75
2017-07-14 07:00,2149,81,76,0.00,27,432.70,,7.4,3.5,0.25,0.98,0.0,2.8,3.6,0.3,5.7,75,79,80,78,75
2017-07-14 08:00,2149,85,81,0.00,23,601.50,,6.8,0.9,0.24,1.14,0.0,2.1,3.5,0.3,5.3,74,79,79,78,75
2017-07-14 09:00,2149,89,85,0.00,18,742.40,,7.3,0.5,0.22,1.27,0.1,2.3,3.8,0.3,5.5,75,78,79,78,75
2017-07-14 10:00,2149,91,89,0.00,14,844.00,,11.8,2.2,0.20,1.41,0.0,2.3,4.0,0.3,5.5,78,77,79,78,75
2017-07-14 11:00,2149,93,90,0.00,13,897.00,,13.7,4.0,0.18,1.49,0.1,2.7,4.3,0.5,5.7,82,78,79,78,75
2017-07-14 12:00,2149,95,93,0.00,11,903.00,,9.4,3.1,0.17,1.60,0.1,2.5,3.8,0.5,5.3,85,78,79,78,75
2017-07-14 13:00,2149,96,95,0.00,9,847.00,,10.4,3.5,0.16,1.67,0.0,2.5,3.8,0.5,5.3,88,80,80,78,75
2017-07-14 14:00,2149,97,94,0.00,9,751.90,,11.4,2.8,0.15,1.69,0.1,2.8,3.7,0.5,5.3,91,81,81,78,75
2017-07-14 15:00,2149,97,95,0.00,9,615.60,,12.9,2.1,0.15,1.70,0.6,2.2,4.1,0.5,5.6,93,83,82,78,75
2017-07-14 16:00,2149,97,94,0.00,8,353.50,,9.7,1.4,0.15,1.67,0.3,3.2,3.9,0.5,5.6,95,85,83,77,75
2017-07-14 17:00,2149,95,93,0.00,9,259.20,,9.2,3.5,0.17,1.63,1.0,2.9,3.8,0.5,4.9,96,86,84,77,75
2017-07-14 18:00,2149,93,88,0.00,13,90.50,,5.7,1.6,0.20,1.49,0.7,3.0,3.9,0.5,5.6,97,87,85,77,75
2017-07-14 19:00,2149,88,85,0.00,16,2.98,,7.5,4.3,0.20,1.27,1.0,3.0,4.1,0.5,5.6,97,88,86,77,75
2017-07-14 20:00,2149,86,84,0.00,17,0.00,,13.2,7.7,0.19,1.22,0.5,2.8,3.9,0.5,5.3,96,89,87,77,75
2017-07-14 21:00,2149,84,82,0.00,17,0.01,,12.2,6.6,0.22,1.15,0.6,2.8,4.5,0.5,5.3,94,89,87,77,75
2017-07-14 22:00,2149,82,80,0.00,22,0.04,,9.3,5.1,0.25,1.07,0.1,3.0,4.5,0.5,5.3,91,88,87,77,75
2017-07-14 23:00,2149,80,77,0.00,25,0.07,,7.6,4.1,0.26,0.98,0.4,3.0,3.9,0.5,5.3,89,87,86,77,75
2017-07-15 00:00,2149,77,75,0.00,28,0.11,,7.8,4.6,0.26,0.92,0.5,2.9,4.1,0.5,5.3,87,87,86,78,75
2017-07-15 01:00,2149,76,75,0.00,30,0.14,,6.8,4.6,0.27,0.88,0.1,2.9,3.6,0.5,5.7,85,86,86,77,75
2017-07-15 02:00,2149,75,71,0.00,30,0.12,,6.7,4.2,0.26,0.84,0.1,2.7,3.6,0.5,5.7,83,86,85,78,75
2017-07-15 03:00,2149,72,71,0.00,33,0.10,,6.9,4.5,0.26,0.79,0.1,2.9,4.0,0.5,5.5,82,85,84,78,75
2017-07-15 04:00,2149,72,70,0.00,33,2.00,,5.8,3.9,0.25,0.76,0.3,2.5,4.3,0.3,5.5,80,83,83,78,75
2017-07-15 05:00,2149,72,70,0.00,35,13.47,,5.9,4.2,0.26,0.76,0.0,2.8,3.6,0.5,5.5,79,83,83,78,75
2017-07-15 06:00,2149,78,72,0.00,33,155.30,,7.4,3.8,0.26,0.83,0.1,2.5,4.1,0.5,5.5,78,82,82,78,76
2017-07-15 07:00,2149,85,78,0.00,26,430.90,,1.0,0.0,0.25,1.07,0.1,2.5,3.7,0.3,5.5,77,81,82,78,75
2017-07-15 08:00,2149,87,85,0.00,18,597.50,,0.0,0.0,0.23,1.24,0.4,2.8,3.9,0.3,5.5,76,80,81,78,75
2017-07-15 09:00,2149,91,87,0.00,18,739.30,,0.0,0.0,0.22,1.35,0.1,2.5,3.9,0.3,5.7,77,80,80,78,76
2017-07-15 10:00,2149,92,90,0.00,14,839.00,,8.6,1.3,0.19,1.47,0.3,2.7,3.4,0.5,5.3,80,79,80,78,76
2017-07-15 11:00,2149,95,92,0.00,12,892.00,,10.5,3.0,0.18,1.59,0.1,2.3,4.3,0.5,5.3,83,80,80,78,76
2017-07-15 12:00,2149,97,95,0.00,10,892.00,,9.9,2.3,0.16,1.69,0.0,2.1,3.9,0.5,5.6,87,80,80,78,76
2017-07-15 13:00,2149,97,96,0.00,9,839.00,,12.1,2.7,0.16,1.77,0.4,2.5,3.9,0.5,5.6,90,81,82,78,76
2017-07-15 14:00,2149,98,97,0.00,9,740.20,,11.2,1.9,0.15,1.79,0.1,2.8,4.0,0.5,4.9,92,82,82,78,76
2017-07-15 15:00,2149,100,97,0.00,7,524.60,,9.2,1.1,0.14,1.83,0.6,2.2,3.8,0.5,5.3,94,84,83,78,76
2017-07-15 16:00,2149,98,96,0.00,8,351.80,,9.4,2.6,0.15,1.75,0.5,2.7,4.1,0.5,5.3,96,86,85,78,76
2017-07-15 17:00,2149,96,94,0.00,10,264.80,,13.2,6.1,0.17,1.70,1.0,2.9,4.0,0.5,5.3,98,87,86,78,76
2017-07-15 18:00,2149,94,89,0.00,11,39.44,,17.8,7.3,0.17,1.45,0.3,3.4,4.3,0.5,5.5,98,89,86,78,76
2017-07-15 19:00,2149,89,88,0.00,12,1.28,,13.2,7.4,0.16,1.35,0.3,3.0,4.1,0.5,5.9,97,89,87,78,76
2017-07-15 20:00,2149,88,82,0.00,12,0.00,,14.3,8.1,0.17,1.21,0.9,3.0,4.1,0.5,5.6,96,89,87,78,76
2017-07-15 21:00,2149,85,80,0.00,13,0.02,,14.4,9.2,0.18,1.10,0.8,3.0,3.9,0.5,5.6,94,89,87,78,76
2017-07-15 22:00,2149,80,78,0.00,21,0.02,,16.9,9.7,0.21,1.02,0.4,3.4,4.1,0.5,5.3,91,89,87,78,76
2017-07-15 23:00,2149,78,76,0.00,21,0.06,,15.4,9.0,0.20,0.96,0.5,2.9,4.1,0.5,5.3,89,88,87,78,76
2017-07-16 00:00,2149,76,74,0.00,22,0.13,,12.5,6.2,0.20,0.86,0.1,2.9,3.9,0.5,5.3,87,87,86,78,76
2017-07-16 01:00,2149,76,74,0.00,23,0.16,,14.7,8.2,0.18,0.87,0.3,2.7,3.8,0.5,5.3,85,87,86,78,76
2017-07-16 02:00,2149,76,75,0.00,19,0.13,,14.4,7.0,0.16,0.88,0.3,2.9,4.0,0.3,5.7,83,86,85,78,76
2017-07-16 03:00,2149,78,74,0.00,18,0.11,,15.3,7.3,0.16,0.92,0.3,2.8,4.1,0.5,5.7,82,85,85,78,76
2017-07-16 04:00,2149,80,74,0.00,21,3.68,,14.4,7.1,0.15,0.95,0.0,2.8,3.8,0.3,5.5,80,84,83,78,76
2017-07-16 05:00,2149,80,76,0.00,15,43.14,,12.2,6.0,0.18,0.95,0.2,2.5,4.1,0.3,5.5,80,83,83,78,76
2017-07-16 06:00,2149,78,76,0.00,26,155.30,,13.0,7.3,0.22,0.94,0.2,2.5,3.7,0.3,5.5,79,82,82,78,76
2017-07-16 07:00,2149,84,78,0.00,22,409.70,,12.1,7.3,0.21,1.05,0.2,2.8,3.9,0.3,5.5,79,82,82,78,76
2017-07-16 08:00,2149,88,83,0.00,17,522.00,,12.7,4.8,0.21,1.17,0.2,2.1,3.9,0.3,5.7,79,81,82,79,76
2017-07-16 09:00,2149,90,87,0.00,14,590.30,,10.4,2.8,0.19,1.34,0.2,2.3,3.9,0.5,5.3,79,81,82,79,76
2017-07-16 10:00,2149,93,90,0.00,13,848.00,,7.3,1.1,0.18,1.47,0.0,2.7,3.9,0.5,5.3,81,80,81,79,76
2017-07-16 11:00,2149,95,92,0.00,11,792.60,,9.6,1.3,0.17,1.62,0.1,2.3,3.9,0.5,5.6,84,80,81,79,76
2017-07-16 12:00,2149,95,92,0.00,11,525.80,,12.1,2.4,0.17,1.57,0.1,2.1,3.9,0.5,5.6,87,81,82,79,76
2017-07-16 13:00,2149,95,93,0.00,11,451.50,,6.4,1.0,0.17,1.60,0.5,2.8,4.0,0.5,5.6,90,82,82,78,76
2017-07-16 14:00,2149,94,91,0.00,11,254.20,,7.3,1.5,0.17,1.57,0.4,2.5,3.9,0.5,5.3,92,83,82,79,76
2017-07-16 15:00,2149,91,77,0.00,12,157.00,,20.8,6.5,0.25,1.28,0.4,2.8,3.7,0.5,5.3,92,85,84,78,76
2017-07-16 16:00,2149,92,86,0.00,18,249.70,,12.7,3.7,0.22,1.36,0.4,2.2,4.1,0.5,5.6,93,86,85,78,76
2017-07-16 17:00,2149,93,89,0.00,14,212.40,,11.1,2.2,0.20,1.47,0.0,3.0,4.1,0.5,5.3,91,86,85,78,76
2017-07-16 18:00,2149,89,86,0.00,17,59.37,,9.1,4.2,0.23,1.29,0.5,3.0,4.1,0.5,4.9,90,86,85,78,76
2017-07-16 19:00,2149,86,83,0.00,18,4.21,,10.5,4.1,0.23,1.20,0.5,3.0,3.9,0.5,4.9,89,86,85,78,76
2017-07-16 20:00,2149,85,82,0.00,22,0.01,,10.5,5.5,0.27,1.14,0.5,3.0,4.1,0.5,5.6,88,86,85,78,76
2017-07-16 21:00,2149,82,80,0.00,25,0.04,,8.4,4.7,0.26,1.07,0.1,2.2,4.1,0.5,5.6,87,86,85,78,76
2017-07-16 22:00,2149,80,76,0.00,25,0.11,,8.4,4.8,0.26,0.96,0.1,2.8,4.1,0.5,5.3,86,86,85,78,76
2017-07-16 23:00,2149,78,76,0.00,26,0.15,,9.8,5.6,0.21,0.95,0.3,2.8,3.7,0.5,5.3,84,85,84,78,76
2017-07-17 00:00,2149,77,74,0.00,23,0.15,,10.4,5.8,0.21,0.89,0.3,2.3,3.2,0.5,5.3,82,85,84,78,76
2017-07-17 01:00,2149,75,74,0.00,24,0.13,,12.4,7.5,0.20,0.86,0.0,2.5,3.9,0.5,5.3,82,84,83,78,76
2017-07-17 02:00,2149,74,72,0.00,22,0.15,,11.0,6.3,0.19,0.84,0.2,2.1,4.1,0.3,5.3,80,83,83,78,76
2017-07-17 03:00,2149,72,71,0.00,24,0.13,,10.1,6.1,0.19,0.79,0.2,2.5,3.6,0.5,5.3,79,82,82,78,76
2017-07-17 04:00,2149,71,70,0.00,24,1.42,,9.2,5.8,0.19,0.75,0.1,2.1,4.1,0.5,5.5,78,82,82,79,76
2017-07-17 05:00,2149,70,69,0.00,25,11.78,,9.0,5.9,0.18,0.73,0.4,2.7,3.7,0.5,5.5,77,81,81,78,76
2017-07-17 06:00,2149,75,70,0.00,24,157.00,,8.8,5.1,0.17,0.77,0.0,3.0,3.9,0.5,5.5,76,80,80,79,76
2017-07-17 07:00,2149,81,75,0.00,20,449.20,,6.8,3.6,0.18,0.97,0.3,2.5,3.5,0.3,5.5,75,80,80,78,76
2017-07-17 08:00,2149,87,81,0.00,18,616.80,,6.9,2.3,0.15,1.18,0.0,2.7,3.2,0.5,5.7,75,79,80,79,76
2017-07-17 09:00,2149,90,87,0.00,9,761.70,,4.5,0.3,0.12,1.35,0.3,2.0,3.6,0.5,5.3,75,78,79,78,76
2017-07-17 10:00,2149,92,89,0.00,9,865.00,,11.6,3.3,0.13,1.43,0.0,2.2,3.9,0.5,5.3,78,78,79,79,76
2017-07-17 11:00,2149,94,92,0.00,9,916.00,,12.6,3.8,0.13,1.54,0.0,2.0,3.9,0.5,5.3,82,78,79,79,76
2017-07-17 12:00,2149,96,92,0.00,8,915.00,,13.5,2.9,0.13,1.62,0.6,2.0,3.6,0.5,5.6,85,79,79,78,76
2017-07-17 13:00,2149,97,95,0.00,8,842.00,,13.8,4.1,0.12,1.71,0.5,2.5,3.6,0.5,4.9,88,80,80,78,76
2017-07-17 14:00,2149,96,95,0.00,7,758.60,,17.6,6.1,0.12,1.70,0.4,2.1,3.2,0.5,5.3,91,82,81,78,76
2017-07-17 15:00,2149,95,94,0.00,7,610.70,,16.5,6.4,0.13,1.65,0.1,2.8,3.7,0.0,5.5,93,83,82,78,76
2017-07-17 16:00,2149,94,92,0.00,9,436.80,,15.2,6.8,0.15,1.59,0.6,2.5,3.9,0.5,5.5,95,85,83,78,76
2017-07-17 17:00,2149,92,88,0.00,10,262.50,,14.2,7.4,0.15,1.44,0.5,2.5,3.9,0.0,5.5,96,86,85,78,76
2017-07-17 18:00,2149,89,84,0.00,11,95.80,,10.5,3.8,0.14,1.30,0.5,3.0,3.7,0.0,5.5,96,87,86,78,76
2017-07-17 19:00,2149,84,79,0.00,11,1.94,,7.4,2.7,0.13,1.08,0.5,2.8,4.1,0.5,5.5,96,88,86,78,76
2017-07-17 20:00,2149,79,75,0.00,13,0.10,,5.6,3.6,0.12,0.92,0.6,2.8,3.9,0.0,4.9,94,88,86,78,76
2017-07-17 21:00,2149,76,73,0.00,14,0.18,,5.8,4.4,0.12,0.86,0.4,2.8,3.9,0.0,4.9,92,88,87,78,76
2017-07-17 22:00,2149,76,72,0.00,15,0.15,,5.7,3.8,0.12,0.85,0.5,3.0,3.9,0.0,4.9,89,88,86,78,76
2017-07-17 23:00,2149,74,71,0.00,15,0.11,,6.0,3.7,0.12,0.80,0.1,2.2,4.1,0.5,5.6,87,87,86,78,76
2017-07-18 00:00,2149,74,68,0.00,13,0.06,,7.6,3.5,0.11,0.76,0.1,2.8,3.5,0.5,5.3,85,86,85,78,76
2017-07-18 01:00,2149,69,67,0.00,14,0.03,,7.0,4.2,0.09,0.69,0.3,2.3,3.6,0.5,5.3,82,85,85,78,76
2017-07-18 02:00,2149,70,67,0.00,11,0.02,,7.6,4.6,0.08,0.71,0.2,2.5,3.9,0.5,5.3,80,85,84,78,76
2017-07-18 03:00,2149,69,66,0.00,13,0.01,,6.8,4.4,0.09,0.68,0.0,2.1,3.7,0.5,5.3,79,83,83,78,76
2017-07-18 04:00,2149,68,65,0.00,13,1.68,,6.9,4.4,0.08,0.66,0.0,2.3,3.7,0.5,5.3,77,82,82,78,76
2017-07-18 05:00,2149,69,66,0.00,13,11.15,,5.5,3.8,0.08,0.66,0.3,3.0,3.9,0.5,5.3,76,82,82,78,76
2017-07-18 06:00,2149,78,69,0.00,12,158.20,,6.2,2.8,0.08,0.81,0.0,2.5,3.5,0.5,5.3,75,80,81,78,76
2017-07-18 07:00,2149,84,78,0.00,9,456.80,,3.6,0.6,0.09,1.02,0.1,2.7,3.2,0.5,5.3,74,79,80,79,76
2017-07-18 08:00,2149,86,83,0.00,8,629.30,,7.9,0.3,0.08,1.19,0.1,2.0,3.9,0.5,5.3,73,79,80,79,76
2017-07-18 09:00,2149,90,86,0.00,5,771.20,,8.7,1.4,0.07,1.31,0.3,1.7,3.5,0.5,5.3,74,78,79,79,76
2017-07-18 10:00,2149,90,89,0.00,6,874.00,,12.7,3.7,0.09,1.43,0.0,2.0,3.2,0.5,5.9,76,77,79,79,76
2017-07-18 11:00,2149,93,90,0.00,7,927.00,,11.7,4.9,0.10,1.49,0.2,2.0,3.2,0.5,4.9,80,77,79,78,76
2017-07-18 12:00,2149,95,93,0.00,6,916.00,,12.2,4.2,0.10,1.62,0.3,2.5,3.2,0.0,5.3,84,78,79,78,76
2017-07-18 13:00,2149,96,94,0.00,6,865.00,,13.0,3.1,0.10,1.65,0.4,2.7,3.4,0.0,5.5,87,79,80,78,76
2017-07-18 14:00,2149,97,94,0.00,6,754.10,,11.8,2.4,0.11,1.66,0.5,2.5,3.6,0.0,5.5,90,81,80,78,76
2017-07-18 15:00,2149,96,94,0.00,9,605.40,,13.9,5.4,0.15,1.66,0.4,2.3,3.4,0.0,5.5,92,82,82,78,76
2017-07-18 16:00,2149,94,92,0.00,10,432.10,,12.8,6.9,0.16,1.57,0.1,2.8,3.9,0.0,5.5,94,84,83,78,76
2017-07-18 17:00,2149,92,89,0.00,10,254.50,,12.0,5.7,0.16,1.46,0.6,2.5,3.9,0.3,5.5,96,85,84,78,76
2017-07-18 18:00,2149,89,83,0.00,11,89.90,,8.9,2.3,0.15,1.33,0.6,2.8,3.9,0.0,5.0,96,86,85,78,76
2017-07-18 19:00,2149,83,77,0.00,13,1.85,,4.4,0.9,0.15,1.06,0.8,2.2,3.6,0.0,5.5,96,87,86,78,76
2017-07-18 20:00,2149,77,75,0.00,17,0.12,,4.1,2.7,0.16,0.94,0.5,3.0,3.7,0.0,5.5,94,88,86,78,76
2017-07-18 21:00,2149,75,73,0.00,18,0.15,,4.2,3.2,0.16,0.85,0.2,2.2,4.3,0.0,5.3,92,88,87,78,76
2017-07-18 22:00,2149,74,72,0.00,19,0.08,,8.2,4.3,0.15,0.84,0.1,2.2,3.7,0.0,5.3,90,87,86,78,76
2017-07-18 23:00,2149,72,70,0.00,18,0.06,,7.4,4.5,0.15,0.76,0.4,2.8,3.2,0.0,4.9,87,87,86,78,76
2017-07-19 00:00,2149,73,71,0.00,19,0.04,,8.9,5.4,0.13,0.78,0.3,3.0,3.9,0.0,5.9,85,86,86,78,76
2017-07-19 01:00,2149,72,70,0.00,17,0.04,,7.3,4.2,0.13,0.77,0.2,2.5,4.1,0.0,5.6,83,86,85,78,76
2017-07-19 02:00,2149,71,69,0.00,17,0.04,,6.1,4.1,0.14,0.74,0.2,2.1,3.9,0.5,5.9,81,85,84,78,76
2017-07-19 03:00,2149,72,69,0.00,20,0.01,,9.1,4.9,0.14,0.74,0.0,2.7,3.7,0.5,4.9,80,83,83,78,76
2017-07-19 04:00,2149,71,69,0.00,15,1.13,,9.8,6.2,0.12,0.73,0.4,3.0,3.9,0.8,5.6,78,82,82,78,76
2017-07-19 05:00,2149,69,67,0.00,16,10.99,,10.6,6.5,0.12,0.69,0.0,2.5,3.5,0.5,5.3,77,82,82,78,76
2017-07-19 06:00,2149,74,68,0.00,17,149.40,,10.8,6.7,0.12,0.74,0.1,2.8,3.6,0.5,5.3,76,80,82,78,76
2017-07-19 07:00,2149,80,74,0.00,14,432.40,,8.9,5.5,0.13,0.90,0.1,2.0,3.9,0.5,5.3,75,80,80,78,76
2017-07-19 08:00,2149,84,80,0.00,12,604.90,,8.7,3.9,0.13,1.09,0.1,2.3,3.7,0.5,5.3,75,79,80,79,76
2017-07-19 09:00,2149,88,84,0.00,11,750.10,,6.7,0.8,0.13,1.27,0.1,2.0,3.2,0.5,4.9,75,78,80,78,76
2017-07-19 10:00,2149,90,87,0.00,10,859.00,,12.7,2.1,0.14,1.38,0.0,2.3,3.5,0.0,5.3,77,78,79,79,76
2017-07-19 11:00,2149,92,90,0.00,10,913.00,,11.0,4.2,0.14,1.48,0.0,2.3,3.5,0.0,5.5,81,78,79,79,76
2017-07-19 12:00,2149,94,92,0.00,9,911.00,,12.0,3.9,0.13,1.55,0.0,2.5,3.2,0.0,5.5,85,79,80,78,76
2017-07-19 13:00,2149,95,94,0.00,9,852.00,,13.2,5.1,0.14,1.60,0.4,2.0,3.2,0.0,5.5,88,80,80,78,76
2017-07-19 14:00,2149,95,94,0.00,8,741.30,,11.8,3.4,0.14,1.64,0.1,2.5,3.5,0.3,5.0,90,82,81,78,76
2017-07-19 15:00,2149,96,94,0.00,8,600.50,,11.1,2.9,0.14,1.67,0.2,2.7,3.6,0.0,5.0,93,83,82,78,76
2017-07-19 16:00,2149,95,94,0.00,8,426.30,,10.6,2.0,0.13,1.65,0.5,2.8,3.2,0.0,5.3,95,85,83,78,76
2017-07-19 17:00,2149,95,92,0.00,8,252.40,,9.0,3.0,0.14,1.61,0.9,2.5,3.7,0.0,5.3,96,86,85,78,76
2017-07-19 18:00,2149,92,86,0.00,10,81.70,,10.5,4.6,0.17,1.43,0.6,2.8,3.7,0.0,5.0,97,87,86,78,76
2017-07-19 19:00,2149,86,82,0.00,14,1.69,,10.2,5.2,0.19,1.23,0.6,3.0,3.9,0.0,5.3,97,88,86,78,76
2017-07-19 20:00,2149,82,79,0.00,17,0.02,,6.3,2.4,0.19,1.07,0.5,3.0,3.9,0.3,5.0,96,89,87,78,76
2017-07-19 21:00,2149,80,76,0.00,18,0.12,,4.3,1.3,0.18,0.99,0.2,2.2,3.6,0.0,5.0,94,89,87,78,76
2017-07-19 22:00,2149,76,74,0.00,19,0.17,,4.7,2.8,0.17,0.87,0.1,2.8,4.3,0.0,5.5,91,88,87,78,76
2017-07-19 23:00,2149,74,72,0.00,18,0.13,,5.0,2.9,0.15,0.83,0.4,2.8,3.9,0.0,5.5,89,87,87,78,76
2017-07-20 00:00,2149,73,71,0.00,18,0.08,,4.8,3.6,0.15,0.78,0.3,2.5,3.9,0.0,5.5,86,87,86,78,76
2017-07-20 01:00,2149,72,71,0.00,21,0.03,,6.4,4.2,0.14,0.77,0.2,2.5,3.9,0.5,5.5,84,86,86,78,76
2017-07-20 02:00,2149,71,69,0.00,19,0.04,,5.4,4.1,0.15,0.75,0.2,2.1,3.7,0.0,5.3,82,85,85,78,76
2017-07-20 03:00,2149,71,69,0.00,18,0.02,,5.8,4.0,0.14,0.74,0.0,2.1,3.9,0.5,4.9,80,84,84,78,76
2017-07-20 04:00,2149,69,68,0.00,20,1.40,,5.2,3.8,0.14,0.71,0.4,2.7,3.5,0.5,4.9,79,83,83,78,76
2017-07-20 05:00,2149,69,67,0.00,21,11.43,,5.2,3.8,0.15,0.69,0.1,2.5,3.3,0.5,4.9,78,82,83,79,76
2017-07-20 06:00,2149,77,69,0.00,21,141.20,,5.3,3.0,0.15,0.74,0.1,2.5,3.9,0.5,5.6,77,82,82,79,76
2017-07-20 07:00,2149,80,77,0.00,15,432.20,,4.1,0.4,0.14,0.96,0.1,2.0,3.5,0.5,5.6,76,80,81,79,76
2017-07-20 08:00,2149,84,80,0.00,14,601.90,,2.3,0.0,0.14,1.10,0.3,2.5,3.5,0.0,5.3,75,80,80,79,76
2017-07-20 09:00,2149,86,84,0.00,12,748.20,,9.3,1.6,0.14,1.22,0.3,1.7,3.7,0.5,5.3,76,79,80,79,76
2017-07-20 10:00,2149,88,86,0.00,13,847.00,,11.0,3.0,0.16,1.28,0.1,2.3,3.3,0.0,5.5,78,79,80,79,76
2017-07-20 11:00,2149,90,87,0.00,12,899.00,,11.4,3.6,0.15,1.36,0.0,2.3,3.3,0.0,5.5,82,78,80,79,76
2017-07-20 12:00,2149,92,89,0.00,11,897.00,,11.7,3.7,0.15,1.44,0.2,2.0,3.3,0.0,5.0,85,79,80,79,76
2017-07-20 13:00,2149,93,91,0.00,10,844.00,,12.2,3.3,0.16,1.52,0.4,2.2,3.5,0.0,5.0,88,80,80,79,76
2017-07-20 14:00,2149,94,93,0.00,10,740.70,,10.2,3.1,0.16,1.58,0.1,2.5,3.2,0.3,5.3,90,82,82,79,76
2017-07-20 15:00,2149,95,94,0.00,10,596.00,,10.5,3.6,0.16,1.62,0.6,2.3,3.2,0.0,5.5,93,83,82,79,76
2017-07-20 16:00,2149,95,93,0.00,10,422.40,,10.7,3.2,0.16,1.62,0.5,2.1,3.6,0.0,5.3,95,85,83,79,76
2017-07-20 17:00,2149,93,92,0.00,10,246.40,,11.4,2.2,0.16,1.55,0.1,2.9,3.2,0.3,5.3,96,86,85,78,76
2017-07-20 18:00,2149,92,85,0.00,11,60.09,,9.4,4.7,0.15,1.36,0.1,3.0,3.7,0.3,5.3,97,87,86,78,76
2017-07-20 19:00,2149,85,83,0.00,12,2.26,,10.8,5.9,0.14,1.15,0.5,2.8,3.9,0.3,5.3,96,88,86,78,76
2017-07-20 20:00,2149,83,80,0.00,12,0.05,,11.2,5.6,0.14,1.10,0.5,2.8,3.4,0.0,5.3,95,89,87,78,76
2017-07-20 21:00,2149,80,75,0.00,13,0.11,,7.5,3.6,0.13,0.97,0.6,2.6,3.9,0.0,5.3,93,89,87,78,76
2017-07-20 22:00,2149,76,75,0.00,14,0.18,,6.3,4.3,0.12,0.89,0.1,2.8,4.3,0.0,5.0,90,88,87,78,76
2017-07-20 23:00,2149,75,71,0.00,14,0.10,,5.1,3.4,0.11,0.82,0.1,3.0,3.9,0.0,5.0,88,87,87,78,76
2017-07-21 00:00,2149,72,71,0.00,12,0.06,,8.7,4.3,0.09,0.78,0.0,2.5,3.7,0.0,5.5,86,87,86,78,76
2017-07-21 01:00,2149,72,70,0.00,11,0.03,,7.6,4.7,0.09,0.77,0.2,2.1,3.9,0.0,5.5,84,86,86,79,76
2017-07-21 02:00,2149,71,69,0.00,12,0.03,,8.4,5.1,0.09,0.73,0.0,2.7,3.2,0.5,5.5,82,85,85,78,76
2017-07-21 03:00,2149,70,70,0.00,14,0.02,,9.1,5.9,0.10,0.74,0.4,2.7,3.4,0.0,5.5,80,84,84,79,76
2017-07-21 04:00,2149,70,69,0.00,15,1.30,,9.9,6.0,0.11,0.73,0.1,2.6,3.6,0.0,5.5,79,83,83,79,76
2017-07-21 05:00,2149,69,69,0.00,16,12.29,,9.1,4.8,0.12,0.72,0.1,2.8,3.5,0.5,5.3,78,82,82,79,76
2017-07-21 06:00,2149,74,69,0.00,18,137.60,,8.1,5.1,0.13,0.75,0.1,2.0,3.2,0.5,5.3,76,81,82,79,76
2017-07-21 07:00,2149,78,74,0.00,14,425.50,,9.8,4.9,0.13,0.91,0.0,2.5,3.5,0.5,5.3,76,80,81,79,76
2017-07-21 08:00,2149,83,78,0.00,13,598.60,,6.6,1.8,0.13,1.03,0.0,2.3,3.5,0.5,5.5,75,80,80,79,76
2017-07-21 09:00,2149,88,83,0.00,12,744.30,,6.4,0.7,0.14,1.20,0.0,2.3,3.0,0.5,5.5,76,79,80,79,76
2017-07-21 10:00,2149,89,86,0.00,9,867.00,,12.5,3.6,0.13,1.33,0.1,2.3,3.0,0.8,5.0,78,78,80,79,76
2017-07-21 11:00,2149,90,89,0.00,9,742.00,,12.0,5.8,0.12,1.42,0.4,1.8,3.3,0.0,5.0,81,78,80,79,76
2017-07-21 12:00,2149,94,88,0.00,8,763.80,,13.1,4.4,0.12,1.43,0.4,2.3,3.3,0.0,5.5,85,79,80,79,76
2017-07-21 13:00,2149,94,91,0.00,8,713.20,,11.1,4.5,0.13,1.54,0.0,2.5,3.0,0.3,5.5,87,80,81,79,76
2017-07-21 14:00,2149,96,94,0.00,8,755.70,,10.9,2.8,0.14,1.63,0.4,2.8,3.7,0.3,5.5,90,82,82,79,76
2017-07-21 15:00,2149,96,95,0.00,8,591.30,,10.3,2.3,0.14,1.68,0.4,2.6,3.5,0.3,5.5,92,83,82,79,76
2017-07-21 16:00,2149,96,94,0.00,9,413.50,,11.6,2.9,0.15,1.68,0.9,3.0,3.2,0.3,5.5,94,84,83,79,76
2017-07-21 17:00,2149,94,90,0.00,9,237.20,,13.0,4.9,0.15,1.56,0.5,2.7,3.6,0.3,5.7,96,86,84,79,76
2017-07-21 18:00,2149,90,85,0.00,10,74.55,,10.4,5.4,0.15,1.37,0.5,2.9,3.4,0.3,5.5,96,87,85,79,76
2017-07-21 19:00,2149,85,83,0.00,12,1.66,,10.2,5.9,0.14,1.18,0.5,2.5,3.9,0.0,5.7,96,87,86,79,76
2017-07-21 20:00,2149,83,78,0.00,12,0.06,,8.4,4.1,0.14,1.08,0.2,2.5,3.7,0.3,5.3,95,88,87,78,76
2017-07-21 21:00,2149,78,75,0.00,14,0.15,,5.8,3.5,0.14,0.96,0.2,2.5,3.7,0.0,5.3,92,88,87,78,76
2017-07-21 22:00,2149,75,73,0.00,15,0.16,,5.4,3.6,0.14,0.86,0.0,2.5,3.7,0.0,5.0,90,87,87,78,76
2017-07-21 23:00,2149,73,71,0.00,16,0.09,,5.6,4.2,0.13,0.80,0.7,2.9,3.9,0.3,5.0,87,87,86,79,76
2017-07-22 00:00,2149,73,71,0.00,16,0.06,,5.6,3.6,0.13,0.79,0.2,2.5,3.9,0.0,5.0,85,86,86,79,76
2017-07-22 01:00,2149,72,71,0.00,16,0.03,,6.4,4.9,0.12,0.76,0.0,2.7,3.6,0.0,5.0,83,85,85,79,76
2017-07-22 02:00,2149,72,69,0.00,15,0.02,,6.5,3.8,0.13,0.74,0.4,2.6,3.6,0.0,5.5,82,85,85,79,76
2017-07-22 03:00,2149,71,69,0.00,17,0.03,,5.8,4.3,0.12,0.75,0.1,2.8,3.4,0.0,5.5,80,83,84,79,76
2017-07-22 04:00,2149,70,69,0.00,17,1.21,,5.7,4.2,0.13,0.73,0.1,2.0,3.2,0.5,5.5,79,82,83,79,76
2017-07-22 05:00,2149,70,68,0.00,18,11.36,,5.4,3.8,0.13,0.72,0.3,2.2,3.7,0.5,5.5,77,82,82,79,76
2017-07-22 06:00,2149,77,68,0.00,20,136.60,,6.8,4.1,0.13,0.72,0.0,2.2,3.0,0.5,5.5,76,81,82,79,76
2017-07-22 07:00,2149,81,77,0.00,14,427.60,,5.6,2.0,0.13,1.00,0.0,2.3,3.0,0.5,5.5,75,80,81,79,76
2017-07-22 08:00,2149,85,81,0.00,13,596.90,,5.6,1.0,0.14,1.12,0.0,2.3,3.3,0.8,5.5,75,79,80,79,76
2017-07-22 09:00,2149,89,85,0.00,10,741.40,,6.0,0.3,0.12,1.28,0.0,2.1,3.7,0.0,5.0,75,79,80,79,76
2017-07-22 10:00,2149,90,89,0.00,9,844.00,,8.7,1.9,0.12,1.38,0.3,2.3,3.0,0.0,5.0,78,78,80,79,76
2017-07-22 11:00,2149,92,90,0.00,9,894.00,,11.6,4.3,0.13,1.47,0.1,2.0,3.0,0.3,5.3,81,78,80,79,76
2017-07-22 12:00,2149,94,92,0.00,9,892.00,,14.6,4.3,0.15,1.56,0.0,2.1,3.0,0.3,5.3,85,79,80,79,76
2017-07-22 13:00,2149,95,93,0.00,10,841.00,,9.0,1.9,0.15,1.61,0.2,2.3,3.1,0.3,5.3,88,80,80,79,76
2017-07-22 14:00,2149,97,94,0.00,9,735.40,,10.4,1.6,0.14,1.68,0.1,2.2,3.3,0.3,5.3,91,82,82,79,76
2017-07-22 15:00,2149,96,95,0.00,9,593.10,,8.1,1.3,0.15,1.69,0.2,2.8,2.8,0.0,5.7,93,83,82,79,76
2017-07-22 16:00,2149,97,95,0.00,9,423.00,,9.3,1.8,0.15,1.72,0.2,2.6,3.5,0.3,5.7,95,85,83,79,76
2017-07-22 17:00,2149,96,94,0.00,9,248.70,,7.9,1.3,0.16,1.67,0.5,2.7,3.2,0.3,5.7,96,86,85,79,76
2017-07-22 18:00,2149,94,87,0.00,10,55.64,,6.8,2.0,0.16,1.48,0.5,2.9,3.6,0.3,4.9,98,87,86,78,76
2017-07-22 19:00,2149,87,84,0.00,14,1.46,,7.8,3.8,0.18,1.23,0.5,2.5,3.4,0.0,5.5,98,89,86,78,76
2017-07-22 20:00,2149,84,82,0.00,16,0.01,,8.0,4.6,0.19,1.16,0.2,2.6,3.2,0.3,5.5,96,89,87,79,76
2017-07-22 21:00,2149,82,79,0.00,18,0.06,,4.8,2.8,0.19,1.04,0.2,2.6,3.2,0.3,5.3,94,89,87,78,76
2017-07-22 22:00,2149,80,76,0.00,19,0.12,,4.9,2.9,0.20,0.98,0.4,2.9,3.6,0.0,5.0,91,89,87,78,76
2017-07-22 23:00,2149,76,74,0.00,21,0.13,,5.7,3.8,0.19,0.90,0.4,2.9,3.5,0.3,5.5,89,88,87,79,76
2017-07-23 00:00,2149,76,74,0.00,20,0.13,,5.2,3.4,0.17,0.87,0.2,2.4,3.4,0.0,5.5,87,87,86,79,76
2017-07-23 01:00,2149,74,73,0.00,20,0.08,,4.6,3.2,0.17,0.84,0.0,2.7,3.6,0.0,5.0,85,86,86,79,76
2017-07-23 02:00,2149,73,72,0.00,20,0.08,,5.1,3.7,0.17,0.82,0.4,2.6,3.5,0.0,5.0,83,86,85,79,76
2017-07-23 03:00,2149,72,70,0.00,20,0.06,,5.0,3.6,0.17,0.78,0.1,2.6,3.2,0.0,5.0,82,85,85,79,76
2017-07-23 04:00,2149,73,70,0.00,23,1.08,,5.1,3.8,0.17,0.76,0.1,2.0,3.5,0.0,5.0,80,84,84,79,76
2017-07-23 05:00,2149,72,71,0.00,23,11.49,,4.4,2.6,0.17,0.79,0.1,2.5,3.3,0.0,5.5,79,83,83,79,76
2017-07-23 06:00,2149,82,71,0.00,24,132.30,,4.2,2.4,0.19,0.82,0.4,2.5,3.0,0.8,5.5,78,82,82,79,76
2017-07-23 07:00,2149,86,82,0.00,17,421.70,,1.3,0.0,0.17,1.15,0.0,2.0,3.3,0.5,5.5,77,81,82,79,76
2017-07-23 08:00,2149,88,86,0.00,12,591.80,,7.8,1.0,0.16,1.28,0.0,2.3,3.5,0.8,5.0,76,80,82,79,76
2017-07-23 09:00,2149,91,88,0.00,12,737.20,,8.4,1.7,0.17,1.39,0.0,2.1,2.7,0.0,5.0,77,80,80,79,76
2017-07-23 10:00,2149,93,91,0.00,12,844.00,,11.3,4.1,0.18,1.50,0.1,2.4,3.1,0.0,5.5,79,80,80,79,76
2017-07-23 11:00,2149,96,93,0.00,12,906.00,,11.4,4.2,0.19,1.59,0.4,2.1,3.1,0.0,5.3,83,80,80,79,76
2017-07-23 12:00,2149,98,94,0.00,12,910.00,,16.1,3.7,0.19,1.68,0.4,2.1,3.1,0.3,5.5,87,80,80,79,76
2017-07-23 13:00,2149,98,96,0.00,11,863.00,,12.1,2.6,0.19,1.73,0.4,2.3,3.4,0.3,5.7,90,82,82,79,76
2017-07-23 14:00,2149,98,93,0.00,10,483.70,,9.5,2.3,0.18,1.70,0.4,2.5,3.3,0.3,5.7,92,83,82,79,76
2017-07-23 15:00,2149,98,96,0.00,10,489.40,,10.2,1.7,0.17,1.76,0.2,2.0,3.0,0.3,4.9,95,85,83,79,76
2017-07-23 16:00,2149,97,96,0.00,10,492.20,,8.7,2.7,0.18,1.77,0.2,3.0,3.7,0.3,5.1,96,86,85,79,77
2017-07-23 17:00,2149,98,90,0.00,11,263.00,,15.2,6.5,0.20,1.68,0.2,2.7,3.2,0.3,5.1,97,87,86,79,77
2017-07-23 18:00,2149,90,87,0.00,15,38.93,,14.3,5.7,0.23,1.36,0.5,2.1,3.5,0.3,5.1,98,89,86,79,76
2017-07-23 19:00,2149,87,85,0.00,17,1.51,,7.8,3.5,0.23,1.25,0.5,2.9,3.6,0.3,5.7,98,89,87,79,76
2017-07-23 20:00,2149,86,84,0.00,18,0.00,,9.6,2.7,0.24,1.21,0.9,2.6,3.4,0.3,5.5,96,89,88,79,76
2017-07-23 21:00,2149,85,80,0.00,19,0.02,,4.4,2.0,0.24,1.09,0.2,2.6,3.1,0.3,5.5,94,90,88,79,77
2017-07-23 22:00,2149,81,80,0.00,23,0.04,,5.7,3.2,0.25,1.04,0.1,2.9,3.4,0.0,5.3,92,89,88,79,77
2017-07-23 23:00,2149,80,79,0.00,26,0.05,,7.7,4.5,0.27,1.02,0.4,2.1,3.6,0.3,5.5,90,89,87,79,76
2017-07-24 00:00,2149,80,77,0.00,27,0.10,,7.3,3.7,0.27,0.98,0.2,2.4,3.6,0.0,5.5,88,88,87,79,77
2017-07-24 01:00,2149,77,76,0.00,31,0.14,,10.3,4.9,0.29,0.92,0.4,2.7,3.9,0.0,5.5,86,87,86,79,76
2017-07-24 02:00,2149,76,73,0.00,32,0.17,,6.6,4.1,0.30,0.87,0.0,3.0,3.7,0.0,5.3,85,87,86,79,77
2017-07-24 03:00,2149,75,72,0.00,40,0.13,,9.2,5.3,0.32,0.85,0.4,2.6,3.2,0.8,5.0,84,86,86,79,76
2017-07-24 04:00,2149,72,71,0.00,44,1.13,,8.4,5.4,0.34,0.78,0.1,2.6,3.7,0.0,5.0,82,85,85,79,76
2017-07-24 05:00,2149,72,71,0.00,43,15.81,,7.8,4.5,0.33,0.78,0.1,2.0,3.3,0.0,5.0,82,85,84,79,77
2017-07-24 06:00,2149,77,72,0.00,41,132.20,,8.0,4.9,0.32,0.83,0.1,2.3,2.8,0.5,5.0,80,83,84,79,77
2017-07-24 07:00,2149,82,77,0.00,33,408.40,,7.7,3.7,0.30,0.98,0.1,2.0,3.3,0.0,5.5,80,83,83,79,77
2017-07-24 08:00,2149,86,82,0.00,28,579.20,,4.7,0.4,0.29,1.17,0.0,1.7,3.3,0.0,5.0,79,82,82,80,77
2017-07-24 09:00,2149,89,86,0.00,22,730.70,,9.7,2.0,0.27,1.29,0.0,2.3,3.4,0.0,5.5,79,82,82,80,77
2017-07-24 10:00,2149,91,89,0.00,20,842.00,,11.6,4.3,0.27,1.41,0.1,2.3,2.8,0.8,5.5,81,81,82,80,77
2017-07-24 11:00,2149,94,90,0.00,18,852.00,,14.2,4.8,0.26,1.50,0.4,2.6,3.1,0.0,5.5,85,81,82,79,77
2017-07-24 12:00,2149,93,90,0.00,17,928.00,,21.3,9.1,0.27,1.54,0.4,2.3,3.4,0.3,5.5,88,82,82,79,77
2017-07-24 13:00,2149,92,88,0.00,20,934.00,,19.6,11.2,0.29,1.44,0.4,2.5,3.4,0.0,5.7,91,82,83,79,77
2017-07-24 14:00,2149,88,80,0.00,23,237.40,,17.7,10.6,0.32,1.18,0.4,2.0,3.3,0.3,5.7,93,84,83,79,77
2017-07-24 15:00,2149,80,79,0.00,31,130.60,,13.0,7.4,0.32,1.02,0.2,2.6,3.7,0.0,5.1,94,86,85,79,77
2017-07-24 16:00,2149,83,79,0.00,33,274.90,,12.8,5.8,0.32,1.04,0.2,3.0,3.5,0.3,5.7,94,87,85,79,77
2017-07-24 17:00,2149,83,78,0.00,28,126.60,,10.4,5.7,0.33,1.04,0.4,2.4,3.5,0.3,5.7,93,87,86,79,77
2017-07-24 18:00,2149,78,78,0.00,35,33.38,,7.6,4.4,0.34,0.96,0.4,2.7,3.2,0.0,5.7,92,87,86,79,77
2017-07-24 19:00,2149,78,76,0.00,36,1.53,,5.9,2.6,0.35,0.94,0.1,2.7,3.2,0.3,5.7,91,87,86,79,77
2017-07-24 20:00,2149,76,75,0.00,40,0.09,,4.8,2.1,0.37,0.89,0.4,2.7,3.5,0.0,5.5,89,87,86,79,77
2017-07-24 21:00,2149,76,73,0.00,41,0.16,,3.6,1.4,0.37,0.86,0.2,2.6,3.5,0.3,5.3,88,87,86,79,77
2017-07-24 22:00,2149,73,71,0.00,46,0.19,,4.1,2.3,0.37,0.80,0.2,2.6,3.5,0.0,5.3,86,86,86,79,77
2017-07-24 23:00,2149,72,71,0.00,50,0.13,,7.5,3.6,0.38,0.76,0.0,2.6,3.3,0.0,5.5,85,86,85,79,77
2017-07-25 00:00,2149,71,69,0.00,52,0.09,,7.7,4.6,0.40,0.74,0.4,2.0,3.5,0.5,5.0,83,85,85,79,77
2017-07-25 01:00,2149,69,68,0.00,57,0.09,,9.9,4.6,0.41,0.71,0.0,2.0,3.0,0.0,5.3,82,85,85,79,77
2017-07-25 02:00,2149,69,69,0.00,59,0.07,,10.0,5.5,0.43,0.71,0.1,2.5,3.3,0.3,5.0,81,83,84,79,77
2017-07-25 03:00,2149,69,68,0.00,61,0.08,,9.3,5.7,0.43,0.70,0.1,2.0,3.1,0.0,5.0,80,83,83,80,77
2017-07-25 04:00,2149,68,67,0.00,61,0.80,,8.4,4.3,0.42,0.68,0.1,2.1,3.7,0.0,5.0,79,82,83,80,77
2017-07-25 05:00,2149,67,66,0.00,63,12.91,,6.7,4.3,0.43,0.66,0.1,2.3,3.1,0.5,5.0,78,82,82,80,77
2017-07-25 06:00,2149,72,66,0.00,67,125.60,,5.8,2.8,0.43,0.67,0.0,1.8,3.3,0.0,5.5,77,81,82,80,77
2017-07-25 07:00,2149,78,72,0.00,54,404.60,,4.1,0.3,0.42,0.86,0.0,2.6,3.3,0.0,5.0,76,80,82,80,77
2017-07-25 08:00,2149,80,76,0.00,43,474.00,,0.0,0.0,0.40,0.94,0.0,2.4,3.3,0.8,5.7,76,80,80,79,77
2017-07-25 09:00,2149,82,79,0.00,38,639.00,,12.2,2.9,0.38,1.04,0.0,2.6,2.7,0.3,5.0,76,79,80,80,77
2017-07-25 10:00,2149,85,82,0.00,34,814.00,,13.5,5.8,0.37,1.12,0.3,1.9,2.9,0.0,5.0,78,79,80,79,77
2017-07-25 11:00,2149,87,84,0.00,30,791.60,,13.8,7.0,0.36,1.24,0.1,1.9,2.9,0.3,5.3,80,79,80,79,77
2017-07-25 12:00,2149,88,84,0.00,30,863.00,,13.4,6.5,0.35,1.27,0.0,2.4,2.9,0.3,5.5,84,79,80,79,77
2017-07-25 13:00,2149,89,88,0.00,21,823.00,,14.0,5.0,0.29,1.37,0.2,2.1,2.7,0.3,5.5,87,80,80,79,77
2017-07-25 14:00,2149,89,80,0.00,22,258.20,,16.5,7.3,0.32,1.27,0.4,2.3,3.3,0.3,5.7,89,82,82,79,77
2017-07-25 15:00,2149,81,75,0.00,31,83.90,,14.2,7.2,0.36,0.97,0.2,2.5,3.3,0.3,5.5,91,82,82,79,77
2017-07-25 16:00,2149,79,69,0.04,36,45.00,,11.8,5.9,0.48,0.87,0.2,2.0,3.7,0.3,5.3,92,84,83,79,77
2017-07-25 17:00,2149,73,69,0.00,74,60.58,,9.7,4.3,0.51,0.78,0.4,2.8,3.1,0.3,5.3,90,85,84,79,77
2017-07-25 18:00,2149,75,73,0.00,63,52.71,,7.3,3.5,0.53,0.85,0.3,2.8,3.7,0.3,5.3,87,85,84,79,77
2017-07-25 19:00,2149,75,72,0.00,51,1.12,,9.3,3.9,0.47,0.84,0.2,2.3,3.7,0.3,5.5,85,85,84,79,77
2017-07-25 20:00,2149,75,72,0.00,42,0.11,,9.3,4.7,0.34,0.85,0.4,2.3,3.4,0.3,5.3,82,84,84,79,77
2017-07-25 21:00,2149,72,72,0.00,45,0.14,,9.7,4.9,0.39,0.79,0.0,2.5,3.7,0.3,5.0,81,83,83,79,77
2017-07-25 22:00,2149,73,70,0.00,44,0.12,,9.4,5.3,0.36,0.78,0.0,2.3,3.7,0.3,5.0,79,82,83,79,77
2017-07-25 23:00,2149,70,68,0.00,52,0.09,,7.4,4.5,0.38,0.72,0.1,2.1,3.3,0.3,5.0,78,82,82,79,77
2017-07-26 00:00,2149,70,67,0.00,47,0.06,,6.8,4.4,0.35,0.71,0.1,2.1,3.5,0.3,5.0,76,81,82,79,77
2017-07-26 01:00,2149,67,65,0.00,59,0.04,,7.9,4.4,0.37,0.66,0.1,2.1,3.3,0.0,5.5,75,80,80,79,77
2017-07-26 02:00,2149,66,65,0.00,57,0.01,,5.4,3.3,0.36,0.63,0.0,2.4,2.9,0.0,5.0,74,79,80,79,77
2017-07-26 03:00,2149,67,65,0.00,54,0.01,,6.7,3.6,0.35,0.65,0.0,2.4,3.2,0.3,5.5,73,78,80,79,77
2017-07-26 04:00,2149,66,64,0.00,55,0.98,,4.6,3.1,0.35,0.63,0.0,1.8,2.7,0.3,5.5,72,77,79,79,77
2017-07-26 05:00,2149,66,63,0.00,53,10.68,,3.6,2.5,0.35,0.61,0.0,2.1,3.3,0.0,5.5,71,77,79,79,77
2017-07-26 06:00,2149,72,64,0.00,58,130.30,,4.6,3.2,0.36,0.64,0.0,1.9,2.8,0.3,5.5,71,76,78,79,77
2017-07-26 07:00,2149,77,72,0.00,43,438.30,,4.6,0.3,0.33,0.84,0.0,1.9,2.8,0.3,5.5,70,76,78,79,77
2017-07-26 08:00,2149,80,77,0.00,34,615.50,,0.0,0.0,0.31,0.97,0.0,1.4,3.1,0.3,5.5,70,75,77,79,77
2017-07-26 09:00,2149,82,80,0.00,31,768.40,,0.0,0.0,0.32,1.05,0.0,1.8,2.8,0.3,5.0,70,74,76,79,77
2017-07-26 10:00,2149,83,82,0.00,28,880.00,,9.8,0.4,0.30,1.12,0.0,1.4,2.8,0.3,5.0,73,74,76,79,77
2017-07-26 11:00,2149,86,83,0.00,25,933.00,,14.1,3.5,0.27,1.22,0.0,1.8,2.8,0.6,5.3,77,74,76,79,77
2017-07-26 12:00,2149,89,86,0.00,18,964.00,,12.3,4.2,0.20,1.33,0.2,2.2,2.8,0.6,5.5,80,75,76,79,77
2017-07-26 13:00,2149,89,86,0.00,16,637.00,,12.1,4.1,0.20,1.36,0.3,2.4,3.1,0.6,5.5,83,76,78,78,77
2017-07-26 14:00,2149,91,86,0.00,18,629.50,,11.8,4.3,0.22,1.33,0.0,2.4,2.6,0.6,5.3,86,78,78,78,77
2017-07-26 15:00,2149,91,86,0.00,15,285.90,,10.9,3.2,0.22,1.35,0.3,2.6,3.2,0.6,5.7,89,80,80,78,77
2017-07-26 16:00,2149,88,86,0.00,19,284.10,,11.0,2.3,0.23,1.31,0.1,2.5,2.7,0.6,5.7,90,81,80,78,77
2017-07-26 17:00,2149,88,86,0.00,18,188.90,,11.2,5.3,0.24,1.29,0.6,2.3,2.8,0.6,5.7,90,82,82,78,77
2017-07-26 18:00,2149,86,82,0.00,19,82.10,,11.3,2.6,0.26,1.20,0.6,2.8,3.1,0.6,5.1,90,83,82,78,77
2017-07-26 19:00,2149,82,78,0.00,25,1.44,,10.5,3.9,0.27,1.03,0.6,2.8,3.1,0.6,5.7,90,84,83,78,77
2017-07-26 20:00,2149,78,76,0.00,28,0.08,,11.8,5.7,0.28,0.94,0.6,2.6,3.4,0.1,5.7,89,84,83,78,77
2017-07-26 21:00,2149,76,72,0.00,32,0.13,,11.1,5.9,0.29,0.88,0.1,2.6,3.5,0.6,5.7,86,84,83,78,77
2017-07-26 22:00,2149,74,71,0.00,39,0.12,,11.3,6.0,0.30,0.80,0.3,2.6,3.5,0.6,5.5,85,84,83,78,77
2017-07-26 23:00,2149,72,70,0.00,34,0.14,,9.2,5.2,0.28,0.76,0.5,2.8,3.1,0.6,5.5,82,83,83,78,77
2017-07-27 00:00,2149,72,71,0.00,38,0.11,,8.7,4.3,0.31,0.78,0.1,2.0,3.1,0.1,5.3,81,83,82,78,77
2017-07-27 01:00,2149,71,70,0.00,42,0.14,,7.8,3.9,0.32,0.75,0.4,2.0,3.1,0.3,5.3,80,82,82,78,77
2017-07-27 02:00,2149,70,69,0.00,45,0.10,,7.5,3.6,0.32,0.73,0.1,2.2,3.1,0.3,5.3,78,82,82,78,77
2017-07-27 03:00,2149,69,68,0.00,44,0.08,,7.2,4.4,0.32,0.71,0.1,1.7,3.3,0.3,5.3,78,80,81,78,77
2017-07-27 04:00,2149,69,68,0.00,46,0.86,,9.3,4.3,0.31,0.69,0.3,2.0,3.3,0.3,5.3,77,80,80,78,77
2017-07-27 05:00,2149,68,67,0.00,45,13.08,,6.2,4.0,0.31,0.68,0.0,2.3,2.8,0.3,5.3,76,80,80,78,76
2017-07-27 06:00,2149,73,67,0.00,46,125.30,,7.8,4.0,0.31,0.70,0.0,2.3,3.3,0.3,5.0,75,79,80,78,77
2017-07-27 07:00,2149,76,73,0.00,37,420.50,,7.9,3.9,0.30,0.85,0.1,2.0,2.4,0.3,5.3,74,78,79,78,76
2017-07-27 08:00,2149,81,76,0.00,33,602.50,,8.5,2.8,0.30,0.96,0.5,2.0,2.9,0.3,5.5,74,78,79,78,77
2017-07-27 09:00,2149,83,80,0.00,28,758.90,,4.7,0.6,0.29,1.08,0.5,1.6,3.1,0.6,5.5,74,77,78,78,77
2017-07-27 10:00,2149,86,82,0.00,25,869.00,,10.9,2.4,0.28,1.17,0.0,1.6,3.1,0.1,5.3,76,77,78,78,76
2017-07-27 11:00,2149,89,86,0.00,22,931.00,,12.1,5.2,0.27,1.29,0.1,2.4,3.1,0.6,5.7,80,77,78,78,76
2017-07-27 12:00,2149,90,88,0.00,18,939.00,,12.2,4.6,0.22,1.37,0.0,2.0,3.1,0.1,5.7,83,77,78,78,76
2017-07-27 13:00,2149,92,90,0.00,13,882.00,,11.4,3.8,0.19,1.46,0.3,2.3,3.3,0.1,5.1,86,79,79,78,76
2017-07-27 14:00,2149,92,91,0.00,13,770.80,,9.6,2.0,0.19,1.47,0.0,2.2,3.2,0.1,5.1,89,80,80,78,76
2017-07-27 15:00,2149,92,90,0.00,12,410.10,,8.7,1.7,0.18,1.49,0.8,2.0,3.1,0.1,5.4,91,82,81,78,76
2017-07-27 16:00,2149,90,86,0.00,13,88.80,,16.0,3.0,0.19,1.36,0.0,3.0,3.3,0.1,5.4,93,83,82,78,76
2017-07-27 17:00,2149,91,86,0.00,14,290.20,,25.1,4.2,0.18,1.39,0.7,2.5,3.5,0.1,5.4,94,85,83,78,76
2017-07-27 18:00,2149,89,84,0.00,13,27.83,,12.7,1.8,0.18,1.25,0.7,2.9,3.5,0.1,5.1,94,86,85,78,76
2017-07-27 19:00,2149,84,78,0.00,18,1.17,,12.5,3.6,0.25,1.05,0.3,2.5,3.2,0.1,5.1,92,86,85,78,76
2017-07-27 20:00,2149,79,75,0.00,26,0.06,,18.9,9.4,0.25,0.97,0.8,2.5,3.7,0.0,5.1,91,86,85,78,76
2017-07-27 21:00,2149,75,72,0.00,30,0.14,,15.3,7.4,0.27,0.85,0.6,2.5,3.5,0.6,5.1,89,86,85,78,76
2017-07-27 22:00,2149,72,70,0.00,37,0.16,,8.9,4.2,0.28,0.78,0.1,2.9,3.2,0.6,5.1,87,86,85,78,76
2017-07-27 23:00,2149,72,70,0.00,38,0.13,,13.6,6.1,0.27,0.78,0.3,2.9,3.5,0.1,5.1,85,86,85,78,76
2017-07-28 00:00,2149,71,70,0.00,35,0.10,,11.1,5.3,0.27,0.76,0.5,2.3,3.2,0.6,5.7,83,85,84,78,76
2017-07-28 01:00,2149,71,70,0.00,34,0.08,,10.2,5.4,0.27,0.76,0.1,2.7,3.2,0.6,5.7,81,83,83,78,76
2017-07-28 02:00,2149,71,68,0.00,36,0.06,,6.5,3.9,0.27,0.73,0.1,2.6,3.7,0.6,5.3,80,83,83,78,76
2017-07-28 03:00,2149,68,67,0.00,40,0.01,,6.0,3.9,0.28,0.69,0.1,2.5,3.5,0.3,5.3,78,82,82,78,76
2017-07-28 04:00,2149,67,66,0.00,42,0.83,,6.4,4.2,0.28,0.66,0.0,2.8,3.0,0.3,5.5,77,81,82,78,76
2017-07-28 05:00,2149,68,66,0.00,44,10.50,,7.6,4.3,0.28,0.67,0.0,2.0,3.0,0.3,5.5,76,80,80,78,76
2017-07-28 06:00,2149,74,66,0.00,42,124.80,,7.0,3.7,0.29,0.68,0.1,2.2,3.3,0.3,5.5,75,80,80,78,76
2017-07-28 07:00,2149,79,74,0.00,33,432.50,,3.7,0.2,0.27,0.94,0.5,2.0,3.4,0.3,5.3,74,79,80,78,76
2017-07-28 08:00,2149,83,79,0.00,27,612.40,,0.0,0.0,0.26,1.05,0.0,2.3,3.0,0.3,5.3,73,78,79,78,76
2017-07-28 09:00,2149,87,83,0.00,23,771.50,,0.0,0.0,0.25,1.20,0.0,1.8,3.2,0.3,5.7,74,77,79,78,76
2017-07-28 10:00,2149,90,87,0.00,17,889.00,,12.1,4.0,0.18,1.35,0.1,2.0,3.2,0.6,5.7,76,77,78,78,76
2017-07-28 11:00,2149,92,88,0.00,13,941.00,,12.4,4.3,0.18,1.39,0.1,2.5,3.2,0.1,5.1,80,77,78,78,76
2017-07-28 12:00,2149,92,91,0.00,12,945.00,,11.1,2.3,0.18,1.48,0.4,2.3,3.2,0.6,5.1,83,78,79,78,76
2017-07-28 13:00,2149,94,92,0.00,12,886.00,,12.7,2.5,0.17,1.55,0.3,1.7,3.0,0.1,5.4,87,79,80,78,76
2017-07-28 14:00,2149,94,94,0.00,9,769.00,,10.7,2.1,0.14,1.61,0.1,2.0,3.7,0.1,5.4,89,80,80,78,76
2017-07-28 15:00,2149,96,94,0.00,8,594.20,,13.9,2.5,0.14,1.64,0.6,2.5,3.0,0.6,5.4,92,82,82,78,76
2017-07-28 16:00,2149,94,89,0.00,9,73.52,,9.2,1.7,0.15,1.46,0.3,2.7,3.7,0.6,5.4,94,83,82,78,76
2017-07-28 17:00,2149,89,89,0.00,12,67.95,,7.2,2.1,0.17,1.37,0.3,2.9,3.2,0.6,5.4,95,85,84,78,76
2017-07-28 18:00,2149,90,84,0.00,13,45.47,,8.1,2.8,0.18,1.33,0.3,2.5,4.1,0.1,5.4,95,86,85,78,76
2017-07-28 19:00,2149,84,81,0.00,16,0.69,,16.1,4.6,0.19,1.14,0.5,3.0,3.6,0.6,5.4,93,87,86,78,76
2017-07-28 20:00,2149,83,77,0.00,17,0.04,,11.1,3.5,0.20,1.05,0.6,2.8,3.5,0.1,5.4,91,87,86,78,76
2017-07-28 21:00,2149,77,76,0.00,22,0.10,,7.2,2.7,0.21,0.92,0.1,3.0,3.5,0.6,5.1,89,87,86,78,76
2017-07-28 22:00,2149,76,74,0.00,23,0.14,,7.0,4.6,0.21,0.87,0.3,2.5,3.9,0.3,5.1,87,86,86,78,76
2017-07-28 23:00,2149,74,73,0.00,25,0.16,,8.6,5.4,0.21,0.84,0.5,2.5,3.6,0.6,5.1,85,86,85,78,76
2017-07-29 00:00,2149,74,73,0.00,24,0.14,,7.1,4.5,0.21,0.84,0.1,2.9,3.6,0.3,5.1,83,85,84,78,76
2017-07-29 01:00,2149,73,71,0.00,25,0.11,,5.8,3.9,0.20,0.80,0.1,2.7,3.2,0.3,5.1,82,85,84,78,76
2017-07-29 02:00,2149,71,69,0.00,27,0.06,,5.4,4.2,0.20,0.76,0.3,2.7,3.7,0.6,5.7,80,83,83,78,76
2017-07-29 03:00,2149,71,69,0.00,28,0.04,,5.5,4.1,0.20,0.74,0.0,2.6,3.2,0.3,5.7,79,83,83,78,76
2017-07-29 04:00,2149,70,68,0.00,28,0.78,,5.9,3.9,0.21,0.72,0.1,2.5,3.7,0.3,5.5,78,82,82,78,76
2017-07-29 05:00,2149,70,67,0.00,30,10.88,,6.0,4.0,0.21,0.70,0.1,2.0,3.3,0.3,5.7,77,81,82,78,76
2017-07-29 06:00,2149,76,68,0.00,31,123.20,,6.4,3.7,0.22,0.72,0.0,2.2,3.0,0.3,5.7,76,80,81,78,76
2017-07-29 07:00,2149,82,76,0.00,24,426.50,,6.7,1.8,0.22,0.96,0.0,2.5,3.3,0.3,5.7,75,80,80,79,76
2017-07-29 08:00,2149,85,82,0.00,19,608.70,,3.3,0.2,0.21,1.14,0.0,2.3,3.8,0.3,5.7,74,79,80,79,76
2017-07-29 09:00,2149,88,85,0.00,16,765.20,,7.7,1.6,0.17,1.27,0.0,2.3,3.7,0.3,5.1,75,78,79,79,76
2017-07-29 10:00,2149,89,88,0.00,13,882.00,,14.8,3.7,0.17,1.37,0.0,2.5,3.0,0.3,5.1,77,77,79,79,76
2017-07-29 11:00,2149,93,89,0.00,11,943.00,,13.4,5.1,0.16,1.43,0.0,2.5,3.0,0.6,5.1,80,78,79,79,76
2017-07-29 12:00,2149,93,92,0.00,10,944.00,,13.2,5.5,0.15,1.53,0.1,2.3,3.0,0.3,5.4,84,78,79,78,76
2017-07-29 13:00,2149,95,93,0.00,8,895.00,,13.7,5.5,0.11,1.61,0.0,2.5,3.4,0.1,5.4,87,80,80,78,76
2017-07-29 14:00,2149,95,94,0.00,7,775.60,,13.6,3.6,0.10,1.62,0.4,2.0,3.3,0.6,5.4,90,81,81,78,76
2017-07-29 15:00,2149,95,94,0.00,6,621.30,,12.2,3.3,0.10,1.65,0.1,2.6,3.0,0.1,5.4,92,82,82,78,76
2017-07-29 16:00,2149,95,92,0.00,7,375.00,,10.3,2.7,0.11,1.61,0.6,2.7,3.5,0.6,4.9,94,84,83,78,77
2017-07-29 17:00,2149,94,88,0.00,7,242.40,,11.8,5.1,0.15,1.52,0.5,2.9,3.2,0.1,4.9,96,86,84,78,77
2017-07-29 18:00,2149,88,83,0.00,13,76.83,,11.6,5.8,0.17,1.29,0.5,2.5,3.9,0.6,5.1,96,87,85,78,77
2017-07-29 19:00,2149,83,80,0.00,16,0.88,,12.5,7.1,0.19,1.13,0.5,3.0,3.4,0.1,5.4,96,87,86,78,76
2017-07-29 20:00,2149,83,80,0.00,20,0.01,,15.0,7.8,0.18,1.08,0.6,2.8,3.2,0.1,5.4,94,88,86,78,76
2017-07-29 21:00,2149,82,80,0.00,15,0.03,,13.8,6.0,0.19,1.06,0.4,2.8,3.9,0.1,5.4,92,88,87,78,76
2017-07-29 22:00,2149,82,80,0.00,18,0.05,,20.9,8.8,0.18,1.09,0.5,2.5,3.2,0.6,5.4,89,87,86,78,76
2017-07-29 23:00,2149,81,73,0.00,17,0.12,,15.4,8.0,0.21,0.89,0.1,2.5,3.6,0.6,5.4,87,87,86,78,77
2017-07-30 00:00,2149,73,73,0.00,27,0.14,,12.1,7.2,0.22,0.82,0.1,2.9,3.4,0.3,5.1,85,86,86,78,76
2017-07-30 01:00,2149,73,72,0.00,28,0.14,,10.3,6.3,0.23,0.81,0.1,2.1,3.6,0.3,5.1,83,85,85,78,76
2017-07-30 02:00,2149,72,70,0.00,31,0.11,,7.7,4.6,0.24,0.77,0.0,2.7,3.5,0.6,5.1,82,84,85,78,76
2017-07-30 03:00,2149,71,70,0.00,32,0.08,,6.4,4.4,0.24,0.76,0.2,2.6,3.2,0.3,4.9,80,83,83,79,77
2017-07-30 04:00,2149,70,69,0.00,32,0.83,,5.3,3.9,0.23,0.73,0.2,2.8,3.5,0.3,5.1,79,83,83,79,76
2017-07-30 05:00,2149,69,68,0.00,32,11.15,,5.4,4.1,0.23,0.71,0.0,2.8,3.5,0.3,5.1,78,82,82,79,76
2017-07-30 06:00,2149,76,69,0.00,35,121.70,,5.3,3.5,0.25,0.73,0.0,2.0,2.8,0.0,4.9,77,81,82,79,77
2017-07-30 07:00,2149,80,76,0.00,27,426.20,,6.9,2.0,0.25,0.95,0.0,2.5,3.3,0.3,5.1,76,80,81,79,76
2017-07-30 08:00,2149,85,80,0.00,25,612.80,,8.3,0.3,0.24,1.10,0.1,2.3,3.7,0.3,5.1,75,80,80,79,76
2017-07-30 09:00,2149,86,85,0.00,19,550.00,,4.4,0.1,0.22,1.22,0.1,2.5,3.4,0.0,5.1,76,79,80,79,77
2017-07-30 10:00,2149,90,84,0.00,17,706.60,,5.1,0.2,0.19,1.29,0.4,2.5,3.0,0.3,5.1,78,79,80,79,77
2017-07-30 11:00,2149,92,90,0.00,10,952.00,,8.3,0.9,0.15,1.46,0.2,2.1,3.0,0.3,5.4,80,78,80,79,77
2017-07-30 12:00,2149,95,92,0.00,10,985.00,,8.8,1.4,0.15,1.57,0.2,2.3,3.0,0.6,5.4,83,79,80,79,77
2017-07-30 13:00,2149,96,93,0.00,10,959.00,,10.5,2.0,0.14,1.64,0.1,2.1,2.7,0.6,5.4,86,80,80,79,77
2017-07-30 14:00,2149,96,91,0.00,9,567.30,,17.6,3.5,0.15,1.59,0.0,2.2,3.3,0.6,5.4,90,81,81,79,77
2017-07-30 15:00,2149,94,90,0.00,10,241.20,,16.6,5.6,0.16,1.50,0.4,2.8,3.3,0.6,5.4,92,82,82,79,77
2017-07-30 16:00,2149,93,90,0.00,11,296.40,,10.9,2.6,0.14,1.48,0.1,2.6,3.3,0.6,4.9,94,84,83,79,77
2017-07-30 17:00,2149,93,89,0.00,9,146.90,,8.9,3.5,0.14,1.47,0.4,2.7,3.2,0.6,5.1,94,86,85,79,77
2017-07-30 18:00,2149,89,85,0.00,10,27.16,,13.7,6.0,0.16,1.28,0.4,2.1,3.7,0.3,4.9,94,86,85,79,77
2017-07-30 19:00,2149,85,82,0.00,14,0.56,,12.1,6.8,0.18,1.15,0.4,2.9,3.5,0.6,4.9,93,87,86,79,77
2017-07-30 20:00,2149,82,81,0.00,18,0.02,,10.5,6.0,0.20,1.07,0.6,2.9,3.9,0.6,5.4,91,87,86,79,77
2017-07-30 21:00,2149,84,82,0.00,17,0.03,,12.9,5.5,0.18,1.10,0.1,2.9,3.9,0.3,5.4,89,87,86,79,77
2017-07-30 22:00,2149,84,76,0.00,15,0.04,,14.9,4.7,0.18,1.10,0.4,2.1,3.5,0.6,5.4,87,87,86,78,77
2017-07-30 23:00,2149,77,76,0.00,23,0.09,,8.5,4.1,0.20,0.92,0.3,2.3,3.5,0.3,5.4,86,86,85,79,77
2017-07-31 00:00,2149,76,75,0.00,22,0.15,,7.5,4.5,0.20,0.89,0.3,2.7,3.2,0.6,5.1,84,86,85,79,77
2017-07-31 01:00,2149,75,73,0.00,23,0.12,,7.0,4.0,0.20,0.84,0.2,2.6,3.5,0.3,5.1,82,85,84,79,77
2017-07-31 02:00,2149,73,71,0.00,25,0.15,,4.9,3.8,0.20,0.80,0.2,2.8,3.7,0.3,5.1,81,84,83,79,77
2017-07-31 03:00,2149,73,71,0.00,26,0.09,,5.8,4.3,0.20,0.79,0.0,2.8,3.7,0.3,5.1,80,83,83,79,77
2017-07-31 04:00,2149,72,71,0.00,25,0.75,,5.4,4.0,0.20,0.79,0.4,2.5,3.0,0.3,5.1,79,82,82,79,77
2017-07-31 05:00,2149,72,71,0.00,27,11.29,,6.7,4.5,0.21,0.76,0.0,2.2,3.3,0.3,5.1,77,82,82,79,77
2017-07-31 06:00,2149,78,72,0.00,26,118.50,,9.1,5.2,0.22,0.82,0.1,2.3,3.1,0.3,5.7,76,81,82,79,77
2017-07-31 07:00,2149,82,78,0.00,24,418.10,,9.4,5.2,0.23,1.00,0.1,2.3,3.1,0.3,5.7,76,80,81,79,77
2017-07-31 08:00,2149,87,82,0.00,22,594.90,,9.9,4.8,0.22,1.18,0.3,2.5,3.1,0.3,5.1,75,80,80,79,77
2017-07-31 09:00,2149,91,87,0.00,16,749.70,,9.7,2.7,0.20,1.36,0.1,2.1,3.2,0.3,5.1,76,79,80,79,77
2017-07-31 10:00,2149,92,90,0.00,13,829.00,,12.2,3.8,0.18,1.48,0.0,2.4,3.1,0.6,5.1,78,79,80,79,77
2017-07-31 11:00,2149,94,90,0.00,12,771.00,,13.9,4.5,0.18,1.51,0.0,2.1,3.3,0.3,5.4,82,79,80,79,77
2017-07-31 12:00,2149,95,90,0.00,11,440.20,,11.1,1.0,0.18,1.52,0.2,2.1,3.1,0.3,5.4,85,79,80,79,77
2017-07-31 13:00,2149,95,91,0.00,11,322.80,,10.0,1.9,0.17,1.54,0.3,2.3,3.3,0.6,5.4,87,80,80,79,77
2017-07-31 14:00,2149,96,91,0.00,11,583.20,,8.0,0.8,0.17,1.65,0.1,2.2,3.1,0.6,5.4,89,82,82,79,77
2017-07-31 15:00,2149,94,91,0.00,12,257.10,,10.0,1.9,0.17,1.48,0.1,2.3,3.7,0.6,5.6,89,82,82,79,77
2017-07-31 16:00,2149,96,94,0.00,11,470.60,,8.9,2.2,0.17,1.67,0.1,2.0,3.2,0.6,5.6,90,83,82,79,77
2017-07-31 17:00,2149,96,89,0.00,10,185.20,,13.0,3.4,0.16,1.61,0.1,2.6,3.3,0.6,5.1,91,85,83,79,77
2017-07-31 18:00,2149,89,83,0.00,13,21.96,,12.0,4.3,0.20,1.28,0.6,2.6,3.0,0.6,5.1,92,85,84,79,77
2017-07-31 19:00,2149,83,82,0.00,19,0.32,,5.9,1.3,0.20,1.11,0.6,3.0,3.5,0.6,5.4,92,86,85,79,77
2017-07-31 20:00,2149,83,81,0.00,17,0.02,,5.7,3.0,0.20,1.11,0.1,2.7,3.3,0.1,5.4,91,86,85,79,77
2017-07-31 21:00,2149,81,80,0.00,19,0.06,,4.8,2.6,0.20,1.06,0.4,2.7,3.5,0.6,5.4,89,86,85,79,77
2017-07-31 22:00,2149,81,78,0.00,18,0.07,,4.7,1.5,0.21,1.00,0.3,2.7,3.7,0.6,5.4,87,86,85,79,77
2017-07-31 23:00,2149,78,78,0.00,22,0.10,,5.1,3.4,0.21,0.97,0.3,2.6,3.5,0.6,5.4,86,86,85,79,77
