Date,Station Id,Air Temperature Maximum (degF),Air Temperature Minimum (degF),Precipitation Increment (in),Relative Humidity (pct),Solar Radiation Average (watt/m2),Solar Radiation/langley Total (langley),Wind Speed Maximum (mph),Wind Speed Average (mph),Vapor Pressure - Partial (inch_Hg),Vapor Pressure - Saturated (inch_Hg),Soil Moisture Percent -2in (pct),Soil Moisture Percent -4in (pct),Soil Moisture Percent -8in (pct),Soil Moisture Percent -20in (pct),Soil Moisture Percent -40in (pct),Soil Temperature Observed -2in (degF),Soil Temperature Observed -4in (degF),Soil Temperature Observed -8in (degF),Soil Temperature Observed -20in (degF),Soil Temperature Observed -40in (degF)
2017-07-01 00:00,2189,74,74,0.00,29,0.02,,6.9,5.7,0.26,0.84,3.8,5.0,11.0,9.0,14.1,90,97,94,89,85
2017-07-01 01:00,2189,74,73,0.00,33,0.02,,6.8,5.4,0.28,0.84,3.7,5.5,11.2,10.1,13.0,88,95,94,89,85
2017-07-01 02:00,2189,75,73,0.00,36,0.03,,8.7,5.6,0.31,0.82,3.9,5.7,11.6,10.1,14.1,86,94,94,89,85
2017-07-01 03:00,2189,75,63,0.00,41,0.03,,9.2,4.5,0.30,0.75,3.4,5.7,11.1,9.7,14.1,85,93,94,89,85
2017-07-01 04:00,2189,65,62,0.00,43,0.05,,6.0,2.2,0.26,0.59,4.1,5.0,11.1,9.7,13.5,83,92,93,89,85
2017-07-01 05:00,2189,62,60,0.00,46,1.87,,3.0,1.2,0.26,0.53,3.6,6.2,11.6,9.9,14.1,82,90,93,89,85
2017-07-01 06:00,2189,68,61,0.00,51,48.42,,4.7,1.7,0.28,0.58,3.5,5.3,11.1,9.9,14.1,80,89,92,89,85
2017-07-01 07:00,2189,70,67,0.00,41,250.80,,5.2,1.9,0.27,0.70,3.4,5.1,11.4,9.7,13.9,79,88,92,89,85
2017-07-01 08:00,2189,75,70,0.00,37,456.20,,5.0,1.5,0.28,0.80,3.6,4.3,11.1,9.9,13.0,81,87,92,89,85
2017-07-01 09:00,2189,80,75,0.00,33,654.70,,6.1,2.2,0.31,0.94,3.6,5.1,11.5,9.5,14.1,86,87,91,89,85
2017-07-01 10:00,2189,83,80,0.00,32,824.00,,9.0,2.3,0.33,1.10,4.0,5.3,10.9,9.7,13.9,92,87,91,89,86
2017-07-01 11:00,2189,85,83,0.00,28,950.00,,8.5,3.1,0.30,1.17,4.5,5.7,11.5,9.7,14.1,99,89,90,89,85
2017-07-01 12:00,2189,86,85,0.00,23,978.00,,12.5,5.4,0.28,1.23,4.9,5.2,10.2,10.2,14.1,108,91,90,89,85
2017-07-01 13:00,2189,89,86,0.00,22,1017.00,,14.5,6.6,0.27,1.29,5.2,5.2,10.8,9.7,14.1,114,94,90,89,85
2017-07-01 14:00,2189,90,88,0.00,20,970.00,,14.1,6.4,0.28,1.36,5.6,5.5,10.8,9.7,14.1,119,96,90,89,85
2017-07-01 15:00,2189,90,89,0.00,20,865.00,,15.6,7.2,0.29,1.39,5.4,5.7,11.3,9.7,14.1,122,99,90,89,85
2017-07-01 16:00,2189,90,88,0.00,22,711.00,,13.0,6.5,0.29,1.37,5.3,6.4,11.8,9.7,13.0,122,102,91,89,85
2017-07-01 17:00,2189,89,87,0.00,21,519.00,,12.6,8.0,0.29,1.36,5.3,6.2,11.1,10.1,13.9,122,102,92,89,85
2017-07-01 18:00,2189,87,86,0.00,22,309.10,,13.3,7.7,0.30,1.30,5.5,5.5,11.1,10.1,14.1,119,104,92,89,85
2017-07-01 19:00,2189,86,83,0.00,24,96.80,,11.7,7.0,0.30,1.22,4.5,6.2,11.4,10.4,12.7,113,103,93,89,85
2017-07-01 20:00,2189,83,80,0.00,27,3.11,,11.6,6.6,0.30,1.09,4.5,5.5,11.1,9.0,14.1,107,103,93,89,85
2017-07-01 21:00,2189,80,76,0.00,28,0.03,,6.4,3.1,0.30,1.01,4.7,5.6,11.6,9.4,13.0,102,102,94,89,85
2017-07-01 22:00,2189,76,72,0.00,30,0.05,,5.9,2.2,0.27,0.85,4.1,5.5,11.6,9.0,13.9,98,101,94,89,85
2017-07-01 23:00,2189,72,68,0.00,34,0.04,,4.6,1.5,0.26,0.74,4.3,5.5,11.4,9.0,13.3,94,99,94,89,85
2017-07-02 00:00,2189,69,64,0.00,38,0.04,,3.6,1.3,0.25,0.65,4.1,5.3,11.4,10.1,13.5,91,98,94,89,85
2017-07-02 01:00,2189,64,61,0.00,41,0.05,,2.8,1.0,0.24,0.58,3.6,5.1,11.6,9.0,13.9,88,96,94,89,86
2017-07-02 02:00,2189,62,61,0.00,41,0.04,,3.8,1.4,0.23,0.56,3.2,5.4,11.2,10.1,13.9,86,94,94,89,85
2017-07-02 03:00,2189,62,61,0.00,41,0.03,,2.6,0.9,0.24,0.55,3.6,4.7,11.6,9.7,13.9,83,93,94,89,85
2017-07-02 04:00,2189,64,61,0.00,47,0.04,,5.4,2.5,0.27,0.56,3.2,5.5,11.1,10.1,13.5,82,92,94,89,85
2017-07-02 05:00,2189,65,64,0.00,49,1.78,,5.9,4.1,0.29,0.60,3.5,5.1,11.4,10.1,13.9,80,90,93,89,85
2017-07-02 06:00,2189,69,65,0.00,43,48.01,,5.4,3.0,0.29,0.63,2.7,4.7,11.4,9.7,13.5,79,89,93,89,85
2017-07-02 07:00,2189,75,69,0.00,44,254.80,,4.6,1.1,0.30,0.81,3.3,4.8,11.6,10.1,13.5,79,87,92,89,85
2017-07-02 08:00,2189,76,73,0.00,34,461.00,,6.2,3.0,0.28,0.86,3.6,4.6,11.1,9.7,13.9,81,87,92,89,85
2017-07-02 09:00,2189,79,75,0.00,31,657.00,,7.4,4.4,0.27,0.90,3.2,5.0,11.8,9.7,13.9,86,86,92,89,85
2017-07-02 10:00,2189,85,79,0.00,29,828.00,,8.4,2.6,0.30,1.06,3.6,4.7,10.9,10.1,13.9,92,87,91,89,85
2017-07-02 11:00,2189,85,84,0.00,26,950.00,,11.6,4.7,0.34,1.21,4.0,5.3,10.8,10.1,13.9,98,89,90,89,85
2017-07-02 12:00,2189,87,84,0.00,29,975.00,,13.6,7.3,0.34,1.20,4.8,5.0,10.8,10.1,13.5,107,91,90,89,85
2017-07-02 13:00,2189,89,86,0.00,25,1011.00,,15.3,7.3,0.32,1.28,5.2,6.3,11.1,10.1,13.5,113,94,90,89,85
2017-07-02 14:00,2189,89,87,0.00,23,971.00,,13.4,7.4,0.31,1.33,5.3,5.2,10.8,9.0,13.9,119,96,90,89,85
2017-07-02 15:00,2189,90,89,0.00,22,862.00,,13.4,7.7,0.31,1.40,5.9,5.3,11.5,9.3,13.9,121,98,90,89,86
2017-07-02 16:00,2189,90,89,0.00,23,703.00,,13.4,7.9,0.32,1.39,5.3,5.7,11.4,9.7,13.5,122,101,91,89,85
2017-07-02 17:00,2189,89,88,0.00,24,506.10,,11.7,6.2,0.33,1.36,5.5,6.2,11.1,9.4,13.9,121,102,91,89,85
2017-07-02 18:00,2189,89,87,0.00,25,295.70,,11.4,5.2,0.33,1.33,5.6,6.2,11.6,9.6,13.5,119,103,92,89,85
2017-07-02 19:00,2189,88,82,0.00,26,92.80,,12.5,5.2,0.31,1.23,4.9,5.5,11.1,9.4,13.9,114,103,93,89,85
2017-07-02 20:00,2189,82,79,0.00,24,2.98,,12.5,5.8,0.27,1.06,4.5,5.6,11.4,9.7,13.9,108,103,93,89,85
2017-07-02 21:00,2189,79,73,0.00,23,0.03,,8.2,3.3,0.23,0.95,4.4,5.5,11.1,9.4,13.9,102,102,94,89,85
2017-07-02 22:00,2189,73,70,0.00,29,0.04,,4.2,1.6,0.24,0.77,4.1,5.2,11.6,9.7,13.9,98,101,94,89,86
2017-07-02 23:00,2189,71,70,0.00,32,0.02,,4.3,2.1,0.25,0.74,4.3,5.3,11.6,9.7,12.7,94,99,94,89,86
2017-07-03 00:00,2189,71,70,0.00,37,0.02,,5.3,3.5,0.29,0.74,3.7,5.5,11.6,9.7,13.9,91,98,94,89,85
2017-07-03 01:00,2189,71,68,0.00,40,0.01,,4.4,1.5,0.27,0.73,4.1,5.4,11.6,9.6,13.5,89,96,94,89,85
2017-07-03 02:00,2189,69,68,0.00,36,0.02,,5.4,2.0,0.25,0.69,3.2,5.0,11.4,9.4,13.9,86,95,94,89,85
2017-07-03 03:00,2189,68,65,0.00,37,0.02,,4.4,2.0,0.26,0.65,3.4,5.3,11.1,9.0,13.9,85,94,94,89,85
2017-07-03 04:00,2189,65,65,0.00,43,0.03,,5.1,3.1,0.27,0.62,3.2,5.4,11.4,10.4,13.5,83,92,94,89,85
2017-07-03 05:00,2189,66,63,0.00,45,1.74,,6.1,4.0,0.28,0.61,3.6,5.1,11.6,9.4,13.9,81,90,93,89,85
2017-07-03 06:00,2189,69,66,0.00,45,46.85,,5.9,4.3,0.29,0.66,3.5,5.3,11.1,9.0,13.9,80,89,93,89,85
2017-07-03 07:00,2189,76,69,0.00,39,254.10,,3.3,0.6,0.29,0.80,2.7,5.0,11.6,10.4,13.5,80,89,92,89,85
2017-07-03 08:00,2189,78,76,0.00,33,461.00,,5.7,1.4,0.30,0.92,3.2,5.3,11.5,9.4,13.9,82,87,92,89,85
2017-07-03 09:00,2189,83,78,0.00,32,661.10,,5.3,0.9,0.32,1.04,3.9,5.0,11.3,10.1,13.9,87,87,91,89,85
2017-07-03 10:00,2189,85,83,0.00,29,832.00,,8.6,3.5,0.34,1.15,4.0,4.4,11.5,10.1,13.9,93,87,91,89,85
2017-07-03 11:00,2189,87,84,0.00,29,952.00,,10.2,5.1,0.34,1.22,4.5,5.1,11.5,9.4,13.9,101,89,91,89,85
2017-07-03 12:00,2189,88,86,0.00,25,977.00,,15.4,6.8,0.33,1.29,4.8,5.2,10.8,10.1,13.5,108,92,90,89,85
2017-07-03 13:00,2189,90,87,0.00,25,1008.00,,14.1,7.5,0.32,1.37,5.2,5.8,11.1,10.1,13.5,114,94,90,89,85
2017-07-03 14:00,2189,91,89,0.00,24,959.00,,14.5,7.2,0.33,1.40,5.3,5.5,10.8,10.1,13.5,119,97,90,89,85
2017-07-03 15:00,2189,93,90,0.00,23,850.00,,13.7,7.0,0.34,1.47,5.3,5.5,11.3,10.1,13.9,121,99,90,89,85
2017-07-03 16:00,2189,93,90,0.00,23,694.10,,14.3,6.0,0.35,1.48,5.3,5.6,11.0,9.0,13.3,124,102,91,89,85
2017-07-03 17:00,2189,90,90,0.00,24,503.20,,13.7,6.9,0.35,1.42,5.5,5.7,11.5,9.4,13.9,122,103,92,89,85
2017-07-03 18:00,2189,90,87,0.00,25,295.80,,14.1,7.9,0.35,1.37,5.6,5.5,10.7,9.6,14.1,120,104,92,89,85
2017-07-03 19:00,2189,87,85,0.00,27,91.00,,10.1,6.4,0.35,1.28,4.5,5.8,11.1,9.3,13.3,114,104,93,89,85
2017-07-03 20:00,2189,85,82,0.00,29,3.04,,10.4,5.7,0.35,1.16,4.5,5.6,11.4,9.7,13.9,109,104,94,89,85
2017-07-03 21:00,2189,83,76,0.00,31,0.04,,9.0,2.6,0.31,1.03,4.5,5.5,11.1,9.4,13.5,103,102,94,89,85
2017-07-03 22:00,2189,76,74,0.00,30,0.04,,3.7,1.5,0.26,0.88,4.1,5.5,11.6,9.6,13.9,99,101,95,89,86
2017-07-03 23:00,2189,74,72,0.00,29,0.05,,5.3,2.7,0.25,0.81,4.3,5.3,11.6,9.7,13.9,96,100,95,89,85
2017-07-04 00:00,2189,72,71,0.00,30,0.03,,6.0,3.6,0.23,0.78,3.7,5.5,11.6,9.6,13.5,92,98,95,89,85
2017-07-04 01:00,2189,72,71,0.00,29,0.03,,4.7,2.4,0.23,0.77,3.4,5.4,11.6,10.1,13.5,90,97,95,89,85
2017-07-04 02:00,2189,73,71,0.00,31,0.03,,4.2,1.2,0.25,0.79,3.9,5.2,11.8,9.3,13.9,87,96,94,89,85
2017-07-04 03:00,2189,72,71,0.00,38,0.03,,4.5,1.2,0.30,0.78,3.4,5.5,11.1,9.0,13.5,86,94,94,89,85
2017-07-04 04:00,2189,72,70,0.00,39,0.03,,5.6,1.5,0.32,0.76,3.4,5.1,11.4,9.7,13.9,84,92,94,89,86
2017-07-04 05:00,2189,72,70,0.00,47,1.62,,4.4,1.4,0.37,0.77,3.2,4.4,11.2,10.1,13.9,83,91,94,89,86
2017-07-04 06:00,2189,72,69,0.00,46,44.70,,3.8,2.0,0.36,0.74,3.6,5.3,11.1,9.0,13.9,82,90,93,89,85
2017-07-04 07:00,2189,77,72,0.00,46,249.70,,2.2,0.5,0.37,0.87,3.5,5.0,11.6,10.1,13.9,81,89,93,89,86
2017-07-04 08:00,2189,82,77,0.00,40,454.90,,3.9,1.1,0.38,1.00,3.4,5.5,10.9,9.7,13.5,83,89,92,89,86
2017-07-04 09:00,2189,86,82,0.00,31,653.20,,5.0,0.4,0.35,1.18,3.2,5.5,11.3,9.9,13.5,87,88,92,89,85
2017-07-04 10:00,2189,88,86,0.00,27,816.00,,9.9,3.2,0.33,1.27,4.0,4.8,11.3,9.7,13.9,94,89,92,89,86
2017-07-04 11:00,2189,88,88,0.00,25,929.00,,12.5,5.5,0.33,1.33,4.3,4.9,10.8,9.7,13.9,100,90,91,89,86
2017-07-04 12:00,2189,90,88,0.00,24,956.00,,13.8,6.9,0.33,1.36,4.3,5.2,10.8,9.7,13.9,106,92,90,89,86
2017-07-04 13:00,2189,92,90,0.00,22,994.00,,14.8,7.4,0.32,1.44,5.4,5.7,11.1,10.1,13.3,112,95,91,89,86
2017-07-04 14:00,2189,93,92,0.00,20,952.00,,13.1,6.6,0.31,1.54,5.2,5.2,10.8,10.1,13.9,116,98,91,89,86
2017-07-04 15:00,2189,93,92,0.00,20,849.00,,14.4,6.8,0.30,1.54,5.5,5.3,10.4,9.7,13.9,120,100,91,89,85
2017-07-04 16:00,2189,93,92,0.00,19,693.30,,15.9,7.4,0.30,1.53,5.5,6.0,11.3,9.9,13.5,121,102,92,89,86
2017-07-04 17:00,2189,93,92,0.00,20,502.70,,13.2,7.0,0.30,1.53,5.2,6.1,11.1,9.7,13.5,120,103,92,89,86
2017-07-04 18:00,2189,92,91,0.00,20,295.70,,13.9,7.9,0.30,1.47,5.2,5.8,11.6,9.7,13.9,117,105,93,89,86
2017-07-04 19:00,2189,91,88,0.00,21,91.10,,11.6,6.7,0.29,1.42,4.6,6.1,11.8,10.1,13.5,113,105,94,89,86
2017-07-04 20:00,2189,88,85,0.00,21,2.96,,7.3,4.9,0.28,1.29,5.0,5.3,11.4,10.1,13.9,108,104,94,89,86
2017-07-04 21:00,2189,85,83,0.00,23,0.04,,4.8,2.3,0.24,1.16,4.2,5.6,11.9,9.9,13.9,103,103,95,89,86
2017-07-04 22:00,2189,83,80,0.00,15,0.05,,4.6,2.5,0.16,1.09,4.5,5.3,11.6,9.7,13.9,99,102,95,89,86
2017-07-04 23:00,2189,80,78,0.00,15,0.03,,7.5,4.2,0.15,1.00,3.8,5.6,11.6,10.1,13.9,96,100,95,89,86
2017-07-05 00:00,2189,79,76,0.00,14,0.03,,5.4,2.3,0.15,0.95,4.3,5.3,11.6,9.7,13.3,94,99,95,89,86
2017-07-05 01:00,2189,78,74,0.00,16,0.03,,6.3,3.3,0.17,0.91,3.8,5.0,11.6,9.9,13.9,91,98,96,89,86
2017-07-05 02:00,2189,76,73,0.00,22,0.02,,7.4,3.5,0.20,0.87,3.7,5.3,11.6,9.0,13.9,89,96,95,89,86
2017-07-05 03:00,2189,74,71,0.00,26,0.03,,4.6,1.4,0.21,0.82,3.6,5.1,11.1,9.5,13.9,87,95,95,89,86
2017-07-05 04:00,2189,72,70,0.00,27,0.04,,3.8,1.0,0.18,0.76,3.2,5.1,11.4,9.5,13.5,86,94,94,89,86
2017-07-05 05:00,2189,72,70,0.00,23,1.59,,6.7,1.7,0.22,0.75,3.4,4.7,11.1,9.9,13.9,85,92,94,90,86
2017-07-05 06:00,2189,72,71,0.00,40,43.66,,4.1,2.2,0.34,0.77,3.4,5.0,11.1,9.5,13.5,83,91,94,89,86
2017-07-05 07:00,2189,77,72,0.00,43,233.30,,5.7,2.1,0.35,0.86,3.4,5.5,10.7,9.5,13.9,82,90,94,90,86
2017-07-05 08:00,2189,80,77,0.00,35,430.00,,8.4,2.3,0.32,0.95,3.2,5.0,11.1,9.5,13.9,85,89,93,90,86
2017-07-05 09:00,2189,82,80,0.00,32,625.50,,9.8,2.5,0.33,1.04,3.3,5.3,11.8,9.5,13.9,89,89,92,90,86
2017-07-05 10:00,2189,85,82,0.00,31,800.00,,10.9,4.3,0.34,1.16,3.7,5.0,10.7,9.9,13.5,95,89,92,90,86
2017-07-05 11:00,2189,86,84,0.00,28,919.00,,11.3,6.6,0.33,1.20,4.3,4.7,10.8,9.5,13.9,101,91,92,90,86
2017-07-05 12:00,2189,88,86,0.00,26,953.00,,13.6,7.7,0.31,1.28,5.5,5.5,10.8,9.9,14.3,108,93,92,90,86
2017-07-05 13:00,2189,89,88,0.00,21,992.00,,14.1,9.0,0.28,1.37,5.4,5.4,10.8,9.5,13.3,113,96,92,90,86
2017-07-05 14:00,2189,92,89,0.00,20,946.00,,13.0,7.4,0.27,1.46,5.8,5.5,10.8,9.5,13.5,117,98,92,90,86
2017-07-05 15:00,2189,92,91,0.00,17,839.00,,13.9,7.9,0.26,1.49,5.6,6.4,11.5,9.5,13.9,121,100,92,90,86
2017-07-05 16:00,2189,93,91,0.00,19,684.60,,15.3,8.2,0.29,1.52,5.2,5.8,11.0,9.5,13.9,121,102,92,90,86
2017-07-05 17:00,2189,93,92,0.00,19,502.10,,14.1,8.3,0.30,1.54,5.2,5.5,11.5,9.5,13.9,121,104,93,90,86
2017-07-05 18:00,2189,92,91,0.00,20,295.60,,14.8,8.1,0.30,1.49,4.9,5.8,11.6,9.5,13.5,117,105,93,90,86
2017-07-05 19:00,2189,91,88,0.00,19,89.70,,12.7,8.1,0.28,1.41,4.9,5.5,11.4,9.5,13.9,114,105,94,90,86
2017-07-05 20:00,2189,88,85,0.00,21,2.56,,8.9,5.0,0.29,1.28,4.4,5.4,11.4,9.5,13.5,108,104,94,90,86
2017-07-05 21:00,2189,85,84,0.00,24,0.05,,6.2,3.5,0.28,1.19,4.3,5.6,11.1,9.5,13.9,103,103,95,89,86
2017-07-05 22:00,2189,84,83,0.00,25,0.05,,7.6,3.1,0.29,1.15,3.8,5.6,11.6,9.5,13.5,99,102,95,89,86
2017-07-05 23:00,2189,83,80,0.00,29,0.03,,10.0,4.3,0.35,1.12,4.3,5.7,11.6,9.5,13.3,96,101,96,89,86
2017-07-06 00:00,2189,80,78,0.00,34,0.03,,10.5,2.9,0.40,1.01,3.4,5.1,11.6,9.5,13.3,94,99,96,90,86
2017-07-06 01:00,2189,78,78,0.00,45,0.02,,15.3,10.8,0.42,0.98,3.9,5.3,11.8,9.5,13.9,92,98,96,90,86
2017-07-06 02:00,2189,79,78,0.00,37,0.03,,15.5,8.6,0.34,0.98,3.4,4.8,11.1,9.5,13.3,91,96,96,90,86
2017-07-06 03:00,2189,79,78,0.00,31,0.02,,10.6,7.3,0.28,0.98,3.9,4.7,11.4,9.9,13.9,89,95,95,90,86
2017-07-06 04:00,2189,78,75,0.00,26,0.03,,8.9,6.2,0.25,0.94,3.2,5.1,11.4,10.4,13.9,88,94,95,90,86
2017-07-06 05:00,2189,75,74,0.00,31,1.28,,9.9,6.4,0.27,0.87,3.4,4.7,11.1,9.5,13.3,86,94,94,90,86
2017-07-06 06:00,2189,76,74,0.00,33,43.63,,10.0,3.5,0.26,0.86,3.4,4.6,11.1,9.7,13.5,85,92,94,90,86
2017-07-06 07:00,2189,80,76,0.00,30,233.20,,9.2,3.4,0.26,0.97,3.2,5.0,11.0,9.5,13.9,84,91,94,90,86
2017-07-06 08:00,2189,81,80,0.00,27,429.40,,12.2,7.3,0.28,1.03,3.9,5.3,11.1,9.2,13.5,86,90,94,90,86
2017-07-06 09:00,2189,85,81,0.00,24,626.40,,11.6,6.5,0.27,1.13,3.7,4.6,11.4,9.2,13.5,89,90,93,90,86
2017-07-06 10:00,2189,87,85,0.00,23,797.40,,12.1,6.6,0.27,1.23,4.0,5.3,11.0,10.1,13.9,95,90,93,90,86
2017-07-06 11:00,2189,89,86,0.00,22,921.00,,12.2,6.5,0.27,1.31,4.0,4.9,11.5,9.7,13.5,102,92,92,90,86
2017-07-06 12:00,2189,90,88,0.00,20,953.00,,11.2,4.2,0.26,1.36,5.3,5.1,10.8,9.7,13.9,109,94,92,90,86
2017-07-06 13:00,2189,93,89,0.00,18,993.00,,11.2,3.4,0.26,1.48,5.6,5.0,10.8,9.7,13.9,115,96,92,90,86
2017-07-06 14:00,2189,93,91,0.00,17,950.00,,12.6,6.3,0.27,1.50,5.4,5.8,10.8,9.5,13.3,120,98,92,90,86
2017-07-06 15:00,2189,93,92,0.00,18,848.00,,16.6,8.8,0.28,1.55,5.5,5.7,10.4,9.2,13.5,124,101,92,90,86
2017-07-06 16:00,2189,93,93,0.00,17,693.20,,14.8,8.2,0.27,1.55,5.3,5.8,11.0,9.7,13.9,125,103,93,90,86
2017-07-06 17:00,2189,93,92,0.00,18,501.20,,14.3,8.6,0.28,1.54,5.7,6.2,11.1,9.5,13.3,124,105,93,90,86
2017-07-06 18:00,2189,92,91,0.00,18,295.80,,13.9,9.2,0.28,1.51,5.1,5.6,11.0,9.5,13.9,120,106,94,90,86
2017-07-06 19:00,2189,91,88,0.00,20,92.00,,12.5,7.9,0.29,1.41,4.5,5.6,11.1,9.5,13.9,115,106,94,90,86
2017-07-06 20:00,2189,88,86,0.00,22,3.07,,12.1,8.4,0.30,1.29,4.6,5.6,11.4,9.6,13.9,110,106,95,90,86
2017-07-06 21:00,2189,86,84,0.00,25,0.06,,11.1,5.1,0.32,1.22,4.5,5.8,11.1,9.5,13.9,104,105,96,90,86
2017-07-06 22:00,2189,85,84,0.00,27,0.05,,10.0,4.1,0.32,1.20,4.1,5.6,11.6,10.0,13.3,101,103,96,90,86
2017-07-06 23:00,2189,84,82,0.00,28,0.04,,11.8,6.7,0.35,1.15,3.9,5.7,11.6,9.5,13.3,98,102,96,90,86
2017-07-07 00:00,2189,82,81,0.00,31,0.04,,9.4,4.2,0.34,1.09,3.9,5.1,11.3,9.5,13.3,96,100,96,90,86
2017-07-07 01:00,2189,82,81,0.00,29,0.04,,9.5,4.2,0.31,1.07,4.1,5.4,10.5,10.0,13.3,94,99,96,90,86
2017-07-07 02:00,2189,81,80,0.00,30,0.03,,8.3,3.0,0.30,1.06,3.3,4.8,11.1,10.0,13.5,92,98,96,90,86
2017-07-07 03:00,2189,80,78,0.00,26,0.05,,5.6,3.1,0.28,1.00,3.3,5.1,11.1,10.0,13.5,90,96,96,90,86
2017-07-07 04:00,2189,78,73,0.00,29,0.05,,5.7,3.0,0.26,0.90,3.5,4.7,11.4,10.0,14.2,88,95,96,90,86
2017-07-07 05:00,2189,74,73,0.00,29,1.49,,6.6,4.7,0.25,0.82,3.2,6.2,11.1,9.7,13.9,86,94,95,90,86
2017-07-07 06:00,2189,76,74,0.00,28,44.09,,6.5,3.9,0.24,0.87,3.8,5.3,11.1,9.4,13.3,85,93,95,90,86
2017-07-07 07:00,2189,83,76,0.00,26,234.20,,4.5,1.3,0.23,1.05,3.5,5.3,10.7,9.7,13.5,84,92,94,90,86
2017-07-07 08:00,2189,85,83,0.00,20,432.50,,7.7,2.5,0.23,1.18,3.2,4.9,11.3,9.7,13.3,86,90,94,90,86
2017-07-07 09:00,2189,87,84,0.00,19,628.00,,10.8,3.7,0.23,1.23,3.9,4.9,11.5,9.7,13.7,90,91,94,90,86
2017-07-07 10:00,2189,89,87,0.00,17,793.70,,9.8,3.7,0.24,1.33,3.8,5.3,11.3,9.7,14.3,96,91,93,90,86
2017-07-07 11:00,2189,92,89,0.00,17,914.00,,10.4,3.0,0.25,1.41,4.3,5.3,11.5,9.7,13.3,103,92,93,90,86
2017-07-07 12:00,2189,94,91,0.00,17,948.00,,12.3,3.7,0.26,1.52,4.9,5.1,10.8,9.7,13.9,110,94,93,90,86
2017-07-07 13:00,2189,94,93,0.00,17,989.00,,14.3,5.0,0.27,1.59,5.4,5.5,10.8,9.7,13.3,116,97,92,90,86
2017-07-07 14:00,2189,96,93,0.00,17,943.00,,14.2,4.3,0.28,1.62,5.8,6.2,10.5,9.7,13.3,122,99,92,90,86
2017-07-07 15:00,2189,97,94,0.00,17,837.00,,13.6,5.6,0.30,1.67,5.3,5.7,11.5,9.7,13.9,125,102,93,90,86
2017-07-07 16:00,2189,97,96,0.00,17,682.00,,13.0,5.6,0.30,1.74,4.9,5.9,11.3,9.7,13.7,127,105,94,90,86
2017-07-07 17:00,2189,96,95,0.00,18,492.10,,12.7,4.7,0.31,1.68,5.5,5.6,10.9,9.7,13.5,127,107,94,90,86
2017-07-07 18:00,2189,96,92,0.00,19,287.10,,15.1,7.6,0.33,1.62,5.1,5.6,11.7,9.7,13.9,122,108,94,90,86
2017-07-07 19:00,2189,92,89,0.00,23,85.90,,15.1,9.3,0.34,1.46,5.1,5.6,11.1,9.7,13.5,117,108,95,90,86
2017-07-07 20:00,2189,89,87,0.00,24,2.20,,12.5,8.1,0.35,1.32,5.2,6.0,11.4,9.7,13.0,112,107,96,90,86
2017-07-07 21:00,2189,87,83,0.00,27,0.07,,10.8,2.5,0.35,1.24,4.1,5.3,11.8,9.7,14.2,107,106,96,90,86
2017-07-07 22:00,2189,85,83,0.00,30,0.06,,5.9,1.4,0.34,1.17,4.4,5.6,11.6,9.7,13.3,102,105,96,90,86
2017-07-07 23:00,2189,85,84,0.00,28,0.04,,9.2,2.4,0.34,1.20,4.0,5.8,11.6,9.7,13.7,99,103,97,90,86
2017-07-08 00:00,2189,85,81,0.00,31,0.05,,5.3,1.5,0.37,1.15,4.0,5.1,11.6,9.7,13.7,96,102,97,90,86
2017-07-08 01:00,2189,81,80,0.00,34,0.04,,4.5,1.9,0.36,1.05,3.3,5.4,11.6,9.7,13.7,94,100,97,90,86
2017-07-08 02:00,2189,80,78,0.00,34,0.07,,6.1,3.8,0.34,1.01,3.5,5.2,11.8,9.7,13.3,92,98,97,90,86
2017-07-08 03:00,2189,81,78,0.00,33,0.05,,6.0,3.0,0.31,1.01,3.7,4.4,11.1,9.4,13.3,91,97,96,90,86
2017-07-08 04:00,2189,82,79,0.00,30,0.02,,7.8,1.8,0.30,1.06,4.3,4.9,11.4,9.7,13.3,89,96,96,90,86
2017-07-08 05:00,2189,81,78,0.00,28,1.14,,4.5,1.7,0.31,1.04,3.5,4.7,10.9,9.7,13.7,88,95,96,90,86
2017-07-08 06:00,2189,81,76,0.00,34,41.96,,6.4,3.1,0.32,0.94,3.2,5.3,11.1,9.5,13.3,87,94,96,90,86
2017-07-08 07:00,2189,86,81,0.00,29,238.10,,2.7,0.4,0.32,1.16,3.4,4.6,11.7,9.5,14.2,86,93,95,90,86
2017-07-08 08:00,2189,88,85,0.00,24,440.40,,7.1,1.3,0.24,1.30,3.2,4.9,11.3,9.5,13.7,87,92,95,90,86
2017-07-08 09:00,2189,90,88,0.00,16,636.20,,7.7,2.1,0.22,1.39,4.1,4.9,11.5,9.5,14.2,92,92,94,90,86
2017-07-08 10:00,2189,91,90,0.00,16,804.00,,10.8,2.4,0.23,1.45,4.0,5.1,11.0,9.5,14.2,98,92,94,90,86
2017-07-08 11:00,2189,94,91,0.00,16,923.00,,10.7,2.8,0.23,1.53,4.4,4.6,11.5,9.5,14.2,105,94,94,91,86
2017-07-08 12:00,2189,95,93,0.00,15,950.00,,11.3,4.1,0.24,1.62,4.7,5.1,10.5,9.5,13.7,112,96,94,91,86
2017-07-08 13:00,2189,97,95,0.00,14,987.00,,14.6,5.5,0.24,1.72,5.0,5.3,10.8,9.5,13.7,117,98,93,90,86
2017-07-08 14:00,2189,98,97,0.00,13,941.00,,16.4,7.9,0.22,1.79,5.4,5.2,11.5,9.5,13.3,122,101,94,90,86
2017-07-08 15:00,2189,99,97,0.00,11,837.00,,19.2,9.6,0.20,1.81,5.4,5.3,11.3,9.7,13.3,125,103,94,91,86
2017-07-08 16:00,2189,98,96,0.00,13,675.80,,16.7,9.6,0.23,1.76,5.3,6.3,11.0,9.5,14.2,127,106,94,90,86
2017-07-08 17:00,2189,97,94,0.00,15,425.30,,16.2,8.9,0.24,1.70,5.1,5.6,11.0,9.5,13.3,125,107,95,90,86
2017-07-08 18:00,2189,94,92,0.00,17,165.10,,14.7,8.9,0.27,1.57,4.6,5.6,11.7,9.5,13.0,121,108,96,90,86
2017-07-08 19:00,2189,92,89,0.00,18,47.31,,14.2,9.0,0.25,1.44,4.6,5.3,11.1,9.5,14.2,115,108,96,90,86
2017-07-08 20:00,2189,89,88,0.00,17,2.09,,13.7,8.7,0.22,1.36,4.1,5.3,11.4,9.5,13.3,110,107,96,90,86
2017-07-08 21:00,2189,88,87,0.00,17,0.05,,15.7,9.0,0.25,1.32,3.7,5.9,10.8,9.5,13.3,105,106,97,90,86
2017-07-08 22:00,2189,88,87,0.00,21,0.04,,15.1,10.3,0.23,1.31,4.4,5.5,11.9,9.7,13.3,102,104,97,90,86
2017-07-08 23:00,2189,88,85,0.00,14,0.03,,15.7,6.2,0.20,1.29,4.0,5.1,10.5,9.7,13.3,99,102,98,91,86
2017-07-09 00:00,2189,85,82,0.00,18,0.06,,5.5,1.3,0.22,1.16,4.2,5.4,10.5,9.7,14.2,97,102,97,90,86
2017-07-09 01:00,2189,82,80,0.00,21,0.07,,4.3,1.1,0.22,1.08,4.1,5.2,11.1,9.5,13.7,95,100,97,90,86
2017-07-09 02:00,2189,82,79,0.00,19,0.07,,5.8,3.2,0.20,1.03,4.3,4.7,11.1,9.5,14.2,92,98,97,91,87
2017-07-09 03:00,2189,82,79,0.00,19,0.04,,4.0,1.9,0.19,1.05,4.1,4.5,11.4,9.5,14.2,91,97,97,91,86
2017-07-09 04:00,2189,82,80,0.00,18,0.05,,3.6,1.7,0.19,1.06,3.4,4.7,11.4,9.5,13.3,90,96,96,91,86
2017-07-09 05:00,2189,81,79,0.00,17,0.33,,4.4,1.2,0.19,1.05,3.4,5.1,11.1,10.2,13.8,89,95,96,91,86
2017-07-09 06:00,2189,83,79,0.00,19,59.76,,6.4,2.3,0.18,1.05,3.4,5.1,11.4,9.5,13.3,89,94,96,91,86
2017-07-09 07:00,2189,86,83,0.00,16,241.40,,4.4,1.3,0.17,1.20,3.4,4.9,11.0,9.5,13.8,89,94,96,91,86
2017-07-09 08:00,2189,89,86,0.00,14,432.60,,6.9,2.4,0.16,1.31,3.9,4.6,11.5,9.5,14.2,90,93,95,91,86
2017-07-09 09:00,2189,90,89,0.00,11,535.10,,10.1,5.2,0.15,1.39,4.0,5.1,11.0,10.2,14.2,94,93,95,92,87
2017-07-09 10:00,2189,93,89,0.00,11,825.00,,11.5,4.1,0.16,1.48,3.9,4.9,11.0,10.2,13.3,98,94,94,91,86
2017-07-09 11:00,2189,94,92,0.00,11,913.00,,10.7,4.4,0.17,1.57,4.5,5.3,10.6,9.2,13.3,104,94,94,91,86
2017-07-09 12:00,2189,97,94,0.00,11,932.00,,9.4,2.8,0.18,1.67,4.4,4.7,10.8,10.2,13.3,111,96,94,92,86
2017-07-09 13:00,2189,97,95,0.00,11,963.00,,13.0,6.4,0.21,1.73,4.8,5.6,10.8,9.9,13.0,116,98,94,91,86
2017-07-09 14:00,2189,99,96,0.00,12,934.00,,13.6,6.1,0.23,1.78,5.6,5.8,11.1,10.2,13.3,121,101,94,92,86
2017-07-09 15:00,2189,98,95,0.00,13,825.00,,14.0,5.9,0.23,1.72,5.4,5.9,11.1,10.2,13.3,124,103,94,91,86
2017-07-09 16:00,2189,98,95,0.00,13,688.40,,11.8,3.7,0.24,1.72,5.2,5.6,10.9,10.2,13.3,124,105,95,91,86
2017-07-09 17:00,2189,96,94,0.00,14,463.70,,11.2,4.1,0.24,1.68,5.0,5.3,11.4,10.2,14.2,124,107,95,91,87
2017-07-09 18:00,2189,94,92,0.00,15,185.70,,10.6,4.0,0.24,1.58,4.6,5.3,11.5,9.2,13.3,121,108,96,91,86
2017-07-09 19:00,2189,92,86,0.00,17,40.30,,5.8,2.0,0.28,1.41,4.8,5.6,11.0,10.2,14.2,116,108,96,91,86
2017-07-09 20:00,2189,86,81,0.00,31,2.18,,3.8,0.9,0.41,1.19,4.1,5.6,11.0,10.2,13.3,111,108,97,91,86
2017-07-09 21:00,2189,81,80,0.00,35,0.06,,5.5,2.5,0.42,1.06,4.0,5.8,11.4,10.2,13.3,106,107,98,91,86
2017-07-09 22:00,2189,82,80,0.00,41,0.06,,4.9,2.9,0.44,1.06,4.0,5.1,10.7,10.2,13.8,102,105,98,91,86
2017-07-09 23:00,2189,80,78,0.00,42,0.04,,3.7,1.4,0.44,1.02,4.1,5.6,11.7,10.2,13.8,99,103,98,91,87
2017-07-10 00:00,2189,78,77,0.00,44,0.03,,6.2,3.4,0.41,0.95,3.9,5.6,10.7,9.9,13.3,98,102,98,91,86
2017-07-10 01:00,2189,78,76,0.00,42,0.04,,4.8,2.2,0.41,0.95,3.4,4.8,10.7,9.9,13.3,95,101,98,91,87
2017-07-10 02:00,2189,76,74,0.00,47,0.03,,3.2,1.4,0.43,0.90,3.4,5.1,10.7,9.9,13.8,94,99,98,91,87
2017-07-10 03:00,2189,74,73,0.00,49,0.06,,3.6,1.3,0.42,0.83,3.2,4.9,10.9,10.0,14.2,92,98,98,91,86
2017-07-10 04:00,2189,74,71,0.00,51,0.04,,4.4,1.6,0.41,0.81,3.2,4.9,11.1,9.7,14.2,90,97,97,92,87
2017-07-10 05:00,2189,72,71,0.00,52,1.67,,3.6,1.1,0.41,0.78,3.2,5.1,11.4,9.9,13.3,89,96,97,92,87
2017-07-10 06:00,2189,72,71,0.00,53,27.20,,2.5,0.9,0.41,0.79,3.4,5.0,11.6,9.9,13.3,88,95,96,91,87
2017-07-10 07:00,2189,76,72,0.00,52,100.90,,1.5,0.2,0.42,0.84,3.2,4.5,10.9,9.7,14.2,87,94,96,91,87
2017-07-10 08:00,2189,79,76,0.00,47,224.80,,3.6,0.9,0.43,0.94,3.7,4.7,11.2,9.9,14.2,87,93,96,92,87
2017-07-10 09:00,2189,85,79,0.00,42,410.30,,4.8,1.9,0.43,1.07,3.2,5.0,10.9,9.9,13.0,90,92,95,92,87
2017-07-10 10:00,2189,88,84,0.00,35,591.60,,5.4,1.8,0.40,1.26,3.3,4.4,11.3,9.9,13.0,94,92,95,92,87
2017-07-10 11:00,2189,92,88,0.00,28,486.40,,7.8,1.6,0.38,1.41,3.9,4.2,10.9,9.9,13.8,98,93,94,92,87
2017-07-10 12:00,2189,92,89,0.00,23,314.70,,8.6,3.3,0.35,1.45,3.8,4.9,10.9,9.9,13.0,102,94,94,92,87
2017-07-10 13:00,2189,90,88,0.00,27,282.40,,11.2,7.5,0.37,1.36,4.3,5.3,11.1,9.9,14.2,102,96,94,92,87
2017-07-10 14:00,2189,89,87,0.00,27,269.80,,12.9,7.6,0.37,1.36,4.3,5.1,11.1,9.9,14.2,102,97,94,92,87
2017-07-10 15:00,2189,90,89,0.00,28,250.00,,9.0,3.7,0.37,1.41,4.3,5.1,11.1,9.7,13.8,102,98,94,92,87
2017-07-10 16:00,2189,90,89,0.00,25,221.00,,7.6,4.1,0.37,1.42,4.3,4.7,11.1,9.9,14.2,102,98,94,92,87
2017-07-10 17:00,2189,91,90,0.00,26,224.50,,6.2,1.7,0.37,1.46,4.5,5.5,11.5,9.7,14.2,102,98,94,91,87
2017-07-10 18:00,2189,91,90,0.00,26,220.30,,11.1,4.5,0.40,1.46,4.5,5.1,10.9,9.7,13.0,101,98,94,92,87
2017-07-10 19:00,2189,90,86,0.00,28,83.10,,11.4,5.6,0.39,1.35,4.5,5.1,11.1,9.9,14.2,101,98,94,92,87
2017-07-10 20:00,2189,86,84,0.00,31,2.78,,9.0,4.8,0.38,1.21,4.1,5.1,10.9,9.9,13.0,99,98,94,92,87
2017-07-10 21:00,2189,84,82,0.00,32,0.05,,8.5,4.3,0.38,1.14,4.3,5.4,10.9,9.7,13.0,96,98,94,92,87
2017-07-10 22:00,2189,82,75,0.00,33,0.03,,6.4,2.6,0.38,1.02,3.8,5.3,10.9,9.9,13.3,94,97,95,92,87
2017-07-10 23:00,2189,75,72,0.00,44,0.04,,3.6,1.9,0.38,0.83,3.7,4.9,10.9,9.7,13.0,92,96,94,91,87
2017-07-11 00:00,2189,73,72,0.00,49,0.04,,4.0,1.6,0.38,0.79,3.7,4.7,11.2,9.9,14.2,89,95,94,92,87
2017-07-11 01:00,2189,73,72,0.00,48,0.03,,4.4,2.2,0.38,0.80,3.2,4.5,11.2,9.7,13.0,87,94,94,91,87
2017-07-11 02:00,2189,73,72,0.00,47,0.03,,5.2,3.1,0.38,0.81,3.4,5.0,11.1,9.9,13.5,86,93,94,91,87
2017-07-11 03:00,2189,73,72,0.00,48,0.03,,5.0,3.1,0.38,0.80,3.2,4.9,10.8,9.9,13.8,86,92,94,91,87
2017-07-11 04:00,2189,72,70,0.00,48,0.03,,5.6,3.5,0.38,0.79,3.6,4.4,10.6,9.6,13.8,84,91,94,91,87
2017-07-11 05:00,2189,72,70,0.00,51,0.96,,6.2,4.5,0.38,0.76,3.6,4.9,10.9,9.9,14.2,83,90,94,91,87
2017-07-11 06:00,2189,73,71,0.00,48,41.95,,5.3,1.9,0.37,0.78,3.2,4.7,11.3,9.9,13.8,82,89,93,91,87
2017-07-11 07:00,2189,77,73,0.00,46,209.80,,1.4,0.2,0.39,0.87,3.5,4.5,11.0,9.9,13.0,81,89,93,91,87
2017-07-11 08:00,2189,81,77,0.00,42,405.50,,3.7,0.7,0.39,0.99,3.6,4.9,11.3,9.9,14.2,83,88,92,91,87
2017-07-11 09:00,2189,87,81,0.00,36,595.40,,4.6,0.4,0.38,1.12,4.1,4.9,10.6,9.9,13.8,87,87,92,91,87
2017-07-11 10:00,2189,88,86,0.00,28,769.90,,7.1,0.8,0.35,1.28,4.0,5.1,10.8,10.0,13.8,93,88,92,91,87
2017-07-11 11:00,2189,91,88,0.00,27,894.00,,6.8,1.4,0.35,1.38,4.3,4.9,11.0,10.2,14.2,99,90,91,91,87
2017-07-11 12:00,2189,91,90,0.00,22,932.00,,13.0,2.9,0.34,1.46,4.3,4.6,10.3,10.2,13.8,106,92,91,91,87
2017-07-11 13:00,2189,93,91,0.00,24,968.00,,14.6,6.8,0.35,1.50,5.2,5.3,10.6,10.2,14.2,113,95,91,90,87
2017-07-11 14:00,2189,94,93,0.00,22,920.00,,12.4,5.4,0.34,1.57,5.2,5.1,10.3,10.2,13.8,117,98,91,91,87
2017-07-11 15:00,2189,93,93,0.00,22,814.00,,12.6,4.3,0.35,1.55,5.5,5.4,10.6,9.5,13.3,120,100,92,91,87
2017-07-11 16:00,2189,96,93,0.00,23,659.70,,15.8,2.9,0.38,1.61,5.2,5.8,10.6,9.5,13.8,121,102,92,90,87
2017-07-11 17:00,2189,94,91,0.00,22,469.00,,17.3,8.6,0.36,1.58,5.4,5.4,11.0,9.5,13.0,121,104,92,90,87
2017-07-11 18:00,2189,91,87,0.00,24,262.10,,16.7,10.5,0.35,1.42,5.3,6.4,10.5,9.5,13.3,119,105,93,90,87
2017-07-11 19:00,2189,87,83,0.00,26,71.09,,14.9,7.7,0.33,1.22,4.9,5.8,10.8,9.5,14.2,113,106,94,90,87
2017-07-11 20:00,2189,83,81,0.00,28,2.38,,10.4,4.9,0.32,1.09,4.6,5.5,10.9,9.7,13.0,108,105,94,90,87
2017-07-11 21:00,2189,81,79,0.00,28,0.06,,9.0,3.9,0.30,1.02,4.5,5.3,10.6,9.7,14.2,102,104,95,90,87
2017-07-11 22:00,2189,80,74,0.00,28,0.06,,9.4,3.8,0.30,0.98,4.1,5.2,10.4,9.5,14.2,99,102,96,90,87
2017-07-11 23:00,2189,74,70,0.00,36,0.06,,3.9,1.4,0.31,0.80,3.9,4.8,10.9,9.7,13.0,96,101,96,90,87
2017-07-12 00:00,2189,71,69,0.00,42,0.04,,5.4,2.9,0.31,0.73,3.4,5.1,10.9,9.7,13.8,93,99,96,90,87
2017-07-12 01:00,2189,70,68,0.00,41,0.05,,3.1,1.7,0.30,0.72,4.0,5.3,11.1,9.7,14.2,91,98,96,90,87
2017-07-12 02:00,2189,69,68,0.00,43,0.04,,4.5,2.1,0.27,0.71,3.5,5.1,11.1,9.7,13.3,89,96,96,90,87
2017-07-12 03:00,2189,69,67,0.00,36,0.05,,4.8,2.6,0.25,0.70,3.2,4.2,10.9,9.5,13.8,86,95,95,90,87
2017-07-12 04:00,2189,71,69,0.00,34,0.05,,5.5,3.9,0.25,0.75,3.8,5.0,10.9,9.5,13.0,85,94,95,90,87
2017-07-12 05:00,2189,71,69,0.00,36,0.93,,5.1,3.5,0.25,0.73,4.0,4.1,11.1,9.5,13.0,83,92,95,90,87
2017-07-12 06:00,2189,73,70,0.00,35,37.95,,5.2,3.2,0.27,0.74,3.3,4.9,11.0,10.2,14.2,82,91,94,90,87
2017-07-12 07:00,2189,80,73,0.00,34,230.80,,3.2,0.9,0.28,0.89,3.3,4.7,11.3,9.5,13.0,82,90,94,90,87
2017-07-12 08:00,2189,84,80,0.00,27,434.50,,4.9,0.6,0.27,1.05,3.1,5.0,11.0,9.5,14.2,83,89,93,90,87
2017-07-12 09:00,2189,85,83,0.00,23,635.30,,5.6,0.7,0.25,1.18,3.9,4.5,11.2,9.5,13.0,88,89,93,90,87
2017-07-12 10:00,2189,88,85,0.00,20,805.00,,8.0,1.6,0.26,1.29,4.3,4.4,10.9,9.5,13.3,94,89,92,90,87
2017-07-12 11:00,2189,88,87,0.00,22,926.00,,12.3,5.4,0.28,1.30,4.2,5.3,10.6,9.5,14.2,101,91,92,91,87
2017-07-12 12:00,2189,91,88,0.00,22,957.00,,12.9,6.0,0.28,1.37,4.5,4.6,11.0,9.5,13.3,108,93,92,90,87
2017-07-12 13:00,2189,93,90,0.00,19,999.00,,12.0,4.3,0.28,1.47,5.0,5.0,10.6,9.5,13.3,113,96,92,90,87
2017-07-12 14:00,2189,93,91,0.00,18,955.00,,11.4,5.2,0.28,1.52,5.5,5.4,10.3,9.5,13.0,117,98,92,90,87
2017-07-12 15:00,2189,94,91,0.00,19,848.00,,13.4,7.5,0.28,1.53,5.3,5.6,10.6,9.5,13.7,121,101,92,91,87
2017-07-12 16:00,2189,94,91,0.00,18,692.30,,17.7,8.9,0.28,1.52,4.8,5.1,10.6,9.5,13.3,121,103,92,90,87
2017-07-12 17:00,2189,92,90,0.00,19,495.60,,12.7,7.1,0.30,1.49,5.1,5.5,11.0,9.7,13.3,121,105,93,90,87
2017-07-12 18:00,2189,91,90,0.00,21,286.60,,10.8,4.8,0.31,1.45,5.0,5.5,11.3,9.4,13.3,117,106,94,90,87
2017-07-12 19:00,2189,90,86,0.00,23,84.90,,10.8,4.8,0.27,1.36,4.8,5.8,10.6,9.7,13.3,114,106,94,90,87
2017-07-12 20:00,2189,86,81,0.00,18,2.43,,7.5,1.6,0.26,1.18,4.3,5.1,11.1,9.7,14.2,109,105,95,90,87
2017-07-12 21:00,2189,81,77,0.00,22,0.06,,4.0,1.9,0.24,1.02,4.1,5.6,10.9,9.7,13.3,103,104,96,90,87
2017-07-12 22:00,2189,77,74,0.00,27,0.08,,5.3,1.5,0.24,0.92,3.7,4.9,11.1,9.5,13.3,99,103,96,90,87
2017-07-12 23:00,2189,74,70,0.00,27,0.08,,4.6,1.4,0.23,0.83,4.0,5.0,10.9,9.7,13.7,96,101,96,90,87
2017-07-13 00:00,2189,70,69,0.00,31,0.08,,4.3,2.4,0.23,0.72,3.5,5.8,11.1,9.5,13.3,92,99,96,90,87
2017-07-13 01:00,2189,71,69,0.00,31,0.08,,4.1,1.7,0.21,0.74,3.9,5.2,11.1,9.5,14.2,90,98,96,90,87
2017-07-13 02:00,2189,70,68,0.00,27,0.06,,3.5,2.3,0.21,0.72,3.4,5.0,10.9,9.5,13.7,88,96,96,90,87
2017-07-13 03:00,2189,71,68,0.00,33,0.05,,4.5,2.5,0.27,0.73,3.4,5.1,10.6,9.4,13.3,86,95,96,90,87
2017-07-13 04:00,2189,72,70,0.00,44,0.04,,5.7,3.6,0.34,0.76,3.2,4.9,11.1,9.5,13.7,84,93,95,91,87
2017-07-13 05:00,2189,71,70,0.00,45,0.99,,6.7,4.4,0.35,0.75,3.4,4.7,10.6,9.5,13.7,83,92,95,90,87
2017-07-13 06:00,2189,73,70,0.00,49,37.04,,6.5,4.5,0.37,0.75,2.7,4.7,11.3,10.2,13.7,82,91,94,90,87
2017-07-13 07:00,2189,80,73,0.00,46,224.90,,4.1,1.6,0.38,0.89,2.7,4.5,10.8,9.5,14.2,82,90,94,90,87
2017-07-13 08:00,2189,83,79,0.00,37,423.90,,4.2,1.2,0.38,1.03,3.7,5.1,11.0,9.5,13.9,83,89,94,91,87
2017-07-13 09:00,2189,87,83,0.00,33,620.30,,7.5,2.0,0.36,1.16,3.6,5.1,10.6,10.2,13.9,88,89,93,90,87
2017-07-13 10:00,2189,90,87,0.00,27,790.50,,10.9,0.7,0.33,1.32,3.4,4.7,10.4,9.5,13.7,94,89,93,91,87
2017-07-13 11:00,2189,91,90,0.00,21,914.00,,7.5,1.7,0.30,1.42,4.3,4.4,10.8,10.2,13.9,102,91,92,90,87
2017-07-13 12:00,2189,91,90,0.00,19,959.00,,14.3,6.0,0.33,1.42,4.7,4.5,10.6,9.5,13.3,110,93,92,91,87
2017-07-13 13:00,2189,93,90,0.00,24,991.00,,13.4,6.3,0.35,1.49,5.0,5.8,10.9,10.2,13.9,116,96,92,90,87
2017-07-13 14:00,2189,95,91,0.00,23,954.00,,14.2,5.9,0.33,1.57,5.1,4.7,10.6,9.5,13.3,122,98,92,90,87
2017-07-13 15:00,2189,95,90,0.00,20,719.40,,15.6,6.7,0.35,1.53,5.2,5.6,11.0,9.5,13.3,125,102,92,91,87
2017-07-13 16:00,2189,94,93,0.00,23,725.50,,14.3,6.4,0.37,1.59,5.3,5.3,10.6,9.5,13.7,125,104,93,90,87
2017-07-13 17:00,2189,94,91,0.00,23,363.30,,12.9,5.7,0.37,1.53,5.5,5.8,11.3,9.5,13.3,125,106,94,91,87
2017-07-13 18:00,2189,91,90,0.00,25,254.70,,10.4,4.3,0.36,1.44,5.0,5.8,10.7,9.5,13.9,121,106,94,91,87
2017-07-13 19:00,2189,91,86,0.00,23,122.00,,9.7,4.4,0.28,1.38,4.6,5.8,10.6,9.5,13.3,115,107,95,90,87
2017-07-13 20:00,2189,86,82,0.00,19,3.47,,7.5,2.5,0.23,1.18,4.1,5.2,11.1,9.5,12.4,111,106,95,90,87
2017-07-13 21:00,2189,82,77,0.00,20,0.07,,4.6,1.7,0.22,1.01,3.8,5.9,10.9,9.7,13.3,105,105,96,90,87
2017-07-13 22:00,2189,77,77,0.00,23,0.06,,5.8,3.0,0.22,0.94,4.0,5.5,10.9,9.7,13.3,100,103,96,90,87
2017-07-13 23:00,2189,77,74,0.00,25,0.05,,4.2,2.3,0.23,0.89,4.1,5.1,10.6,9.7,13.7,96,102,96,90,87
2017-07-14 00:00,2189,75,73,0.00,26,0.04,,5.6,3.2,0.22,0.86,3.4,5.4,10.9,9.5,13.7,94,100,96,90,87
2017-07-14 01:00,2189,73,72,0.00,28,0.05,,5.2,2.8,0.23,0.82,3.7,5.2,10.9,9.5,14.2,91,98,96,90,87
2017-07-14 02:00,2189,72,71,0.00,29,0.05,,4.6,2.8,0.23,0.79,3.4,4.9,10.6,9.7,14.2,89,97,96,91,87
2017-07-14 03:00,2189,71,70,0.00,30,0.06,,5.6,2.9,0.25,0.76,3.0,4.6,10.5,9.7,13.3,87,96,96,91,87
2017-07-14 04:00,2189,71,70,0.00,40,0.06,,4.3,2.1,0.33,0.75,3.2,4.4,11.0,10.2,13.7,86,94,96,91,87
2017-07-14 05:00,2189,72,70,0.00,46,0.86,,6.3,3.4,0.35,0.76,3.2,4.5,10.6,9.5,13.3,84,93,95,91,87
2017-07-14 06:00,2189,76,71,0.00,46,32.58,,5.0,2.3,0.36,0.78,3.2,4.7,10.8,9.5,13.0,83,92,95,91,87
2017-07-14 07:00,2189,82,76,0.00,40,225.20,,3.4,0.6,0.36,0.99,2.7,4.5,11.0,10.2,13.3,82,91,94,91,87
2017-07-14 08:00,2189,82,81,0.00,33,428.30,,5.3,2.0,0.36,1.09,3.0,5.1,11.3,9.5,13.0,85,90,94,91,87
2017-07-14 09:00,2189,85,82,0.00,32,624.60,,9.0,4.3,0.36,1.15,3.4,4.7,10.6,10.2,13.3,89,90,94,91,87
2017-07-14 10:00,2189,87,85,0.00,30,793.90,,10.2,5.5,0.35,1.24,4.0,4.5,10.8,9.5,13.3,96,90,93,91,87
2017-07-14 11:00,2189,89,87,0.00,27,910.00,,10.2,3.3,0.34,1.33,4.1,4.7,10.9,9.5,13.7,102,92,93,91,87
2017-07-14 12:00,2189,91,89,0.00,24,943.00,,12.1,5.4,0.32,1.41,5.2,4.7,10.9,9.5,13.3,110,93,92,91,87
2017-07-14 13:00,2189,92,90,0.00,23,979.00,,13.2,7.1,0.32,1.46,4.9,5.8,10.8,9.5,13.3,116,96,92,91,87
2017-07-14 14:00,2189,93,92,0.00,20,948.00,,15.9,8.2,0.31,1.53,5.3,4.7,10.9,9.5,13.3,121,98,92,91,87
2017-07-14 15:00,2189,94,92,0.00,20,841.00,,17.5,8.0,0.31,1.57,5.0,4.9,10.6,9.5,13.3,124,102,92,91,87
2017-07-14 16:00,2189,94,93,0.00,20,681.30,,15.5,8.4,0.30,1.58,5.5,5.6,11.0,9.5,13.7,125,103,93,91,87
2017-07-14 17:00,2189,94,92,0.00,19,496.90,,14.9,8.4,0.28,1.57,4.8,5.3,10.6,9.5,13.7,124,105,94,90,87
2017-07-14 18:00,2189,92,91,0.00,18,297.30,,14.7,7.7,0.28,1.50,4.9,5.6,11.0,9.5,13.7,121,106,94,91,87
2017-07-14 19:00,2189,91,87,0.00,20,91.70,,13.1,7.3,0.30,1.40,4.4,5.9,10.8,9.7,14.2,115,106,95,91,87
2017-07-14 20:00,2189,87,86,0.00,23,2.60,,10.7,5.5,0.29,1.27,4.4,4.9,11.0,9.5,14.4,110,106,96,90,87
2017-07-14 21:00,2189,86,82,0.00,23,0.06,,7.1,2.7,0.29,1.20,4.2,5.2,10.7,9.7,13.3,104,105,96,90,87
2017-07-14 22:00,2189,82,80,0.00,26,0.06,,6.0,4.2,0.29,1.07,4.1,4.5,10.5,9.5,13.0,101,103,96,90,87
2017-07-14 23:00,2189,80,76,0.00,28,0.06,,3.8,1.4,0.26,0.97,3.4,5.1,10.9,9.5,13.7,97,102,96,90,87
2017-07-15 00:00,2189,78,75,0.00,26,0.05,,5.2,1.4,0.24,0.88,3.3,5.2,11.2,9.7,14.2,94,100,96,90,87
2017-07-15 01:00,2189,81,78,0.00,35,0.06,,11.7,5.4,0.33,1.01,3.5,4.3,11.5,9.5,13.3,91,98,96,91,87
2017-07-15 02:00,2189,78,74,0.00,34,0.05,,5.7,1.8,0.34,0.94,3.0,4.6,11.5,9.7,13.3,90,97,96,91,87
2017-07-15 03:00,2189,74,73,0.00,38,0.07,,5.9,2.7,0.34,0.84,3.2,4.9,10.7,9.7,13.3,88,96,96,91,87
2017-07-15 04:00,2189,74,73,0.00,42,0.03,,8.9,6.0,0.35,0.84,3.3,4.7,10.5,9.5,14.2,86,94,96,91,87
2017-07-15 05:00,2189,73,72,0.00,42,0.76,,8.2,5.5,0.34,0.80,2.8,5.4,10.5,9.5,13.3,85,94,95,91,87
2017-07-15 06:00,2189,72,71,0.00,42,35.38,,6.2,2.4,0.33,0.79,2.6,4.5,10.7,9.5,14.2,84,92,95,91,87
2017-07-15 07:00,2189,78,72,0.00,40,201.50,,5.2,1.7,0.32,0.86,2.8,4.7,11.0,9.5,13.0,83,91,94,91,87
2017-07-15 08:00,2189,82,78,0.00,34,414.10,,6.9,1.8,0.31,1.04,3.0,4.7,10.9,9.5,13.3,84,90,94,91,87
2017-07-15 09:00,2189,85,82,0.00,27,604.80,,7.5,3.0,0.28,1.16,2.7,4.2,11.1,9.5,13.3,88,90,94,91,87
2017-07-15 10:00,2189,87,85,0.00,19,778.70,,9.1,3.7,0.23,1.25,3.6,5.1,10.9,9.5,13.3,94,90,93,91,87
2017-07-15 11:00,2189,89,87,0.00,18,911.00,,11.2,5.4,0.24,1.34,3.9,4.5,11.1,10.2,13.3,102,91,93,91,87
2017-07-15 12:00,2189,90,87,0.00,18,949.00,,12.5,4.9,0.25,1.37,4.5,4.2,10.4,10.2,13.3,109,93,92,92,87
2017-07-15 13:00,2189,92,90,0.00,18,991.00,,13.4,5.4,0.27,1.47,5.2,5.0,10.1,9.5,13.3,116,96,92,91,87
2017-07-15 14:00,2189,93,91,0.00,18,952.00,,16.9,9.2,0.26,1.51,5.4,5.4,10.1,9.5,13.0,121,98,92,91,87
2017-07-15 15:00,2189,93,92,0.00,17,856.00,,15.5,8.8,0.26,1.54,5.1,5.0,11.1,9.5,13.3,124,101,93,91,87
2017-07-15 16:00,2189,93,92,0.00,17,692.50,,14.3,6.3,0.28,1.53,5.6,4.9,10.9,9.5,13.7,125,103,93,91,87
2017-07-15 17:00,2189,92,92,0.00,18,498.10,,11.2,4.1,0.28,1.52,4.6,5.2,10.3,9.5,13.3,124,105,94,91,87
2017-07-15 18:00,2189,92,89,0.00,19,231.70,,10.8,5.3,0.29,1.46,4.6,5.2,10.6,9.5,14.2,121,106,94,91,87
2017-07-15 19:00,2189,89,87,0.00,21,38.51,,7.6,3.4,0.28,1.34,5.0,5.2,11.0,9.7,13.3,116,106,95,91,87
2017-07-15 20:00,2189,87,83,0.00,21,1.46,,5.4,1.5,0.25,1.20,4.5,5.2,10.8,9.5,14.2,109,105,96,91,87
2017-07-15 21:00,2189,83,83,0.00,21,0.06,,7.2,2.3,0.27,1.14,3.6,5.0,10.5,9.5,13.0,104,105,96,91,87
2017-07-15 22:00,2189,83,80,0.00,26,0.04,,5.2,2.2,0.29,1.08,4.1,5.6,11.0,9.7,14.2,99,103,96,91,87
2017-07-15 23:00,2189,80,79,0.00,29,0.02,,6.3,4.3,0.29,1.02,3.7,5.2,10.7,9.5,13.0,96,102,96,91,87
2017-07-16 00:00,2189,79,78,0.00,28,0.05,,7.5,4.8,0.27,0.99,3.1,4.5,10.7,9.7,13.0,94,100,96,91,87
2017-07-16 01:00,2189,81,79,0.00,25,0.04,,6.7,4.5,0.24,1.00,3.3,5.1,11.0,9.5,13.0,92,98,96,91,87
2017-07-16 02:00,2189,82,80,0.00,16,0.04,,6.5,1.7,0.18,1.06,3.0,4.4,11.3,9.5,13.3,90,97,96,90,87
2017-07-16 03:00,2189,80,79,0.00,19,0.04,,5.3,1.9,0.20,1.01,3.5,4.2,10.5,9.5,13.3,89,96,96,91,87
2017-07-16 04:00,2189,81,78,0.00,20,0.03,,8.6,3.4,0.21,0.98,3.3,4.7,11.0,9.2,13.3,89,95,96,91,87
2017-07-16 05:00,2189,81,80,0.00,20,1.44,,12.6,6.0,0.23,1.06,3.3,4.5,11.3,10.2,13.8,87,94,95,91,87
2017-07-16 06:00,2189,80,78,0.00,25,47.39,,8.0,1.7,0.26,1.00,3.3,4.7,10.6,9.5,14.2,87,93,95,91,87
2017-07-16 07:00,2189,82,79,0.00,27,165.10,,4.6,1.6,0.27,1.06,3.3,5.4,10.8,9.5,14.2,87,92,94,92,87
2017-07-16 08:00,2189,84,82,0.00,28,385.00,,8.6,3.3,0.32,1.14,3.5,4.7,11.1,9.5,14.2,88,92,94,91,87
2017-07-16 09:00,2189,87,84,0.00,28,603.70,,9.3,2.9,0.32,1.22,3.2,4.3,10.9,10.2,13.0,92,92,94,91,87
2017-07-16 10:00,2189,89,87,0.00,25,857.00,,10.7,3.7,0.30,1.33,4.1,4.5,11.1,9.5,14.2,98,92,94,91,87
2017-07-16 11:00,2189,91,89,0.00,22,991.00,,11.0,3.8,0.30,1.41,4.4,4.7,10.1,10.2,14.2,106,93,93,91,87
2017-07-16 12:00,2189,93,90,0.00,20,990.00,,12.2,3.9,0.28,1.46,4.6,4.9,10.4,9.5,14.2,113,95,93,91,87
2017-07-16 13:00,2189,93,91,0.00,19,832.00,,12.6,5.4,0.29,1.53,4.8,5.0,10.3,9.5,14.2,121,98,93,92,87
2017-07-16 14:00,2189,93,91,0.00,18,701.10,,14.7,5.0,0.26,1.51,5.6,5.4,10.4,9.5,13.3,124,101,93,92,87
2017-07-16 15:00,2189,91,90,0.00,18,333.70,,15.1,7.8,0.26,1.45,4.9,5.0,10.9,9.5,13.8,124,103,93,91,87
2017-07-16 16:00,2189,94,91,0.00,17,634.40,,13.8,7.4,0.26,1.50,4.6,5.2,10.9,9.5,13.0,121,105,94,91,87
2017-07-16 17:00,2189,94,92,0.00,17,416.90,,13.8,7.3,0.27,1.55,4.4,5.5,11.1,9.5,13.3,120,106,94,91,87
2017-07-16 18:00,2189,93,91,0.00,16,306.00,,12.6,5.8,0.25,1.54,4.4,4.8,10.6,9.5,13.8,117,106,95,91,87
2017-07-16 19:00,2189,91,87,0.00,19,86.90,,10.5,4.8,0.29,1.42,4.4,5.0,11.0,9.5,13.0,114,106,96,91,87
2017-07-16 20:00,2189,87,83,0.00,26,2.22,,6.9,2.2,0.34,1.24,4.1,4.7,11.0,9.5,13.8,109,105,96,91,87
2017-07-16 21:00,2189,83,80,0.00,30,0.06,,5.9,4.0,0.33,1.06,4.0,5.4,10.9,9.7,13.8,103,104,96,91,87
2017-07-16 22:00,2189,81,80,0.00,33,0.05,,6.4,4.9,0.36,1.06,3.8,5.2,10.5,9.5,14.1,99,103,96,91,87
2017-07-16 23:00,2189,81,80,0.00,34,0.02,,6.1,4.9,0.36,1.05,4.0,5.0,11.3,9.5,14.2,96,102,97,91,87
2017-07-17 00:00,2189,80,80,0.00,35,0.04,,6.1,4.5,0.35,1.03,3.3,4.6,10.9,10.2,13.5,94,100,96,91,87
2017-07-17 01:00,2189,80,77,0.00,32,0.04,,8.0,5.4,0.34,0.97,3.5,4.4,11.3,9.5,13.5,92,98,96,91,87
2017-07-17 02:00,2189,78,76,0.00,35,0.04,,7.4,5.9,0.31,0.94,3.2,4.5,10.9,10.2,13.9,90,97,96,91,87
2017-07-17 03:00,2189,78,76,0.00,32,0.04,,6.4,4.3,0.30,0.94,3.2,5.0,11.0,9.5,13.5,89,96,96,91,87
2017-07-17 04:00,2189,78,76,0.00,32,0.04,,5.5,2.2,0.29,0.93,2.3,4.5,11.3,9.5,13.5,87,95,96,91,87
2017-07-17 05:00,2189,78,76,0.00,31,0.58,,6.5,4.2,0.30,0.96,2.9,4.3,10.6,10.2,13.5,86,94,96,92,87
2017-07-17 06:00,2189,77,76,0.00,32,31.47,,6.0,3.3,0.31,0.92,2.9,4.7,10.8,10.2,13.5,84,92,95,92,87
2017-07-17 07:00,2189,84,77,0.00,34,208.80,,6.5,1.3,0.32,1.01,2.9,4.9,10.4,10.2,13.5,83,92,95,91,87
2017-07-17 08:00,2189,88,84,0.00,28,419.60,,0.9,0.0,0.32,1.22,2.7,4.5,10.9,10.2,13.8,85,91,94,92,87
2017-07-17 09:00,2189,89,88,0.00,22,632.50,,8.9,1.9,0.28,1.34,3.0,4.5,11.3,9.9,13.5,89,90,94,91,87
2017-07-17 10:00,2189,92,88,0.00,20,806.00,,12.0,2.5,0.27,1.38,3.9,4.9,10.8,10.2,13.8,96,91,94,92,87
2017-07-17 11:00,2189,93,91,0.00,18,928.00,,11.9,2.4,0.27,1.49,3.7,4.7,9.8,9.9,12.8,103,92,93,92,87
2017-07-17 12:00,2189,95,93,0.00,18,963.00,,13.7,3.7,0.28,1.58,4.6,4.5,10.4,9.2,13.5,112,94,93,92,87
2017-07-17 13:00,2189,96,93,0.00,14,1006.00,,14.6,5.8,0.23,1.65,5.0,4.7,10.4,9.9,13.5,119,97,93,91,87
2017-07-17 14:00,2189,97,95,0.00,14,965.00,,12.7,5.2,0.23,1.73,5.0,5.0,10.4,9.9,12.8,124,100,93,91,87
2017-07-17 15:00,2189,98,96,0.00,13,865.00,,16.0,5.3,0.23,1.75,5.3,4.7,10.1,9.9,13.5,128,102,93,91,87
2017-07-17 16:00,2189,98,96,0.00,12,708.90,,13.0,5.5,0.22,1.77,4.9,5.3,10.6,9.2,13.5,130,105,94,91,87
2017-07-17 17:00,2189,97,95,0.00,13,509.40,,14.1,7.2,0.22,1.71,5.3,5.4,11.1,10.2,13.5,128,107,94,91,87
2017-07-17 18:00,2189,96,93,0.00,13,297.90,,13.2,6.8,0.24,1.67,4.7,5.2,10.7,9.2,13.5,125,108,95,91,87
2017-07-17 19:00,2189,93,89,0.00,16,87.50,,12.8,7.2,0.28,1.51,4.5,5.7,10.6,9.5,13.5,120,109,96,91,87
2017-07-17 20:00,2189,89,88,0.00,23,1.93,,13.8,8.6,0.31,1.37,4.4,5.5,10.6,9.5,13.9,113,108,96,91,87
2017-07-17 21:00,2189,88,87,0.00,23,0.05,,13.0,8.4,0.32,1.30,4.0,5.1,11.1,9.5,13.5,108,107,97,91,87
2017-07-17 22:00,2189,87,82,0.00,21,0.04,,11.8,4.8,0.27,1.25,3.8,5.2,10.5,9.5,12.8,103,105,97,91,87
2017-07-17 23:00,2189,82,80,0.00,25,0.06,,3.3,1.7,0.27,1.08,3.4,4.7,10.5,9.5,13.5,99,104,97,91,87
2017-07-18 00:00,2189,82,78,0.00,26,0.05,,6.4,3.1,0.27,1.02,3.7,4.5,11.0,10.2,13.5,96,102,97,91,87
2017-07-18 01:00,2189,82,78,0.00,27,0.04,,8.3,2.2,0.29,1.03,3.2,4.9,10.5,10.2,13.5,94,100,97,91,87
2017-07-18 02:00,2189,78,74,0.00,30,0.02,,6.0,3.6,0.28,0.89,3.0,4.2,10.9,10.2,13.9,92,99,97,92,87
2017-07-18 03:00,2189,76,74,0.00,29,0.02,,5.5,2.9,0.25,0.88,3.3,5.0,11.1,10.2,13.9,90,98,97,91,87
2017-07-18 04:00,2189,75,72,0.00,28,0.05,,4.2,2.0,0.25,0.82,3.0,4.7,11.3,9.5,13.5,87,96,97,92,87
2017-07-18 05:00,2189,72,69,0.00,32,0.53,,6.6,3.2,0.25,0.74,3.2,4.7,10.6,10.2,13.5,86,95,96,92,87
2017-07-18 06:00,2189,71,70,0.00,34,27.61,,5.7,2.8,0.25,0.74,3.5,4.9,10.8,10.2,13.3,84,94,96,92,87
2017-07-18 07:00,2189,76,71,0.00,34,230.10,,4.4,1.1,0.27,0.82,3.5,4.5,10.7,9.9,12.8,83,92,96,92,88
2017-07-18 08:00,2189,81,76,0.00,29,434.40,,8.3,3.8,0.24,1.01,3.2,4.2,10.9,9.9,13.9,85,91,95,92,87
2017-07-18 09:00,2189,83,81,0.00,20,631.10,,9.5,4.4,0.21,1.09,3.2,4.2,10.6,10.2,13.9,89,90,94,92,88
2017-07-18 10:00,2189,85,83,0.00,17,799.10,,10.6,4.1,0.19,1.16,3.1,5.2,10.6,10.0,13.5,95,91,94,92,87
2017-07-18 11:00,2189,86,84,0.00,16,902.00,,11.2,4.2,0.19,1.21,3.9,4.4,10.4,9.2,13.5,102,92,94,92,87
2017-07-18 12:00,2189,89,86,0.00,15,974.00,,13.8,5.9,0.18,1.31,4.6,4.5,10.2,9.9,13.5,110,94,94,92,87
2017-07-18 13:00,2189,90,88,0.00,14,1004.00,,13.6,6.1,0.19,1.36,4.8,4.4,10.6,9.9,13.5,116,96,93,92,88
2017-07-18 14:00,2189,91,90,0.00,15,963.00,,12.7,4.6,0.22,1.43,4.6,4.5,10.6,9.5,13.9,121,99,93,92,87
2017-07-18 15:00,2189,93,89,0.00,15,860.00,,13.1,6.2,0.22,1.49,4.9,5.0,10.6,9.9,13.3,125,102,94,92,87
2017-07-18 16:00,2189,92,90,0.00,15,705.40,,13.3,5.3,0.22,1.48,4.9,5.0,10.1,10.2,13.5,127,104,94,92,87
2017-07-18 17:00,2189,92,90,0.00,16,511.20,,12.5,6.0,0.24,1.48,4.5,5.0,10.6,9.5,13.9,127,106,94,92,87
2017-07-18 18:00,2189,90,89,0.00,17,296.30,,10.2,4.0,0.25,1.41,4.6,5.0,11.1,9.5,13.5,122,107,95,92,87
2017-07-18 19:00,2189,89,85,0.00,19,86.60,,7.1,2.9,0.26,1.32,4.3,5.0,10.7,9.7,13.3,117,108,96,92,87
2017-07-18 20:00,2189,85,82,0.00,22,1.84,,3.5,1.9,0.27,1.14,4.0,5.1,10.4,9.7,13.5,111,107,96,92,87
2017-07-18 21:00,2189,82,81,0.00,25,0.04,,6.3,1.5,0.28,1.09,3.8,5.7,10.6,9.5,13.3,105,106,96,92,87
2017-07-18 22:00,2189,82,81,0.00,27,0.04,,11.5,7.0,0.30,1.10,3.8,5.5,11.1,9.5,14.2,100,104,97,91,87
2017-07-18 23:00,2189,82,80,0.00,29,0.02,,13.4,9.1,0.31,1.08,3.3,5.1,10.7,9.5,13.3,97,102,97,92,88
2017-07-19 00:00,2189,80,77,0.00,28,0.04,,13.6,8.5,0.28,1.00,3.2,4.4,10.7,9.5,13.5,95,101,97,92,87
2017-07-19 01:00,2189,77,75,0.00,28,0.02,,10.6,4.6,0.27,0.91,3.3,5.2,10.3,9.5,13.3,93,99,97,92,87
2017-07-19 02:00,2189,75,74,0.00,27,0.03,,5.5,1.8,0.23,0.87,3.1,4.5,10.6,9.5,13.5,91,98,97,92,88
2017-07-19 03:00,2189,75,74,0.00,25,0.01,,10.5,4.4,0.21,0.88,3.6,5.4,10.4,10.2,14.2,89,96,96,92,87
2017-07-19 04:00,2189,74,71,0.00,23,0.04,,14.4,8.2,0.21,0.79,3.5,4.7,10.4,9.5,13.3,87,96,96,92,87
2017-07-19 05:00,2189,71,69,0.00,28,0.46,,11.9,3.3,0.21,0.74,3.0,4.6,10.9,9.5,14.2,85,94,96,92,88
2017-07-19 06:00,2189,69,67,0.00,28,26.33,,3.4,1.3,0.21,0.69,3.0,4.5,11.1,9.2,13.3,84,93,96,92,87
2017-07-19 07:00,2189,77,68,0.00,29,228.10,,6.5,2.1,0.20,0.80,3.0,4.2,10.6,9.2,14.2,82,92,95,92,87
2017-07-19 08:00,2189,80,77,0.00,18,432.40,,6.9,2.2,0.16,0.96,2.6,3.8,10.8,9.9,13.5,83,91,95,92,87
2017-07-19 09:00,2189,82,80,0.00,17,630.30,,12.1,4.4,0.17,1.08,3.0,4.0,10.7,9.9,13.5,88,90,94,92,87
2017-07-19 10:00,2189,84,82,0.00,17,799.50,,14.3,8.8,0.20,1.13,3.9,4.5,10.8,9.5,13.5,94,90,94,92,88
2017-07-19 11:00,2189,88,84,0.00,17,922.00,,14.9,9.2,0.20,1.19,3.4,4.2,10.4,10.2,13.5,101,92,94,92,87
2017-07-19 12:00,2189,88,87,0.00,15,983.00,,18.4,11.2,0.19,1.29,3.7,4.7,10.7,9.9,13.5,108,94,93,92,88
2017-07-19 13:00,2189,89,88,0.00,14,1002.00,,16.9,11.1,0.19,1.37,4.1,4.7,10.7,10.2,13.5,114,96,93,92,87
2017-07-19 14:00,2189,91,89,0.00,14,960.00,,16.2,9.8,0.20,1.43,4.8,4.2,10.7,10.2,14.6,119,98,93,92,88
2017-07-19 15:00,2189,93,90,0.00,14,853.00,,16.6,10.7,0.22,1.49,4.8,4.5,10.7,9.9,13.5,122,101,93,92,88
2017-07-19 16:00,2189,91,90,0.00,16,692.60,,15.4,9.4,0.23,1.45,4.4,5.2,10.4,9.5,13.3,124,102,94,92,88
2017-07-19 17:00,2189,91,89,0.00,17,499.90,,14.0,8.4,0.24,1.42,4.4,5.4,10.8,9.5,13.3,122,104,94,92,88
2017-07-19 18:00,2189,89,87,0.00,17,289.90,,12.7,7.9,0.25,1.33,4.0,5.2,10.7,9.5,14.6,120,105,94,92,88
2017-07-19 19:00,2189,87,83,0.00,20,83.70,,11.4,5.5,0.26,1.23,4.6,5.5,9.9,9.5,13.5,114,105,95,92,88
2017-07-19 20:00,2189,83,78,0.00,23,1.98,,7.2,3.0,0.26,1.08,3.8,5.2,10.4,9.5,13.3,108,105,96,92,87
2017-07-19 21:00,2189,79,78,0.00,27,0.02,,7.3,4.3,0.31,0.98,3.4,5.2,10.9,9.5,13.5,102,103,96,92,88
2017-07-19 22:00,2189,78,76,0.00,34,0.04,,6.2,3.9,0.32,0.93,3.3,5.4,10.7,9.5,13.3,98,102,96,91,88
2017-07-19 23:00,2189,77,71,0.00,35,0.04,,4.4,0.8,0.28,0.84,3.5,4.7,10.9,9.5,13.3,95,101,96,92,88
2017-07-20 00:00,2189,71,70,0.00,29,0.04,,3.4,1.8,0.21,0.74,3.1,5.0,10.7,9.5,13.3,92,99,96,92,88
2017-07-20 01:00,2189,73,68,0.00,27,0.04,,4.7,2.4,0.20,0.74,3.6,5.4,10.9,9.5,13.3,89,98,96,92,88
2017-07-20 02:00,2189,74,70,0.00,31,0.03,,7.7,3.7,0.27,0.81,3.1,4.5,10.2,9.5,13.3,87,96,96,92,88
2017-07-20 03:00,2189,70,67,0.00,37,0.04,,4.3,2.1,0.27,0.71,2.9,4.5,10.4,10.2,14.0,85,94,96,92,88
2017-07-20 04:00,2189,67,64,0.00,41,0.03,,6.9,5.1,0.27,0.65,2.9,4.2,10.8,9.5,13.3,83,93,96,92,88
2017-07-20 05:00,2189,68,65,0.00,42,0.46,,6.9,5.0,0.27,0.65,2.9,5.1,10.7,9.5,14.2,82,92,95,92,88
2017-07-20 06:00,2189,69,66,0.00,41,26.77,,3.9,1.5,0.28,0.67,2.4,4.4,10.4,9.5,13.5,81,90,95,92,88
2017-07-20 07:00,2189,76,69,0.00,40,228.00,,3.6,0.9,0.30,0.81,2.9,4.4,10.4,9.5,13.0,80,90,94,92,87
2017-07-20 08:00,2189,76,74,0.00,34,436.00,,5.4,2.3,0.29,0.87,3.2,4.3,10.7,9.5,14.2,81,89,94,92,88
2017-07-20 09:00,2189,81,76,0.00,31,637.50,,6.1,1.6,0.29,0.97,2.8,4.3,10.2,9.5,13.3,85,88,93,92,88
2017-07-20 10:00,2189,82,81,0.00,26,810.00,,8.1,3.1,0.27,1.07,3.2,4.2,10.5,10.2,13.3,92,88,93,92,88
2017-07-20 11:00,2189,84,82,0.00,24,937.00,,10.7,3.3,0.26,1.14,3.4,4.9,10.2,9.5,14.2,100,90,92,92,88
2017-07-20 12:00,2189,85,83,0.00,21,1009.00,,10.0,4.6,0.24,1.18,4.2,3.9,10.2,9.5,13.3,108,92,92,92,88
2017-07-20 13:00,2189,89,85,0.00,19,1022.00,,11.1,4.2,0.23,1.28,4.4,4.7,10.8,10.2,14.4,115,95,92,92,88
2017-07-20 14:00,2189,88,86,0.00,17,974.00,,14.0,6.6,0.22,1.30,4.3,4.7,10.5,9.5,14.0,121,98,92,92,88
2017-07-20 15:00,2189,89,87,0.00,16,868.00,,17.0,8.3,0.22,1.33,5.0,4.5,10.5,9.5,14.0,124,100,92,92,88
2017-07-20 16:00,2189,89,87,0.00,16,704.60,,15.0,8.2,0.22,1.33,4.3,5.2,10.5,9.5,13.3,124,102,92,92,88
2017-07-20 17:00,2189,88,86,0.00,18,504.90,,12.3,7.7,0.25,1.29,4.4,5.7,10.5,9.5,13.3,122,104,93,91,88
2017-07-20 18:00,2189,87,85,0.00,21,289.60,,12.5,7.8,0.28,1.26,4.0,5.2,10.7,9.7,14.0,119,105,94,92,88
2017-07-20 19:00,2189,85,81,0.00,23,83.40,,12.9,7.9,0.27,1.16,4.6,5.0,10.4,9.7,13.3,114,105,94,91,88
2017-07-20 20:00,2189,81,80,0.00,25,1.74,,13.0,8.4,0.27,1.05,3.8,4.7,10.7,9.7,14.0,108,105,95,91,88
2017-07-20 21:00,2189,80,78,0.00,25,0.05,,7.6,3.9,0.25,1.00,3.9,4.5,10.4,9.7,13.0,102,103,96,91,88
2017-07-20 22:00,2189,78,75,0.00,26,0.04,,5.9,3.0,0.25,0.90,3.3,5.1,10.4,9.7,14.0,98,102,96,91,88
2017-07-20 23:00,2189,78,76,0.00,28,0.03,,7.2,3.8,0.26,0.94,3.5,4.7,10.8,9.7,14.0,94,101,96,91,88
2017-07-21 00:00,2189,77,75,0.00,26,0.02,,8.6,4.7,0.25,0.92,3.3,4.8,10.1,9.7,14.0,92,99,96,91,88
2017-07-21 01:00,2189,75,74,0.00,33,0.03,,8.4,5.4,0.34,0.85,2.9,4.5,10.1,9.7,13.3,89,97,96,92,88
2017-07-21 02:00,2189,74,70,0.00,42,0.02,,8.9,4.7,0.35,0.82,2.6,4.9,10.4,9.7,14.0,87,96,96,91,88
2017-07-21 03:00,2189,70,68,0.00,46,0.03,,4.7,2.1,0.35,0.73,2.6,4.5,10.4,9.7,14.0,86,94,96,91,88
2017-07-21 04:00,2189,68,66,0.00,46,0.02,,4.1,2.3,0.32,0.68,2.9,4.2,10.1,9.7,13.0,84,94,95,91,88
2017-07-21 05:00,2189,67,64,0.00,48,0.54,,5.7,3.8,0.30,0.62,2.1,4.0,10.4,9.5,13.3,82,92,95,91,88
2017-07-21 06:00,2189,68,65,0.00,42,24.28,,4.3,3.1,0.28,0.64,3.4,4.2,10.7,9.5,14.0,81,90,94,91,88
2017-07-21 07:00,2189,75,68,0.00,40,225.70,,4.2,1.3,0.28,0.79,3.4,3.7,10.9,9.5,14.0,80,90,94,91,88
2017-07-21 08:00,2189,78,75,0.00,30,432.70,,6.1,2.8,0.26,0.92,3.2,4.3,10.5,9.7,14.0,82,89,94,92,88
2017-07-21 09:00,2189,80,78,0.00,27,633.90,,9.5,2.9,0.26,0.99,3.5,4.3,10.2,9.5,13.3,86,88,93,92,88
2017-07-21 10:00,2189,82,80,0.00,24,810.00,,9.0,3.3,0.25,1.05,3.2,3.7,10.6,9.7,13.0,92,89,93,92,88
2017-07-21 11:00,2189,83,82,0.00,22,935.00,,13.2,5.6,0.25,1.10,3.4,4.4,10.4,9.7,14.0,100,90,92,92,88
2017-07-21 12:00,2189,86,83,0.00,23,997.00,,10.6,4.9,0.26,1.15,4.2,4.5,10.0,9.5,13.0,108,92,92,91,88
2017-07-21 13:00,2189,86,84,0.00,19,1006.00,,12.1,4.2,0.24,1.23,4.4,5.0,10.3,9.7,13.3,115,94,92,92,88
2017-07-21 14:00,2189,87,85,0.00,19,961.00,,11.6,5.1,0.23,1.24,4.6,4.7,10.3,9.7,14.0,120,97,92,91,88
2017-07-21 15:00,2189,90,87,0.00,20,849.00,,14.8,5.2,0.25,1.33,5.0,4.9,11.0,9.5,14.0,124,100,92,91,88
2017-07-21 16:00,2189,89,87,0.00,16,696.40,,13.3,6.1,0.21,1.32,4.3,5.0,10.5,9.7,13.3,125,102,92,91,88
2017-07-21 17:00,2189,88,87,0.00,16,496.10,,14.6,7.1,0.22,1.32,4.9,5.2,10.6,9.7,14.0,124,104,93,91,88
2017-07-21 18:00,2189,87,85,0.00,18,286.50,,14.0,8.4,0.22,1.24,4.2,4.7,10.5,9.7,13.3,120,105,94,91,88
2017-07-21 19:00,2189,85,81,0.00,17,83.70,,14.5,10.5,0.21,1.15,4.0,5.2,10.2,9.7,13.0,114,105,94,91,88
2017-07-21 20:00,2189,81,79,0.00,22,1.55,,13.6,8.4,0.22,1.05,4.0,5.0,10.7,9.7,13.3,108,105,95,91,88
2017-07-21 21:00,2189,79,75,0.00,23,0.06,,5.2,2.4,0.23,0.93,3.9,4.7,10.4,9.7,14.4,102,103,95,91,88
2017-07-21 22:00,2189,78,74,0.00,25,0.05,,6.0,2.9,0.23,0.90,3.5,4.4,10.9,9.7,14.4,98,102,96,91,88
2017-07-21 23:00,2189,75,73,0.00,27,0.04,,7.2,5.2,0.22,0.84,3.5,4.6,10.7,9.7,13.0,94,100,96,91,88
2017-07-22 00:00,2189,75,73,0.00,25,0.01,,6.3,5.5,0.22,0.84,3.6,5.4,10.7,9.7,14.0,91,98,96,91,88
2017-07-22 01:00,2189,76,73,0.00,28,0.02,,6.1,5.0,0.23,0.84,3.1,4.9,10.9,9.7,14.0,89,97,96,91,88
2017-07-22 02:00,2189,76,74,0.00,27,0.02,,9.2,5.9,0.27,0.88,3.1,4.5,10.9,9.7,14.0,87,96,96,91,88
2017-07-22 03:00,2189,75,71,0.00,38,0.02,,11.5,4.9,0.33,0.84,3.3,4.2,10.7,9.7,14.0,85,94,96,91,88
2017-07-22 04:00,2189,71,67,0.00,42,0.03,,5.6,2.4,0.30,0.71,3.1,4.0,10.0,9.7,14.0,85,93,95,91,88
2017-07-22 05:00,2189,70,68,0.00,47,0.48,,6.3,3.4,0.35,0.70,3.4,3.9,10.2,9.7,14.0,83,92,94,91,88
2017-07-22 06:00,2189,71,70,0.00,49,26.59,,5.2,1.1,0.35,0.74,3.4,4.4,10.5,9.7,14.0,82,91,94,91,88
2017-07-22 07:00,2189,76,71,0.00,46,207.20,,2.8,0.4,0.35,0.84,3.4,4.3,10.5,9.7,14.0,80,90,94,92,88
2017-07-22 08:00,2189,79,75,0.00,40,411.60,,6.8,1.6,0.35,0.93,2.7,4.0,10.2,9.7,13.3,82,89,93,92,88
2017-07-22 09:00,2189,82,79,0.00,35,613.60,,8.8,3.9,0.34,1.03,3.5,4.0,10.7,9.7,13.3,86,88,93,91,88
2017-07-22 10:00,2189,83,81,0.00,31,787.60,,11.0,4.9,0.32,1.10,3.2,4.3,10.3,9.7,14.0,93,89,92,92,88
2017-07-22 11:00,2189,85,83,0.00,28,924.00,,10.8,3.5,0.32,1.19,3.5,4.2,10.3,9.7,14.4,100,90,92,92,88
2017-07-22 12:00,2189,87,85,0.00,26,994.00,,10.9,4.4,0.31,1.28,4.4,4.7,10.8,9.7,14.0,108,92,92,92,88
2017-07-22 13:00,2189,90,87,0.00,24,1006.00,,12.7,5.7,0.30,1.33,4.4,4.7,10.3,9.5,14.0,115,94,92,91,88
2017-07-22 14:00,2189,91,88,0.00,22,960.00,,12.8,5.1,0.30,1.40,4.6,4.7,10.1,9.5,14.0,121,98,92,91,88
2017-07-22 15:00,2189,92,90,0.00,20,854.00,,13.4,6.8,0.28,1.47,5.0,4.9,10.8,9.7,13.0,125,100,92,91,88
2017-07-22 16:00,2189,91,90,0.00,18,695.00,,13.8,8.5,0.27,1.46,4.9,5.2,10.3,9.7,13.3,127,102,92,91,88
2017-07-22 17:00,2189,90,89,0.00,19,495.20,,15.0,9.4,0.28,1.42,4.9,5.2,10.1,9.7,14.0,124,105,92,91,88
2017-07-22 18:00,2189,89,87,0.00,21,280.30,,14.1,8.1,0.31,1.35,4.2,5.2,10.2,9.7,14.4,120,106,94,91,88
2017-07-22 19:00,2189,87,84,0.00,26,78.30,,11.9,6.4,0.32,1.24,4.3,5.1,10.5,9.7,14.0,115,106,94,91,88
2017-07-22 20:00,2189,84,83,0.00,26,1.45,,10.2,7.3,0.31,1.16,3.8,4.5,10.2,9.7,14.0,109,105,95,91,88
2017-07-22 21:00,2189,83,82,0.00,27,0.03,,9.3,5.9,0.31,1.12,3.9,4.6,9.7,10.0,14.0,103,104,95,91,88
2017-07-22 22:00,2189,82,78,0.00,29,0.04,,7.5,2.0,0.31,1.04,3.3,4.8,10.7,10.0,14.4,99,102,96,91,88
2017-07-22 23:00,2189,79,78,0.00,31,0.05,,5.7,3.0,0.30,1.00,3.6,5.0,10.4,9.7,14.0,96,101,96,91,88
2017-07-23 00:00,2189,78,77,0.00,30,0.03,,6.3,5.2,0.29,0.96,3.3,5.1,10.7,9.7,14.4,94,99,96,91,88
2017-07-23 01:00,2189,78,76,0.00,28,0.03,,6.4,2.8,0.29,0.94,3.3,4.7,10.7,9.7,13.0,91,98,96,91,88
2017-07-23 02:00,2189,77,74,0.00,32,0.03,,6.4,3.6,0.30,0.89,2.9,4.5,10.7,9.7,14.0,89,96,96,91,88
2017-07-23 03:00,2189,74,72,0.00,37,0.04,,4.2,2.0,0.31,0.83,3.1,4.7,10.7,9.7,14.0,87,95,96,91,88
2017-07-23 04:00,2189,73,72,0.00,39,0.03,,5.4,3.0,0.31,0.81,3.3,4.5,10.2,9.7,13.3,86,94,95,91,88
2017-07-23 05:00,2189,74,72,0.00,38,0.47,,6.2,3.3,0.32,0.82,3.3,4.0,10.2,9.7,14.0,85,93,95,91,88
2017-07-23 06:00,2189,76,74,0.00,39,23.72,,4.5,3.0,0.33,0.86,2.9,4.4,10.4,9.7,14.4,83,92,94,91,88
2017-07-23 07:00,2189,84,76,0.00,37,210.00,,3.7,0.9,0.33,1.02,2.9,4.0,10.2,9.7,14.0,82,91,94,91,88
2017-07-23 08:00,2189,85,83,0.00,29,409.60,,5.9,0.6,0.33,1.19,3.0,4.5,10.7,9.7,14.4,84,90,94,91,88
2017-07-23 09:00,2189,87,85,0.00,27,606.50,,8.5,2.9,0.32,1.26,3.0,4.3,10.3,9.7,14.0,89,89,93,91,88
2017-07-23 10:00,2189,89,87,0.00,26,776.40,,8.4,2.2,0.32,1.34,3.1,3.7,10.6,9.7,14.0,96,90,93,91,88
2017-07-23 11:00,2189,92,89,0.00,21,899.00,,9.5,2.1,0.30,1.49,3.3,5.1,10.6,9.7,14.0,103,91,92,91,88
2017-07-23 12:00,2189,95,92,0.00,20,963.00,,12.2,5.3,0.29,1.57,4.2,4.5,10.1,9.7,14.4,111,94,92,92,88
2017-07-23 13:00,2189,95,94,0.00,18,972.00,,15.1,8.0,0.29,1.62,4.8,5.4,10.1,9.5,14.0,117,96,92,91,88
2017-07-23 14:00,2189,96,94,0.00,18,931.00,,13.3,6.9,0.30,1.66,5.0,4.2,10.1,9.7,13.3,122,98,92,91,88
2017-07-23 15:00,2189,98,95,0.00,18,830.00,,12.4,6.2,0.31,1.72,4.7,5.0,10.8,9.7,14.0,127,102,92,91,88
2017-07-23 16:00,2189,98,96,0.00,17,671.60,,13.1,3.6,0.32,1.75,4.7,5.0,10.3,9.7,14.4,128,104,93,91,88
2017-07-23 17:00,2189,96,94,0.00,18,476.10,,11.4,4.4,0.31,1.67,4.6,5.2,10.3,9.7,13.7,127,106,94,91,88
2017-07-23 18:00,2189,95,93,0.00,19,270.90,,11.3,4.8,0.29,1.62,4.5,5.0,10.6,9.7,13.0,124,107,94,91,88
2017-07-23 19:00,2189,93,88,0.00,18,71.50,,9.4,4.2,0.26,1.47,4.5,5.2,10.5,9.7,14.4,119,108,95,91,88
2017-07-23 20:00,2189,88,80,0.00,19,1.41,,9.7,2.8,0.27,1.19,3.5,5.1,10.2,9.7,14.0,112,107,95,91,88
2017-07-23 21:00,2189,80,76,0.00,26,0.06,,4.7,1.2,0.25,0.98,4.0,4.8,10.7,9.2,14.0,106,106,96,91,88
2017-07-23 22:00,2189,76,74,0.00,25,0.06,,4.7,0.9,0.22,0.89,4.0,5.2,10.7,9.7,14.4,102,105,96,91,88
2017-07-23 23:00,2189,74,72,0.00,27,0.06,,4.4,2.1,0.22,0.82,3.6,4.7,10.4,9.7,14.4,98,103,97,91,88
2017-07-24 00:00,2189,72,72,0.00,26,0.04,,4.1,2.2,0.21,0.80,3.3,4.8,10.9,9.7,14.0,95,101,97,90,88
2017-07-24 01:00,2189,73,71,0.00,26,0.02,,5.8,3.5,0.20,0.79,3.6,4.5,10.4,9.7,14.0,92,99,96,91,88
2017-07-24 02:00,2189,73,71,0.00,25,0.04,,2.9,1.4,0.20,0.80,3.1,4.5,10.7,9.7,14.0,90,98,96,91,88
2017-07-24 03:00,2189,71,70,0.00,26,0.03,,4.5,2.6,0.20,0.76,3.3,4.2,10.0,9.7,13.7,89,96,96,91,88
2017-07-24 04:00,2189,71,70,0.00,28,0.03,,3.6,1.9,0.23,0.75,3.3,4.6,10.2,9.7,14.0,86,95,96,91,88
2017-07-24 05:00,2189,72,70,0.00,36,0.40,,5.5,2.9,0.27,0.75,2.8,4.7,10.8,9.7,14.0,85,94,96,91,88
2017-07-24 06:00,2189,73,70,0.00,36,23.44,,4.7,1.9,0.27,0.77,2.8,5.1,10.8,9.7,13.0,84,92,96,91,88
2017-07-24 07:00,2189,77,73,0.00,34,190.50,,3.9,1.2,0.28,0.87,2.8,4.3,10.6,9.7,14.0,83,92,95,91,88
2017-07-24 08:00,2189,79,77,0.00,31,406.00,,7.5,3.0,0.28,0.98,2.8,4.0,9.9,9.5,14.0,84,90,94,91,88
2017-07-24 09:00,2189,83,79,0.00,26,601.60,,7.1,4.1,0.27,1.06,2.9,4.5,10.1,9.7,14.0,89,90,94,92,88
2017-07-24 10:00,2189,88,82,0.00,24,781.80,,9.7,2.9,0.27,1.20,3.0,4.3,10.6,9.5,14.0,94,90,94,92,88
2017-07-24 11:00,2189,89,88,0.00,19,907.00,,9.7,4.0,0.25,1.36,3.7,5.4,10.1,9.5,14.0,102,92,93,92,88
2017-07-24 12:00,2189,90,89,0.00,18,1077.00,,13.3,6.6,0.26,1.39,4.6,4.5,10.3,9.5,13.0,110,94,93,92,88
2017-07-24 13:00,2189,90,88,0.00,20,717.50,,16.0,9.6,0.28,1.38,4.4,4.7,10.4,9.5,14.0,117,96,93,92,88
2017-07-24 14:00,2189,91,88,0.00,20,610.20,,14.1,9.8,0.27,1.36,4.4,4.7,10.3,9.5,14.0,120,99,93,92,88
2017-07-24 15:00,2189,91,89,0.00,21,711.60,,15.4,9.0,0.29,1.39,4.5,4.4,10.1,9.5,14.0,117,102,93,92,88
2017-07-24 16:00,2189,92,89,0.00,20,684.20,,15.3,8.7,0.30,1.44,4.5,4.9,10.4,9.5,13.7,119,102,94,91,88
2017-07-24 17:00,2189,91,89,0.00,22,497.20,,13.7,8.1,0.31,1.42,4.5,5.0,10.3,9.7,13.0,120,104,94,92,88
2017-07-24 18:00,2189,89,88,0.00,22,280.40,,13.2,7.2,0.32,1.38,4.1,4.7,10.1,9.5,14.0,117,105,94,91,88
2017-07-24 19:00,2189,88,83,0.00,24,78.82,,13.7,8.5,0.28,1.24,4.4,5.4,10.2,9.7,14.0,113,105,95,91,88
2017-07-24 20:00,2189,83,81,0.00,23,1.38,,10.4,4.7,0.26,1.10,3.8,5.0,10.0,9.7,13.0,108,105,96,91,88
2017-07-24 21:00,2189,81,75,0.00,25,0.04,,4.3,1.5,0.28,0.99,3.8,4.8,10.5,9.7,14.0,103,103,96,91,88
2017-07-24 22:00,2189,75,74,0.00,35,0.06,,2.5,1.1,0.29,0.86,3.0,5.0,10.6,9.7,13.7,99,102,96,91,88
2017-07-24 23:00,2189,74,72,0.00,32,0.03,,2.2,0.6,0.27,0.83,3.3,5.4,10.6,9.7,13.5,96,101,96,91,88
2017-07-25 00:00,2189,72,71,0.00,34,0.02,,2.4,1.0,0.26,0.77,3.6,4.7,10.6,9.7,13.0,94,99,96,91,88
2017-07-25 01:00,2189,71,70,0.00,34,0.03,,3.7,1.2,0.26,0.75,3.1,4.5,10.8,9.7,13.0,92,98,96,92,88
2017-07-25 02:00,2189,71,69,0.00,35,0.04,,4.6,2.7,0.26,0.74,2.6,4.6,10.5,9.5,13.5,89,97,96,91,88
2017-07-25 03:00,2189,70,68,0.00,37,0.03,,5.5,3.4,0.28,0.71,3.3,5.1,10.2,9.7,13.7,87,95,96,91,88
2017-07-25 04:00,2189,72,69,0.00,39,0.04,,4.6,2.2,0.26,0.76,2.8,4.3,10.8,9.7,14.0,86,94,96,91,88
2017-07-25 05:00,2189,75,71,0.00,29,0.29,,8.0,3.7,0.20,0.82,2.8,4.8,10.6,9.5,14.0,84,93,95,92,88
2017-07-25 06:00,2189,75,74,0.00,22,12.92,,9.3,3.6,0.20,0.85,3.0,4.3,10.3,9.5,14.0,83,92,95,92,88
2017-07-25 07:00,2189,78,74,0.00,23,205.90,,6.8,1.6,0.22,0.89,2.7,4.0,10.4,9.7,14.0,82,91,94,91,88
2017-07-25 08:00,2189,82,78,0.00,25,414.00,,8.3,2.3,0.23,1.03,3.4,4.2,10.8,9.5,13.8,83,90,94,92,88
2017-07-25 09:00,2189,85,82,0.00,21,611.10,,10.0,6.1,0.24,1.10,3.9,4.2,10.3,9.5,14.0,88,89,94,92,88
2017-07-25 10:00,2189,85,83,0.00,20,779.30,,13.6,8.3,0.25,1.17,3.0,4.0,10.6,9.7,14.0,94,90,93,92,88
2017-07-25 11:00,2189,87,83,0.00,22,903.00,,13.3,8.9,0.26,1.18,3.7,4.7,10.1,9.5,14.1,101,91,93,92,88
2017-07-25 12:00,2189,88,87,0.00,20,970.00,,14.4,8.4,0.25,1.31,4.1,4.7,10.1,9.5,14.0,108,93,92,92,88
2017-07-25 13:00,2189,90,87,0.00,20,980.00,,12.8,7.5,0.26,1.37,4.2,5.2,10.1,9.7,14.0,114,95,92,92,88
2017-07-25 14:00,2189,90,89,0.00,19,938.00,,15.6,9.0,0.26,1.38,4.6,5.4,10.1,9.7,14.0,120,98,92,92,88
2017-07-25 15:00,2189,91,89,0.00,19,835.00,,15.8,8.9,0.30,1.42,5.1,4.7,10.1,9.5,13.7,124,100,93,92,88
2017-07-25 16:00,2189,90,89,0.00,21,674.40,,12.8,6.4,0.31,1.41,4.6,5.2,9.9,9.7,14.0,125,102,93,92,88
2017-07-25 17:00,2189,90,88,0.00,22,479.30,,12.1,6.0,0.32,1.37,4.5,5.1,10.6,9.7,13.7,124,104,94,92,88
2017-07-25 18:00,2189,89,87,0.00,24,270.00,,10.6,5.7,0.33,1.33,4.3,4.8,10.1,9.7,13.5,121,105,94,92,88
2017-07-25 19:00,2189,88,83,0.00,25,73.49,,10.6,6.5,0.34,1.26,4.0,5.1,10.6,9.7,14.0,115,106,94,92,88
2017-07-25 20:00,2189,83,80,0.00,32,1.16,,10.0,4.5,0.37,1.10,4.4,5.0,10.1,9.7,13.5,110,105,95,91,88
2017-07-25 21:00,2189,80,77,0.00,37,0.06,,4.8,2.6,0.38,0.98,3.8,4.8,10.2,9.7,14.0,104,104,96,91,88
2017-07-25 22:00,2189,78,74,0.00,40,0.06,,4.0,2.0,0.38,0.92,3.3,4.6,10.8,9.7,13.8,100,102,96,91,88
2017-07-25 23:00,2189,75,73,0.00,44,0.04,,3.1,1.4,0.37,0.85,3.3,4.8,10.2,9.7,13.7,96,102,96,91,88
2017-07-26 00:00,2189,74,73,0.00,42,0.05,,3.5,1.7,0.36,0.84,3.6,4.9,10.0,9.7,13.3,94,100,96,91,88
2017-07-26 01:00,2189,73,68,0.00,44,0.06,,4.1,1.6,0.37,0.77,2.9,4.3,10.6,9.7,13.7,92,98,96,92,88
2017-07-26 02:00,2189,70,69,0.00,53,0.02,,3.9,1.6,0.39,0.73,3.3,5.1,10.6,9.7,13.5,89,97,96,91,88
2017-07-26 03:00,2189,71,70,0.00,51,0.03,,5.4,2.2,0.38,0.75,2.8,4.0,10.6,9.7,13.7,87,96,96,92,88
2017-07-26 04:00,2189,70,67,0.00,50,0.04,,2.7,0.7,0.38,0.70,2.8,4.5,10.8,9.7,13.5,86,94,96,91,88
2017-07-26 05:00,2189,71,68,0.00,55,0.33,,3.4,1.4,0.36,0.73,3.0,4.1,10.4,9.7,13.7,85,93,95,91,88
2017-07-26 06:00,2189,71,69,0.00,47,20.82,,3.3,1.6,0.37,0.73,2.5,4.0,10.6,9.7,13.5,83,92,95,92,88
2017-07-26 07:00,2189,77,70,0.00,53,200.50,,3.7,1.2,0.38,0.84,3.0,4.2,10.3,9.7,14.0,82,91,94,92,88
2017-07-26 08:00,2189,82,77,0.00,39,401.20,,4.5,1.0,0.35,0.97,2.8,4.3,10.4,9.7,13.7,84,90,94,92,88
2017-07-26 09:00,2189,83,81,0.00,32,599.00,,8.1,3.0,0.35,1.09,3.1,4.3,9.9,9.5,13.8,88,90,94,92,88
2017-07-26 10:00,2189,83,82,0.00,31,769.50,,13.3,6.0,0.35,1.13,3.0,4.2,10.1,9.7,13.7,94,90,93,92,88
2017-07-26 11:00,2189,86,83,0.00,31,895.00,,12.4,7.3,0.35,1.18,3.7,4.0,10.1,9.5,13.7,102,91,92,92,88
2017-07-26 12:00,2189,88,86,0.00,28,964.00,,13.9,8.3,0.36,1.27,4.4,4.0,10.7,9.5,13.7,109,93,92,92,88
2017-07-26 13:00,2189,89,87,0.00,27,972.00,,14.1,7.1,0.37,1.33,4.4,4.5,10.3,9.7,13.7,116,96,92,92,88
2017-07-26 14:00,2189,90,89,0.00,28,929.00,,14.3,7.9,0.38,1.37,4.6,4.7,9.9,9.7,13.3,121,98,92,92,88
2017-07-26 15:00,2189,91,90,0.00,26,824.00,,12.2,8.0,0.38,1.43,4.8,5.0,10.1,9.7,13.7,124,101,92,92,88
2017-07-26 16:00,2189,91,90,0.00,26,663.50,,14.7,8.5,0.38,1.43,4.4,4.4,10.5,9.7,13.5,125,103,93,92,88
2017-07-26 17:00,2189,90,89,0.00,28,468.70,,13.3,7.6,0.40,1.39,4.4,4.6,9.9,9.7,13.3,124,105,94,92,88
2017-07-26 18:00,2189,89,87,0.00,30,261.30,,12.8,6.4,0.41,1.36,4.1,5.1,10.3,9.7,13.7,121,106,94,91,88
2017-07-26 19:00,2189,88,84,0.00,31,63.78,,7.5,4.4,0.41,1.26,4.2,5.0,10.8,9.7,13.7,116,106,94,91,88
2017-07-26 20:00,2189,84,81,0.00,34,1.09,,5.2,2.7,0.40,1.14,4.2,4.5,10.4,9.7,13.5,110,106,95,91,88
2017-07-26 21:00,2189,81,80,0.00,38,0.07,,4.7,1.1,0.41,1.04,3.9,4.5,10.3,9.7,13.5,104,105,96,91,88
2017-07-26 22:00,2189,80,77,0.00,40,0.07,,3.6,1.2,0.41,0.97,3.5,4.6,9.7,9.7,13.7,101,103,96,91,89
2017-07-26 23:00,2189,77,73,0.00,43,0.04,,3.5,1.0,0.39,0.87,3.6,4.4,10.6,9.7,13.5,97,102,96,91,88
2017-07-27 00:00,2189,73,72,0.00,48,0.02,,3.4,1.3,0.39,0.80,3.6,4.7,10.2,9.7,13.7,94,100,96,91,88
2017-07-27 01:00,2189,72,70,0.00,48,0.02,,2.4,0.6,0.38,0.76,3.1,4.7,10.4,9.7,13.3,92,98,96,91,88
2017-07-27 02:00,2189,71,70,0.00,51,0.03,,2.8,0.9,0.38,0.74,3.4,4.6,10.1,9.7,13.5,90,97,96,91,88
2017-07-27 03:00,2189,74,70,0.00,51,0.02,,6.2,3.0,0.38,0.80,2.2,5.1,10.3,9.7,13.5,88,96,96,91,88
2017-07-27 04:00,2189,74,73,0.00,43,0.03,,7.7,5.6,0.37,0.83,2.8,4.5,10.4,9.7,13.3,86,94,96,92,88
2017-07-27 05:00,2189,73,72,0.00,46,0.36,,8.9,6.9,0.37,0.82,2.8,4.1,10.6,9.7,13.5,85,93,96,92,88
2017-07-27 06:00,2189,73,70,0.00,46,19.44,,8.0,2.3,0.36,0.79,3.5,4.0,10.3,9.7,13.7,84,92,95,92,88
2017-07-27 07:00,2189,80,71,0.00,46,214.40,,4.3,1.1,0.34,0.90,2.4,4.2,10.6,9.7,13.5,83,91,94,92,88
2017-07-27 08:00,2189,82,80,0.00,29,417.20,,6.2,2.0,0.31,1.05,3.3,4.2,9.9,9.7,13.5,84,90,94,92,88
2017-07-27 09:00,2189,83,82,0.00,27,617.50,,7.5,2.7,0.30,1.12,2.9,4.8,10.1,9.5,14.2,89,90,94,91,88
2017-07-27 10:00,2189,85,83,0.00,27,789.20,,9.0,2.0,0.31,1.18,3.2,4.2,10.3,9.7,13.7,94,90,93,92,88
2017-07-27 11:00,2189,88,84,0.00,27,914.00,,10.4,3.2,0.32,1.26,3.5,4.0,9.9,9.5,13.3,102,92,93,92,88
2017-07-27 12:00,2189,88,87,0.00,24,982.00,,11.3,4.8,0.32,1.31,4.6,4.0,10.5,9.5,13.5,109,94,93,92,89
2017-07-27 13:00,2189,90,88,0.00,24,995.00,,15.4,8.0,0.31,1.37,4.4,4.5,10.1,9.7,13.3,116,96,92,92,88
2017-07-27 14:00,2189,91,90,0.00,22,953.00,,15.6,9.4,0.34,1.44,4.8,4.8,10.5,9.5,13.7,121,98,92,92,88
2017-07-27 15:00,2189,91,90,0.00,25,846.00,,15.2,7.9,0.37,1.46,4.6,4.5,10.3,9.7,13.5,125,102,92,92,88
2017-07-27 16:00,2189,91,90,0.00,27,688.90,,14.3,6.7,0.39,1.46,4.8,5.0,10.8,9.5,13.3,127,104,93,91,88
2017-07-27 17:00,2189,91,89,0.00,27,487.00,,13.4,6.7,0.39,1.44,4.5,4.8,10.1,9.7,13.5,125,105,94,92,89
2017-07-27 18:00,2189,90,88,0.00,29,272.70,,14.9,7.0,0.40,1.39,4.5,4.8,9.9,9.7,13.7,122,107,94,91,88
2017-07-27 19:00,2189,88,85,0.00,30,72.02,,11.4,6.4,0.41,1.30,4.2,5.1,10.1,9.7,13.5,116,107,95,91,88
2017-07-27 20:00,2189,85,83,0.00,33,0.94,,8.9,5.3,0.40,1.18,3.8,5.2,10.6,9.7,13.7,110,106,96,92,89
2017-07-27 21:00,2189,83,82,0.00,36,0.03,,8.6,5.4,0.41,1.13,3.8,4.8,10.3,9.7,13.7,105,105,96,91,88
2017-07-27 22:00,2189,82,79,0.00,37,0.04,,5.6,4.4,0.40,1.05,3.3,4.6,10.6,9.7,13.5,101,104,96,91,88
2017-07-27 23:00,2189,81,80,0.00,39,0.03,,6.6,4.4,0.42,1.06,3.3,5.1,10.1,9.7,13.7,98,102,96,91,88
2017-07-28 00:00,2189,80,78,0.00,42,0.03,,6.4,4.4,0.43,1.00,2.9,4.9,10.3,9.7,13.3,95,101,96,91,88
2017-07-28 01:00,2189,80,78,0.00,36,0.03,,6.3,4.7,0.35,0.99,3.1,4.7,10.3,9.7,14.6,93,99,96,92,88
2017-07-28 02:00,2189,79,77,0.00,34,0.03,,7.6,4.9,0.31,0.99,3.4,4.6,10.3,9.7,13.3,90,98,96,92,88
2017-07-28 03:00,2189,78,75,0.00,32,0.02,,7.7,5.3,0.30,0.93,3.3,4.8,10.6,9.7,13.5,89,96,96,91,88
2017-07-28 04:00,2189,76,75,0.00,34,0.04,,7.1,5.8,0.30,0.89,3.5,4.3,10.8,9.7,13.5,87,95,96,92,88
2017-07-28 05:00,2189,76,72,0.00,32,0.30,,5.4,2.7,0.31,0.85,3.5,3.7,10.4,9.5,14.2,86,94,96,92,88
2017-07-28 06:00,2189,74,72,0.00,37,17.16,,6.8,4.1,0.30,0.83,3.0,4.5,10.6,9.5,13.3,84,93,96,92,88
2017-07-28 07:00,2189,80,72,0.00,35,217.10,,5.8,2.7,0.30,0.92,3.6,4.2,10.3,9.5,13.7,82,92,95,92,89
2017-07-28 08:00,2189,84,80,0.00,30,422.80,,4.1,0.4,0.30,1.10,2.8,5.2,10.5,9.5,13.5,84,91,94,92,89
2017-07-28 09:00,2189,87,84,0.00,25,626.90,,9.1,1.2,0.26,1.25,3.4,4.1,10.0,9.7,13.5,89,90,94,92,89
2017-07-28 10:00,2189,89,87,0.00,18,801.00,,9.1,3.1,0.25,1.32,3.2,4.2,10.0,9.5,13.5,95,90,94,92,88
2017-07-28 11:00,2189,91,89,0.00,18,926.00,,10.3,3.5,0.26,1.38,4.0,4.0,10.5,9.5,13.7,102,92,93,92,89
2017-07-28 12:00,2189,91,91,0.00,18,993.00,,11.0,3.8,0.27,1.47,4.1,4.7,9.4,9.5,13.5,110,94,93,92,88
2017-07-28 13:00,2189,92,91,0.00,19,1001.00,,15.9,3.4,0.28,1.48,4.6,4.5,9.7,9.2,13.3,117,96,93,92,88
2017-07-28 14:00,2189,95,92,0.00,18,955.00,,12.8,3.4,0.27,1.58,4.8,4.8,9.7,9.5,13.5,122,99,93,92,88
2017-07-28 15:00,2189,95,93,0.00,17,842.00,,13.9,4.4,0.27,1.62,4.3,4.8,10.3,9.5,13.5,127,102,93,92,88
2017-07-28 16:00,2189,94,93,0.00,18,680.30,,13.6,6.1,0.29,1.59,4.8,5.4,10.3,9.5,14.6,128,105,94,92,88
2017-07-28 17:00,2189,94,92,0.00,18,479.30,,13.6,6.3,0.30,1.57,4.5,5.5,10.4,9.5,13.5,127,107,94,91,89
2017-07-28 18:00,2189,93,89,0.00,20,267.20,,13.8,4.4,0.30,1.52,4.3,5.3,11.0,9.7,13.7,122,108,94,92,89
2017-07-28 19:00,2189,89,85,0.00,26,70.21,,13.7,6.8,0.35,1.33,4.0,4.8,10.4,9.7,13.3,117,108,95,92,88
2017-07-28 20:00,2189,85,82,0.00,28,0.92,,10.6,5.1,0.34,1.18,3.8,5.4,10.1,9.5,13.3,112,108,96,92,88
2017-07-28 21:00,2189,82,81,0.00,31,0.06,,8.1,3.5,0.35,1.08,3.6,4.8,10.3,9.7,13.5,106,106,96,92,88
2017-07-28 22:00,2189,82,79,0.00,33,0.04,,9.3,3.8,0.35,1.04,3.8,5.1,10.3,9.7,13.5,102,105,97,92,89
2017-07-28 23:00,2189,80,76,0.00,32,0.04,,6.6,2.6,0.32,0.99,2.9,5.1,9.7,9.7,13.3,98,103,97,92,89
2017-07-29 00:00,2189,76,73,0.00,34,0.06,,2.7,1.1,0.30,0.87,3.3,4.9,10.1,9.7,14.2,96,102,97,92,89
2017-07-29 01:00,2189,75,73,0.00,39,0.04,,5.3,3.4,0.29,0.85,3.5,4.5,10.1,9.5,13.5,92,100,97,91,88
2017-07-29 02:00,2189,74,72,0.00,35,0.05,,4.5,2.2,0.30,0.82,3.0,4.6,10.4,9.5,13.3,90,98,97,92,88
2017-07-29 03:00,2189,72,71,0.00,39,0.07,,5.9,3.5,0.29,0.79,2.8,4.7,10.6,9.7,13.5,89,97,97,92,88
2017-07-29 04:00,2189,72,71,0.00,31,0.02,,6.6,4.7,0.24,0.79,3.1,4.5,10.4,9.5,14.2,86,96,96,92,89
2017-07-29 05:00,2189,72,71,0.00,33,0.32,,7.0,5.6,0.27,0.77,2.6,4.3,10.4,9.5,13.3,85,94,96,92,88
2017-07-29 06:00,2189,72,71,0.00,37,16.65,,7.1,5.8,0.28,0.78,3.1,4.0,9.7,10.2,13.3,83,93,96,92,89
2017-07-29 07:00,2189,82,72,0.00,36,214.80,,5.6,2.8,0.30,0.90,3.3,4.2,9.9,10.2,14.2,82,92,95,92,89
2017-07-29 08:00,2189,83,81,0.00,27,425.50,,4.2,1.0,0.29,1.09,3.1,4.1,10.1,9.5,13.5,84,91,95,92,88
2017-07-29 09:00,2189,87,83,0.00,24,629.70,,4.4,0.4,0.28,1.20,2.8,4.1,10.3,9.5,14.2,89,90,94,92,89
2017-07-29 10:00,2189,90,87,0.00,22,801.00,,8.3,1.7,0.27,1.36,3.3,4.2,10.5,9.2,13.5,95,90,94,92,89
2017-07-29 11:00,2189,91,89,0.00,19,927.00,,11.9,4.5,0.27,1.44,3.9,4.0,10.5,9.5,13.5,102,92,94,92,89
2017-07-29 12:00,2189,92,89,0.00,18,996.00,,12.3,5.5,0.27,1.46,4.4,4.0,10.1,9.5,13.5,111,94,93,92,89
2017-07-29 13:00,2189,95,92,0.00,18,1008.00,,14.4,5.8,0.28,1.56,4.5,4.5,10.5,10.2,13.3,117,97,93,92,89
2017-07-29 14:00,2189,94,92,0.00,18,958.00,,13.4,5.2,0.27,1.56,4.5,5.4,9.8,9.5,14.2,122,99,93,92,89
2017-07-29 15:00,2189,95,93,0.00,17,851.00,,13.2,6.3,0.27,1.61,4.6,4.7,9.7,9.2,13.5,127,102,93,92,89
2017-07-29 16:00,2189,94,93,0.00,16,687.30,,12.0,6.6,0.27,1.59,4.5,5.2,9.4,9.5,13.5,128,105,94,92,89
2017-07-29 17:00,2189,94,93,0.00,17,486.40,,12.2,6.9,0.28,1.58,4.6,5.1,10.1,9.5,14.0,127,107,94,92,89
2017-07-29 18:00,2189,93,91,0.00,18,273.20,,11.0,5.7,0.28,1.53,4.2,4.8,10.6,9.5,13.3,122,108,95,92,89
2017-07-29 19:00,2189,91,85,0.00,19,67.60,,11.7,3.8,0.29,1.41,4.3,5.1,10.4,9.7,13.5,117,108,96,92,89
2017-07-29 20:00,2189,85,81,0.00,25,0.86,,7.4,3.1,0.30,1.15,3.8,4.5,10.6,9.7,14.0,112,107,96,92,89
2017-07-29 21:00,2189,81,78,0.00,28,0.06,,4.1,2.2,0.29,1.02,3.1,4.8,10.4,9.5,13.3,106,106,96,92,89
2017-07-29 22:00,2189,78,75,0.00,29,0.04,,4.6,1.8,0.28,0.95,3.1,4.8,10.2,9.5,14.2,101,105,97,92,89
2017-07-29 23:00,2189,76,75,0.00,32,0.05,,5.1,3.4,0.28,0.90,3.3,5.0,10.2,9.5,13.3,98,103,97,92,89
2017-07-30 00:00,2189,76,75,0.00,31,0.03,,6.2,3.7,0.25,0.89,3.5,4.5,9.9,9.5,14.0,94,102,97,92,89
2017-07-30 01:00,2189,75,73,0.00,27,0.03,,5.7,3.0,0.25,0.86,2.8,4.6,10.1,9.7,14.0,92,99,97,92,89
2017-07-30 02:00,2189,73,72,0.00,32,0.02,,5.9,4.0,0.27,0.81,3.3,4.1,10.4,9.5,14.0,90,98,97,92,89
2017-07-30 03:00,2189,73,70,0.00,34,0.03,,6.8,4.5,0.26,0.78,3.3,4.5,10.7,9.5,14.0,88,96,97,92,89
2017-07-30 04:00,2189,75,73,0.00,30,0.02,,6.6,4.4,0.27,0.83,2.4,4.3,10.0,9.5,14.0,86,95,96,92,89
2017-07-30 05:00,2189,75,70,0.00,35,0.26,,5.2,2.6,0.31,0.87,2.4,4.0,10.2,9.5,13.8,85,94,96,92,89
2017-07-30 06:00,2189,73,70,0.00,42,12.84,,6.2,3.8,0.31,0.76,2.6,4.3,10.0,9.5,14.0,83,92,96,92,89
2017-07-30 07:00,2189,80,73,0.00,37,212.10,,4.9,2.5,0.30,0.92,2.6,4.1,10.0,10.2,14.0,82,92,95,92,89
2017-07-30 08:00,2189,85,80,0.00,31,423.20,,4.1,0.9,0.31,1.10,2.4,4.1,9.5,9.5,13.5,83,90,95,92,89
2017-07-30 09:00,2189,86,85,0.00,24,628.40,,8.4,3.9,0.27,1.23,3.1,4.1,9.8,9.5,14.2,88,90,94,92,89
2017-07-30 10:00,2189,88,86,0.00,20,804.00,,11.9,5.6,0.25,1.28,3.5,3.3,10.4,9.5,14.2,94,90,94,92,89
2017-07-30 11:00,2189,89,88,0.00,20,935.00,,10.7,4.2,0.27,1.36,3.5,4.0,10.5,9.5,14.0,102,92,94,92,89
2017-07-30 12:00,2189,90,89,0.00,20,1003.00,,14.6,8.3,0.29,1.39,3.6,4.5,10.3,10.3,13.8,110,94,93,92,89
2017-07-30 13:00,2189,94,90,0.00,19,1013.00,,16.0,9.3,0.27,1.48,4.4,4.6,10.3,10.3,14.0,116,96,93,92,89
2017-07-30 14:00,2189,94,92,0.00,16,967.00,,15.0,8.9,0.26,1.56,4.4,4.7,10.0,9.5,14.2,121,98,93,92,89
2017-07-30 15:00,2189,94,92,0.00,17,860.00,,14.9,7.8,0.27,1.57,4.5,4.8,10.1,9.5,13.8,124,102,93,92,89
2017-07-30 16:00,2189,95,93,0.00,17,699.30,,12.5,6.1,0.27,1.59,4.6,5.2,9.5,9.9,13.8,125,104,94,92,89
2017-07-30 17:00,2189,94,92,0.00,17,498.60,,13.6,7.4,0.28,1.57,4.2,4.5,10.1,10.2,12.9,125,105,94,92,89
2017-07-30 18:00,2189,93,90,0.00,19,280.90,,13.2,7.3,0.30,1.51,4.1,5.2,10.1,9.5,13.8,122,107,95,92,89
2017-07-30 19:00,2189,90,87,0.00,22,70.10,,12.4,8.2,0.31,1.39,4.5,4.5,10.0,9.5,13.3,116,107,96,92,89
2017-07-30 20:00,2189,87,85,0.00,22,0.94,,12.4,7.7,0.30,1.26,3.8,4.5,10.0,9.7,13.8,111,106,96,92,89
2017-07-30 21:00,2189,85,83,0.00,28,0.06,,10.3,5.7,0.34,1.18,3.7,4.6,10.2,9.5,13.3,105,105,96,92,89
2017-07-30 22:00,2189,83,79,0.00,29,0.06,,4.8,2.0,0.33,1.07,3.5,5.1,10.0,9.7,13.8,101,104,96,92,89
2017-07-30 23:00,2189,79,75,0.00,32,0.03,,5.6,2.7,0.32,0.96,2.8,4.7,10.0,9.7,13.8,98,102,97,92,89
2017-07-31 00:00,2189,75,72,0.00,33,0.03,,3.7,1.6,0.28,0.85,2.6,4.3,10.6,9.5,13.8,95,101,97,92,89
2017-07-31 01:00,2189,73,72,0.00,34,0.02,,4.9,2.5,0.26,0.80,3.3,4.8,10.0,9.7,13.8,92,99,97,92,89
2017-07-31 02:00,2189,72,70,0.00,33,0.03,,5.6,3.8,0.26,0.76,2.6,4.3,10.2,9.5,14.0,89,98,97,92,89
2017-07-31 03:00,2189,70,69,0.00,32,0.03,,5.4,2.5,0.24,0.73,2.4,3.7,9.4,9.5,13.8,87,96,96,92,89
2017-07-31 04:00,2189,70,70,0.00,32,0.03,,4.5,2.2,0.23,0.74,3.0,4.1,10.5,9.5,13.8,85,95,96,92,89
2017-07-31 05:00,2189,71,69,0.00,31,0.23,,4.5,2.0,0.24,0.74,2.1,4.3,10.3,9.5,13.8,84,93,96,92,89
2017-07-31 06:00,2189,71,69,0.00,35,13.02,,5.3,2.8,0.28,0.75,3.3,4.3,10.5,10.2,13.8,82,92,96,92,89
2017-07-31 07:00,2189,80,70,0.00,37,204.80,,4.6,1.1,0.28,0.90,2.4,4.5,9.8,9.5,13.8,81,91,95,92,89
2017-07-31 08:00,2189,84,80,0.00,27,413.80,,6.3,0.8,0.27,1.09,2.6,4.2,10.3,9.5,13.8,82,90,94,92,89
2017-07-31 09:00,2189,87,83,0.00,21,614.30,,7.1,2.4,0.25,1.17,2.6,4.2,10.1,9.5,13.8,87,89,94,92,89
2017-07-31 10:00,2189,88,87,0.00,21,785.30,,9.4,2.2,0.27,1.31,3.3,4.5,10.0,9.5,13.8,94,90,94,92,89
2017-07-31 11:00,2189,90,87,0.00,21,910.00,,13.1,3.3,0.27,1.36,3.3,4.5,9.9,9.5,12.9,102,91,93,92,89
2017-07-31 12:00,2189,91,89,0.00,19,978.00,,10.9,3.4,0.27,1.42,3.8,4.1,10.1,9.5,13.3,110,94,93,92,89
2017-07-31 13:00,2189,91,90,0.00,18,991.00,,14.9,5.2,0.27,1.46,4.6,4.8,10.1,9.5,14.0,116,96,93,92,89
2017-07-31 14:00,2189,92,91,0.00,19,949.00,,12.7,5.0,0.26,1.51,4.1,4.9,10.1,9.5,13.8,122,98,93,92,89
2017-07-31 15:00,2189,94,92,0.00,16,845.00,,10.7,4.1,0.25,1.55,4.3,5.1,10.1,9.5,13.8,127,102,93,92,89
2017-07-31 16:00,2189,94,92,0.00,17,683.60,,20.0,5.0,0.27,1.57,4.6,4.5,10.3,9.5,13.8,127,104,94,92,89
2017-07-31 17:00,2189,93,92,0.00,18,484.20,,11.4,5.1,0.27,1.55,4.7,4.8,10.1,9.5,12.9,127,106,94,92,88
2017-07-31 18:00,2189,92,90,0.00,19,268.10,,11.4,6.1,0.28,1.49,4.3,5.2,10.2,9.7,12.9,122,107,94,92,89
2017-07-31 19:00,2189,90,87,0.00,20,67.40,,9.5,5.3,0.30,1.39,4.0,4.8,9.5,9.7,13.8,117,108,95,92,89
2017-07-31 20:00,2189,87,86,0.00,23,0.81,,11.9,7.4,0.30,1.27,3.8,4.5,10.2,9.7,13.8,111,107,96,92,89
2017-07-31 21:00,2189,86,85,0.00,24,0.03,,11.2,7.3,0.30,1.23,3.3,4.8,10.3,9.7,14.0,106,106,96,92,89
2017-07-31 22:00,2189,85,79,0.00,24,0.04,,5.5,2.9,0.29,1.10,3.4,5.0,10.0,9.7,13.8,102,104,96,92,89
2017-07-31 23:00,2189,81,80,0.00,28,0.04,,6.7,5.2,0.28,1.04,3.3,5.2,10.5,9.5,13.8,98,102,97,92,89
