Date,Station Id,Air Temperature Maximum (degF),Air Temperature Minimum (degF),Precipitation Increment (in),Relative Humidity (pct),Solar Radiation Average (watt/m2),Solar Radiation/langley Total (langley),Wind Speed Maximum (mph),Wind Speed Average (mph),Vapor Pressure - Partial (inch_Hg),Vapor Pressure - Saturated (inch_Hg),Soil Moisture Percent -2in (pct),Soil Moisture Percent -4in (pct),Soil Moisture Percent -8in (pct),Soil Moisture Percent -20in (pct),Soil Moisture Percent -40in (pct),Soil Temperature Observed -2in (degF),Soil Temperature Observed -4in (degF),Soil Temperature Observed -8in (degF),Soil Temperature Observed -20in (degF),Soil Temperature Observed -40in (degF)
2017-07-01 00:00,2185,80,78,0.00,14,0.00,,7.3,5.1,0.14,1.01,0.0,1.6,,6.1,2.0,90,99,99,94,89
2017-07-01 01:00,2185,79,78,0.00,14,0.00,,6.6,5.2,0.14,1.01,0.0,1.6,,6.1,2.2,88,98,98,94,89
2017-07-01 02:00,2185,78,75,0.00,15,0.00,,6.0,4.5,0.15,0.94,0.0,1.9,,6.1,2.2,86,96,98,94,89
2017-07-01 03:00,2185,76,75,0.00,17,0.00,,6.0,4.7,0.15,0.89,0.0,1.2,,6.1,2.0,85,95,98,94,89
2017-07-01 04:00,2185,76,74,0.00,17,8.06,,6.0,4.8,0.15,0.88,0.0,1.1,,5.7,2.0,82,94,97,94,89
2017-07-01 05:00,2185,85,75,0.00,18,131.10,,5.6,3.5,0.16,0.95,0.0,1.4,,5.7,2.2,82,92,97,94,89
2017-07-01 06:00,2185,89,85,0.00,14,326.50,,4.6,2.1,0.16,1.31,0.0,1.4,,5.7,2.0,82,92,96,94,89
2017-07-01 07:00,2185,94,89,0.00,11,529.10,,4.4,1.6,0.15,1.46,0.0,1.6,,5.7,2.0,86,90,96,94,89
2017-07-01 08:00,2185,96,94,0.00,10,717.10,,9.4,3.8,0.17,1.65,0.0,1.1,,5.7,2.0,94,90,95,94,89
2017-07-01 09:00,2185,99,96,0.00,10,870.00,,10.8,5.3,0.17,1.80,0.0,1.4,,5.7,2.2,103,91,95,94,89
2017-07-01 10:00,2185,101,98,0.00,10,971.00,,15.4,6.3,0.18,1.90,0.0,1.4,,5.7,2.2,112,92,94,94,89
2017-07-01 11:00,2185,101,99,0.00,7,1024.00,,17.5,9.5,0.14,1.94,0.0,1.1,,5.7,2.2,120,94,94,94,89
2017-07-01 12:00,2185,101,100,0.00,7,1017.00,,20.0,9.7,0.14,1.99,0.0,1.6,,5.7,2.0,125,97,94,94,89
2017-07-01 13:00,2185,101,100,0.00,8,947.00,,21.0,10.9,0.16,1.98,0.0,1.9,,5.7,2.2,130,99,94,94,89
2017-07-01 14:00,2185,102,100,0.00,8,830.00,,17.4,10.3,0.15,1.99,0.0,1.6,,6.0,2.2,130,102,95,94,89
2017-07-01 15:00,2185,102,100,0.00,6,669.00,,17.5,10.4,0.12,1.99,0.0,1.6,,6.0,2.5,128,104,95,93,89
2017-07-01 16:00,2185,102,99,0.00,5,467.20,,17.3,9.9,0.11,1.93,0.0,2.1,,6.0,2.2,124,105,96,94,89
2017-07-01 17:00,2185,99,97,0.00,7,249.80,,18.2,8.4,0.13,1.85,0.0,2.1,,6.0,2.2,120,106,96,94,89
2017-07-01 18:00,2185,97,93,0.00,7,58.72,,12.6,7.3,0.13,1.71,0.0,2.1,,6.0,2.2,114,106,96,94,89
2017-07-01 19:00,2185,93,91,0.00,8,0.48,,9.8,6.2,0.13,1.54,0.0,2.3,,6.0,2.2,109,105,97,94,89
2017-07-01 20:00,2185,91,87,0.00,10,0.00,,7.0,4.1,0.15,1.40,0.0,2.3,,6.0,2.2,103,104,98,94,89
2017-07-01 21:00,2185,88,86,0.00,12,0.00,,7.0,4.5,0.16,1.29,0.0,1.9,,6.0,2.2,98,103,98,94,89
2017-07-01 22:00,2185,87,82,0.00,13,0.00,,6.6,4.0,0.16,1.24,0.0,1.9,,6.0,2.2,96,102,98,94,89
2017-07-01 23:00,2185,84,82,0.00,14,0.00,,6.3,4.7,0.16,1.15,0.0,1.6,,6.0,2.0,92,101,98,94,89
2017-07-02 00:00,2185,84,84,0.00,14,0.00,,7.4,5.0,0.17,1.18,0.0,1.6,,6.0,2.2,90,99,98,94,89
2017-07-02 01:00,2185,85,80,0.00,15,0.00,,7.0,4.0,0.19,1.15,0.0,1.9,,6.2,2.0,89,98,98,94,89
2017-07-02 02:00,2185,83,76,0.00,17,0.00,,6.0,3.9,0.19,1.04,0.0,1.9,,6.0,2.2,87,96,98,94,89
2017-07-02 03:00,2185,78,76,0.00,22,0.00,,6.7,4.4,0.19,0.92,0.0,1.1,,6.2,2.0,86,95,97,94,89
2017-07-02 04:00,2185,78,76,0.00,20,7.75,,7.4,5.3,0.19,0.94,0.0,1.4,,6.0,2.2,84,94,97,94,89
2017-07-02 05:00,2185,84,76,0.00,22,129.10,,13.0,5.0,0.19,1.04,0.0,1.4,,6.2,2.0,83,93,96,94,89
2017-07-02 06:00,2185,86,84,0.00,16,324.90,,15.6,10.4,0.19,1.20,0.0,1.6,,6.0,2.0,83,92,96,94,89
2017-07-02 07:00,2185,89,86,0.00,14,533.60,,15.2,10.0,0.18,1.30,0.0,1.1,,5.5,2.0,87,91,96,94,89
2017-07-02 08:00,2185,90,89,0.00,14,729.40,,16.1,9.0,0.18,1.38,0.0,1.1,,6.2,2.2,94,90,96,94,89
2017-07-02 09:00,2185,92,89,0.00,13,887.00,,17.5,10.0,0.18,1.45,0.0,2.0,,6.2,2.0,101,91,95,94,89
2017-07-02 10:00,2185,95,92,0.00,11,994.00,,17.0,10.1,0.15,1.59,0.0,2.0,,6.0,2.0,108,92,95,94,89
2017-07-02 11:00,2185,96,95,0.00,7,1037.00,,20.0,10.2,0.12,1.68,0.0,1.4,,6.2,2.5,115,94,94,94,89
2017-07-02 12:00,2185,97,96,0.00,8,1022.00,,21.0,10.0,0.15,1.74,0.0,1.2,,6.2,2.0,121,96,94,94,89
2017-07-02 13:00,2185,99,96,0.00,9,954.00,,16.4,10.2,0.14,1.77,0.0,1.6,,5.5,2.5,125,98,94,94,89
2017-07-02 14:00,2185,99,98,0.00,7,837.00,,17.9,8.9,0.12,1.85,0.0,1.9,,6.2,2.2,127,101,94,94,89
2017-07-02 15:00,2185,100,98,0.00,5,668.40,,18.3,9.9,0.09,1.89,0.0,1.9,,5.5,2.0,127,102,96,94,89
2017-07-02 16:00,2185,99,98,0.00,5,466.60,,17.8,9.9,0.09,1.84,0.0,1.6,,5.7,2.5,121,104,95,94,89
2017-07-02 17:00,2185,98,96,0.00,5,256.90,,17.5,9.5,0.09,1.79,0.0,1.6,,5.7,2.2,119,104,96,93,89
2017-07-02 18:00,2185,96,92,0.00,6,62.89,,14.6,7.3,0.10,1.65,0.0,1.6,,5.7,2.2,113,105,96,94,89
2017-07-02 19:00,2185,92,88,0.00,7,0.50,,7.7,4.0,0.11,1.44,0.0,1.6,,5.7,2.2,107,104,96,94,89
2017-07-02 20:00,2185,88,85,0.00,10,0.00,,5.7,3.4,0.13,1.28,0.0,1.9,,5.5,2.2,102,103,98,94,89
2017-07-02 21:00,2185,85,80,0.00,11,0.00,,5.2,3.5,0.14,1.20,0.0,1.9,,6.1,2.5,97,102,97,94,89
2017-07-02 22:00,2185,80,77,0.00,14,0.00,,5.2,3.2,0.14,1.01,0.0,1.6,,5.7,2.0,93,101,98,94,89
2017-07-02 23:00,2185,81,77,0.00,16,0.00,,6.8,4.0,0.16,0.95,0.0,1.6,,5.7,2.2,90,99,98,94,89
2017-07-03 00:00,2185,85,81,0.00,17,0.00,,7.4,3.3,0.20,1.12,0.0,1.9,,5.5,2.0,88,98,98,94,89
2017-07-03 01:00,2185,83,74,0.00,19,0.00,,5.4,3.8,0.20,0.94,0.0,1.6,,5.7,2.2,86,96,97,94,89
2017-07-03 02:00,2185,75,72,0.00,24,0.00,,5.5,4.2,0.21,0.84,0.0,1.4,,5.7,2.2,85,95,97,94,89
2017-07-03 03:00,2185,81,72,0.00,27,0.00,,12.2,5.4,0.22,0.89,0.0,1.4,,5.5,2.2,82,94,97,94,89
2017-07-03 04:00,2185,81,80,0.00,20,7.54,,11.9,6.4,0.21,1.05,0.0,1.6,,5.7,2.2,82,92,96,94,89
2017-07-03 05:00,2185,82,80,0.00,22,128.00,,9.6,2.7,0.23,1.06,0.0,1.5,,5.7,2.2,82,91,96,94,89
2017-07-03 06:00,2185,84,82,0.00,21,328.70,,6.8,3.5,0.22,1.12,0.0,1.5,,5.7,2.0,82,90,96,94,89
2017-07-03 07:00,2185,87,84,0.00,18,534.80,,6.3,2.6,0.22,1.23,0.0,1.5,,5.7,2.0,86,90,96,94,89
2017-07-03 08:00,2185,90,87,0.00,20,722.00,,9.2,3.3,0.27,1.36,0.0,1.5,,5.7,2.0,94,90,95,94,89
2017-07-03 09:00,2185,91,90,0.00,19,869.00,,10.0,4.9,0.27,1.45,0.0,1.5,,5.7,2.5,102,90,95,94,89
2017-07-03 10:00,2185,94,91,0.00,16,973.00,,15.6,4.7,0.23,1.55,0.0,1.5,,5.7,2.5,111,92,94,94,89
2017-07-03 11:00,2185,97,94,0.00,16,1020.00,,16.8,8.6,0.21,1.67,0.0,1.4,,5.7,2.5,119,94,94,94,89
2017-07-03 12:00,2185,98,96,0.00,10,1018.00,,14.7,8.9,0.19,1.77,0.0,1.9,,5.7,2.5,125,96,94,94,89
2017-07-03 13:00,2185,98,96,0.00,11,940.00,,14.9,7.5,0.21,1.77,0.0,1.6,,5.7,2.5,128,98,94,93,89
2017-07-03 14:00,2185,99,98,0.00,12,817.00,,16.8,8.1,0.21,1.84,0.0,1.9,,5.7,2.0,130,101,94,93,89
2017-07-03 15:00,2185,99,99,0.00,10,649.70,,16.2,8.2,0.18,1.89,0.0,1.6,,5.7,2.2,130,103,94,93,89
2017-07-03 16:00,2185,100,99,0.00,9,456.10,,13.3,7.7,0.15,1.90,0.0,2.3,,6.0,2.2,124,105,96,93,89
2017-07-03 17:00,2185,99,98,0.00,7,248.20,,12.2,6.9,0.14,1.87,0.0,1.6,,6.0,2.0,121,106,96,93,89
2017-07-03 18:00,2185,98,94,0.00,8,59.91,,10.1,5.2,0.14,1.76,0.0,2.3,,6.0,2.5,115,106,96,93,89
2017-07-03 19:00,2185,94,88,0.00,8,0.49,,4.2,2.8,0.13,1.49,0.0,1.6,,6.0,2.5,109,105,98,93,89
2017-07-03 20:00,2185,88,84,0.00,10,0.00,,4.8,3.5,0.12,1.28,0.0,1.6,,6.0,2.2,103,104,97,94,89
2017-07-03 21:00,2185,85,81,0.00,10,0.00,,6.8,4.5,0.12,1.15,0.0,1.9,,6.0,2.2,98,103,98,94,89
2017-07-03 22:00,2185,82,79,0.00,11,0.00,,5.6,4.8,0.12,1.06,0.0,1.9,,5.6,2.0,95,102,98,94,89
2017-07-03 23:00,2185,80,78,0.00,11,0.00,,5.7,4.4,0.11,0.99,0.0,1.6,,6.0,2.5,92,100,98,94,89
2017-07-04 00:00,2185,83,80,0.00,9,0.00,,5.6,2.9,0.09,1.06,0.0,1.9,,6.0,2.0,89,98,98,94,89
2017-07-04 01:00,2185,81,76,0.00,9,0.00,,6.2,3.8,0.10,1.01,0.0,1.6,,5.7,2.0,86,97,98,94,89
2017-07-04 02:00,2185,77,75,0.00,11,0.00,,6.0,4.7,0.09,0.91,0.0,1.4,,6.0,2.0,85,96,98,94,89
2017-07-04 03:00,2185,77,74,0.00,11,0.00,,6.5,4.9,0.10,0.88,0.0,1.4,,6.0,2.0,82,94,97,94,89
2017-07-04 04:00,2185,74,72,0.00,12,7.79,,6.1,4.6,0.11,0.82,0.0,1.6,,6.0,2.2,81,93,96,94,89
2017-07-04 05:00,2185,85,73,0.00,13,137.20,,5.5,3.6,0.13,0.95,0.0,1.5,,6.0,2.0,80,92,96,94,89
2017-07-04 06:00,2185,90,85,0.00,12,335.90,,4.8,2.3,0.15,1.30,0.0,1.5,,6.0,2.2,80,90,96,94,89
2017-07-04 07:00,2185,92,90,0.00,12,542.40,,5.7,2.2,0.17,1.45,0.0,1.8,,5.6,2.5,85,89,96,94,89
2017-07-04 08:00,2185,94,92,0.00,10,726.60,,8.5,3.3,0.15,1.57,0.0,1.8,,6.0,2.0,93,89,95,94,89
2017-07-04 09:00,2185,96,94,0.00,9,879.00,,9.7,3.5,0.14,1.67,0.0,1.5,,5.6,2.5,102,90,94,94,89
2017-07-04 10:00,2185,98,96,0.00,7,977.00,,13.5,5.3,0.13,1.79,0.0,1.5,,6.0,2.0,112,91,94,94,89
2017-07-04 11:00,2185,100,98,0.00,7,1018.00,,14.3,7.2,0.13,1.85,0.0,1.4,,5.6,2.5,120,94,94,94,89
2017-07-04 12:00,2185,102,100,0.00,7,1008.00,,15.3,8.3,0.15,1.96,0.0,1.2,,5.6,2.2,127,96,94,94,89
2017-07-04 13:00,2185,102,101,0.00,7,943.00,,14.5,6.4,0.15,2.03,0.0,1.6,,5.6,2.2,130,99,94,93,89
2017-07-04 14:00,2185,104,102,0.00,7,823.00,,14.5,6.4,0.14,2.10,0.0,1.9,,5.6,2.0,,102,94,93,89
2017-07-04 15:00,2185,103,103,0.00,7,653.80,,14.7,7.8,0.14,2.12,0.0,1.6,,5.6,2.0,,104,95,93,89
2017-07-04 16:00,2185,104,103,0.00,7,454.70,,14.9,6.9,0.14,2.13,0.0,2.3,,5.8,2.5,127,106,95,93,89
2017-07-04 17:00,2185,103,102,0.00,7,245.60,,13.0,6.0,0.15,2.09,0.0,2.3,,5.6,2.5,124,107,96,93,89
2017-07-04 18:00,2185,102,98,0.00,8,58.48,,10.2,5.2,0.15,1.96,0.0,2.3,,5.8,2.5,119,107,96,93,89
2017-07-04 19:00,2185,98,92,0.00,8,0.40,,4.5,3.0,0.15,1.66,0.0,2.3,,5.8,2.5,112,107,98,93,89
2017-07-04 20:00,2185,92,87,0.00,9,0.00,,5.2,3.5,0.14,1.46,0.0,1.6,,5.6,2.5,106,106,98,94,89
2017-07-04 21:00,2185,91,88,0.00,10,0.00,,4.8,3.5,0.14,1.43,0.0,1.9,,5.8,2.5,102,105,98,94,89
2017-07-04 22:00,2185,90,84,0.00,10,0.00,,6.7,4.1,0.14,1.31,0.0,1.9,,5.8,2.5,98,103,98,94,89
2017-07-04 23:00,2185,86,84,0.00,11,0.00,,6.8,4.5,0.14,1.23,0.0,1.6,,5.6,2.0,95,102,98,94,89
2017-07-05 00:00,2185,88,81,0.00,11,0.00,,6.0,3.5,0.14,1.20,0.0,1.6,,5.6,2.2,93,100,98,94,89
2017-07-05 01:00,2185,81,79,0.00,13,0.00,,5.7,4.5,0.14,1.04,0.0,2.3,,5.6,2.2,90,99,98,94,89
2017-07-05 02:00,2185,80,78,0.00,14,0.00,,5.7,4.8,0.15,1.00,0.0,1.6,,5.6,2.2,88,98,98,94,89
2017-07-05 03:00,2185,79,77,0.00,17,0.00,,5.9,4.5,0.17,0.97,0.0,1.4,,5.8,2.5,87,96,98,94,89
2017-07-05 04:00,2185,79,78,0.00,17,8.99,,5.9,4.5,0.17,1.00,0.0,1.8,,5.6,2.2,85,95,97,94,89
2017-07-05 05:00,2185,90,79,0.00,17,150.30,,5.4,3.4,0.18,1.16,0.0,1.8,,5.8,2.5,83,94,97,94,89
2017-07-05 06:00,2185,96,90,0.00,13,305.70,,7.2,2.9,0.19,1.53,0.0,1.5,,5.8,2.2,85,93,97,94,89
2017-07-05 07:00,2185,98,94,0.00,11,420.90,,7.6,3.4,0.19,1.68,0.0,1.5,,5.8,2.0,89,92,96,94,89
2017-07-05 08:00,2185,100,98,0.00,10,601.20,,10.1,5.1,0.19,1.84,0.0,1.5,,5.8,2.5,96,92,96,94,89
2017-07-05 09:00,2185,101,99,0.00,10,859.00,,11.9,6.3,0.19,1.93,0.0,1.5,,5.8,2.3,103,92,95,94,89
2017-07-05 10:00,2185,103,101,0.00,10,953.00,,16.0,8.4,0.19,2.01,0.0,2.0,,5.8,2.5,113,94,95,94,89
2017-07-05 11:00,2185,103,103,0.00,9,993.00,,19.8,11.4,0.20,2.11,0.0,1.8,,5.8,2.5,120,96,95,94,89
2017-07-05 12:00,2185,104,103,0.00,10,975.00,,19.5,11.1,0.21,2.14,0.0,2.3,,5.8,2.5,125,98,95,94,89
2017-07-05 13:00,2185,104,102,0.00,10,593.70,,17.9,10.7,0.21,2.09,0.0,1.6,,5.8,2.5,128,101,95,94,89
2017-07-05 14:00,2185,104,100,0.00,10,594.90,,21.3,12.4,0.21,2.11,0.0,1.9,,5.8,2.2,128,103,95,94,89
2017-07-05 15:00,2185,101,100,0.00,12,437.20,,20.9,12.2,0.24,1.98,0.0,1.9,,5.8,2.5,125,104,96,94,89
2017-07-05 16:00,2185,102,100,0.00,13,433.30,,19.9,11.3,0.25,1.98,0.0,1.6,,5.8,2.5,121,106,96,94,89
2017-07-05 17:00,2185,100,98,0.00,12,122.10,,14.1,9.2,0.23,1.89,0.0,1.6,,5.8,2.5,119,106,96,94,89
2017-07-05 18:00,2185,98,95,0.00,12,19.24,,11.9,5.8,0.23,1.76,0.0,1.6,,5.8,2.5,114,106,97,94,89
2017-07-05 19:00,2185,95,90,0.00,14,0.19,,4.3,2.1,0.23,1.55,0.0,1.9,,5.8,2.5,109,105,98,94,89
2017-07-05 20:00,2185,90,85,0.00,16,0.00,,5.2,3.4,0.22,1.33,0.0,1.9,,5.8,2.5,105,104,98,94,89
2017-07-05 21:00,2185,86,84,0.00,18,0.00,,5.0,4.0,0.23,1.20,0.0,1.9,,5.8,2.5,101,103,98,94,89
2017-07-05 22:00,2185,85,83,0.00,20,0.00,,4.7,3.8,0.22,1.18,0.0,1.6,,5.8,2.5,97,102,99,94,89
2017-07-05 23:00,2185,84,83,0.00,19,0.00,,4.1,3.5,0.22,1.15,0.0,1.6,,5.8,2.5,94,101,99,94,89
2017-07-06 00:00,2185,84,81,0.00,19,0.00,,5.2,3.7,0.22,1.15,0.0,1.9,,5.8,2.5,92,99,98,94,89
2017-07-06 01:00,2185,82,80,0.00,20,0.00,,5.3,4.1,0.23,1.07,0.0,1.6,,5.8,2.5,90,98,98,94,89
2017-07-06 02:00,2185,81,79,0.00,23,0.00,,5.1,4.0,0.24,1.05,0.0,1.8,,5.8,2.5,89,97,98,94,89
2017-07-06 03:00,2185,82,79,0.00,23,0.00,,5.9,4.9,0.23,1.05,0.0,1.8,,5.8,2.5,87,96,98,94,89
2017-07-06 04:00,2185,81,81,0.00,22,7.36,,5.8,4.7,0.24,1.07,0.0,1.8,,5.8,2.5,86,95,97,94,89
2017-07-06 05:00,2185,89,81,0.00,23,116.70,,5.1,3.2,0.25,1.15,0.0,1.5,,5.8,2.0,85,94,97,94,89
2017-07-06 06:00,2185,94,89,0.00,19,306.80,,3.5,1.6,0.25,1.48,0.0,1.5,,5.8,2.5,85,93,96,94,89
2017-07-06 07:00,2185,96,94,0.00,15,506.30,,5.5,2.2,0.24,1.63,0.0,1.5,,5.8,2.5,90,92,97,94,89
2017-07-06 08:00,2185,98,96,0.00,14,691.60,,11.8,6.3,0.24,1.77,0.0,1.5,,5.4,2.5,97,92,96,94,89
2017-07-06 09:00,2185,101,98,0.00,13,846.00,,12.6,6.7,0.25,1.90,0.0,1.5,,5.8,2.5,106,92,96,94,89
2017-07-06 10:00,2185,103,101,0.00,13,947.00,,11.0,5.8,0.26,2.04,0.0,2.0,,6.4,2.5,114,94,96,94,89
2017-07-06 11:00,2185,105,103,0.00,12,988.00,,13.3,7.0,0.26,2.16,0.0,1.8,,5.1,2.5,121,96,95,94,89
2017-07-06 12:00,2185,105,104,0.00,11,791.10,,14.2,7.0,0.25,2.23,0.0,2.3,,5.1,2.5,128,98,95,94,89
2017-07-06 13:00,2185,106,104,0.00,11,567.80,,12.6,6.2,0.23,2.21,0.0,1.6,,6.4,2.3,,102,95,94,89
2017-07-06 14:00,2185,108,106,0.00,10,801.00,,17.0,6.4,0.22,2.37,0.0,1.9,,5.4,2.5,128,104,96,94,89
2017-07-06 15:00,2185,108,107,0.00,9,629.80,,13.0,6.7,0.21,2.38,0.0,1.6,,5.4,2.5,130,106,96,94,89
2017-07-06 16:00,2185,107,106,0.00,9,432.30,,10.9,5.1,0.21,2.36,0.0,1.6,,5.4,2.5,127,107,96,94,89
2017-07-06 17:00,2185,,,,9,,,,,,,0.0,2.3,,5.4,2.5,125,108,97,94,89
2017-07-06 18:00,2185,105,102,0.00,,49.94,,9.2,5.0,0.21,2.19,,,,,,,,,,
2017-07-06 19:00,2185,102,96,0.00,11,0.32,,6.2,2.4,0.22,1.88,0.0,2.3,,5.7,2.5,114,108,98,94,89
2017-07-06 20:00,2185,96,93,0.00,12,0.00,,4.3,3.3,0.21,1.63,0.0,1.6,,5.4,2.5,109,107,98,94,89
2017-07-06 21:00,2185,93,90,0.00,13,0.00,,5.1,3.7,0.20,1.49,0.0,1.6,,5.4,2.5,104,106,99,94,89
2017-07-06 22:00,2185,90,87,0.00,14,0.00,,4.9,3.8,0.20,1.38,0.0,1.9,,5.7,2.5,101,105,100,94,89
2017-07-06 23:00,2185,89,86,0.00,14,0.00,,5.2,4.2,0.19,1.31,0.0,1.9,,5.7,2.5,98,103,99,94,89
2017-07-07 00:00,2185,91,87,0.00,15,0.00,,4.9,3.1,0.20,1.39,0.0,1.6,,5.7,2.5,96,102,101,95,89
2017-07-07 01:00,2185,88,86,0.00,15,0.00,,6.3,4.7,0.21,1.27,0.0,1.6,,5.4,2.5,94,101,100,95,89
2017-07-07 02:00,2185,87,86,0.00,17,0.00,,6.2,4.7,0.23,1.27,0.0,2.3,,5.7,2.5,93,100,99,95,89
2017-07-07 03:00,2185,88,86,0.00,18,0.00,,6.6,3.9,0.22,1.31,0.0,1.6,,5.7,2.5,92,98,98,95,89
2017-07-07 04:00,2185,87,85,0.00,17,3.10,,5.7,3.9,0.23,1.26,0.0,1.8,,5.4,2.5,92,98,99,95,89
2017-07-07 05:00,2185,94,85,0.00,19,105.80,,5.9,3.3,0.24,1.32,0.0,1.8,,5.7,2.5,90,96,98,95,89
2017-07-07 06:00,2185,99,94,0.00,14,355.70,,8.2,3.8,0.24,1.80,0.0,1.8,,5.4,2.5,90,96,98,95,89
2017-07-07 07:00,2185,101,98,0.00,13,527.60,,7.2,3.3,0.24,1.83,0.0,2.0,,5.4,2.5,96,95,98,95,89
2017-07-07 08:00,2185,101,98,0.00,12,343.50,,8.0,3.5,0.24,1.90,0.0,1.8,,5.7,2.5,102,95,97,95,89
2017-07-07 09:00,2185,105,100,0.00,13,687.40,,7.1,2.9,0.24,2.05,0.0,1.8,,5.7,2.5,107,96,97,95,89
2017-07-07 10:00,2185,106,105,0.00,10,803.00,,13.3,7.5,0.25,2.27,0.0,1.8,,5.7,2.5,113,97,96,95,89
2017-07-07 11:00,2185,108,104,0.00,11,869.00,,16.2,9.2,0.25,2.31,0.0,1.6,,5.7,2.5,120,98,96,95,89
2017-07-07 12:00,2185,110,107,0.00,10,1089.00,,17.3,10.1,0.23,2.49,0.0,2.3,,5.7,2.5,125,101,97,95,89
2017-07-07 13:00,2185,108,108,0.00,9,785.10,,19.4,11.4,0.23,2.47,0.0,2.0,,5.7,2.5,,102,97,95,89
2017-07-07 14:00,2185,108,107,0.00,9,424.50,,17.0,9.6,0.22,2.40,0.0,1.9,,5.7,2.5,,105,96,95,89
2017-07-07 15:00,2185,108,107,0.00,9,393.90,,14.7,8.3,0.22,2.42,0.0,1.6,,5.7,2.5,130,107,97,95,89
2017-07-07 16:00,2185,109,108,0.00,9,428.00,,13.5,7.7,0.22,2.47,0.0,2.3,,5.4,2.5,125,108,98,95,89
2017-07-07 17:00,2185,108,106,0.00,9,181.30,,11.4,6.0,0.22,2.39,0.0,2.3,,5.7,2.5,124,109,98,95,89
2017-07-07 18:00,2185,106,100,0.00,9,25.58,,7.6,3.1,0.21,2.18,0.0,2.3,,5.7,2.5,119,109,98,95,89
2017-07-07 19:00,2185,100,97,0.00,11,0.20,,4.4,3.0,0.21,1.83,0.0,1.6,,5.7,2.5,114,109,99,95,89
2017-07-07 20:00,2185,97,95,0.00,12,0.00,,5.1,3.5,0.21,1.75,0.0,1.6,,5.7,2.5,109,108,100,95,89
2017-07-07 21:00,2185,95,92,0.00,12,0.00,,6.2,3.8,0.20,1.63,0.0,1.9,,5.7,2.5,104,107,101,95,89
2017-07-07 22:00,2185,93,91,0.00,13,0.00,,6.4,4.8,0.20,1.54,0.0,1.9,,5.7,2.5,102,106,100,96,89
2017-07-07 23:00,2185,95,90,0.00,13,0.00,,8.8,2.9,0.20,1.47,0.0,1.9,,5.7,2.5,100,104,100,96,89
2017-07-08 00:00,2185,97,95,0.00,14,0.00,,11.1,5.6,0.24,1.72,0.0,1.6,,5.7,2.5,98,103,100,96,89
2017-07-08 01:00,2185,96,91,0.00,14,0.00,,9.0,4.2,0.24,1.66,0.0,2.3,,5.7,2.5,97,102,100,96,89
2017-07-08 02:00,2185,92,90,0.00,17,0.00,,6.8,4.0,0.24,1.47,0.0,2.3,,5.7,2.5,96,101,100,96,89
2017-07-08 03:00,2185,92,90,0.00,16,0.00,,6.7,4.1,0.24,1.49,0.0,2.3,,5.7,2.5,94,100,100,96,89
2017-07-08 04:00,2185,92,86,0.00,16,6.70,,6.7,3.4,0.23,1.35,0.0,1.6,,5.7,2.5,94,99,99,96,89
2017-07-08 05:00,2185,95,91,0.00,15,83.80,,5.9,4.1,0.23,1.52,0.0,1.8,,5.7,2.5,92,98,99,96,89
2017-07-08 06:00,2185,98,95,0.00,14,157.50,,3.6,2.0,0.25,1.70,0.0,1.8,,5.7,2.5,92,97,99,96,89
2017-07-08 07:00,2185,101,98,0.00,14,517.20,,13.9,3.6,0.25,1.91,0.0,1.8,,5.7,2.5,95,97,98,96,89
2017-07-08 08:00,2185,104,101,0.00,13,609.90,,11.5,4.8,0.25,2.06,0.0,1.8,,5.7,2.5,101,96,98,96,89
2017-07-08 09:00,2185,106,103,0.00,12,731.70,,10.2,3.7,0.25,2.20,0.0,1.8,,5.7,2.5,109,97,98,96,89
2017-07-08 10:00,2185,107,104,0.00,11,856.00,,14.5,7.5,0.25,2.25,0.0,1.8,,5.7,2.5,116,98,98,96,89
2017-07-08 11:00,2185,108,107,0.00,10,970.00,,16.1,8.8,0.25,2.40,0.0,1.6,,5.9,2.5,122,99,98,96,89
2017-07-08 12:00,2185,107,106,0.00,11,742.60,,13.6,6.4,0.26,2.34,0.0,2.0,,5.9,2.5,130,102,97,96,89
2017-07-08 13:00,2185,108,107,0.00,11,1025.00,,13.3,7.4,0.27,2.41,0.0,1.9,,5.9,2.5,,104,97,96,89
2017-07-08 14:00,2185,108,107,0.00,11,766.80,,15.8,7.6,0.27,2.43,0.0,1.6,,5.9,2.5,,106,98,96,89
2017-07-08 15:00,2185,109,107,0.00,11,607.30,,14.7,6.2,0.26,2.44,0.0,1.6,,5.9,2.5,,109,98,95,89
2017-07-08 16:00,2185,108,106,0.00,11,437.30,,13.3,5.7,0.27,2.37,0.0,2.1,,5.9,2.5,,110,98,96,90
2017-07-08 17:00,2185,107,105,0.00,12,192.70,,11.6,5.2,0.27,2.29,0.0,2.1,,5.5,2.5,130,111,99,96,90
2017-07-08 18:00,2185,105,101,0.00,13,42.82,,11.4,6.0,0.33,2.12,0.0,2.1,,5.9,2.5,124,112,100,96,90
2017-07-08 19:00,2185,101,99,0.00,19,0.17,,27.4,8.4,0.38,1.93,0.0,2.1,,5.9,2.5,117,111,101,96,89
2017-07-08 20:00,2185,99,86,0.00,20,0.00,,32.8,21.1,0.41,1.51,0.0,2.4,,5.9,2.5,113,111,101,96,90
2017-07-08 21:00,2185,86,78,0.01,37,0.00,,33.2,22.1,0.48,1.18,0.0,1.6,,5.9,2.5,108,110,101,96,89
2017-07-08 22:00,2185,81,75,0.12,60,0.00,,31.2,16.6,0.57,0.94,0.0,1.6,,5.9,2.5,103,108,102,96,90
2017-07-08 23:00,2185,85,81,0.00,52,0.00,,22.1,13.1,0.49,1.10,0.0,1.9,,5.9,1.9,88,106,102,96,90
2017-07-09 00:00,2185,88,83,0.00,35,0.00,,11.4,5.3,0.43,1.23,,2.0,,5.9,2.3,82,103,102,96,89
2017-07-09 01:00,2185,83,79,0.00,42,0.00,,11.6,4.5,0.54,1.02,0.0,1.6,,5.9,2.3,80,100,102,96,90
2017-07-09 02:00,2185,80,78,0.00,56,0.00,,6.4,2.7,0.57,1.00,0.0,1.8,,5.9,2.5,80,98,101,96,90
2017-07-09 03:00,2185,81,78,0.00,58,0.00,,6.6,3.4,0.54,1.03,0.4,2.0,,5.8,2.9,80,96,101,96,90
2017-07-09 04:00,2185,81,79,0.00,55,3.73,,6.0,3.6,0.53,1.03,1.5,1.5,,5.8,2.5,79,94,101,97,90
2017-07-09 05:00,2185,84,80,0.00,50,87.90,,8.6,3.3,0.50,1.11,2.1,1.5,,5.8,2.5,78,93,99,97,90
2017-07-09 06:00,2185,87,84,0.00,40,279.80,,9.6,5.3,0.48,1.24,2.6,1.8,,5.9,2.5,79,92,99,97,90
2017-07-09 07:00,2185,87,86,0.00,38,470.60,,14.8,8.4,0.49,1.28,4.4,1.8,,5.9,2.5,82,91,98,96,90
2017-07-09 08:00,2185,89,87,0.00,38,564.80,,10.6,5.8,0.49,1.31,6.5,1.5,,5.5,2.3,90,90,98,96,90
2017-07-09 09:00,2185,91,89,0.00,35,862.00,,13.6,7.8,0.47,1.40,8.2,1.5,,5.9,2.3,97,91,97,96,90
2017-07-09 10:00,2185,93,90,0.00,33,948.00,,12.4,6.2,0.46,1.47,8.7,1.4,,5.9,2.3,108,92,96,96,90
2017-07-09 11:00,2185,96,93,0.00,28,971.00,,10.7,4.0,0.43,1.62,9.0,1.6,,5.9,2.3,116,95,96,96,90
2017-07-09 12:00,2185,98,96,0.00,24,958.00,,16.7,5.6,0.38,1.77,9.2,1.9,,5.5,2.3,122,98,96,96,90
2017-07-09 13:00,2185,99,98,0.00,20,892.00,,15.4,8.3,0.37,1.86,9.3,1.5,,5.5,2.3,127,102,96,96,90
2017-07-09 14:00,2185,101,99,0.00,20,775.70,,15.0,8.5,0.35,1.91,9.5,2.2,,5.5,2.3,128,104,96,96,90
2017-07-09 15:00,2185,101,100,0.00,17,612.50,,14.6,6.3,0.33,1.95,9.0,2.3,,5.5,2.3,125,107,97,96,90
2017-07-09 16:00,2185,101,99,0.00,17,419.10,,12.8,6.8,0.34,1.94,8.7,2.2,,5.8,2.3,121,108,97,96,90
2017-07-09 17:00,2185,99,98,0.00,18,216.10,,12.4,6.0,0.34,1.88,8.3,2.7,,5.8,2.8,119,109,98,95,90
2017-07-09 18:00,2185,98,96,0.00,19,40.55,,11.7,6.2,0.36,1.78,7.9,2.4,,5.5,2.0,113,108,98,95,90
2017-07-09 19:00,2185,96,94,0.00,22,0.15,,11.7,5.9,0.39,1.66,8.0,2.8,,5.8,2.3,108,108,99,96,90
2017-07-09 20:00,2185,94,91,0.00,23,0.00,,10.5,3.3,0.36,1.56,6.9,2.4,,5.8,2.0,103,106,100,96,90
2017-07-09 21:00,2185,91,90,0.00,26,0.00,,7.0,3.2,0.36,1.45,5.7,2.4,,5.8,2.5,99,105,100,96,90
2017-07-09 22:00,2185,90,86,0.00,25,0.00,,5.9,2.4,0.36,1.36,4.4,2.7,,5.8,2.5,96,103,100,96,90
2017-07-09 23:00,2185,88,84,0.00,27,0.00,,5.1,2.6,0.35,1.27,3.6,2.7,,5.8,2.0,94,102,101,96,90
2017-07-10 00:00,2185,84,82,0.00,29,0.00,,4.8,3.7,0.34,1.13,2.8,2.4,,5.8,2.5,92,100,102,96,90
2017-07-10 01:00,2185,83,82,0.00,31,0.00,,4.6,3.4,0.34,1.12,2.2,2.4,,6.2,2.5,90,98,100,96,90
2017-07-10 02:00,2185,83,82,0.00,30,0.00,,5.1,3.9,0.34,1.11,2.0,2.7,,5.8,2.5,89,98,100,96,90
2017-07-10 03:00,2185,82,81,0.00,32,0.00,,5.3,4.1,0.35,1.09,0.8,1.9,,5.5,2.5,87,96,99,96,90
2017-07-10 04:00,2185,83,82,0.00,33,5.49,,6.0,4.3,0.39,1.11,0.3,1.9,,5.8,2.5,86,95,99,96,90
2017-07-10 05:00,2185,88,83,0.00,36,140.10,,10.8,4.7,0.43,1.25,0.0,1.9,,5.8,2.5,85,94,98,96,90
2017-07-10 06:00,2185,90,87,0.00,34,324.70,,10.4,5.8,0.46,1.31,0.1,2.2,,5.8,2.5,86,93,98,96,90
2017-07-10 07:00,2185,90,89,0.00,32,312.30,,7.2,2.9,0.45,1.38,1.2,2.1,,5.8,2.5,90,92,98,96,90
2017-07-10 08:00,2185,92,90,0.00,31,423.90,,4.5,1.9,0.43,1.45,2.4,2.1,,5.8,2.5,96,92,98,96,90
2017-07-10 09:00,2185,93,92,0.00,28,492.60,,8.0,3.6,0.44,1.54,3.7,1.9,,5.8,2.5,100,93,98,96,90
2017-07-10 10:00,2185,94,92,0.00,28,550.20,,10.3,4.3,0.42,1.57,4.7,2.7,,5.8,2.5,106,94,96,96,90
2017-07-10 11:00,2185,98,94,0.00,25,891.00,,11.1,3.3,0.40,1.72,5.0,2.6,,5.8,2.5,109,96,97,96,90
2017-07-10 12:00,2185,99,98,0.00,22,809.00,,14.3,6.3,0.37,1.83,6.3,2.2,,5.8,2.5,116,97,96,96,90
2017-07-10 13:00,2185,102,99,0.00,20,923.00,,14.8,7.1,0.38,1.90,6.5,2.2,,5.8,2.5,122,99,96,96,90
2017-07-10 14:00,2185,102,100,0.00,18,791.70,,14.5,7.9,0.36,2.00,6.3,2.6,,5.8,2.5,127,102,97,96,90
2017-07-10 15:00,2185,102,100,0.00,17,621.30,,15.1,7.5,0.35,2.01,4.1,2.4,,5.8,2.5,127,104,96,95,90
2017-07-10 16:00,2185,101,100,0.00,17,422.40,,14.5,6.4,0.35,1.98,1.4,2.8,,5.8,2.5,122,106,97,95,90
2017-07-10 17:00,2185,101,99,0.00,18,216.70,,14.8,6.9,0.37,1.93,0.0,2.6,,5.8,2.5,120,107,98,95,90
2017-07-10 18:00,2185,99,96,0.00,20,37.20,,12.7,6.9,0.37,1.80,0.0,2.6,,6.0,2.5,115,107,98,96,90
2017-07-10 19:00,2185,96,94,0.00,22,0.20,,10.1,4.6,0.37,1.67,0.0,2.6,,5.8,2.5,109,106,99,96,90
2017-07-10 20:00,2185,94,91,0.00,22,0.00,,9.5,4.3,0.36,1.54,0.0,2.6,,6.0,2.5,105,105,100,96,90
2017-07-10 21:00,2185,92,90,0.00,25,0.00,,10.8,5.4,0.37,1.47,,2.8,,5.3,2.5,101,104,100,96,90
2017-07-10 22:00,2185,91,87,0.00,26,0.00,,8.9,3.7,0.39,1.40,,2.8,,6.0,2.5,98,103,100,96,90
2017-07-10 23:00,2185,87,83,0.00,29,0.00,,5.5,3.3,0.38,1.21,,3.1,,5.8,2.5,96,102,100,96,90
2017-07-11 00:00,2185,87,83,0.00,33,0.00,,7.1,3.8,0.37,1.22,,2.4,,5.8,2.5,94,101,101,96,90
2017-07-11 01:00,2185,87,86,0.00,26,0.00,,9.2,5.1,0.34,1.28,,2.6,,5.8,2.5,92,99,100,96,90
2017-07-11 02:00,2185,86,82,0.00,27,0.00,,5.2,2.5,0.34,1.15,,2.3,,5.1,2.5,90,98,100,96,90
2017-07-11 03:00,2185,82,80,0.00,31,0.00,,4.1,2.8,0.34,1.05,,2.3,,5.8,2.5,89,97,100,96,90
2017-07-11 04:00,2185,81,80,0.00,33,4.77,,5.5,3.3,0.34,1.04,,2.3,,5.8,2.5,87,96,99,96,90
2017-07-11 05:00,2185,87,80,0.00,33,102.70,,4.2,2.5,0.35,1.13,,1.9,,5.8,2.5,86,95,98,96,90
2017-07-11 06:00,2185,92,87,0.00,26,287.60,,2.8,1.0,0.34,1.39,,2.4,,5.8,2.5,86,94,99,96,90
2017-07-11 07:00,2185,93,92,0.00,23,485.20,,7.1,2.3,0.34,1.53,,2.4,,6.0,2.5,90,93,98,96,90
2017-07-11 08:00,2185,94,93,0.00,23,671.30,,10.6,4.5,0.36,1.60,,2.4,,6.0,2.5,98,92,98,96,90
2017-07-11 09:00,2185,97,94,0.00,22,819.00,,9.2,4.0,0.35,1.64,0.0,2.2,,6.0,2.5,106,93,97,96,90
2017-07-11 10:00,2185,97,96,0.00,20,916.00,,19.3,11.4,0.33,1.73,0.0,1.9,,5.3,2.5,114,95,97,96,90
2017-07-11 11:00,2185,98,96,0.00,18,972.00,,16.4,9.7,0.31,1.77,0.0,2.3,,5.3,2.5,120,97,96,96,90
2017-07-11 12:00,2185,99,98,0.00,17,965.00,,16.9,8.4,0.30,1.84,0.0,2.4,,5.3,2.5,125,98,96,96,90
2017-07-11 13:00,2185,101,99,0.00,15,904.00,,15.7,8.2,0.29,1.95,0.0,2.8,,5.3,2.5,130,101,96,96,90
2017-07-11 14:00,2185,101,99,0.00,15,777.50,,16.7,8.1,0.30,1.93,0.0,3.1,,5.3,2.5,,103,97,96,90
2017-07-11 15:00,2185,101,99,0.00,17,612.00,,17.9,6.6,0.31,1.90,0.0,2.8,,5.3,2.5,130,105,97,96,90
2017-07-11 16:00,2185,101,100,0.00,15,422.00,,14.7,6.3,0.30,1.94,,2.9,,5.3,2.5,125,107,98,95,90
2017-07-11 17:00,2185,100,99,0.00,15,219.00,,11.7,6.4,0.29,1.92,,2.9,,5.3,2.5,122,108,98,96,90
2017-07-11 18:00,2185,99,96,0.00,16,28.35,,9.1,4.5,0.30,1.82,,2.9,,5.3,2.5,117,108,99,96,90
2017-07-11 19:00,2185,96,94,0.00,18,0.24,,14.2,8.2,0.32,1.69,,2.4,,5.3,2.5,111,107,99,96,90
2017-07-11 20:00,2185,94,94,0.00,21,0.00,,12.2,6.9,0.34,1.62,,2.8,,5.3,2.5,106,106,102,96,90
2017-07-11 21:00,2185,94,92,0.00,21,0.00,,13.2,8.4,0.34,1.57,1.5,2.6,,5.3,2.5,102,105,100,96,90
2017-07-11 22:00,2185,92,90,0.00,22,0.00,,14.2,8.4,0.34,1.50,1.1,2.8,,5.3,2.5,100,104,101,96,90
2017-07-11 23:00,2185,90,88,0.00,24,0.00,,11.9,5.0,0.33,1.38,0.9,2.4,,5.3,2.5,98,102,101,96,90
2017-07-12 00:00,2185,88,87,0.00,24,0.00,,11.2,6.2,0.32,1.32,0.7,2.6,,5.3,2.5,96,102,101,96,90
2017-07-12 01:00,2185,87,85,0.00,25,0.00,,7.6,2.8,0.31,1.26,0.6,2.6,,5.3,2.5,94,100,100,96,90
2017-07-12 02:00,2185,86,84,0.00,26,0.00,,4.8,1.6,0.31,1.20,0.3,2.9,,5.3,2.5,92,99,101,96,90
2017-07-12 03:00,2185,86,81,0.00,25,0.00,,4.7,2.7,0.31,1.18,0.1,2.2,,5.3,2.5,90,98,100,96,90
2017-07-12 04:00,2185,83,81,0.00,29,4.66,,6.0,2.3,0.31,1.11,0.0,2.4,,6.0,2.5,88,97,100,96,90
2017-07-12 05:00,2185,87,81,0.00,29,108.70,,4.8,2.4,0.31,1.11,0.0,2.2,,6.0,2.5,87,96,99,96,90
2017-07-12 06:00,2185,88,87,0.00,24,297.00,,6.8,2.7,0.32,1.34,0.0,2.2,,5.3,2.5,87,95,99,96,90
2017-07-12 07:00,2185,91,88,0.00,24,499.80,,7.4,3.1,0.32,1.39,0.4,2.2,,5.3,2.5,90,94,98,96,90
2017-07-12 08:00,2185,93,90,0.00,23,686.20,,11.2,5.8,0.31,1.50,1.4,2.3,,5.3,2.5,98,94,99,96,90
2017-07-12 09:00,2185,95,93,0.00,19,835.00,,11.8,6.9,0.30,1.62,,2.0,,5.3,2.5,106,94,97,96,90
2017-07-12 10:00,2185,99,95,0.00,18,931.00,,15.4,7.4,0.30,1.76,,2.2,,5.3,2.5,114,95,97,96,90
2017-07-12 11:00,2185,100,97,0.00,17,969.00,,18.8,8.3,0.31,1.88,,1.9,,5.3,2.5,121,97,97,96,90
2017-07-12 12:00,2185,101,99,0.00,17,961.00,,16.2,9.0,0.30,1.96,,2.2,,5.5,2.5,127,99,97,96,90
2017-07-12 13:00,2185,101,100,0.00,15,904.00,,18.0,10.5,0.30,1.97,,2.6,,5.3,2.5,,102,98,96,90
2017-07-12 14:00,2185,102,100,0.00,15,789.30,,19.2,10.9,0.28,2.01,,2.4,,5.5,2.5,,104,98,96,90
2017-07-12 15:00,2185,102,101,0.00,13,628.00,,18.0,9.7,0.27,2.01,,2.4,,5.5,2.5,,106,98,96,90
2017-07-12 16:00,2185,101,100,0.00,14,434.10,,13.8,8.4,0.27,1.97,,2.4,,5.5,2.5,127,108,98,96,90
2017-07-12 17:00,2185,100,100,0.00,14,226.60,,12.8,6.8,0.27,1.94,,2.9,,5.5,2.5,122,108,98,96,90
2017-07-12 18:00,2185,100,96,0.00,14,44.25,,8.6,4.1,0.27,1.84,1.0,2.7,,5.3,2.5,117,108,99,96,90
2017-07-12 19:00,2185,96,92,0.00,16,0.26,,3.9,2.9,0.27,1.64,0.2,2.7,,5.3,2.5,112,108,100,96,90
2017-07-12 20:00,2185,94,92,0.00,18,0.00,,7.6,3.9,0.28,1.54,0.0,2.9,,5.3,2.5,106,107,101,96,90
2017-07-12 21:00,2185,94,91,0.00,20,0.00,,7.8,3.9,0.32,1.57,0.0,2.6,,5.3,2.5,102,106,101,96,90
2017-07-12 22:00,2185,93,91,0.00,21,0.00,,8.6,3.8,0.31,1.50,0.0,2.2,,5.3,2.5,99,104,102,96,90
2017-07-12 23:00,2185,91,85,0.00,21,0.00,,4.7,2.0,0.30,1.37,0.0,2.2,,5.3,2.5,97,103,101,96,90
2017-07-13 00:00,2185,86,83,0.00,25,0.00,,4.8,3.0,0.30,1.19,0.0,1.9,,5.3,2.5,95,102,101,96,90
2017-07-13 01:00,2185,84,81,0.00,27,0.00,,4.9,3.4,0.30,1.14,0.0,2.6,,5.3,2.5,93,101,101,96,90
2017-07-13 02:00,2185,82,81,0.00,27,0.00,,5.7,3.6,0.29,1.09,0.0,2.4,,5.3,2.5,91,99,100,96,90
2017-07-13 03:00,2185,82,80,0.00,26,0.00,,6.8,4.2,0.28,1.07,0.0,2.4,,5.3,2.5,89,98,101,97,90
2017-07-13 04:00,2185,80,77,0.00,26,4.33,,5.0,3.7,0.27,0.99,0.0,2.7,,6.0,2.5,88,97,100,97,90
2017-07-13 05:00,2185,88,77,0.00,28,105.70,,5.2,3.1,0.26,1.07,0.0,1.9,,5.3,2.5,86,96,99,97,90
2017-07-13 06:00,2185,90,88,0.00,20,298.30,,5.7,3.1,0.29,1.36,0.0,2.2,,5.3,2.5,86,95,99,97,90
2017-07-13 07:00,2185,90,90,0.00,18,503.00,,8.6,4.5,0.26,1.42,0.0,2.2,,5.5,2.5,90,94,98,97,90
2017-07-13 08:00,2185,93,90,0.00,17,691.30,,8.3,4.4,0.24,1.48,0.0,1.6,,5.5,2.5,97,94,98,97,90
2017-07-13 09:00,2185,96,93,0.00,15,838.00,,9.3,3.6,0.23,1.63,0.5,2.2,,5.5,2.5,105,94,98,96,90
2017-07-13 10:00,2185,99,96,0.00,13,953.00,,11.3,5.3,0.23,1.78,1.5,2.2,,5.3,2.5,114,95,97,96,90
2017-07-13 11:00,2185,102,99,0.00,13,1007.00,,17.6,7.3,0.25,1.91,,2.0,,5.3,2.5,122,97,98,96,90
2017-07-13 12:00,2185,102,100,0.00,12,1018.00,,19.5,9.6,0.25,2.01,,2.4,,5.5,2.5,128,99,98,96,90
2017-07-13 13:00,2185,103,101,0.00,13,947.00,,18.6,12.1,0.26,2.06,,2.3,,5.5,2.5,,102,97,96,90
2017-07-13 14:00,2185,102,101,0.00,12,763.60,,17.9,10.7,0.25,2.04,,2.8,,5.5,2.5,,105,98,96,90
2017-07-13 15:00,2185,102,102,0.00,12,642.80,,16.0,7.9,0.25,2.05,,2.2,,5.5,2.5,,107,98,96,90
2017-07-13 16:00,2185,102,101,0.00,12,439.70,,12.9,6.9,0.25,2.06,1.0,1.9,,5.3,2.5,127,108,98,96,90
2017-07-13 17:00,2185,101,100,0.00,12,196.30,,11.2,5.0,0.25,1.99,0.5,2.6,,5.5,2.5,124,109,98,96,90
2017-07-13 18:00,2185,100,97,0.00,13,40.06,,8.7,3.2,0.25,1.88,0.0,2.3,,5.5,2.5,119,109,100,96,90
2017-07-13 19:00,2185,97,92,0.00,14,0.33,,3.7,2.7,0.24,1.65,0.0,2.3,,5.5,2.5,112,109,100,96,90
2017-07-13 20:00,2185,92,91,0.00,16,0.00,,5.3,3.2,0.25,1.49,0.0,2.8,,5.5,2.5,107,108,101,96,90
2017-07-13 21:00,2185,93,91,0.00,18,0.00,,7.2,4.2,0.29,1.53,0.0,2.7,,5.3,2.5,102,106,101,96,90
2017-07-13 22:00,2185,92,90,0.00,20,0.00,,12.8,4.5,0.29,1.47,0.0,2.7,,5.3,2.5,99,105,101,96,90
2017-07-13 23:00,2185,91,85,0.00,18,0.00,,7.6,3.4,0.27,1.39,0.0,2.4,,5.3,3.0,97,103,101,96,90
2017-07-14 00:00,2185,85,84,0.00,22,0.00,,5.6,4.4,0.27,1.19,0.0,2.7,,5.3,2.5,95,102,101,97,90
2017-07-14 01:00,2185,84,81,0.00,23,0.00,,5.1,3.5,0.27,1.14,0.0,2.2,,5.3,2.5,93,101,101,97,90
2017-07-14 02:00,2185,82,81,0.00,24,0.00,,5.3,4.1,0.26,1.08,0.0,2.2,,5.3,2.5,90,99,101,97,90
2017-07-14 03:00,2185,81,79,0.00,24,0.00,,5.3,4.1,0.26,1.05,0.0,1.9,,5.3,2.5,89,98,100,97,90
2017-07-14 04:00,2185,80,79,0.00,26,4.46,,5.5,4.2,0.26,1.02,0.0,1.9,,6.0,2.5,87,97,101,97,90
2017-07-14 05:00,2185,89,80,0.00,25,106.80,,4.8,3.0,0.27,1.17,0.0,2.5,,5.5,2.5,86,96,100,97,90
2017-07-14 06:00,2185,89,88,0.00,19,296.20,,5.7,3.3,0.27,1.34,0.0,2.5,,5.3,3.0,86,95,99,97,90
2017-07-14 07:00,2185,92,88,0.00,20,496.40,,6.2,2.7,0.26,1.40,0.0,2.0,,5.5,2.5,90,94,98,97,90
2017-07-14 08:00,2185,96,92,0.00,17,679.90,,9.7,3.0,0.26,1.58,0.0,1.9,,5.3,2.5,98,94,98,97,90
2017-07-14 09:00,2185,98,96,0.00,15,830.00,,10.1,4.0,0.26,1.75,0.0,1.7,,5.5,2.5,107,94,98,97,90
2017-07-14 10:00,2185,100,98,0.00,14,929.00,,14.0,8.0,0.26,1.88,0.5,2.5,,5.5,2.5,116,96,97,96,90
2017-07-14 11:00,2185,101,99,0.00,14,973.00,,15.7,8.7,0.26,1.93,1.1,2.2,,5.5,2.5,122,98,98,96,91
2017-07-14 12:00,2185,102,101,0.00,13,963.00,,13.6,6.5,0.27,2.02,1.6,2.2,,5.5,2.5,127,100,97,96,90
2017-07-14 13:00,2185,103,102,0.00,13,903.00,,14.8,7.4,0.27,2.10,,2.0,,5.5,2.5,,102,97,96,91
2017-07-14 14:00,2185,104,103,0.00,13,784.80,,15.2,7.6,0.27,2.14,1.6,2.4,,5.5,2.5,,105,97,96,90
2017-07-14 15:00,2185,104,103,0.00,13,619.80,,15.3,8.7,0.28,2.15,1.3,2.7,,5.3,2.5,,107,98,96,91
2017-07-14 16:00,2185,103,102,0.00,13,425.80,,15.9,8.1,0.28,2.12,0.3,2.7,,5.5,3.0,130,109,98,96,91
2017-07-14 17:00,2185,103,102,0.00,14,222.70,,12.0,6.8,0.28,2.07,0.0,2.7,,5.5,2.5,125,110,99,96,91
2017-07-14 18:00,2185,102,99,0.00,14,46.33,,10.0,5.5,0.29,1.98,0.0,2.7,,5.5,2.5,120,110,99,96,91
2017-07-14 19:00,2185,99,94,0.00,15,0.28,,6.3,2.6,0.30,1.77,0.0,2.7,,5.5,3.0,114,109,100,96,91
2017-07-14 20:00,2185,94,94,0.00,19,0.00,,4.1,3.0,0.31,1.61,0.0,2.4,,5.5,2.5,109,109,101,96,91
2017-07-14 21:00,2185,94,91,0.00,20,0.00,,4.2,2.9,0.31,1.54,0.0,2.4,,5.5,2.5,104,108,101,96,91
2017-07-14 22:00,2185,91,87,0.00,22,0.00,,4.5,3.4,0.31,1.38,0.0,2.3,,5.5,2.5,101,106,102,96,90
2017-07-14 23:00,2185,93,87,0.00,24,0.00,,10.0,3.9,0.31,1.45,0.0,2.2,,5.3,3.0,98,105,102,97,91
2017-07-15 00:00,2185,90,87,0.00,21,0.00,,4.0,2.9,0.28,1.36,0.0,2.0,,5.5,2.5,96,103,102,97,91
2017-07-15 01:00,2185,88,87,0.00,20,0.00,,5.5,2.8,0.26,1.32,0.0,2.2,,5.6,2.5,94,102,102,97,91
2017-07-15 02:00,2185,88,83,0.00,18,0.00,,5.5,3.3,0.25,1.24,0.0,2.2,,6.0,2.5,93,101,102,97,91
2017-07-15 03:00,2185,85,83,0.00,22,0.00,,5.1,4.0,0.25,1.16,0.0,2.5,,5.3,2.5,91,99,101,97,91
2017-07-15 04:00,2185,86,83,0.00,20,4.44,,8.0,4.6,0.24,1.17,0.0,2.0,,5.6,2.5,89,98,100,97,91
2017-07-15 05:00,2185,90,86,0.00,21,101.40,,6.8,3.2,0.26,1.33,0.0,2.0,,5.6,3.0,88,97,100,97,91
2017-07-15 06:00,2185,95,90,0.00,18,287.20,,8.7,3.2,0.25,1.57,0.0,2.0,,5.3,2.5,88,96,99,97,91
2017-07-15 07:00,2185,94,92,0.00,17,488.30,,6.9,3.2,0.26,1.54,0.0,1.8,,5.6,3.0,93,96,99,98,91
2017-07-15 08:00,2185,98,94,0.00,16,674.80,,7.7,3.8,0.25,1.67,0.0,1.8,,5.3,2.5,100,95,99,97,91
2017-07-15 09:00,2185,99,98,0.00,14,829.00,,10.9,5.8,0.24,1.85,0.0,1.8,,5.3,2.5,108,96,98,97,91
2017-07-15 10:00,2185,103,99,0.00,13,930.00,,12.5,5.9,0.24,2.00,0.0,2.0,,5.5,2.5,116,96,99,97,91
2017-07-15 11:00,2185,104,102,0.00,12,977.00,,11.0,5.0,0.25,2.09,0.5,1.8,,5.5,2.5,124,99,98,97,91
2017-07-15 12:00,2185,105,104,0.00,12,969.00,,17.6,7.2,0.26,2.24,1.2,2.2,,5.3,3.0,,101,98,97,91
2017-07-15 13:00,2185,106,105,0.00,11,901.00,,17.3,8.8,0.26,2.28,1.3,2.5,,5.5,3.0,,104,98,96,91
2017-07-15 14:00,2185,107,105,0.00,11,784.00,,17.8,9.1,0.27,2.32,1.1,2.3,,5.3,3.0,,107,98,96,91
2017-07-15 15:00,2185,106,105,0.00,12,618.30,,13.8,7.8,0.27,2.25,0.6,2.7,,5.5,3.0,,109,98,96,91
2017-07-15 16:00,2185,107,105,0.00,12,417.40,,12.9,6.5,0.26,2.28,0.0,2.7,,5.5,3.0,,110,99,96,91
2017-07-15 17:00,2185,106,104,0.00,11,213.50,,10.4,6.3,0.26,2.24,0.0,2.7,,5.5,3.0,127,111,100,96,91
2017-07-15 18:00,2185,104,101,0.00,12,44.89,,9.4,4.8,0.27,2.11,0.0,2.7,,5.5,3.0,121,111,100,96,91
2017-07-15 19:00,2185,101,98,0.00,13,0.18,,6.7,3.3,0.27,1.89,0.0,2.7,,5.5,2.5,115,111,101,96,91
2017-07-15 20:00,2185,98,97,0.00,15,0.00,,11.1,5.9,0.35,1.80,0.0,3.0,,5.3,3.0,110,110,102,97,91
2017-07-15 21:00,2185,97,92,0.00,24,0.00,,22.1,12.8,0.44,1.67,0.0,2.5,,5.6,3.0,106,109,102,97,91
2017-07-15 22:00,2185,92,89,0.00,34,0.00,,28.1,19.0,0.53,1.42,0.0,2.5,,5.6,2.5,104,108,102,97,91
2017-07-15 23:00,2185,89,88,0.00,38,0.00,,23.8,14.9,0.52,1.38,0.0,2.2,,5.6,3.0,102,106,102,97,91
2017-07-16 00:00,2185,88,86,0.00,40,0.00,,21.0,12.6,0.53,1.31,0.0,2.2,,5.3,3.0,99,105,102,98,91
2017-07-16 01:00,2185,87,86,0.00,41,0.00,,7.8,3.6,0.51,1.28,0.0,1.8,,5.6,3.0,97,103,102,98,91
2017-07-16 02:00,2185,86,85,0.00,39,0.00,,5.9,2.9,0.51,1.22,0.0,2.0,,5.3,3.0,96,102,102,98,91
2017-07-16 03:00,2185,86,83,0.00,43,0.00,,11.0,4.1,0.53,1.22,0.0,2.0,,5.3,3.0,94,101,102,98,91
2017-07-16 04:00,2185,84,83,0.00,48,3.93,,10.1,6.4,0.55,1.16,0.0,1.7,,5.6,3.0,93,100,102,98,91
2017-07-16 05:00,2185,85,83,0.00,48,91.90,,13.8,7.0,0.55,1.18,0.0,2.1,,5.6,3.0,92,99,101,98,91
2017-07-16 06:00,2185,88,85,0.00,46,272.60,,13.5,7.4,0.54,1.26,0.0,2.1,,6.2,3.0,91,98,102,98,91
2017-07-16 07:00,2185,89,88,0.00,39,469.80,,10.2,6.1,0.52,1.35,0.0,2.3,,5.6,3.0,94,97,100,98,91
2017-07-16 08:00,2185,91,89,0.00,36,653.80,,13.5,7.3,0.49,1.43,0.0,2.3,,5.6,3.0,100,97,100,98,91
2017-07-16 09:00,2185,93,91,0.00,33,806.00,,13.8,6.0,0.48,1.52,0.0,2.3,,5.3,3.0,107,97,99,98,91
2017-07-16 10:00,2185,95,93,0.00,31,906.00,,15.2,8.0,0.48,1.62,0.0,2.1,,5.6,3.0,115,98,99,98,91
2017-07-16 11:00,2185,98,95,0.00,29,951.00,,15.1,8.8,0.48,1.71,0.7,1.8,,5.6,3.0,122,99,99,98,91
2017-07-16 12:00,2185,99,98,0.00,26,944.00,,14.3,7.1,0.47,1.85,1.1,2.3,,5.6,3.0,127,102,99,97,91
2017-07-16 13:00,2185,100,99,0.00,24,881.00,,15.1,6.8,0.45,1.89,1.3,2.5,,5.6,3.0,,103,99,97,91
2017-07-16 14:00,2185,101,99,0.00,24,762.70,,18.7,7.5,0.45,1.94,1.2,2.2,,5.6,3.0,,106,99,97,91
2017-07-16 15:00,2185,101,100,0.00,22,599.90,,16.5,8.4,0.44,1.97,0.9,2.0,,5.6,3.0,,108,99,97,91
2017-07-16 16:00,2185,101,100,0.00,22,406.90,,24.9,6.2,0.46,1.98,0.0,2.5,,5.6,3.0,130,110,100,97,91
2017-07-16 17:00,2185,100,98,0.00,24,206.00,,15.3,8.4,0.45,1.89,0.0,2.5,,5.6,3.0,125,110,101,97,91
2017-07-16 18:00,2185,98,96,0.00,25,40.16,,11.8,8.0,0.45,1.77,0.0,2.5,,5.6,3.0,119,110,101,97,91
2017-07-16 19:00,2185,96,94,0.00,27,0.22,,13.3,8.0,0.45,1.66,0.0,2.5,,5.6,3.0,113,110,102,97,91
2017-07-16 20:00,2185,94,93,0.00,28,0.00,,12.9,6.7,0.46,1.59,0.0,2.0,,5.6,3.0,109,109,102,98,91
2017-07-16 21:00,2185,93,92,0.00,31,0.00,,11.4,6.1,0.49,1.53,0.0,2.2,,5.6,3.0,105,108,102,98,91
2017-07-16 22:00,2185,92,90,0.00,33,0.00,,9.2,4.0,0.50,1.46,0.0,2.2,,5.6,3.0,102,107,102,98,91
2017-07-16 23:00,2185,90,86,0.00,35,0.00,,4.5,1.6,0.49,1.35,0.0,1.8,,5.6,3.0,100,105,102,98,91
2017-07-17 00:00,2185,87,86,0.00,39,0.00,,6.5,4.2,0.50,1.28,0.0,2.0,,5.6,3.0,98,104,102,98,91
2017-07-17 01:00,2185,88,86,0.00,39,0.00,,7.8,4.2,0.51,1.28,0.0,2.3,,5.6,3.0,96,102,102,98,91
2017-07-17 02:00,2185,87,87,0.00,40,0.00,,6.4,3.4,0.52,1.30,0.0,2.1,,5.3,3.0,95,102,102,98,91
2017-07-17 03:00,2185,87,83,0.00,40,0.00,,8.6,3.9,0.53,1.22,0.0,2.1,,5.6,3.0,94,101,102,98,91
2017-07-17 04:00,2185,84,83,0.00,45,2.87,,17.2,9.8,0.53,1.16,0.0,2.1,,5.3,2.4,92,99,102,98,91
2017-07-17 05:00,2185,84,83,0.00,46,76.70,,18.0,9.3,0.51,1.13,0.0,2.3,,5.6,3.0,91,98,101,98,91
2017-07-17 06:00,2185,87,84,0.00,42,268.60,,14.2,8.6,0.49,1.23,0.0,1.5,,5.6,3.0,90,98,101,98,91
2017-07-17 07:00,2185,90,87,0.00,38,426.10,,12.4,7.2,0.50,1.33,0.0,1.5,,5.6,3.0,94,97,100,98,91
2017-07-17 08:00,2185,91,90,0.00,36,655.70,,13.6,6.8,0.51,1.44,0.0,1.9,,5.6,3.0,98,96,100,98,91
2017-07-17 09:00,2185,93,91,0.00,35,803.00,,15.4,9.4,0.51,1.52,0.0,1.5,,5.6,3.0,107,96,99,98,91
2017-07-17 10:00,2185,95,93,0.00,33,904.00,,18.1,8.7,0.51,1.60,0.0,1.5,,5.6,3.0,114,98,99,98,91
2017-07-17 11:00,2185,97,95,0.00,31,947.00,,15.6,9.0,0.50,1.70,0.7,2.1,,5.6,3.0,120,99,100,98,91
2017-07-17 12:00,2185,97,95,0.00,30,940.00,,19.0,9.1,0.50,1.72,1.1,1.8,,5.6,2.4,127,101,99,98,91
2017-07-17 13:00,2185,99,97,0.00,27,881.00,,15.4,7.0,0.48,1.82,1.3,2.3,,5.6,2.4,130,103,99,98,91
2017-07-17 14:00,2185,99,97,0.00,26,763.70,,15.0,6.7,0.47,1.85,1.2,2.2,,5.7,3.0,,105,99,98,91
2017-07-17 15:00,2185,100,98,0.00,25,599.00,,13.7,5.6,0.45,1.90,1.0,2.2,,5.7,3.0,,107,99,98,91
2017-07-17 16:00,2185,100,99,0.00,24,406.60,,12.0,6.1,0.46,1.90,0.3,2.0,,5.7,3.0,128,109,100,97,91
2017-07-17 17:00,2185,99,98,0.00,24,206.60,,13.3,7.8,0.46,1.84,0.0,2.5,,5.7,2.4,125,110,100,97,91
2017-07-17 18:00,2185,98,95,0.00,26,39.52,,13.6,8.6,0.47,1.74,0.0,2.5,,5.6,3.0,119,110,102,97,91
2017-07-17 19:00,2185,95,94,0.00,28,0.26,,12.5,7.5,0.47,1.64,0.0,2.0,,5.7,2.4,113,109,102,98,92
2017-07-17 20:00,2185,94,93,0.00,30,0.00,,15.3,9.2,0.49,1.58,0.0,2.2,,5.7,3.0,108,109,102,98,91
2017-07-17 21:00,2185,93,92,0.00,32,0.00,,14.8,8.7,0.49,1.54,0.0,2.2,,5.7,3.0,105,107,102,98,91
2017-07-17 22:00,2185,92,89,0.00,33,0.00,,12.5,4.3,0.49,1.47,0.0,2.1,,5.7,2.4,102,106,102,98,91
2017-07-17 23:00,2185,89,89,0.00,37,0.00,,10.1,3.7,0.51,1.38,0.0,2.0,,5.6,3.0,101,105,102,98,91
2017-07-18 00:00,2185,89,88,0.00,38,0.00,,11.2,6.4,0.54,1.37,0.0,2.3,,5.6,3.0,98,103,102,98,91
2017-07-18 01:00,2185,89,88,0.00,40,0.00,,8.0,3.6,0.53,1.34,0.0,2.0,,5.6,2.4,97,102,102,98,91
2017-07-18 02:00,2185,88,84,0.00,39,0.00,,5.0,2.3,0.52,1.26,0.0,2.1,,5.6,3.0,96,102,102,98,92
2017-07-18 03:00,2185,86,84,0.00,45,0.00,,5.4,2.1,0.53,1.21,0.0,2.1,,5.6,3.0,94,101,102,98,92
2017-07-18 04:00,2185,85,82,0.00,43,2.20,,5.8,2.8,0.53,1.15,0.0,2.3,,5.6,3.0,93,100,102,98,92
2017-07-18 05:00,2185,87,82,0.00,49,58.10,,6.5,3.8,0.53,1.18,0.0,1.5,,5.6,2.4,92,98,101,98,91
2017-07-18 06:00,2185,90,87,0.00,41,219.20,,5.9,2.2,0.53,1.33,0.0,1.5,,5.6,2.4,92,98,101,98,92
2017-07-18 07:00,2185,92,90,0.00,37,469.50,,11.7,3.9,0.52,1.43,0.0,1.5,,5.8,3.0,95,97,102,98,92
2017-07-18 08:00,2185,92,92,0.00,34,617.90,,11.0,6.2,0.51,1.51,0.0,1.9,,5.7,3.0,101,97,100,98,92
2017-07-18 09:00,2185,94,92,0.00,33,675.20,,15.6,5.7,0.50,1.57,0.0,1.5,,5.7,3.0,108,97,99,98,92
2017-07-18 10:00,2185,95,94,0.00,31,811.00,,14.0,6.5,0.50,1.63,0.1,1.5,,5.7,3.0,114,98,99,98,92
2017-07-18 11:00,2185,97,95,0.00,30,886.00,,13.2,6.7,0.50,1.71,0.7,2.1,,5.7,2.4,120,99,99,98,92
2017-07-18 12:00,2185,98,96,0.00,28,962.00,,16.0,7.1,0.49,1.75,1.1,2.1,,5.7,2.4,127,102,99,98,92
2017-07-18 13:00,2185,98,97,0.00,27,545.80,,16.5,6.6,0.48,1.80,1.5,2.3,,5.7,2.4,,103,99,98,92
2017-07-18 14:00,2185,100,98,0.00,26,784.20,,15.3,7.2,0.47,1.90,0.9,2.1,,5.7,2.4,130,106,99,98,92
2017-07-18 15:00,2185,101,99,0.00,24,650.90,,17.9,8.9,0.46,1.93,0.9,2.2,,5.7,2.4,,107,99,98,92
2017-07-18 16:00,2185,101,99,0.00,23,432.70,,15.1,6.5,0.44,1.94,0.3,2.2,,5.7,2.4,128,109,100,98,92
2017-07-18 17:00,2185,99,97,0.00,24,259.70,,13.7,5.4,0.45,1.85,0.0,2.0,,5.7,3.0,125,110,101,98,92
2017-07-18 18:00,2185,98,81,0.03,25,37.06,,27.6,7.5,0.45,1.76,0.0,2.0,,5.3,2.4,121,110,101,98,92
2017-07-18 19:00,2185,84,76,0.05,61,0.06,,28.0,9.6,0.63,1.06,0.0,2.2,,5.7,2.4,114,110,102,98,92
2017-07-18 20:00,2185,87,84,0.00,53,0.00,,5.8,3.8,0.58,1.23,0.0,2.2,,5.7,2.4,97,109,102,98,92
2017-07-18 21:00,2185,86,82,0.00,53,0.00,,9.6,3.4,0.68,1.19,0.0,1.8,,5.7,2.4,92,106,102,98,92
2017-07-18 22:00,2185,83,82,0.00,66,0.00,,4.4,1.8,0.71,1.11,0.0,2.3,,5.3,2.4,89,103,102,98,92
2017-07-18 23:00,2185,88,83,0.00,57,0.00,,9.3,4.5,0.62,1.23,0.7,2.1,,5.7,2.4,88,102,102,98,92
2017-07-19 00:00,2185,88,86,0.00,42,0.00,,13.2,8.1,0.56,1.29,1.3,2.1,,5.8,2.4,87,100,102,98,92
2017-07-19 01:00,2185,86,86,0.00,44,0.00,,13.6,8.0,0.53,1.26,1.7,1.5,,5.8,2.4,86,98,102,98,92
2017-07-19 02:00,2185,87,85,0.00,41,0.00,,13.1,8.2,0.49,1.26,,1.5,,5.8,2.4,86,97,102,98,92
2017-07-19 03:00,2185,85,85,0.00,39,0.00,,10.8,5.8,0.48,1.22,,1.9,,5.8,2.4,85,96,101,98,92
2017-07-19 04:00,2185,85,83,0.00,43,1.12,,23.4,7.3,0.52,1.19,,1.9,,5.8,2.4,85,95,100,98,92
2017-07-19 05:00,2185,83,76,0.00,48,12.29,,24.4,14.9,0.56,1.02,,1.9,,5.7,2.4,85,94,99,98,92
2017-07-19 06:00,2185,79,76,0.02,72,48.44,,16.7,7.2,0.64,0.94,,1.9,,5.7,2.4,85,94,99,98,92
2017-07-19 07:00,2185,81,78,0.00,61,130.10,,12.8,6.7,0.63,1.00,,1.3,,5.7,2.4,82,93,99,98,92
2017-07-19 08:00,2185,84,81,0.00,58,287.20,,7.9,3.3,0.60,1.13,,1.6,,5.3,2.4,82,92,98,98,92
2017-07-19 09:00,2185,84,82,0.00,54,275.30,,11.9,5.9,0.63,1.14,,1.6,,5.3,2.4,86,91,98,98,92
2017-07-19 10:00,2185,84,81,0.00,49,208.20,,12.1,6.3,0.57,1.17,,1.6,,5.3,2.4,88,91,98,98,92
2017-07-19 11:00,2185,84,79,0.00,59,401.80,,11.6,6.0,0.66,1.05,,1.6,,5.6,2.4,90,91,97,97,92
2017-07-19 12:00,2185,86,84,0.00,55,607.70,,10.6,3.7,0.65,1.19,,1.3,,5.3,2.4,89,91,96,97,92
2017-07-19 13:00,2185,89,86,0.00,49,853.00,,11.5,5.5,0.58,1.33,,1.8,,5.6,2.4,98,91,96,97,92
2017-07-19 14:00,2185,90,88,0.00,43,669.50,,11.7,5.2,0.56,1.36,0.0,1.8,,5.3,2.4,108,92,96,97,92
2017-07-19 15:00,2185,90,89,0.00,37,571.30,,10.1,5.9,0.52,1.43,0.0,2.0,,5.6,2.4,110,94,96,96,92
2017-07-19 16:00,2185,90,89,0.00,38,351.70,,8.2,4.2,0.51,1.41,0.0,2.1,,5.6,2.4,109,96,96,96,92
2017-07-19 17:00,2185,90,89,0.00,37,207.60,,7.5,3.7,0.51,1.40,0.0,2.0,,5.6,2.4,106,97,96,96,92
2017-07-19 18:00,2185,89,86,0.00,35,46.01,,6.0,3.0,0.50,1.35,0.0,1.7,,5.6,2.4,102,98,96,96,92
2017-07-19 19:00,2185,86,84,0.00,42,0.15,,2.9,2.0,0.52,1.21,0.0,1.7,,5.6,2.4,98,98,96,96,92
2017-07-19 20:00,2185,84,82,0.00,43,0.00,,3.4,2.6,0.51,1.13,0.0,2.5,,5.6,2.4,94,98,96,96,92
2017-07-19 21:00,2185,84,82,0.00,45,0.00,,4.2,2.7,0.46,1.14,,1.7,,5.6,2.4,90,97,96,96,92
2017-07-19 22:00,2185,84,80,0.00,37,0.00,,4.4,2.0,0.43,1.15,,1.7,,5.6,2.4,89,96,96,96,92
2017-07-19 23:00,2185,80,79,0.00,42,0.00,,5.3,4.0,0.44,1.01,,1.7,,5.6,2.4,87,95,98,96,92
2017-07-20 00:00,2185,80,78,0.00,44,0.00,,7.2,4.4,0.45,1.00,,1.9,,5.6,2.4,85,94,96,96,92
2017-07-20 01:00,2185,82,78,0.00,45,0.00,,6.1,2.5,0.44,1.01,,1.9,,5.8,2.4,83,93,97,96,92
2017-07-20 02:00,2185,82,81,0.00,38,0.00,,3.7,1.5,0.43,1.08,,1.9,,5.6,2.4,83,92,96,96,92
2017-07-20 03:00,2185,82,81,0.00,40,0.00,,4.4,1.6,0.44,1.09,,1.9,,5.1,2.4,83,91,96,96,92
2017-07-20 04:00,2185,82,80,0.00,42,1.57,,5.5,2.4,0.47,1.08,,1.8,,5.8,2.4,83,90,96,96,92
2017-07-20 05:00,2185,84,82,0.00,42,38.26,,5.3,2.8,0.46,1.11,,1.8,,5.3,2.4,83,90,96,96,92
2017-07-20 06:00,2185,86,84,0.00,39,105.80,,9.0,5.0,0.45,1.21,,1.8,,5.3,2.4,83,89,95,96,92
2017-07-20 07:00,2185,86,85,0.00,36,214.50,,6.8,3.8,0.46,1.23,,1.8,,5.3,3.0,86,89,94,95,92
2017-07-20 08:00,2185,88,86,0.00,35,339.60,,5.6,2.8,0.45,1.28,,1.8,,5.3,2.4,89,89,94,95,92
2017-07-20 09:00,2185,91,88,0.00,34,660.00,,8.2,3.3,0.45,1.38,0.0,1.8,,5.3,3.0,94,89,94,95,92
2017-07-20 10:00,2185,95,91,0.00,30,753.60,,8.5,3.4,0.44,1.52,0.0,1.4,,5.3,2.4,102,90,94,95,92
2017-07-20 11:00,2185,96,95,0.00,27,1041.00,,13.4,3.9,0.42,1.69,0.0,1.7,,5.3,2.4,109,91,94,95,92
2017-07-20 12:00,2185,97,96,0.00,24,945.00,,18.6,6.1,0.41,1.72,0.0,2.1,,5.3,2.4,120,94,94,94,92
2017-07-20 13:00,2185,99,95,0.00,23,706.10,,14.9,5.4,0.39,1.73,0.0,2.2,,5.3,2.4,125,96,94,94,92
2017-07-20 14:00,2185,99,98,0.00,20,821.00,,13.4,7.2,0.37,1.86,0.0,2.4,,5.3,3.0,125,99,94,94,92
2017-07-20 15:00,2185,99,98,0.00,19,616.10,,14.2,6.8,0.36,1.85,0.0,2.7,,5.3,3.0,127,102,94,94,92
2017-07-20 16:00,2185,99,98,0.00,18,417.00,,12.9,4.9,0.35,1.83,0.0,2.3,,5.3,3.0,124,103,95,94,91
2017-07-20 17:00,2185,99,96,0.00,19,207.40,,13.6,6.3,0.37,1.80,,2.2,,5.6,3.0,120,104,95,94,92
2017-07-20 18:00,2185,96,94,0.00,22,38.21,,13.4,7.6,0.38,1.68,,2.2,,5.3,3.0,114,104,96,94,92
2017-07-20 19:00,2185,94,92,0.00,24,0.13,,10.0,6.3,0.40,1.57,,2.2,,5.3,3.0,108,104,96,94,91
2017-07-20 20:00,2185,92,91,0.00,27,0.00,,11.4,6.8,0.41,1.51,,2.3,,5.3,3.0,103,103,98,94,91
2017-07-20 21:00,2185,91,90,0.00,28,0.00,,8.9,5.4,0.40,1.47,1.6,2.7,,5.3,3.0,100,102,98,94,91
2017-07-20 22:00,2185,90,89,0.00,27,0.00,,9.8,4.1,0.37,1.41,1.3,2.7,,5.3,3.0,98,101,98,94,91
2017-07-20 23:00,2185,89,88,0.00,26,0.00,,12.2,6.4,0.35,1.37,1.0,2.4,,5.3,3.0,96,100,98,95,91
2017-07-21 00:00,2185,88,87,0.00,18,0.00,,8.4,4.0,0.21,1.33,0.7,2.4,,5.3,3.0,94,99,98,95,91
2017-07-21 01:00,2185,87,82,0.00,15,0.00,,8.1,2.9,0.19,1.26,0.6,2.0,,5.3,3.0,92,98,98,95,91
2017-07-21 02:00,2185,84,82,0.00,18,0.00,,4.0,2.1,0.20,1.15,0.3,2.2,,5.3,3.0,90,97,98,95,91
2017-07-21 03:00,2185,83,79,0.00,17,0.00,,4.8,2.9,0.20,1.10,0.0,2.2,,5.3,3.0,88,96,97,95,91
2017-07-21 04:00,2185,79,78,0.00,20,3.07,,5.5,4.0,0.20,0.99,0.0,1.9,,5.3,3.0,86,95,98,95,91
2017-07-21 05:00,2185,88,79,0.00,20,92.80,,5.3,2.5,0.20,1.09,0.0,1.9,,5.3,3.0,85,94,97,95,91
2017-07-21 06:00,2185,90,87,0.00,15,281.90,,6.4,2.8,0.20,1.33,0.0,2.5,,5.3,3.0,85,93,97,95,91
2017-07-21 07:00,2185,89,87,0.00,16,481.40,,7.3,4.2,0.21,1.29,0.1,1.7,,5.3,3.0,89,92,96,95,91
2017-07-21 08:00,2185,91,89,0.00,14,667.60,,8.7,4.3,0.19,1.42,1.0,1.7,,5.3,3.0,96,92,96,96,91
2017-07-21 09:00,2185,93,90,0.00,14,728.80,,9.7,4.5,0.21,1.49,,1.7,,5.3,3.0,104,92,96,95,91
2017-07-21 10:00,2185,95,93,0.00,16,836.00,,10.8,4.2,0.30,1.58,,2.5,,5.3,3.0,112,94,95,95,91
2017-07-21 11:00,2185,97,95,0.00,19,967.00,,14.2,6.2,0.29,1.73,,1.9,,5.3,3.0,119,95,95,95,91
2017-07-21 12:00,2185,98,96,0.00,15,953.00,,14.7,6.5,0.29,1.77,,2.2,,5.3,3.0,125,97,96,95,91
2017-07-21 13:00,2185,98,98,0.00,18,888.00,,14.4,6.4,0.33,1.82,,2.4,,5.3,3.0,130,99,95,95,91
2017-07-21 14:00,2185,99,98,0.00,18,768.30,,18.0,6.2,0.34,1.85,,2.4,,5.6,3.0,,102,96,95,91
2017-07-21 15:00,2185,101,99,0.00,18,605.20,,22.0,9.1,0.34,1.90,,2.3,,5.6,3.0,,104,96,94,91
2017-07-21 16:00,2185,99,98,0.00,18,412.20,,19.5,9.0,0.34,1.87,,2.4,,5.6,3.0,127,106,97,94,91
2017-07-21 17:00,2185,98,98,0.00,19,210.40,,13.0,6.8,0.34,1.82,1.1,2.4,,5.6,3.0,122,107,97,95,91
2017-07-21 18:00,2185,98,95,0.00,20,38.97,,7.4,3.5,0.35,1.75,0.4,2.4,,5.6,3.0,116,107,98,95,91
2017-07-21 19:00,2185,95,93,0.00,23,0.12,,8.3,4.6,0.39,1.63,0.0,2.7,,5.3,3.0,111,107,98,95,91
2017-07-21 20:00,2185,93,92,0.00,26,0.00,,7.1,4.4,0.42,1.56,0.0,2.2,,5.3,3.0,106,106,99,95,91
2017-07-21 21:00,2185,92,90,0.00,29,0.00,,6.3,3.5,0.43,1.47,0.0,2.4,,5.3,3.0,102,105,99,95,91
2017-07-21 22:00,2185,90,87,0.00,30,0.00,,4.9,2.6,0.40,1.41,0.0,2.7,,5.3,3.0,100,103,99,95,91
2017-07-21 23:00,2185,87,84,0.00,30,0.00,,4.8,2.4,0.37,1.26,0.0,2.0,,5.3,3.0,98,102,100,96,91
2017-07-22 00:00,2185,85,84,0.00,30,0.00,,6.8,2.9,0.33,1.20,0.0,2.5,,5.3,3.0,95,101,100,96,91
2017-07-22 01:00,2185,87,82,0.00,26,0.00,,5.8,2.1,0.31,1.17,0.0,2.2,,5.3,3.0,93,100,99,96,91
2017-07-22 02:00,2185,87,80,0.00,19,0.00,,4.9,1.6,0.24,1.20,0.0,2.2,,5.3,3.0,92,98,99,96,91
2017-07-22 03:00,2185,81,80,0.00,25,0.00,,5.5,4.1,0.25,1.05,0.0,2.5,,5.3,3.0,89,98,99,96,91
2017-07-22 04:00,2185,81,80,0.00,23,2.58,,5.6,3.9,0.24,1.04,0.0,1.7,,5.3,3.0,88,96,98,96,91
2017-07-22 05:00,2185,90,81,0.00,23,89.80,,5.7,3.0,0.23,1.18,0.0,2.0,,5.3,3.0,87,95,98,96,91
2017-07-22 06:00,2185,91,90,0.00,15,280.10,,8.3,3.5,0.22,1.45,0.0,2.0,,5.3,3.0,86,94,98,96,91
2017-07-22 07:00,2185,92,91,0.00,15,482.80,,8.9,4.0,0.24,1.47,0.0,2.3,,5.3,3.0,91,94,98,96,91
2017-07-22 08:00,2185,94,92,0.00,16,668.50,,9.0,4.8,0.23,1.55,0.0,1.8,,5.3,3.0,98,93,97,96,91
2017-07-22 09:00,2185,96,94,0.00,14,819.00,,8.4,3.9,0.24,1.66,0.1,1.9,,5.3,3.0,107,94,96,96,91
2017-07-22 10:00,2185,98,96,0.00,15,918.00,,12.3,5.0,0.27,1.77,1.0,2.0,,5.3,3.0,115,95,96,96,91
2017-07-22 11:00,2185,99,97,0.00,15,961.00,,14.4,5.8,0.28,1.83,,1.7,,5.3,3.0,122,97,96,96,91
2017-07-22 12:00,2185,101,98,0.00,16,959.00,,15.2,8.0,0.32,1.92,,2.2,,5.3,3.0,130,99,96,96,91
2017-07-22 13:00,2185,101,100,0.00,18,889.00,,17.6,8.0,0.35,1.98,,2.5,,5.3,3.0,,102,96,96,91
2017-07-22 14:00,2185,103,101,0.00,18,773.00,,12.8,6.5,0.35,2.01,,2.3,,5.3,3.0,,104,96,96,91
2017-07-22 15:00,2185,102,101,0.00,17,601.30,,15.5,7.3,0.35,2.04,1.6,2.4,,5.6,3.0,,107,98,96,91
2017-07-22 16:00,2185,101,101,0.00,18,404.10,,11.5,5.2,0.35,2.01,0.9,2.4,,5.3,3.0,130,108,98,96,91
2017-07-22 17:00,2185,101,100,0.00,17,151.50,,12.0,6.4,0.35,1.96,0.1,2.2,,5.3,3.0,125,109,98,96,91
2017-07-22 18:00,2185,100,97,0.00,18,38.42,,9.5,5.7,0.35,1.87,0.0,2.4,,5.3,3.0,119,110,99,96,91
2017-07-22 19:00,2185,97,94,0.00,20,0.13,,7.5,3.2,0.35,1.72,0.0,2.7,,5.3,3.0,113,109,99,96,91
2017-07-22 20:00,2185,94,93,0.00,22,0.00,,3.9,2.6,0.35,1.59,0.0,3.0,,5.3,3.0,108,108,100,96,91
2017-07-22 21:00,2185,94,93,0.00,23,0.00,,6.6,3.3,0.36,1.57,0.0,2.3,,5.3,3.0,104,107,101,96,91
2017-07-22 22:00,2185,94,90,0.00,23,0.00,,19.5,9.6,0.41,1.56,0.0,2.5,,5.3,3.0,102,106,101,96,91
2017-07-22 23:00,2185,90,87,0.00,34,0.00,,19.0,12.6,0.49,1.37,0.0,2.0,,5.3,3.0,100,104,101,96,91
2017-07-23 00:00,2185,87,85,0.00,39,0.00,,14.6,6.8,0.51,1.28,0.0,2.2,,5.3,3.0,98,103,101,96,91
2017-07-23 01:00,2185,88,84,0.00,42,0.00,,5.9,2.1,0.50,1.26,0.0,2.2,,5.3,3.0,96,102,102,96,91
2017-07-23 02:00,2185,84,82,0.00,41,0.00,,4.9,2.4,0.47,1.13,0.0,1.8,,5.3,3.0,94,101,100,97,91
2017-07-23 03:00,2185,84,80,0.00,40,0.00,,7.1,4.1,0.45,1.09,0.0,2.0,,5.3,3.0,92,99,101,97,91
2017-07-23 04:00,2185,84,83,0.00,39,2.47,,8.6,3.5,0.45,1.17,0.0,2.0,,5.3,3.0,90,98,101,97,91
2017-07-23 05:00,2185,88,83,0.00,39,72.53,,4.1,1.8,0.45,1.21,0.0,2.1,,5.3,3.0,89,97,99,97,91
2017-07-23 06:00,2185,91,87,0.00,34,244.50,,9.1,2.6,0.45,1.36,0.0,1.8,,5.3,3.0,89,96,99,97,91
2017-07-23 07:00,2185,93,90,0.00,31,474.20,,10.0,4.7,0.45,1.49,0.0,1.8,,5.3,3.0,93,96,99,97,91
2017-07-23 08:00,2185,93,92,0.00,29,539.50,,9.9,4.7,0.44,1.56,0.0,2.1,,5.3,3.0,100,95,98,97,91
2017-07-23 09:00,2185,96,92,0.00,28,545.70,,9.0,4.4,0.43,1.58,0.0,1.8,,5.3,3.0,108,96,98,97,91
2017-07-23 10:00,2185,99,96,0.00,24,912.00,,9.6,4.4,0.41,1.73,0.0,2.1,,5.3,3.0,111,96,98,97,91
2017-07-23 11:00,2185,100,99,0.00,21,982.00,,11.8,4.7,0.40,1.89,1.1,2.2,,5.3,3.0,121,98,98,96,91
2017-07-23 12:00,2185,101,98,0.00,22,834.00,,13.5,5.4,0.40,1.91,,1.8,,5.3,3.0,128,100,98,96,91
2017-07-23 13:00,2185,101,100,0.00,21,864.00,,13.3,6.1,0.40,1.93,,2.2,,5.3,3.0,,102,98,96,91
2017-07-23 14:00,2185,102,101,0.00,20,794.80,,14.8,5.7,0.39,2.02,1.6,2.5,,5.3,3.0,,105,98,96,91
2017-07-23 15:00,2185,102,100,0.00,18,596.90,,14.6,6.1,0.38,2.04,1.3,2.3,,5.3,3.0,,107,98,96,91
2017-07-23 16:00,2185,101,100,0.00,20,398.60,,16.2,7.6,0.40,1.95,0.7,2.3,,5.3,3.0,,109,99,96,91
2017-07-23 17:00,2185,100,98,0.00,21,197.50,,16.0,10.2,0.41,1.88,0.0,2.3,,5.3,3.0,125,110,99,96,91
2017-07-23 18:00,2185,98,94,0.00,23,33.59,,17.2,10.5,0.44,1.73,0.0,3.0,,5.3,3.0,119,110,100,96,91
2017-07-23 19:00,2185,94,92,0.00,27,0.11,,19.2,11.8,0.45,1.58,0.0,2.3,,5.3,3.0,112,110,101,96,91
2017-07-23 20:00,2185,92,89,0.00,31,0.00,,24.2,15.6,0.48,1.47,0.0,2.5,,5.3,3.0,108,109,101,96,91
2017-07-23 21:00,2185,89,88,0.00,36,0.00,,24.1,16.4,0.50,1.35,0.0,2.0,,5.3,3.0,105,107,102,97,91
2017-07-23 22:00,2185,88,86,0.00,37,0.00,,20.4,13.9,0.50,1.27,0.0,2.2,,5.3,3.0,102,106,102,97,91
2017-07-23 23:00,2185,87,86,0.00,40,0.00,,14.7,7.7,0.50,1.27,0.0,2.5,,5.3,3.0,99,104,102,97,91
2017-07-24 00:00,2185,86,85,0.00,41,0.00,,12.4,5.9,0.50,1.23,0.0,1.8,,5.3,3.0,98,103,102,97,91
2017-07-24 01:00,2185,85,85,0.00,42,0.00,,10.6,6.4,0.51,1.21,0.0,2.3,,5.3,3.0,96,102,102,97,91
2017-07-24 02:00,2185,85,82,0.00,43,0.00,,11.4,6.7,0.50,1.16,0.0,2.3,,5.8,3.0,94,101,101,98,91
2017-07-24 03:00,2185,82,80,0.00,46,0.00,,15.3,9.3,0.52,1.09,0.0,2.1,,5.3,3.0,92,100,101,98,91
2017-07-24 04:00,2185,80,80,0.00,52,1.54,,15.4,9.7,0.56,1.03,0.0,2.1,,5.3,3.0,90,98,101,98,91
2017-07-24 05:00,2185,82,80,0.00,55,58.91,,14.3,7.3,0.57,1.03,0.0,2.1,,5.3,3.0,90,98,100,98,91
2017-07-24 06:00,2185,83,81,0.00,50,277.10,,12.2,7.3,0.56,1.10,0.0,1.5,,5.8,3.0,90,97,100,98,91
2017-07-24 07:00,2185,86,83,0.00,47,498.20,,13.3,7.6,0.54,1.21,0.0,1.5,,5.3,3.0,92,96,99,98,91
2017-07-24 08:00,2185,88,86,0.00,40,683.50,,17.2,11.1,0.49,1.31,0.0,1.5,,5.3,3.0,98,96,99,98,92
2017-07-24 09:00,2185,90,88,0.00,35,675.00,,18.4,11.2,0.46,1.37,0.0,1.5,,5.3,3.0,105,96,98,98,92
2017-07-24 10:00,2185,91,89,0.00,33,667.00,,17.9,11.5,0.45,1.40,0.0,1.5,,5.3,3.0,110,96,98,97,91
2017-07-24 11:00,2185,91,90,0.00,32,799.90,,17.2,11.7,0.47,1.45,0.1,2.1,,5.3,3.0,113,98,98,97,91
2017-07-24 12:00,2185,93,90,0.00,35,799.50,,18.8,10.3,0.51,1.46,0.5,2.1,,5.3,3.0,117,99,98,97,92
2017-07-24 13:00,2185,91,90,0.00,36,568.90,,16.9,9.5,0.53,1.46,0.7,2.2,,5.3,3.0,120,100,98,97,92
2017-07-24 14:00,2185,90,88,0.00,38,458.00,,19.5,13.1,0.58,1.38,0.4,2.3,,5.3,3.0,120,102,98,97,92
2017-07-24 15:00,2185,90,88,0.00,42,411.40,,17.8,10.8,0.58,1.36,0.0,1.8,,5.7,3.0,116,102,98,97,92
2017-07-24 16:00,2185,90,89,0.00,42,235.70,,14.9,7.8,0.58,1.38,0.0,2.0,,5.3,3.0,113,103,98,97,92
2017-07-24 17:00,2185,89,86,0.00,41,57.14,,13.8,8.5,0.58,1.36,0.0,1.8,,5.7,3.0,111,103,99,97,92
2017-07-24 18:00,2185,86,74,1.10,50,5.12,,24.8,7.9,0.69,0.98,0.0,2.0,,5.3,3.0,107,103,99,97,92
2017-07-24 19:00,2185,80,76,0.00,81,0.10,,12.1,6.1,0.76,0.94,22.6,10.9,,5.3,2.2,82,98,100,97,92
2017-07-24 20:00,2185,78,70,0.10,74,0.11,,13.3,6.7,0.74,0.84,20.4,9.1,,5.1,2.8,83,94,100,97,92
2017-07-24 21:00,2185,75,71,0.03,93,0.13,,9.7,4.8,0.73,0.81,20.3,9.0,,5.6,3.0,82,92,99,97,92
2017-07-24 22:00,2185,77,75,0.00,88,0.00,,10.2,5.2,0.74,0.92,19.6,8.4,,5.6,2.8,81,90,97,97,92
2017-07-24 23:00,2185,78,76,0.00,83,0.00,,6.4,2.9,0.74,0.94,18.6,8.0,,5.6,2.2,81,89,96,97,92
2017-07-25 00:00,2185,78,77,0.00,75,0.00,,9.4,5.8,0.74,0.94,18.3,8.0,,5.6,2.8,81,87,96,97,92
2017-07-25 01:00,2185,78,77,0.00,78,0.00,,8.6,5.6,0.72,0.94,17.7,7.7,,5.6,1.9,80,87,95,97,92
2017-07-25 02:00,2185,78,77,0.00,70,0.00,,10.4,6.2,0.69,0.96,17.5,7.6,,5.6,2.8,80,86,94,96,92
2017-07-25 03:00,2185,78,77,0.00,75,0.00,,8.8,6.2,0.70,0.95,17.2,7.6,,5.3,2.8,79,85,93,96,92
2017-07-25 04:00,2185,78,77,0.00,69,0.47,,9.0,5.1,0.69,0.96,17.2,7.4,,5.5,2.8,79,85,92,95,92
2017-07-25 05:00,2185,79,78,0.00,74,19.45,,8.2,4.9,0.69,0.97,17.1,7.3,,6.0,2.8,79,84,91,95,92
2017-07-25 06:00,2185,80,78,0.00,74,105.80,,8.7,4.7,0.70,0.99,16.8,7.1,,5.5,2.8,79,83,91,94,92
2017-07-25 07:00,2185,81,80,0.00,69,220.50,,10.0,6.2,0.70,1.04,16.7,7.3,,6.1,2.8,80,83,90,94,92
2017-07-25 08:00,2185,83,81,0.00,64,283.10,,9.5,5.5,0.66,1.10,16.5,6.9,,6.0,2.8,82,83,90,93,92
2017-07-25 09:00,2185,87,83,0.00,56,537.20,,10.6,5.5,0.63,1.18,16.5,7.2,,5.8,2.8,84,84,89,92,92
2017-07-25 10:00,2185,87,86,0.00,39,622.60,,9.3,4.2,0.55,1.28,16.2,7.2,,6.8,2.8,89,85,89,92,92
2017-07-25 11:00,2185,87,84,0.00,47,605.60,,14.8,7.0,0.66,1.25,16.1,6.8,,6.9,2.8,92,86,89,92,92
2017-07-25 12:00,2185,85,82,0.00,58,667.90,,21.0,13.4,0.70,1.18,16.0,6.8,,7.8,2.8,94,88,89,92,92
2017-07-25 13:00,2185,82,81,0.00,62,458.50,,19.0,12.7,0.70,1.09,15.5,7.1,,8.3,2.8,91,89,89,91,92
2017-07-25 14:00,2185,85,82,0.00,64,426.30,,18.1,12.2,0.65,1.14,15.5,7.1,,8.9,2.8,90,89,90,91,92
2017-07-25 15:00,2185,87,85,0.00,52,508.70,,16.1,11.1,0.62,1.24,15.5,6.8,,9.2,2.8,89,89,90,91,92
2017-07-25 16:00,2185,87,86,0.00,47,381.30,,15.6,10.0,0.60,1.28,15.2,6.5,,9.8,2.8,89,89,91,91,92
2017-07-25 17:00,2185,87,85,0.00,45,176.40,,16.7,9.6,0.58,1.25,15.0,7.0,,9.7,2.8,88,89,90,91,92
2017-07-25 18:00,2185,85,83,0.00,48,29.49,,13.1,5.7,0.58,1.20,14.7,6.6,,9.5,2.8,85,89,90,91,91
2017-07-25 19:00,2185,83,82,0.00,51,0.08,,10.0,5.5,0.59,1.13,14.7,6.7,,9.9,2.8,82,87,90,91,91
2017-07-25 20:00,2185,82,80,0.00,59,0.00,,9.1,3.9,0.63,1.07,14.4,6.6,,10.5,2.8,80,86,90,91,91
2017-07-25 21:00,2185,81,80,0.00,58,0.00,,5.4,2.8,0.61,1.05,14.5,6.1,,10.0,2.8,80,85,89,91,91
2017-07-25 22:00,2185,80,78,0.00,58,0.00,,4.2,1.1,0.60,1.01,14.7,6.4,,10.0,2.8,79,85,89,91,91
2017-07-25 23:00,2185,80,78,0.00,60,0.00,,3.7,1.3,0.62,0.99,14.4,6.0,,10.3,2.8,78,83,89,90,91
2017-07-26 00:00,2185,79,79,0.00,60,0.00,,10.9,6.5,0.60,1.00,14.4,6.1,,10.3,2.8,78,83,89,90,91
2017-07-26 01:00,2185,80,79,0.00,61,0.00,,13.1,8.6,0.60,1.01,14.5,6.5,,10.3,2.8,76,82,88,90,91
2017-07-26 02:00,2185,80,79,0.00,60,0.00,,11.5,7.5,0.60,1.02,14.3,6.3,,10.3,2.8,76,82,87,90,91
2017-07-26 03:00,2185,80,79,0.00,59,0.00,,12.2,7.1,0.59,1.01,14.4,6.5,,10.3,2.8,76,81,87,90,91
2017-07-26 04:00,2185,79,78,0.00,60,1.81,,9.7,6.0,0.60,0.99,14.3,6.5,,10.3,2.8,76,80,87,89,91
2017-07-26 05:00,2185,79,79,0.00,60,42.70,,9.4,4.6,0.60,1.00,14.1,5.9,,10.2,2.8,76,80,86,89,91
2017-07-26 06:00,2185,83,79,0.00,61,189.00,,8.9,2.8,0.61,1.05,14.1,6.1,,10.2,2.8,76,80,85,89,91
2017-07-26 07:00,2185,85,82,0.00,54,319.70,,9.5,4.8,0.58,1.13,14.1,6.1,,10.4,2.8,79,80,85,89,91
2017-07-26 08:00,2185,89,85,0.00,46,528.00,,11.4,3.2,0.56,1.26,14.3,6.1,,10.4,2.8,82,80,85,88,91
2017-07-26 09:00,2185,89,88,0.00,41,811.00,,12.0,5.9,0.54,1.35,14.4,6.1,,10.4,2.8,88,82,85,88,91
2017-07-26 10:00,2185,92,89,0.00,40,910.00,,11.6,6.8,0.55,1.40,14.2,5.9,,9.8,2.8,94,84,85,88,90
2017-07-26 11:00,2185,92,91,0.00,33,956.00,,15.8,7.5,0.47,1.50,14.1,6.3,,10.0,2.8,98,86,86,87,90
2017-07-26 12:00,2185,95,92,0.00,28,950.00,,14.0,6.2,0.41,1.61,13.8,6.5,,10.2,2.8,100,89,86,87,90
2017-07-26 13:00,2185,95,94,0.00,25,890.00,,12.8,6.4,0.41,1.65,13.4,6.6,,10.2,2.8,105,92,86,87,90
2017-07-26 14:00,2185,97,95,0.00,26,767.70,,12.4,4.9,0.43,1.70,13.6,6.3,,10.2,2.8,108,94,89,87,90
2017-07-26 15:00,2185,97,96,0.00,26,604.20,,11.6,4.5,0.41,1.74,13.3,6.3,,10.2,2.8,108,96,89,87,90
2017-07-26 16:00,2185,97,97,0.00,21,412.60,,11.0,5.3,0.36,1.78,13.1,6.3,,10.2,2.8,104,96,90,88,90
2017-07-26 17:00,2185,97,96,0.00,20,208.30,,10.4,5.0,0.33,1.74,13.0,6.6,,10.0,2.3,100,96,90,89,90
2017-07-26 18:00,2185,96,92,0.00,19,34.83,,8.4,4.9,0.32,1.65,12.5,6.4,,10.4,2.8,96,96,92,89,90
2017-07-26 19:00,2185,92,90,0.00,23,0.08,,6.6,3.7,0.35,1.47,12.3,6.3,,10.4,2.8,91,94,91,89,90
2017-07-26 20:00,2185,90,89,0.00,22,0.00,,6.0,4.0,0.32,1.42,12.4,6.1,,10.4,2.3,87,93,92,89,90
2017-07-26 21:00,2185,89,87,0.00,23,0.00,,4.6,3.7,0.34,1.34,12.1,6.3,,10.0,2.3,85,91,92,90,90
2017-07-26 22:00,2185,88,86,0.00,27,0.00,,7.2,4.1,0.36,1.30,12.1,5.9,,10.0,2.3,83,89,91,90,90
2017-07-26 23:00,2185,88,84,0.00,25,0.00,,7.3,2.7,0.36,1.25,11.8,6.3,,10.4,2.3,82,88,90,90,90
2017-07-27 00:00,2185,84,79,0.00,34,0.00,,4.9,3.6,0.39,1.10,11.9,6.1,,10.0,2.3,80,87,90,90,90
2017-07-27 01:00,2185,82,79,0.00,42,0.00,,5.0,2.3,0.42,1.05,11.7,6.3,,10.2,2.3,79,86,89,90,90
2017-07-27 02:00,2185,80,77,0.00,43,0.00,,4.7,3.5,0.44,1.00,11.6,5.9,,10.2,2.3,78,85,89,90,90
2017-07-27 03:00,2185,78,77,0.00,52,0.00,,5.2,4.0,0.44,0.96,11.8,5.7,,10.2,2.3,76,83,88,90,90
2017-07-27 04:00,2185,78,77,0.00,44,1.72,,5.7,4.3,0.41,0.94,11.6,5.9,,9.8,2.3,76,82,88,89,90
2017-07-27 05:00,2185,84,77,0.00,43,85.10,,5.4,3.7,0.40,1.02,11.6,5.5,,9.8,2.3,75,82,87,89,90
2017-07-27 06:00,2185,89,84,0.00,34,276.70,,4.5,2.0,0.41,1.28,11.5,5.5,,10.0,1.9,75,81,86,89,90
2017-07-27 07:00,2185,91,89,0.00,30,481.80,,5.1,2.1,0.40,1.41,12.2,5.5,,10.0,2.9,80,80,86,89,90
2017-07-27 08:00,2185,94,91,0.00,27,667.70,,7.1,2.8,0.39,1.53,12.2,5.5,,10.2,2.3,87,82,86,89,90
2017-07-27 09:00,2185,97,94,0.00,23,819.00,,9.6,3.6,0.37,1.66,12.4,5.3,,9.8,2.3,95,83,85,88,90
2017-07-27 10:00,2185,97,96,0.00,20,924.00,,10.8,4.7,0.34,1.75,12.6,5.5,,9.8,2.9,102,87,85,88,90
2017-07-27 11:00,2185,99,97,0.00,19,968.00,,15.4,5.3,0.35,1.80,12.8,5.5,,10.0,2.3,110,90,86,88,90
2017-07-27 12:00,2185,99,98,0.00,21,965.00,,13.6,6.6,0.37,1.85,13.2,6.3,,10.3,2.3,115,94,87,87,89
2017-07-27 13:00,2185,101,99,0.00,18,909.00,,13.5,6.0,0.32,1.92,13.0,6.6,,9.6,2.3,119,98,89,88,89
2017-07-27 14:00,2185,101,101,0.00,15,785.50,,16.2,8.0,0.28,1.98,13.0,6.2,,9.9,2.3,120,100,90,88,89
2017-07-27 15:00,2185,102,100,0.00,13,623.10,,15.4,6.2,0.25,1.99,12.5,6.6,,9.9,2.3,117,102,92,89,89
2017-07-27 16:00,2185,101,100,0.00,11,417.40,,14.2,6.0,0.23,1.99,12.6,6.6,,9.9,2.3,113,102,92,89,89
2017-07-27 17:00,2185,101,99,0.00,12,205.30,,9.4,4.6,0.24,1.95,12.1,6.2,,10.3,2.3,109,102,94,89,89
2017-07-27 18:00,2185,99,95,0.00,13,34.60,,6.3,3.1,0.25,1.83,12.1,6.4,,10.2,2.3,104,102,94,90,89
2017-07-27 19:00,2185,95,91,0.00,15,0.06,,4.8,3.2,0.26,1.56,11.5,6.2,,10.2,2.3,98,100,95,90,89
2017-07-27 20:00,2185,91,87,0.00,17,0.00,,4.4,3.3,0.28,1.41,11.4,5.9,,10.2,2.5,94,98,95,91,89
2017-07-27 21:00,2185,87,87,0.00,21,0.00,,5.0,3.5,0.27,1.29,11.3,6.5,,9.9,2.3,92,96,95,92,89
2017-07-27 22:00,2185,87,85,0.00,20,0.00,,5.6,3.2,0.27,1.27,11.1,6.1,,9.9,2.3,89,94,95,92,89
2017-07-27 23:00,2185,87,82,0.00,23,0.00,,7.3,3.2,0.28,1.22,11.0,6.3,,9.9,2.9,87,92,94,92,89
2017-07-28 00:00,2185,88,82,0.00,28,0.00,,8.3,4.5,0.27,1.23,11.0,6.1,,10.2,2.9,85,91,94,92,89
2017-07-28 01:00,2185,87,84,0.00,20,0.00,,7.4,3.3,0.27,1.27,11.0,5.7,,10.2,2.3,83,90,94,92,89
2017-07-28 02:00,2185,85,80,0.00,24,0.00,,4.5,3.0,0.31,1.14,11.1,5.7,,10.2,2.9,82,89,92,92,89
2017-07-28 03:00,2185,80,79,0.00,32,0.00,,5.1,4.1,0.32,1.02,10.8,5.4,,10.2,2.3,82,87,92,92,89
2017-07-28 04:00,2185,81,79,0.00,31,0.97,,5.9,4.0,0.32,1.02,10.6,5.5,,9.9,2.5,80,86,91,92,89
2017-07-28 05:00,2185,87,80,0.00,29,41.16,,11.6,5.4,0.29,1.09,10.7,5.7,,9.9,2.3,79,86,90,92,89
2017-07-28 06:00,2185,89,86,0.00,21,243.20,,10.6,5.5,0.28,1.30,11.0,5.7,,10.2,2.3,80,85,89,92,89
2017-07-28 07:00,2185,90,87,0.00,22,472.80,,10.1,5.2,0.28,1.32,10.8,5.9,,10.2,2.9,84,84,89,91,89
2017-07-28 08:00,2185,92,90,0.00,19,661.30,,13.7,6.1,0.27,1.46,11.2,5.7,,9.7,2.5,90,85,89,91,89
2017-07-28 09:00,2185,94,92,0.00,18,807.00,,12.6,6.9,0.28,1.56,11.6,5.5,,10.0,2.3,98,87,89,90,89
2017-07-28 10:00,2185,95,94,0.00,18,899.00,,16.6,3.9,0.38,1.63,11.9,5.7,,10.1,2.3,105,90,89,90,89
2017-07-28 11:00,2185,97,95,0.00,22,949.00,,14.7,5.2,0.35,1.70,12.5,5.4,,10.1,2.3,112,93,90,90,89
2017-07-28 12:00,2185,98,96,0.00,22,937.00,,16.0,7.0,0.40,1.76,12.5,6.1,,9.7,2.3,117,96,90,90,89
2017-07-28 13:00,2185,99,98,0.00,22,870.00,,13.8,7.4,0.40,1.83,12.5,6.3,,10.1,2.3,120,100,91,90,89
2017-07-28 14:00,2185,99,98,0.00,21,774.30,,12.6,6.2,0.38,1.84,12.5,6.5,,9.7,2.3,121,102,93,90,89
2017-07-28 15:00,2185,101,99,0.00,20,616.90,,16.2,5.6,0.39,1.91,11.9,6.4,,9.7,2.9,119,104,95,91,89
2017-07-28 16:00,2185,99,98,0.00,21,401.40,,15.7,9.4,0.38,1.88,12.1,6.4,,9.7,2.3,116,105,95,91,89
2017-07-28 17:00,2185,98,97,0.00,21,198.20,,14.5,7.2,0.38,1.82,11.7,6.4,,9.7,2.3,112,104,96,92,89
2017-07-28 18:00,2185,97,94,0.00,21,30.86,,9.3,5.4,0.37,1.72,11.4,6.1,,10.0,2.3,107,103,97,92,89
2017-07-28 19:00,2185,94,92,0.00,25,0.02,,14.5,7.1,0.43,1.58,11.0,6.3,,10.0,1.9,102,102,98,93,89
2017-07-28 20:00,2185,92,89,0.00,27,0.00,,11.3,4.9,0.42,1.48,10.7,5.9,,10.0,2.3,98,101,98,94,89
2017-07-28 21:00,2185,90,88,0.00,31,0.00,,6.4,2.5,0.43,1.40,10.8,5.9,,9.8,1.9,95,98,97,94,89
2017-07-28 22:00,2185,88,86,0.00,32,0.00,,10.4,5.1,0.43,1.29,10.9,6.2,,9.8,2.3,93,97,97,94,89
2017-07-28 23:00,2185,87,86,0.00,33,0.00,,18.7,10.4,0.42,1.26,10.6,5.7,,10.0,2.5,91,96,96,94,89
2017-07-29 00:00,2185,86,85,0.00,33,0.00,,13.8,5.4,0.42,1.24,10.8,6.0,,10.0,2.5,90,94,96,94,89
2017-07-29 01:00,2185,85,82,0.00,35,0.00,,12.8,5.4,0.43,1.15,10.3,5.7,,10.0,2.3,88,93,95,94,89
2017-07-29 02:00,2185,83,82,0.00,39,0.00,,13.2,6.5,0.45,1.13,10.6,5.7,,10.0,1.9,87,92,96,94,89
2017-07-29 03:00,2185,83,82,0.00,42,0.00,,14.4,9.1,0.47,1.11,10.7,5.5,,9.6,2.5,86,91,94,94,90
2017-07-29 04:00,2185,82,81,0.00,44,0.96,,14.5,9.1,0.49,1.09,10.4,5.7,,9.7,1.9,85,90,94,94,90
2017-07-29 05:00,2185,82,81,0.00,47,58.24,,14.3,7.6,0.50,1.07,10.3,5.6,,9.7,2.3,84,89,94,94,90
2017-07-29 06:00,2185,85,82,0.00,45,247.40,,10.6,6.6,0.50,1.16,10.3,5.6,,10.1,2.5,83,89,94,94,90
2017-07-29 07:00,2185,87,85,0.00,39,447.40,,6.5,2.9,0.47,1.27,10.6,5.9,,10.3,2.5,87,88,92,94,90
2017-07-29 08:00,2185,90,87,0.00,36,636.10,,8.7,3.8,0.47,1.34,10.8,5.6,,9.7,2.0,94,89,92,93,90
2017-07-29 09:00,2185,91,90,0.00,33,792.20,,9.5,4.1,0.47,1.44,11.2,5.6,,9.9,2.5,101,90,91,93,90
2017-07-29 10:00,2185,93,91,0.00,31,791.80,,10.2,4.9,0.46,1.53,11.4,5.9,,9.9,2.3,108,92,92,93,90
2017-07-29 11:00,2185,96,92,0.00,30,930.00,,10.5,4.3,0.45,1.63,11.6,5.5,,9.9,2.3,113,96,92,92,90
2017-07-29 12:00,2185,98,95,0.00,27,889.00,,12.2,5.5,0.44,1.72,12.2,5.5,,10.1,2.3,117,98,93,92,90
2017-07-29 13:00,2185,99,98,0.00,24,939.00,,12.3,5.5,0.43,1.82,11.8,5.9,,9.7,2.3,121,102,94,92,90
2017-07-29 14:00,2185,100,98,0.00,23,747.60,,14.2,7.3,0.43,1.86,11.8,6.5,,10.1,2.3,122,104,95,93,90
2017-07-29 15:00,2185,100,98,0.00,21,559.70,,12.6,5.9,0.40,1.88,11.5,6.4,,9.7,2.3,121,106,96,93,90
2017-07-29 16:00,2185,99,98,0.00,21,385.90,,11.4,4.4,0.39,1.86,11.2,6.1,,10.1,2.0,117,107,98,94,90
2017-07-29 17:00,2185,98,96,0.00,21,108.50,,10.3,4.9,0.38,1.79,11.2,6.5,,9.5,2.0,113,107,99,94,90
2017-07-29 18:00,2185,97,94,0.00,22,27.38,,7.4,3.8,0.39,1.71,10.9,5.9,,9.9,2.5,109,106,100,94,90
2017-07-29 19:00,2185,94,93,0.00,24,0.00,,5.0,2.9,0.40,1.60,10.6,6.2,,9.9,2.4,103,104,100,95,90
2017-07-29 20:00,2185,94,93,0.00,26,0.00,,9.5,4.8,0.40,1.59,10.4,6.2,,9.7,2.0,101,102,99,96,90
2017-07-29 21:00,2185,93,88,0.00,25,0.00,,17.9,12.1,0.42,1.44,10.6,5.7,,9.7,2.0,98,101,99,96,90
2017-07-29 22:00,2185,89,86,0.00,33,0.00,,23.9,15.2,0.45,1.32,10.4,5.7,,9.7,2.5,96,99,99,96,90
2017-07-29 23:00,2185,86,85,0.00,39,0.00,,20.5,12.0,0.50,1.23,10.0,5.6,,9.7,2.4,94,98,98,96,90
2017-07-30 00:00,2185,86,85,0.00,39,0.00,,15.1,8.4,0.49,1.24,9.8,6.1,,9.7,2.5,92,96,98,96,90
2017-07-30 01:00,2185,85,83,0.00,40,0.00,,7.4,3.1,0.50,1.18,10.1,5.9,,9.9,2.0,90,95,99,96,90
2017-07-30 02:00,2185,83,82,0.00,44,0.00,,13.3,5.8,0.49,1.14,9.8,6.1,,9.9,2.0,89,94,97,96,90
2017-07-30 03:00,2185,82,81,0.00,45,0.00,,17.6,7.8,0.50,1.08,9.9,5.4,,9.7,2.4,89,93,96,96,90
2017-07-30 04:00,2185,81,79,0.00,47,1.08,,9.1,4.6,0.50,1.03,9.8,5.6,,9.5,2.4,87,92,96,96,90
2017-07-30 05:00,2185,83,79,0.00,50,68.44,,4.4,2.4,0.51,1.03,9.5,5.5,,9.7,2.4,86,91,95,96,90
2017-07-30 06:00,2185,87,83,0.00,46,249.80,,3.0,0.7,0.50,1.22,9.5,5.5,,10.0,2.4,86,90,95,96,90
2017-07-30 07:00,2185,89,87,0.00,37,391.10,,5.6,2.2,0.49,1.33,9.9,5.9,,10.1,2.4,89,90,94,95,90
2017-07-30 08:00,2185,90,88,0.00,37,572.70,,6.7,3.4,0.48,1.37,10.4,5.7,,10.1,2.8,95,90,94,95,90
2017-07-30 09:00,2185,92,90,0.00,33,728.70,,8.9,3.4,0.48,1.48,10.3,5.7,,9.5,2.4,101,92,94,95,90
2017-07-30 10:00,2185,95,92,0.00,31,897.00,,9.2,4.0,0.46,1.57,10.6,5.6,,9.8,2.4,108,94,94,94,90
2017-07-30 11:00,2185,96,94,0.00,28,954.00,,13.6,5.8,0.45,1.67,11.2,5.9,,9.8,2.4,114,97,94,94,91
2017-07-30 12:00,2185,97,95,0.00,26,904.00,,14.0,6.6,0.44,1.71,11.2,5.9,,9.8,2.4,119,100,95,94,91
2017-07-30 13:00,2185,100,97,0.00,25,904.00,,11.0,4.1,0.43,1.81,11.3,5.6,,9.3,2.4,121,103,96,94,91
2017-07-30 14:00,2185,100,97,0.00,21,665.80,,14.7,5.9,0.39,1.86,11.5,5.9,,9.4,2.4,124,105,97,94,91
2017-07-30 15:00,2185,100,98,0.00,22,512.70,,12.8,4.8,0.39,1.87,10.6,6.2,,9.4,2.4,121,107,98,95,91
2017-07-30 16:00,2185,100,99,0.00,19,405.70,,10.5,4.2,0.34,1.89,10.7,6.2,,9.8,2.4,117,108,99,95,91
2017-07-30 17:00,2185,101,98,0.00,15,200.10,,15.1,4.8,0.30,1.90,10.5,5.8,,9.8,3.0,114,107,102,96,91
2017-07-30 18:00,2185,99,95,0.00,14,32.10,,6.3,3.5,0.27,1.81,10.0,6.3,,9.8,2.4,110,106,101,96,91
2017-07-30 19:00,2185,95,90,0.00,21,0.01,,4.9,2.5,0.38,1.58,9.7,5.9,,9.5,2.4,105,105,101,96,91
2017-07-30 20:00,2185,90,87,0.00,29,0.00,,4.6,2.9,0.41,1.36,10.1,6.1,,9.5,2.4,102,103,101,97,91
2017-07-30 21:00,2185,87,86,0.00,30,0.00,,4.7,3.4,0.39,1.28,9.6,5.9,,9.5,2.4,98,102,101,97,91
2017-07-30 22:00,2185,86,84,0.00,32,0.00,,5.1,3.9,0.39,1.24,9.1,5.7,,9.5,2.4,96,100,100,98,91
2017-07-30 23:00,2185,86,84,0.00,33,0.00,,4.3,3.1,0.39,1.21,9.2,5.9,,9.5,2.4,94,98,100,98,91
2017-07-31 00:00,2185,88,85,0.00,32,0.00,,18.8,11.6,0.42,1.28,9.1,5.5,,9.5,2.4,93,97,99,98,91
2017-07-31 01:00,2185,85,84,0.00,38,0.00,,16.1,10.6,0.47,1.19,9.2,5.9,,9.8,3.0,92,96,98,98,91
2017-07-31 02:00,2185,85,83,0.00,38,0.00,,12.9,4.7,0.45,1.20,9.2,5.4,,9.8,2.4,90,95,98,98,91
2017-07-31 03:00,2185,83,80,0.00,39,0.00,,4.0,2.3,0.46,1.09,9.0,5.7,,9.4,2.4,90,94,98,97,91
2017-07-31 04:00,2185,81,80,0.00,44,0.86,,6.3,3.3,0.45,1.05,9.3,5.9,,9.7,2.4,88,93,96,97,91
2017-07-31 05:00,2185,85,80,0.00,43,67.80,,5.1,2.5,0.45,1.13,9.3,5.2,,9.9,2.4,87,92,96,97,91
2017-07-31 06:00,2185,89,85,0.00,36,212.40,,4.6,2.1,0.42,1.31,9.3,5.5,,9.9,2.4,88,91,96,96,91
2017-07-31 07:00,2185,91,89,0.00,31,270.30,,3.2,1.0,0.42,1.39,9.5,5.5,,9.9,2.4,90,91,96,96,91
2017-07-31 08:00,2185,92,90,0.00,29,335.70,,6.7,2.3,0.43,1.48,9.1,5.5,,10.1,2.4,94,91,95,96,91
2017-07-31 09:00,2185,93,91,0.00,29,367.50,,7.0,2.6,0.43,1.51,9.3,5.2,,9.5,2.4,98,92,94,96,91
2017-07-31 10:00,2185,96,92,0.00,28,745.90,,7.6,2.8,0.40,1.64,9.5,5.2,,9.7,2.4,101,94,94,96,91
2017-07-31 11:00,2185,98,96,0.00,21,605.80,,8.3,3.4,0.37,1.77,10.2,5.7,,9.7,2.4,109,95,95,95,92
2017-07-31 12:00,2185,97,96,0.00,22,318.40,,10.0,4.0,0.38,1.75,10.1,5.7,,9.3,2.4,111,98,94,95,91
2017-07-31 13:00,2185,102,96,0.00,21,970.00,,10.5,4.1,0.35,1.87,10.3,5.7,,9.3,2.4,109,99,96,95,92
2017-07-31 14:00,2185,101,100,0.00,17,971.00,,10.8,4.5,0.33,1.98,10.3,6.2,,9.3,2.4,116,100,96,95,92
2017-07-31 15:00,2185,101,99,0.00,17,419.30,,11.0,4.3,0.34,1.93,10.6,5.9,,9.4,2.4,121,102,96,96,92
2017-07-31 16:00,2185,100,98,0.00,17,285.30,,8.4,3.7,0.31,1.86,10.1,5.7,,9.3,3.0,117,105,98,96,92
2017-07-31 17:00,2185,100,99,0.00,15,258.30,,7.7,4.4,0.30,1.91,9.8,5.7,,9.3,3.0,113,105,98,96,92
2017-07-31 18:00,2185,99,93,0.00,18,22.73,,8.4,4.0,0.33,1.71,10.1,5.7,,9.3,2.4,110,105,100,96,92
2017-07-31 19:00,2185,93,90,0.00,23,0.00,,3.2,1.2,0.35,1.53,9.5,5.9,,9.3,2.4,105,104,100,96,92
2017-07-31 20:00,2185,90,89,0.00,27,0.00,,4.0,3.0,0.36,1.39,8.8,5.7,,9.7,2.4,102,102,100,97,92
2017-07-31 21:00,2185,90,89,0.00,26,0.00,,5.7,3.7,0.36,1.40,8.8,6.2,,9.7,3.0,98,101,100,97,92
2017-07-31 22:00,2185,93,89,0.00,25,0.00,,15.2,5.8,0.35,1.46,9.0,5.7,,9.7,2.4,97,99,100,97,92
2017-07-31 23:00,2185,91,90,0.00,27,0.00,,18.0,9.2,0.41,1.45,8.8,5.5,,9.5,2.4,96,98,99,97,92
