Date,Station Id,Air Temperature Maximum (degF),Air Temperature Minimum (degF),Precipitation Increment (in),Relative Humidity (pct),Solar Radiation Average (watt/m2),Solar Radiation/langley Total (langley),Wind Speed Maximum (mph),Wind Speed Average (mph),Vapor Pressure - Partial (inch_Hg),Vapor Pressure - Saturated (inch_Hg),Soil Moisture Percent -2in (pct),Soil Moisture Percent -4in (pct),Soil Moisture Percent -8in (pct),Soil Moisture Percent -20in (pct),Soil Moisture Percent -40in (pct),Soil Temperature Observed -2in (degF),Soil Temperature Observed -4in (degF),Soil Temperature Observed -8in (degF),Soil Temperature Observed -20in (degF),Soil Temperature Observed -40in (degF)
2017-07-01 00:00,2192,60,60,0.00,62,0.02,,1.4,0.1,0.35,0.52,1.3,4.3,3.2,0.0,4.2,73,85,80,73,66
2017-07-01 01:00,2192,60,60,0.00,66,0.03,,2.0,0.2,0.33,0.52,1.3,3.9,2.9,0.0,4.0,71,85,80,73,66
2017-07-01 02:00,2192,60,58,0.00,63,0.02,,1.5,0.1,0.32,0.49,1.1,4.1,3.2,0.0,4.0,70,83,80,73,66
2017-07-01 03:00,2192,58,57,0.00,65,0.02,,1.3,0.1,0.31,0.47,1.2,4.5,2.9,0.0,4.0,69,82,79,73,66
2017-07-01 04:00,2192,58,56,0.00,74,3.23,,0.6,0.0,0.37,0.47,1.1,3.7,3.4,0.0,4.2,67,82,79,73,66
2017-07-01 05:00,2192,58,57,0.00,83,30.87,,1.3,0.1,0.37,0.48,1.1,3.7,3.4,0.0,4.2,66,81,79,73,66
2017-07-01 06:00,2192,62,58,0.00,73,69.48,,1.1,0.0,0.35,0.51,1.3,3.9,3.2,0.0,4.2,67,80,78,73,66
2017-07-01 07:00,2192,66,62,0.00,58,61.34,,3.1,0.7,0.33,0.58,1.3,3.3,3.2,0.0,4.0,69,80,78,73,66
2017-07-01 08:00,2192,72,66,0.00,50,426.50,,3.5,1.4,0.32,0.69,1.5,3.5,3.2,0.0,4.0,72,80,77,73,66
2017-07-01 09:00,2192,76,72,0.00,42,823.00,,3.6,1.6,0.34,0.83,1.6,3.1,3.2,0.0,4.0,85,80,77,73,66
2017-07-01 10:00,2192,81,76,0.00,37,941.00,,4.6,1.6,0.30,0.94,0.0,3.1,2.6,0.0,4.0,94,80,76,73,66
2017-07-01 11:00,2192,82,81,0.00,22,988.00,,4.5,1.6,0.27,1.09,0.2,3.3,2.6,0.0,4.2,107,81,76,73,66
2017-07-01 12:00,2192,84,82,0.00,24,995.00,,5.1,1.6,0.27,1.14,0.5,3.7,2.6,0.0,3.6,116,83,76,73,66
2017-07-01 13:00,2192,85,84,0.00,23,938.00,,7.5,2.0,0.22,1.19,0.2,3.9,3.2,0.0,4.0,124,86,77,73,66
2017-07-01 14:00,2192,85,83,0.00,19,311.00,,6.2,1.8,0.25,1.21,0.0,3.9,3.2,0.0,4.0,128,88,77,73,66
2017-07-01 15:00,2192,83,80,0.00,23,207.90,,3.7,1.0,0.26,1.10,0.0,4.1,3.2,0.0,4.2,120,90,78,73,66
2017-07-01 16:00,2192,83,80,0.00,26,179.60,,4.8,1.2,0.27,1.09,1.5,4.5,3.2,0.0,3.7,107,92,79,73,66
2017-07-01 17:00,2192,83,80,0.00,27,105.40,,3.3,1.0,0.28,1.11,1.5,4.5,3.5,0.0,3.7,101,92,80,73,66
2017-07-01 18:00,2192,80,77,0.00,26,40.19,,3.5,0.7,0.26,1.01,1.5,4.5,3.0,0.0,4.0,96,92,80,73,66
2017-07-01 19:00,2192,77,73,0.00,30,5.53,,3.3,0.5,0.30,0.90,1.3,4.1,3.4,0.0,4.0,91,91,81,73,66
2017-07-01 20:00,2192,73,71,0.00,41,0.15,,3.1,0.4,0.35,0.80,1.3,3.9,3.0,0.0,4.2,86,90,80,73,66
2017-07-01 21:00,2192,71,68,0.00,48,0.14,,1.5,0.1,0.36,0.73,1.3,3.9,3.4,0.0,3.7,82,89,82,73,66
2017-07-01 22:00,2192,68,65,0.00,53,0.14,,1.7,0.2,0.36,0.66,1.3,3.8,3.4,0.0,4.0,80,89,82,73,66
2017-07-01 23:00,2192,66,62,0.00,60,0.08,,1.2,0.1,0.36,0.60,1.3,3.9,3.4,0.0,4.2,77,87,82,73,66
2017-07-02 00:00,2192,62,60,0.00,62,0.06,,0.9,0.1,0.30,0.55,1.1,3.7,3.2,0.0,4.0,75,87,81,73,66
2017-07-02 01:00,2192,61,58,0.00,49,0.04,,0.6,0.0,0.25,0.52,1.3,3.7,3.0,0.0,3.6,73,86,81,73,66
2017-07-02 02:00,2192,58,58,0.00,53,0.02,,0.8,0.1,0.27,0.49,1.1,3.6,3.5,0.0,4.2,71,85,80,73,66
2017-07-02 03:00,2192,58,57,0.00,56,0.03,,1.9,0.2,0.30,0.48,1.1,3.3,3.5,0.0,4.2,69,84,80,73,66
2017-07-02 04:00,2192,57,55,0.00,79,2.51,,1.2,0.1,0.34,0.47,1.2,3.6,3.2,0.0,4.0,68,83,80,74,66
2017-07-02 05:00,2192,57,55,0.00,68,19.41,,1.6,0.1,0.32,0.45,1.1,3.6,3.2,0.0,4.0,67,82,79,74,66
2017-07-02 06:00,2192,63,57,0.00,78,35.97,,1.8,0.4,0.37,0.51,1.1,2.7,3.4,0.0,3.7,66,81,79,74,66
2017-07-02 07:00,2192,68,63,0.00,63,57.03,,2.5,0.7,0.32,0.63,1.1,3.0,3.4,0.0,4.0,67,80,78,74,66
2017-07-02 08:00,2192,74,68,0.00,41,427.90,,4.4,1.2,0.30,0.73,1.5,3.3,2.9,0.0,4.0,71,80,78,74,66
2017-07-02 09:00,2192,76,73,0.00,38,830.00,,3.4,1.4,0.32,0.88,0.0,3.3,2.9,0.0,4.2,85,80,78,74,66
2017-07-02 10:00,2192,83,76,0.00,34,943.00,,4.0,1.3,0.30,1.04,0.0,3.0,3.2,0.0,4.0,94,80,77,74,66
2017-07-02 11:00,2192,87,83,0.00,18,995.00,,3.8,1.5,0.21,1.23,0.5,3.0,3.2,0.0,3.7,108,82,77,74,66
2017-07-02 12:00,2192,88,87,0.00,18,999.00,,4.6,1.5,0.21,1.30,0.5,3.8,2.9,0.0,4.2,117,83,77,74,66
2017-07-02 13:00,2192,89,87,0.00,14,950.00,,4.2,1.6,0.18,1.35,0.2,3.3,3.2,0.0,4.0,125,86,77,74,66
2017-07-02 14:00,2192,90,89,0.00,13,306.10,,5.0,2.0,0.17,1.39,0.1,3.6,3.4,0.0,3.7,130,89,78,73,66
2017-07-02 15:00,2192,90,86,0.00,12,563.80,,4.0,1.8,0.21,1.40,0.0,3.7,3.2,0.0,3.7,121,91,79,73,66
2017-07-02 16:00,2192,86,83,0.00,20,102.90,,6.9,1.0,0.29,1.22,1.7,4.0,3.8,0.0,3.7,109,92,80,73,66
2017-07-02 17:00,2192,86,83,0.00,31,133.90,,3.6,1.0,0.35,1.23,1.5,3.6,3.5,0.0,4.0,102,93,80,73,66
2017-07-02 18:00,2192,83,80,0.00,33,63.55,,4.8,0.9,0.36,1.12,1.5,3.6,3.2,0.0,4.0,98,92,80,73,66
2017-07-02 19:00,2192,80,75,0.00,34,7.37,,4.2,0.5,0.35,0.97,1.5,3.7,3.2,0.0,4.3,95,92,82,73,66
2017-07-02 20:00,2192,75,71,0.00,40,0.15,,1.1,0.1,0.36,0.82,1.3,3.9,3.4,0.0,3.7,90,92,82,73,66
2017-07-02 21:00,2192,71,66,0.00,49,0.10,,1.6,0.2,0.36,0.70,1.3,3.6,3.4,0.0,3.7,85,91,82,73,66
2017-07-02 22:00,2192,66,63,0.00,57,0.09,,1.9,0.3,0.37,0.61,1.3,3.4,3.2,0.0,4.0,82,90,82,74,66
2017-07-02 23:00,2192,65,63,0.00,69,0.04,,1.2,0.1,0.42,0.60,1.1,3.4,3.4,0.0,4.0,78,89,82,74,66
2017-07-03 00:00,2192,64,61,0.00,65,0.02,,0.9,0.0,0.37,0.58,1.3,3.6,3.0,0.0,3.7,76,88,82,74,66
2017-07-03 01:00,2192,61,59,0.00,69,0.02,,1.7,0.2,0.38,0.53,1.1,3.2,3.0,0.0,4.2,74,87,82,74,66
2017-07-03 02:00,2192,59,58,0.00,72,0.02,,1.9,0.1,0.40,0.50,1.3,3.0,3.4,0.0,3.7,72,86,82,74,66
2017-07-03 03:00,2192,58,55,0.00,82,0.01,,0.0,0.0,0.39,0.46,1.1,3.4,3.5,0.0,4.2,70,85,81,74,66
2017-07-03 04:00,2192,55,54,0.00,82,2.43,,0.9,0.0,0.36,0.42,1.1,3.1,3.5,0.0,3.7,69,84,81,74,66
2017-07-03 05:00,2192,56,54,0.00,89,19.26,,0.5,0.0,0.38,0.42,1.2,3.0,3.5,0.0,3.7,67,83,80,74,66
2017-07-03 06:00,2192,62,56,0.00,90,37.23,,2.2,0.2,0.41,0.49,1.2,3.0,3.2,0.0,4.0,67,82,79,74,66
2017-07-03 07:00,2192,66,62,0.00,76,59.08,,2.8,1.1,0.43,0.60,1.2,3.2,3.2,0.0,3.5,68,82,80,74,66
2017-07-03 08:00,2192,74,66,0.00,67,424.30,,3.1,1.4,0.41,0.71,1.3,3.3,3.2,0.0,3.7,72,81,79,74,66
2017-07-03 09:00,2192,78,74,0.00,44,815.00,,3.4,1.3,0.34,0.89,1.6,3.3,2.9,0.0,3.8,85,81,79,75,66
2017-07-03 10:00,2192,83,78,0.00,34,927.00,,4.3,1.4,0.29,1.01,0.0,3.3,3.2,0.0,3.7,94,82,78,74,66
2017-07-03 11:00,2192,85,83,0.00,23,990.00,,4.2,2.1,0.22,1.17,0.0,3.2,2.9,0.0,3.7,107,82,77,74,66
2017-07-03 12:00,2192,86,85,0.00,15,1000.00,,4.2,2.2,0.21,1.25,0.5,3.0,2.9,0.0,4.0,117,85,78,74,66
2017-07-03 13:00,2192,89,86,0.00,17,935.00,,4.5,2.3,0.22,1.31,0.2,3.8,3.2,0.0,4.3,125,87,78,74,66
2017-07-03 14:00,2192,89,87,0.00,17,314.00,,3.8,2.2,0.27,1.34,0.3,3.4,3.2,0.0,4.0,130,89,78,74,66
2017-07-03 15:00,2192,88,86,0.00,21,595.50,,3.9,2.2,0.29,1.31,0.0,3.5,3.5,0.0,4.0,121,92,80,74,66
2017-07-03 16:00,2192,86,83,0.00,27,168.50,,3.8,2.0,0.32,1.20,1.5,3.6,3.5,0.0,4.0,109,94,80,74,66
2017-07-03 17:00,2192,83,80,0.00,27,92.60,,3.1,1.8,0.31,1.08,1.6,4.0,3.4,0.0,3.7,102,94,80,74,66
2017-07-03 18:00,2192,80,76,0.00,29,41.64,,2.6,1.5,0.31,0.97,1.4,3.5,3.4,0.0,3.7,96,93,82,74,67
2017-07-03 19:00,2192,76,73,0.00,37,5.44,,3.4,1.6,0.29,0.86,1.3,3.1,3.2,0.0,3.6,92,92,82,74,66
2017-07-03 20:00,2192,73,69,0.00,29,0.11,,3.0,1.2,0.22,0.77,1.4,3.4,3.2,0.0,3.3,87,92,82,74,66
2017-07-03 21:00,2192,69,66,0.00,29,0.10,,1.9,0.7,0.21,0.69,1.1,3.8,3.2,0.0,4.3,82,91,82,74,67
2017-07-03 22:00,2192,66,64,0.00,33,0.07,,1.7,0.2,0.20,0.62,1.3,2.7,3.0,0.0,4.0,79,90,83,74,67
2017-07-03 23:00,2192,64,63,0.00,34,0.05,,2.5,0.5,0.23,0.60,1.1,3.0,3.2,0.0,4.3,76,89,82,74,67
2017-07-04 00:00,2192,63,60,0.00,51,0.04,,2.8,0.8,0.29,0.56,0.9,3.5,3.4,0.0,4.3,74,87,82,74,67
2017-07-04 01:00,2192,60,54,0.00,58,0.04,,1.8,0.1,0.29,0.48,1.1,3.3,3.4,0.0,3.7,72,86,82,75,67
2017-07-04 02:00,2192,54,52,0.00,66,0.02,,1.5,0.2,0.29,0.41,1.0,3.3,3.4,0.0,4.0,70,86,81,74,67
2017-07-04 03:00,2192,52,51,0.00,76,0.01,,1.3,0.1,0.30,0.38,1.1,2.9,3.5,0.0,4.0,68,85,81,75,67
2017-07-04 04:00,2192,51,50,0.00,80,2.16,,0.9,0.0,0.30,0.37,1.1,3.1,3.5,0.0,3.7,66,83,80,75,67
2017-07-04 05:00,2192,51,50,0.00,80,21.00,,0.8,0.0,0.29,0.36,1.0,3.3,3.5,0.0,3.7,65,82,80,75,67
2017-07-04 06:00,2192,60,51,0.00,82,40.81,,1.2,0.2,0.32,0.44,1.0,3.2,2.9,0.0,3.7,64,82,80,75,67
2017-07-04 07:00,2192,65,60,0.00,65,61.76,,2.5,0.8,0.35,0.57,1.1,3.3,3.2,0.0,3.7,65,81,79,75,67
2017-07-04 08:00,2192,74,65,0.00,49,422.80,,3.5,1.1,0.30,0.70,1.2,2.7,3.2,0.0,4.0,70,80,79,75,67
2017-07-04 09:00,2192,79,74,0.00,29,830.00,,3.9,1.9,0.26,0.92,1.5,2.7,3.4,0.0,4.3,83,80,79,74,67
2017-07-04 10:00,2192,81,78,0.00,24,949.00,,4.6,1.8,0.24,1.02,1.7,2.7,3.4,0.0,3.7,93,80,78,75,67
2017-07-04 11:00,2192,83,81,0.00,22,1002.00,,3.5,1.9,0.24,1.10,0.0,2.7,2.9,0.0,4.0,107,82,78,75,67
2017-07-04 12:00,2192,84,83,0.00,20,1008.00,,4.3,1.9,0.23,1.16,0.0,3.2,3.4,0.0,3.6,117,83,78,75,67
2017-07-04 13:00,2192,85,84,0.00,20,961.00,,5.4,1.8,0.23,1.20,0.6,3.1,2.9,0.0,3.3,127,86,78,75,67
2017-07-04 14:00,2192,85,84,0.00,18,307.80,,3.5,1.7,0.22,1.19,0.0,3.6,3.2,0.0,4.3,130,89,78,75,67
2017-07-04 15:00,2192,85,83,0.00,17,615.80,,3.4,1.8,0.24,1.18,0.0,3.5,3.2,0.0,4.3,121,91,79,75,67
2017-07-04 16:00,2192,83,81,0.00,23,173.30,,3.5,2.0,0.23,1.12,1.5,3.6,3.5,0.0,3.3,108,93,80,74,67
2017-07-04 17:00,2192,81,78,0.00,27,94.70,,3.0,1.8,0.26,1.03,1.3,3.6,3.5,0.0,4.0,100,94,81,74,67
2017-07-04 18:00,2192,78,74,0.00,30,40.63,,3.5,1.8,0.26,0.92,1.4,3.5,3.2,0.0,4.3,95,93,82,74,67
2017-07-04 19:00,2192,74,71,0.00,31,5.00,,3.3,1.9,0.22,0.80,1.3,3.3,3.4,0.0,3.8,89,92,82,74,67
2017-07-04 20:00,2192,71,68,0.00,24,0.10,,4.7,1.4,0.17,0.74,1.1,3.0,3.2,0.0,4.3,85,92,82,74,67
2017-07-04 21:00,2192,68,61,0.00,23,0.07,,5.2,0.9,0.16,0.63,1.1,3.4,3.4,0.0,4.0,80,90,82,75,67
2017-07-04 22:00,2192,61,56,0.00,32,0.04,,2.0,0.4,0.18,0.50,1.1,3.2,3.4,0.1,4.3,77,89,82,74,67
2017-07-04 23:00,2192,56,55,0.00,42,0.02,,1.3,0.3,0.20,0.45,1.1,2.6,3.4,0.0,3.6,74,88,82,75,67
2017-07-05 00:00,2192,56,54,0.00,53,0.02,,2.3,0.2,0.26,0.44,0.9,2.7,3.4,0.0,4.3,71,87,82,75,67
2017-07-05 01:00,2192,54,52,0.00,70,0.01,,1.1,0.1,0.29,0.41,1.1,3.0,3.2,0.0,3.6,69,86,81,74,67
2017-07-05 02:00,2192,52,50,0.00,75,0.02,,1.3,0.1,0.29,0.38,1.0,2.6,3.2,0.0,3.6,67,85,81,75,67
2017-07-05 03:00,2192,50,49,0.00,78,0.00,,0.9,0.1,0.28,0.35,1.0,2.1,2.4,0.0,3.7,66,83,80,74,67
2017-07-05 04:00,2192,49,47,0.00,83,2.03,,0.9,0.2,0.28,0.34,1.0,2.4,3.5,0.0,4.0,64,82,80,75,67
2017-07-05 05:00,2192,50,47,0.00,84,17.30,,0.7,0.0,0.28,0.34,1.0,2.4,3.2,0.0,3.3,63,82,80,75,67
2017-07-05 06:00,2192,58,50,0.00,83,35.89,,1.9,0.3,0.31,0.42,1.0,2.6,3.4,0.0,3.7,63,81,79,75,67
2017-07-05 07:00,2192,63,58,0.00,56,54.58,,2.9,0.8,0.30,0.53,1.0,2.7,3.0,0.0,4.0,64,80,79,75,67
2017-07-05 08:00,2192,72,63,0.00,52,421.20,,3.2,1.3,0.31,0.65,1.1,2.5,2.9,0.0,4.3,67,80,78,75,67
2017-07-05 09:00,2192,78,72,0.00,38,827.00,,4.0,1.2,0.24,0.90,1.5,1.9,3.4,0.0,4.3,82,80,78,75,67
2017-07-05 10:00,2192,84,78,0.00,21,941.00,,6.0,1.8,0.18,1.08,1.7,2.9,2.9,0.0,4.3,91,80,77,75,67
2017-07-05 11:00,2192,86,84,0.00,15,1003.00,,4.1,2.3,0.18,1.20,0.0,2.1,3.2,0.0,3.3,106,81,77,75,67
2017-07-05 12:00,2192,87,85,0.00,14,1001.00,,4.1,2.0,0.18,1.26,0.3,2.4,3.2,0.0,3.6,117,83,77,74,67
2017-07-05 13:00,2192,87,87,0.00,16,954.00,,5.2,2.0,0.20,1.30,0.0,2.1,2.9,0.0,3.8,127,86,78,75,67
2017-07-05 14:00,2192,87,86,0.00,17,311.50,,4.0,2.0,0.24,1.26,0.4,2.6,3.4,0.0,3.6,,89,78,75,67
2017-07-05 15:00,2192,86,85,0.00,19,603.40,,4.4,1.9,0.25,1.24,0.0,2.8,3.4,0.0,3.6,121,91,79,75,67
2017-07-05 16:00,2192,85,80,0.00,19,121.20,,3.6,1.7,0.26,1.12,1.5,2.6,3.2,0.0,3.6,110,93,79,74,67
2017-07-05 17:00,2192,82,79,0.00,28,155.20,,3.7,1.6,0.27,1.06,1.5,2.8,3.5,0.0,3.6,103,93,80,74,67
2017-07-05 18:00,2192,79,75,0.00,27,40.60,,2.2,0.8,0.30,0.95,1.3,2.8,3.2,0.0,3.3,99,93,81,74,67
2017-07-05 19:00,2192,75,68,0.00,33,5.20,,1.3,0.2,0.32,0.82,1.4,3.1,3.4,0.0,4.3,94,93,82,74,67
2017-07-05 20:00,2192,68,64,0.00,38,0.10,,1.8,0.4,0.24,0.65,1.3,2.6,3.0,0.0,3.8,88,92,82,74,67
2017-07-05 21:00,2192,64,62,0.00,38,0.06,,1.2,0.2,0.24,0.58,1.1,2.1,3.4,0.0,3.8,83,92,82,75,67
2017-07-05 22:00,2192,62,59,0.00,45,0.04,,1.2,0.3,0.25,0.53,1.1,2.4,3.0,0.0,3.6,79,90,82,74,67
2017-07-05 23:00,2192,59,57,0.00,52,0.03,,1.2,0.2,0.27,0.49,1.0,2.4,3.4,0.0,3.8,76,89,82,75,67
2017-07-06 00:00,2192,57,55,0.00,65,0.01,,1.4,0.3,0.30,0.45,1.1,2.8,3.5,0.0,3.3,74,88,82,75,67
2017-07-06 01:00,2192,56,54,0.00,70,0.01,,1.3,0.1,0.30,0.43,0.9,2.5,3.4,0.0,4.3,71,87,82,75,67
2017-07-06 02:00,2192,54,52,0.00,71,0.02,,1.1,0.1,0.32,0.41,1.1,2.5,3.5,0.0,4.3,70,86,82,75,67
2017-07-06 03:00,2192,52,51,0.00,79,0.01,,1.1,0.1,0.32,0.39,1.0,2.8,3.5,0.0,3.6,68,85,81,75,67
2017-07-06 04:00,2192,51,50,0.00,82,1.85,,1.5,0.2,0.30,0.37,1.0,3.1,2.6,0.0,3.6,66,83,80,75,67
2017-07-06 05:00,2192,53,50,0.00,82,16.29,,1.1,0.1,0.30,0.37,1.0,2.7,3.5,0.0,3.6,65,82,80,75,67
2017-07-06 06:00,2192,61,53,0.00,80,34.05,,2.4,0.2,0.36,0.45,1.0,2.7,3.8,0.0,4.0,64,82,80,75,67
2017-07-06 07:00,2192,66,61,0.00,74,51.16,,2.8,0.9,0.41,0.58,1.0,2.5,3.4,0.0,4.0,65,81,80,75,67
2017-07-06 08:00,2192,72,65,0.00,66,420.80,,3.4,1.4,0.40,0.69,1.1,2.5,3.2,0.0,3.3,70,80,78,75,67
2017-07-06 09:00,2192,81,72,0.00,48,826.00,,4.3,1.5,0.33,0.89,1.6,2.5,3.4,0.0,3.8,83,80,78,75,67
2017-07-06 10:00,2192,87,81,0.00,26,936.00,,3.8,1.4,0.24,1.18,1.7,2.5,3.2,0.0,3.6,92,81,77,75,67
2017-07-06 11:00,2192,90,85,0.00,16,993.00,,4.4,1.6,0.21,1.31,0.0,2.5,3.4,0.0,3.6,107,82,78,75,67
2017-07-06 12:00,2192,90,88,0.00,17,1003.00,,3.9,1.5,0.20,1.36,0.3,2.7,3.2,0.0,3.8,119,84,78,75,67
2017-07-06 13:00,2192,90,89,0.00,14,955.00,,4.3,1.5,0.20,1.39,0.1,2.8,3.2,0.0,3.6,127,86,78,75,67
2017-07-06 14:00,2192,90,89,0.00,12,293.40,,3.3,1.6,0.19,1.40,0.4,2.5,3.4,0.0,3.6,,89,78,75,67
2017-07-06 15:00,2192,89,88,0.00,14,370.40,,3.2,1.5,0.20,1.37,1.7,3.2,3.2,0.0,3.6,122,92,79,75,67
2017-07-06 16:00,2192,88,86,0.00,14,67.41,,3.2,1.3,0.19,1.29,1.5,3.0,3.2,0.0,3.8,109,94,80,75,67
2017-07-06 17:00,2192,86,84,0.00,14,94.10,,2.9,1.3,0.20,1.22,1.3,2.6,3.5,0.0,3.8,102,94,81,75,67
2017-07-06 18:00,2192,84,80,0.00,22,37.35,,2.3,0.7,0.28,1.12,1.3,2.8,3.4,0.0,3.6,97,94,82,75,67
2017-07-06 19:00,2192,80,73,0.00,29,4.63,,2.6,0.3,0.34,0.94,1.3,2.6,3.4,0.0,3.3,92,93,82,74,67
2017-07-06 20:00,2192,73,68,0.00,34,0.16,,1.3,0.1,0.27,0.75,1.1,2.5,3.2,0.1,3.6,87,92,82,74,67
2017-07-06 21:00,2192,68,65,0.00,36,0.10,,2.2,0.3,0.26,0.65,1.1,3.2,3.4,0.0,3.6,83,91,82,75,67
2017-07-06 22:00,2192,65,62,0.00,50,0.08,,1.4,0.1,0.31,0.60,1.1,3.2,3.4,0.1,3.8,80,90,82,75,67
2017-07-06 23:00,2192,62,60,0.00,62,0.03,,0.9,0.0,0.36,0.55,1.0,2.3,3.4,0.0,3.8,76,89,82,75,67
2017-07-07 00:00,2192,60,57,0.00,65,0.03,,0.9,0.0,0.30,0.50,1.1,2.6,3.4,0.0,4.2,74,88,82,75,67
2017-07-07 01:00,2192,57,55,0.00,64,0.02,,2.3,0.2,0.30,0.46,0.9,2.6,3.4,0.0,3.6,72,87,82,75,67
2017-07-07 02:00,2192,56,54,0.00,67,0.02,,1.5,0.2,0.28,0.43,0.9,3.0,3.4,0.0,3.6,70,86,82,75,67
2017-07-07 03:00,2192,54,52,0.00,64,0.01,,1.4,0.1,0.27,0.41,0.8,2.3,3.5,0.0,3.6,68,85,81,75,67
2017-07-07 04:00,2192,52,50,0.00,65,1.87,,1.1,0.2,0.27,0.38,1.0,2.6,3.5,0.0,3.6,66,84,80,75,67
2017-07-07 05:00,2192,53,50,0.00,79,17.99,,1.1,0.1,0.29,0.38,1.1,2.2,3.2,0.0,3.6,65,83,80,75,67
2017-07-07 06:00,2192,62,53,0.00,73,35.57,,1.4,0.4,0.31,0.46,1.0,2.3,3.2,0.0,3.3,64,82,80,75,67
2017-07-07 07:00,2192,66,62,0.00,65,52.35,,2.2,0.8,0.34,0.58,1.1,2.3,3.2,0.0,3.6,65,82,80,75,67
2017-07-07 08:00,2192,74,66,0.00,39,399.60,,2.5,1.1,0.23,0.72,1.1,2.3,3.2,0.0,3.6,70,81,79,75,67
2017-07-07 09:00,2192,82,74,0.00,25,644.70,,3.3,1.1,0.21,0.97,1.5,2.3,3.4,0.1,3.6,83,80,79,75,67
2017-07-07 10:00,2192,87,82,0.00,20,243.00,,4.6,1.4,0.23,1.18,1.5,2.3,3.2,0.0,3.8,92,82,79,75,67
2017-07-07 11:00,2192,89,87,0.00,17,56.41,,3.9,1.5,0.20,1.32,1.7,2.3,2.9,0.0,3.8,107,82,78,75,67
2017-07-07 12:00,2192,90,89,0.00,13,51.25,,4.4,2.1,0.17,1.38,0.0,2.6,3.2,0.0,3.3,119,84,78,75,67
2017-07-07 13:00,2192,90,89,0.00,11,0.27,,4.0,1.9,0.17,1.42,0.0,2.1,2.9,0.0,3.6,128,87,77,75,67
2017-07-07 14:00,2192,90,89,0.00,13,178.20,,4.3,1.8,0.19,1.40,0.1,2.6,3.2,0.0,3.7,,89,78,75,67
2017-07-07 15:00,2192,90,88,0.00,13,13.39,,3.6,1.5,0.19,1.40,1.7,3.0,3.2,0.0,3.8,124,92,79,75,67
2017-07-07 16:00,2192,88,86,0.00,14,110.60,,3.2,1.6,0.21,1.31,1.5,3.4,3.2,0.0,3.8,111,94,80,75,67
2017-07-07 17:00,2192,86,84,0.00,20,57.28,,2.5,1.2,0.25,1.24,1.3,2.7,3.4,0.0,3.7,103,94,80,75,67
2017-07-07 18:00,2192,84,79,0.00,22,39.20,,3.2,0.5,0.26,1.12,1.3,2.3,3.0,0.0,3.8,98,94,82,75,67
2017-07-07 19:00,2192,79,72,0.00,22,4.54,,2.6,0.2,0.22,0.94,1.1,2.8,3.4,1.6,3.7,92,94,82,75,67
2017-07-07 20:00,2192,72,68,0.00,27,0.14,,1.5,0.2,0.22,0.76,1.1,3.0,3.4,0.0,3.3,87,92,82,75,67
2017-07-07 21:00,2192,68,65,0.00,35,0.10,,1.5,0.2,0.25,0.66,1.1,3.0,3.4,0.0,3.8,83,92,82,75,68
2017-07-07 22:00,2192,66,62,0.00,49,0.07,,2.3,0.3,0.30,0.62,0.9,2.6,3.4,0.0,3.6,80,90,82,75,68
2017-07-07 23:00,2192,62,60,0.00,51,0.06,,1.0,0.1,0.33,0.55,0.9,2.2,3.0,0.0,3.6,77,89,82,74,68
2017-07-08 00:00,2192,60,57,0.00,67,0.04,,1.2,0.0,0.34,0.50,1.0,2.4,3.2,0.0,4.2,74,89,82,75,68
2017-07-08 01:00,2192,57,55,0.00,65,0.02,,1.1,0.1,0.31,0.46,0.9,2.4,3.4,0.0,3.8,72,87,82,75,68
2017-07-08 02:00,2192,55,53,0.00,73,0.02,,1.8,0.2,0.29,0.43,0.9,2.8,3.5,0.0,3.8,70,86,82,75,68
2017-07-08 03:00,2192,53,52,0.00,74,0.03,,1.0,0.1,0.30,0.40,0.9,2.2,3.0,0.0,3.6,69,85,82,75,68
2017-07-08 04:00,2192,52,52,0.00,72,1.89,,0.8,0.0,0.28,0.39,1.0,2.0,3.5,0.0,3.3,67,85,81,75,68
2017-07-08 05:00,2192,54,52,0.00,72,17.19,,1.2,0.3,0.29,0.40,1.0,2.0,3.2,0.0,4.0,65,83,80,75,68
2017-07-08 06:00,2192,62,54,0.00,68,36.84,,2.1,0.1,0.32,0.47,1.0,2.2,3.8,0.0,3.6,65,82,80,75,68
2017-07-08 07:00,2192,66,62,0.00,64,57.25,,2.7,0.7,0.34,0.59,1.0,2.2,3.2,0.0,3.3,66,82,80,75,68
2017-07-08 08:00,2192,75,66,0.00,47,374.40,,2.8,1.1,0.27,0.71,1.0,2.2,3.2,0.0,3.3,70,81,79,75,68
2017-07-08 09:00,2192,79,75,0.00,30,791.50,,3.6,1.3,0.26,0.93,1.5,2.2,3.4,0.0,3.3,83,81,79,75,68
2017-07-08 10:00,2192,88,79,0.00,27,141.10,,2.9,1.3,0.22,1.12,1.5,2.2,2.9,0.0,3.8,92,82,79,75,68
2017-07-08 11:00,2192,91,88,0.00,15,43.91,,4.2,1.4,0.20,1.37,1.7,2.2,2.9,0.0,3.7,105,82,78,75,68
2017-07-08 12:00,2192,91,90,0.00,15,48.41,,3.3,1.5,0.21,1.46,0.0,2.0,2.9,0.0,3.8,116,84,78,75,68
2017-07-08 13:00,2192,92,91,0.00,13,6.10,,3.4,1.9,0.20,1.50,0.0,2.6,3.4,0.0,4.0,125,87,78,75,68
2017-07-08 14:00,2192,92,90,0.00,16,91.70,,3.5,1.8,0.24,1.49,0.4,2.4,3.2,0.0,3.8,130,89,79,75,68
2017-07-08 15:00,2192,91,90,0.00,18,10.75,,3.7,1.7,0.27,1.45,1.7,2.2,3.2,0.0,3.7,122,92,79,75,68
2017-07-08 16:00,2192,90,88,0.00,21,115.60,,3.7,1.6,0.28,1.38,1.5,2.6,3.2,0.0,3.7,112,94,79,75,68
2017-07-08 17:00,2192,88,85,0.00,15,80.00,,2.9,1.2,0.24,1.32,1.5,2.7,3.0,1.6,4.0,104,94,80,74,68
2017-07-08 18:00,2192,85,81,0.00,30,41.37,,2.2,1.1,0.36,1.13,1.3,2.2,3.0,0.0,3.3,99,95,81,75,68
2017-07-08 19:00,2192,81,74,0.00,30,5.24,,1.6,0.4,0.29,0.98,1.4,2.4,3.2,1.6,3.7,94,94,82,74,68
2017-07-08 20:00,2192,74,70,0.00,32,0.16,,1.7,0.3,0.25,0.78,1.1,2.4,3.2,0.0,3.7,89,93,82,75,68
2017-07-08 21:00,2192,72,68,0.00,30,0.09,,2.7,0.3,0.24,0.75,1.1,2.6,3.0,0.0,4.0,85,92,82,75,68
2017-07-08 22:00,2192,68,65,0.00,45,0.08,,1.3,0.1,0.32,0.67,0.9,2.2,3.4,0.0,3.3,81,91,83,75,68
2017-07-08 23:00,2192,65,60,0.00,51,0.07,,1.2,0.2,0.31,0.58,1.1,2.0,3.4,0.0,3.3,78,90,82,75,68
2017-07-09 00:00,2192,61,60,0.00,56,0.04,,1.3,0.1,0.31,0.52,1.0,2.0,3.4,0.0,4.2,76,89,82,75,68
2017-07-09 01:00,2192,61,57,0.00,58,0.02,,0.9,0.1,0.30,0.50,1.1,2.2,3.4,0.0,3.7,73,88,82,75,68
2017-07-09 02:00,2192,57,56,0.00,62,0.01,,1.2,0.2,0.29,0.46,0.9,2.5,3.4,1.6,3.3,71,87,82,75,68
2017-07-09 03:00,2192,56,54,0.00,64,0.02,,0.6,0.0,0.28,0.44,0.9,2.4,3.0,1.6,3.3,70,86,82,75,68
2017-07-09 04:00,2192,54,53,0.00,70,1.64,,0.7,0.0,0.28,0.41,1.0,2.4,3.5,0.0,3.3,68,85,82,76,68
2017-07-09 05:00,2192,54,53,0.00,69,23.13,,1.1,0.1,0.28,0.41,1.0,1.9,3.8,0.0,3.7,67,84,81,76,68
2017-07-09 06:00,2192,63,54,0.00,69,56.28,,1.1,0.1,0.31,0.48,1.0,2.6,3.2,0.0,3.8,66,83,80,76,68
2017-07-09 07:00,2192,67,63,0.00,58,69.96,,2.5,0.7,0.35,0.60,1.0,2.2,3.8,0.0,3.3,67,82,80,76,68
2017-07-09 08:00,2192,73,67,0.00,54,355.60,,2.5,1.1,0.32,0.71,1.1,1.9,3.2,0.0,3.6,71,82,79,76,68
2017-07-09 09:00,2192,81,73,0.00,32,337.10,,3.6,1.1,0.25,0.94,1.5,1.9,3.2,1.6,4.2,83,82,79,75,68
2017-07-09 10:00,2192,87,81,0.00,23,137.80,,3.5,1.6,0.24,1.18,1.5,1.9,3.0,0.0,3.6,92,82,79,76,68
2017-07-09 11:00,2192,90,87,0.00,23,37.00,,3.8,1.8,0.24,1.34,1.7,1.9,3.0,0.0,4.0,107,83,79,76,68
2017-07-09 12:00,2192,90,89,0.00,18,23.83,,3.9,2.0,0.24,1.41,0.1,2.8,3.4,1.6,3.3,119,85,79,76,68
2017-07-09 13:00,2192,91,89,0.00,14,41.67,,4.2,2.1,0.21,1.45,0.1,2.2,3.4,0.0,3.3,128,87,79,76,68
2017-07-09 14:00,2192,90,89,0.00,13,101.30,,4.1,2.2,0.19,1.40,0.0,2.0,3.2,1.6,3.7,,90,79,75,68
2017-07-09 15:00,2192,90,88,0.00,19,47.91,,4.1,1.8,0.23,1.41,0.2,2.6,3.2,1.5,4.0,125,93,79,75,68
2017-07-09 16:00,2192,88,85,0.00,14,85.70,,2.8,1.6,0.24,1.30,1.3,2.8,3.5,1.6,3.7,112,96,80,75,68
2017-07-09 17:00,2192,85,82,0.00,18,83.90,,3.1,1.4,0.22,1.20,1.4,2.8,3.0,1.6,3.7,104,96,81,75,68
2017-07-09 18:00,2192,82,78,0.00,23,39.35,,2.0,1.2,0.28,1.06,1.2,2.8,3.5,1.6,3.7,98,96,82,75,68
2017-07-09 19:00,2192,78,70,0.00,37,4.84,,1.4,0.4,0.27,0.89,1.2,2.0,3.4,1.6,3.7,93,94,82,75,68
2017-07-09 20:00,2192,70,66,0.00,32,0.14,,1.4,0.4,0.22,0.70,1.1,2.4,2.8,1.5,4.0,88,94,83,75,68
2017-07-09 21:00,2192,68,66,0.00,29,0.09,,1.9,0.4,0.21,0.67,1.1,2.6,3.4,1.5,3.6,83,93,83,75,68
2017-07-09 22:00,2192,68,63,0.00,33,0.05,,2.2,0.4,0.21,0.65,0.9,2.8,3.4,1.5,3.3,80,91,82,75,68
2017-07-09 23:00,2192,63,60,0.00,33,0.05,,1.8,0.3,0.22,0.56,0.9,2.8,3.4,1.6,3.7,77,90,83,75,68
2017-07-10 00:00,2192,60,57,0.00,46,0.04,,1.3,0.2,0.25,0.50,1.0,2.6,3.0,1.6,3.7,74,89,83,75,68
2017-07-10 01:00,2192,57,55,0.00,60,0.03,,1.3,0.2,0.28,0.45,1.0,1.9,3.0,1.6,3.3,72,88,82,76,68
2017-07-10 02:00,2192,55,52,0.00,62,0.03,,1.1,0.1,0.26,0.41,0.9,2.4,3.0,1.6,3.3,70,87,82,76,68
2017-07-10 03:00,2192,52,50,0.00,64,0.00,,1.7,0.3,0.25,0.38,0.9,2.4,3.0,1.6,3.7,67,86,82,76,68
2017-07-10 04:00,2192,50,49,0.00,67,1.82,,0.8,0.1,0.24,0.35,0.8,2.4,3.5,1.6,3.3,66,85,82,76,68
2017-07-10 05:00,2192,50,49,0.00,70,16.20,,1.0,0.0,0.26,0.35,1.0,2.2,2.9,1.6,3.3,64,83,81,76,68
2017-07-10 06:00,2192,59,50,0.00,76,36.99,,1.4,0.2,0.29,0.42,1.0,1.8,2.9,0.0,3.3,63,82,80,76,68
2017-07-10 07:00,2192,64,59,0.00,67,49.28,,2.7,1.0,0.35,0.54,0.8,1.8,3.4,1.6,3.3,64,82,80,76,68
2017-07-10 08:00,2192,74,64,0.00,50,338.80,,2.2,0.9,0.25,0.68,1.0,1.8,3.4,1.6,3.3,68,82,80,76,68
2017-07-10 09:00,2192,80,74,0.00,20,93.60,,3.0,1.2,0.19,0.90,1.3,2.5,3.4,1.6,3.7,82,81,80,76,68
2017-07-10 10:00,2192,85,80,0.00,17,121.10,,4.1,2.0,0.18,1.11,1.5,2.5,3.0,1.6,4.0,89,81,79,76,68
2017-07-10 11:00,2192,87,85,0.00,15,114.80,,4.4,2.4,0.17,1.22,1.7,2.2,2.9,1.6,4.0,105,82,79,76,68
2017-07-10 12:00,2192,88,86,0.00,15,227.60,,5.3,2.4,0.18,1.30,0.1,2.6,3.2,1.6,3.7,119,84,79,76,68
2017-07-10 13:00,2192,88,87,0.00,12,434.70,,6.5,2.6,0.19,1.32,0.0,2.2,2.9,1.6,3.3,127,86,79,76,68
2017-07-10 14:00,2192,88,87,0.00,18,252.00,,4.2,2.2,0.22,1.31,0.1,2.6,3.0,1.6,4.0,,89,79,76,68
2017-07-10 15:00,2192,87,86,0.00,15,479.20,,4.1,2.1,0.21,1.30,1.6,2.8,3.4,1.6,3.3,124,92,79,76,68
2017-07-10 16:00,2192,86,83,0.00,14,140.40,,3.6,1.9,0.22,1.21,1.3,2.6,3.2,1.5,3.7,111,94,80,75,68
2017-07-10 17:00,2192,83,80,0.00,22,94.50,,2.7,1.6,0.24,1.11,1.2,2.6,3.5,1.6,3.6,103,96,81,75,68
2017-07-10 18:00,2192,80,77,0.00,23,37.75,,3.6,1.9,0.21,1.00,1.2,2.6,3.5,1.6,4.0,98,94,82,75,68
2017-07-10 19:00,2192,77,73,0.00,18,4.46,,3.0,0.9,0.19,0.89,1.1,2.9,3.0,1.6,4.0,92,94,82,75,68
2017-07-10 20:00,2192,73,69,0.00,22,0.18,,2.9,0.4,0.22,0.77,0.9,2.4,3.2,1.6,4.0,87,94,82,75,68
2017-07-10 21:00,2192,69,67,0.00,34,0.11,,2.2,0.3,0.25,0.71,1.0,1.9,3.4,1.5,4.0,83,93,82,75,68
2017-07-10 22:00,2192,67,62,0.00,38,0.10,,1.4,0.2,0.25,0.61,0.9,2.5,3.4,1.6,3.7,80,92,82,76,68
2017-07-10 23:00,2192,63,62,0.00,46,0.06,,1.3,0.2,0.27,0.56,0.9,2.5,3.4,1.6,4.0,77,90,82,76,68
2017-07-11 00:00,2192,62,58,0.00,53,0.03,,1.9,0.3,0.29,0.53,1.0,2.6,3.5,1.5,3.3,75,89,82,76,68
2017-07-11 01:00,2192,58,56,0.00,60,0.04,,1.4,0.1,0.30,0.48,1.0,2.2,3.4,1.5,3.3,73,88,82,76,68
2017-07-11 02:00,2192,56,54,0.00,62,0.01,,1.1,0.2,0.28,0.44,0.8,1.8,2.9,1.6,4.0,71,87,81,76,68
2017-07-11 03:00,2192,54,53,0.00,66,0.03,,0.8,0.0,0.28,0.41,0.9,1.8,2.9,1.6,4.0,69,86,82,76,68
2017-07-11 04:00,2192,53,52,0.00,74,1.60,,1.1,0.0,0.29,0.39,0.8,1.8,3.2,1.6,3.3,67,85,81,76,68
2017-07-11 05:00,2192,53,51,0.00,72,14.95,,1.4,0.3,0.29,0.38,0.8,1.8,3.2,1.5,4.0,66,84,81,76,68
2017-07-11 06:00,2192,60,53,0.00,75,36.97,,2.2,0.5,0.33,0.45,1.0,2.4,2.9,1.6,3.3,65,83,80,76,68
2017-07-11 07:00,2192,65,60,0.00,67,45.80,,2.4,0.8,0.35,0.58,1.0,2.0,3.2,1.6,4.0,65,82,80,76,68
2017-07-11 08:00,2192,72,65,0.00,57,252.30,,2.5,1.1,0.31,0.69,1.1,2.5,3.4,1.6,3.7,70,82,79,76,68
2017-07-11 09:00,2192,79,72,0.00,28,453.30,,4.5,1.3,0.24,0.88,1.3,2.5,3.4,1.6,3.7,82,82,79,76,68
2017-07-11 10:00,2192,83,79,0.00,21,626.00,,3.3,1.6,0.21,1.05,1.5,2.4,3.0,1.5,3.3,89,82,79,76,69
2017-07-11 11:00,2192,84,82,0.00,20,800.00,,4.7,2.0,0.21,1.14,1.7,2.0,3.2,1.6,4.0,105,82,79,76,68
2017-07-11 12:00,2192,86,83,0.00,19,419.40,,4.3,1.8,0.21,1.19,0.1,1.8,2.6,1.6,3.3,117,84,78,76,68
2017-07-11 13:00,2192,86,85,0.00,21,570.30,,4.8,2.3,0.21,1.22,0.0,2.2,3.2,1.6,4.0,127,87,78,76,68
2017-07-11 14:00,2192,87,86,0.00,15,203.60,,4.3,2.2,0.22,1.27,0.1,2.5,3.4,1.6,4.0,,90,79,76,68
2017-07-11 15:00,2192,86,85,0.00,19,496.20,,3.9,2.3,0.24,1.23,0.0,2.6,3.0,1.5,3.3,124,92,79,76,68
2017-07-11 16:00,2192,85,82,0.00,23,146.30,,3.7,2.2,0.26,1.18,1.3,2.4,3.2,1.6,3.3,111,95,79,76,68
2017-07-11 17:00,2192,82,79,0.00,22,98.50,,3.0,1.7,0.27,1.08,1.4,2.6,3.8,1.5,3.3,103,96,81,76,68
2017-07-11 18:00,2192,79,75,0.00,27,27.87,,3.0,1.2,0.28,0.94,1.3,2.2,2.9,1.6,3.3,98,95,81,76,68
2017-07-11 19:00,2192,75,71,0.00,28,4.40,,3.0,0.9,0.25,0.84,1.1,2.5,3.5,1.6,4.0,92,94,82,75,68
2017-07-11 20:00,2192,71,69,0.00,30,0.15,,3.4,0.9,0.22,0.75,0.9,2.5,3.4,1.5,4.0,88,94,82,75,69
2017-07-11 21:00,2192,69,69,0.00,26,0.08,,2.7,1.2,0.17,0.71,1.0,2.5,3.5,1.5,4.0,83,92,82,76,69
2017-07-11 22:00,2192,69,65,0.00,24,0.06,,2.8,0.7,0.18,0.69,0.9,2.7,3.4,1.6,4.0,80,92,82,76,68
2017-07-11 23:00,2192,65,60,0.00,29,0.08,,1.4,0.2,0.19,0.59,0.9,2.5,3.5,1.5,3.7,77,90,82,75,69
2017-07-12 00:00,2192,60,57,0.00,37,0.04,,1.3,0.1,0.21,0.50,0.8,1.8,3.0,1.5,3.6,75,89,82,76,69
2017-07-12 01:00,2192,58,55,0.00,50,0.04,,1.3,0.1,0.24,0.46,1.0,2.2,3.5,1.5,3.7,72,88,82,76,69
2017-07-12 02:00,2192,55,52,0.00,60,0.03,,1.3,0.1,0.27,0.42,0.8,2.0,3.8,1.6,3.7,70,87,82,76,69
2017-07-12 03:00,2192,52,50,0.00,66,0.01,,1.2,0.1,0.25,0.38,0.8,2.4,3.8,1.5,3.7,68,86,82,76,69
2017-07-12 04:00,2192,50,50,0.00,68,1.49,,1.0,0.1,0.25,0.36,0.8,2.6,3.2,1.5,3.7,66,85,81,76,69
2017-07-12 05:00,2192,52,50,0.00,69,14.93,,0.9,0.0,0.27,0.37,0.8,2.1,2.9,1.6,4.0,65,84,80,76,69
2017-07-12 06:00,2192,60,52,0.00,76,38.42,,1.6,0.2,0.30,0.45,1.0,1.7,3.2,1.5,4.0,64,83,80,76,69
2017-07-12 07:00,2192,65,60,0.00,55,46.00,,3.1,0.6,0.29,0.56,1.0,1.7,3.2,1.5,4.0,65,82,80,76,69
2017-07-12 08:00,2192,72,65,0.00,39,280.10,,2.6,1.2,0.22,0.69,1.0,1.7,3.4,1.5,3.7,69,82,80,76,69
2017-07-12 09:00,2192,79,72,0.00,28,715.40,,2.8,1.1,0.19,0.89,1.3,1.7,3.0,1.5,4.0,82,81,79,76,69
2017-07-12 10:00,2192,83,79,0.00,19,299.70,,3.8,1.5,0.19,1.06,1.3,1.7,3.0,1.5,3.7,88,82,78,76,69
2017-07-12 11:00,2192,85,81,0.00,16,384.70,,3.7,1.7,0.19,1.13,1.7,1.7,2.9,1.5,3.3,104,82,78,76,69
2017-07-12 12:00,2192,86,84,0.00,14,162.00,,3.8,1.9,0.19,1.21,0.1,2.1,3.2,1.5,2.9,116,84,79,76,69
2017-07-12 13:00,2192,87,85,0.00,15,633.70,,3.7,2.2,0.19,1.26,0.0,2.0,3.2,1.5,3.3,127,87,79,76,69
2017-07-12 14:00,2192,87,85,0.00,14,217.80,,4.6,2.3,0.19,1.24,0.1,2.5,3.2,1.5,3.6,,89,79,76,69
2017-07-12 15:00,2192,87,86,0.00,19,415.80,,5.2,2.3,0.23,1.30,0.0,2.7,3.0,1.5,4.0,125,93,80,76,69
2017-07-12 16:00,2192,86,84,0.00,18,117.40,,3.8,2.0,0.28,1.21,1.5,2.5,3.2,1.5,4.0,112,95,80,76,69
2017-07-12 17:00,2192,84,80,0.00,25,103.70,,3.2,1.6,0.32,1.13,1.4,2.5,3.2,1.5,3.5,104,96,81,76,69
2017-07-12 18:00,2192,80,76,0.00,32,31.83,,2.4,0.7,0.33,1.00,1.2,2.5,3.5,1.5,4.0,98,96,82,76,69
2017-07-12 19:00,2192,76,73,0.00,34,4.39,,1.8,0.3,0.28,0.87,1.3,2.7,3.0,1.5,4.0,94,94,82,76,69
2017-07-12 20:00,2192,73,71,0.00,30,0.13,,2.1,0.8,0.24,0.79,0.9,2.7,3.5,1.3,4.0,89,94,82,75,69
2017-07-12 21:00,2192,71,70,0.00,28,0.07,,2.3,1.0,0.19,0.76,1.1,2.5,3.0,1.5,4.0,84,93,82,76,69
2017-07-12 22:00,2192,70,63,0.00,24,0.08,,2.1,0.8,0.17,0.68,1.0,1.9,3.4,1.5,4.0,80,92,82,76,69
2017-07-12 23:00,2192,63,60,0.00,27,0.04,,2.3,0.4,0.19,0.55,0.9,2.4,3.5,1.3,4.0,78,90,83,75,69
2017-07-13 00:00,2192,60,56,0.00,46,0.03,,1.5,0.2,0.26,0.50,0.8,2.4,3.5,1.5,3.6,75,89,82,76,69
2017-07-13 01:00,2192,56,54,0.00,57,0.02,,1.1,0.2,0.25,0.43,1.0,2.1,3.8,1.3,4.0,72,89,82,75,69
2017-07-13 02:00,2192,54,52,0.00,60,0.01,,1.6,0.1,0.25,0.41,0.8,2.1,3.5,1.5,4.0,70,87,82,76,69
2017-07-13 03:00,2192,52,50,0.00,63,0.01,,1.0,0.2,0.25,0.38,0.8,1.4,3.5,1.5,4.0,68,86,82,76,69
2017-07-13 04:00,2192,50,49,0.00,69,1.38,,0.9,0.0,0.25,0.36,0.8,1.8,3.2,1.3,4.0,66,85,82,76,69
2017-07-13 05:00,2192,51,50,0.00,74,14.92,,1.0,0.0,0.27,0.36,0.8,1.7,3.2,1.5,4.0,64,84,81,76,69
2017-07-13 06:00,2192,59,51,0.00,79,40.24,,2.0,0.2,0.31,0.43,0.8,1.9,3.2,1.5,4.0,64,83,80,76,69
2017-07-13 07:00,2192,64,59,0.00,71,48.09,,2.5,0.7,0.33,0.54,0.8,1.9,3.2,1.5,3.7,64,82,80,76,69
2017-07-13 08:00,2192,72,64,0.00,54,271.60,,2.9,0.9,0.28,0.66,1.0,1.9,3.0,1.5,4.0,69,82,80,76,69
2017-07-13 09:00,2192,79,72,0.00,26,828.00,,3.5,1.3,0.22,0.87,1.3,1.9,3.2,1.3,3.6,80,82,79,76,69
2017-07-13 10:00,2192,83,79,0.00,21,383.90,,5.0,1.5,0.19,1.07,1.3,1.9,3.2,1.5,4.0,87,82,79,76,69
2017-07-13 11:00,2192,85,83,0.00,17,265.00,,4.0,1.9,0.18,1.18,1.7,1.9,3.2,1.5,4.0,103,82,79,76,69
2017-07-13 12:00,2192,87,85,0.00,18,43.73,,3.7,2.1,0.20,1.25,0.1,1.8,2.6,1.5,3.3,116,84,79,76,69
2017-07-13 13:00,2192,88,87,0.00,14,46.14,,3.7,2.1,0.19,1.32,0.0,2.1,2.6,1.5,3.3,127,87,79,76,69
2017-07-13 14:00,2192,88,87,0.00,18,207.10,,3.9,2.1,0.23,1.31,0.1,2.4,3.0,1.3,4.0,,89,79,76,69
2017-07-13 15:00,2192,87,85,0.00,16,543.40,,4.1,2.3,0.21,1.29,0.0,1.9,3.0,1.5,4.0,125,93,80,76,69
2017-07-13 16:00,2192,85,83,0.00,15,153.70,,4.3,2.6,0.21,1.19,1.3,2.2,3.2,1.3,3.5,112,95,80,76,69
2017-07-13 17:00,2192,83,81,0.00,21,86.10,,3.3,1.7,0.25,1.13,1.4,2.7,3.4,1.5,3.3,104,95,81,76,69
2017-07-13 18:00,2192,81,76,0.00,30,32.26,,2.0,0.9,0.32,1.00,1.2,2.5,3.2,1.5,3.5,98,96,82,76,69
2017-07-13 19:00,2192,76,72,0.00,37,3.97,,1.5,0.3,0.32,0.87,1.1,2.2,3.5,1.3,3.5,93,95,82,76,69
2017-07-13 20:00,2192,72,68,0.00,32,0.12,,2.1,0.3,0.26,0.74,0.9,2.2,3.5,1.3,4.0,88,94,82,76,69
2017-07-13 21:00,2192,68,64,0.00,33,0.09,,2.5,0.8,0.23,0.63,1.0,2.4,3.5,1.3,3.3,83,93,82,76,69
2017-07-13 22:00,2192,64,62,0.00,37,0.07,,2.1,0.5,0.21,0.58,1.0,2.2,3.0,1.3,3.5,80,92,82,76,69
2017-07-13 23:00,2192,62,58,0.00,41,0.02,,1.5,0.1,0.29,0.54,0.9,2.6,3.5,1.1,3.5,77,90,82,76,69
2017-07-14 00:00,2192,58,55,0.00,58,0.03,,1.3,0.1,0.29,0.47,0.8,1.8,2.9,1.1,3.5,74,90,82,76,69
2017-07-14 01:00,2192,55,53,0.00,67,0.02,,1.5,0.2,0.28,0.43,1.0,1.8,3.8,1.3,3.3,72,88,82,76,69
2017-07-14 02:00,2192,53,52,0.00,68,0.02,,1.1,0.1,0.29,0.40,0.8,2.0,3.2,1.5,4.0,70,88,82,76,69
2017-07-14 03:00,2192,52,51,0.00,71,0.01,,0.9,0.0,0.28,0.38,0.9,2.0,3.2,1.3,3.3,68,86,82,76,69
2017-07-14 04:00,2192,51,50,0.00,75,1.63,,1.2,0.2,0.27,0.37,0.8,2.0,3.2,1.5,3.3,66,85,80,76,69
2017-07-14 05:00,2192,52,49,0.00,80,19.57,,0.7,0.0,0.29,0.36,0.8,2.2,3.2,1.3,4.0,65,84,80,76,69
2017-07-14 06:00,2192,60,52,0.00,76,54.33,,2.1,0.2,0.31,0.44,0.8,1.8,3.0,1.3,4.0,64,83,80,76,69
2017-07-14 07:00,2192,66,60,0.00,65,68.19,,2.2,0.6,0.31,0.56,1.0,1.8,3.0,1.3,4.0,65,82,80,76,69
2017-07-14 08:00,2192,70,66,0.00,42,269.90,,3.9,1.2,0.24,0.66,1.1,1.8,3.0,1.3,3.3,70,82,79,76,69
2017-07-14 09:00,2192,80,70,0.00,31,777.10,,3.8,1.1,0.23,0.84,1.3,1.8,3.2,1.3,3.3,80,81,80,76,69
2017-07-14 10:00,2192,86,80,0.00,18,488.70,,3.2,1.3,0.16,1.13,1.3,1.1,3.2,1.2,3.5,87,82,79,76,69
2017-07-14 11:00,2192,87,86,0.00,12,3.76,,4.7,1.4,0.17,1.28,1.7,1.8,3.2,1.2,3.3,102,82,79,76,69
2017-07-14 12:00,2192,90,87,0.00,13,307.70,,4.3,1.7,0.19,1.36,0.1,2.0,2.6,1.2,4.0,115,85,78,76,69
2017-07-14 13:00,2192,90,89,0.00,13,76.49,,3.7,2.0,0.22,1.39,0.0,1.8,2.6,1.3,3.5,125,86,78,76,69
2017-07-14 14:00,2192,90,86,0.00,14,83.40,,4.3,1.6,0.24,1.36,0.1,2.2,2.6,1.3,4.0,,90,79,76,69
2017-07-14 15:00,2192,89,86,0.00,23,87.30,,3.2,1.7,0.30,1.34,0.0,2.4,3.2,1.3,3.5,125,92,79,76,69
2017-07-14 16:00,2192,86,83,0.00,19,127.70,,2.7,1.3,0.31,1.20,1.5,2.2,3.0,1.3,3.5,114,94,80,76,69
2017-07-14 17:00,2192,83,80,0.00,29,115.50,,2.5,1.4,0.32,1.13,1.3,1.9,3.4,1.3,3.5,108,96,80,76,69
2017-07-14 18:00,2192,80,76,0.00,31,35.64,,2.0,0.5,0.31,0.99,1.2,2.2,3.2,1.1,4.0,102,96,81,76,69
2017-07-14 19:00,2192,76,74,0.00,28,6.95,,1.8,0.6,0.30,0.90,1.2,2.2,3.5,1.3,3.5,97,96,82,76,69
2017-07-14 20:00,2192,74,69,0.00,38,0.14,,1.6,0.2,0.26,0.79,1.1,2.4,3.5,1.3,3.3,92,95,82,76,69
2017-07-14 21:00,2192,69,67,0.00,33,0.09,,2.5,0.6,0.24,0.69,0.9,2.2,3.8,1.1,4.0,87,94,82,76,69
2017-07-14 22:00,2192,69,64,0.00,33,0.06,,1.5,0.3,0.24,0.65,1.0,2.2,3.5,1.3,3.1,83,93,82,76,69
2017-07-14 23:00,2192,64,63,0.00,40,0.05,,4.2,0.7,0.26,0.59,1.1,2.5,3.5,1.1,4.0,80,92,83,76,69
2017-07-15 00:00,2192,63,59,0.00,56,0.05,,2.2,0.3,0.32,0.56,0.9,1.8,3.5,1.3,3.3,77,90,82,76,69
2017-07-15 01:00,2192,59,56,0.00,60,0.04,,1.0,0.1,0.30,0.47,0.8,2.0,3.5,1.3,3.5,74,90,83,76,69
2017-07-15 02:00,2192,56,54,0.00,67,0.03,,0.8,0.0,0.30,0.43,0.8,2.0,2.9,1.3,4.0,72,89,82,76,69
2017-07-15 03:00,2192,54,52,0.00,72,0.02,,0.9,0.0,0.30,0.40,0.8,2.0,3.2,1.3,3.5,70,87,82,76,69
2017-07-15 04:00,2192,52,51,0.00,79,1.07,,0.9,0.1,0.31,0.38,0.9,1.8,3.2,1.3,3.3,68,86,82,76,69
2017-07-15 05:00,2192,52,50,0.00,84,14.80,,0.9,0.0,0.30,0.37,0.9,2.0,3.4,1.2,3.3,66,86,82,76,69
2017-07-15 06:00,2192,60,52,0.00,82,47.71,,1.6,0.1,0.33,0.44,0.8,1.1,3.2,1.2,4.0,65,84,81,76,69
2017-07-15 07:00,2192,65,60,0.00,61,48.53,,2.3,0.8,0.31,0.57,0.8,1.3,3.2,1.3,4.0,66,83,81,76,69
2017-07-15 08:00,2192,73,65,0.00,43,257.00,,2.7,1.2,0.26,0.69,0.9,1.3,3.0,1.3,4.0,71,82,80,76,69
2017-07-15 09:00,2192,78,73,0.00,30,691.70,,3.9,1.3,0.24,0.89,1.3,1.3,3.2,1.3,3.3,80,82,80,76,69
2017-07-15 10:00,2192,84,78,0.00,23,623.00,,3.7,1.4,0.22,1.05,1.3,1.6,2.6,1.2,3.5,87,82,80,76,69
2017-07-15 11:00,2192,86,84,0.00,18,46.05,,3.7,1.3,0.19,1.20,1.7,1.3,2.6,1.2,3.5,103,83,79,76,69
2017-07-15 12:00,2192,88,86,0.00,15,75.87,,4.2,2.3,0.17,1.29,0.1,1.8,2.6,1.2,3.5,116,85,79,76,69
2017-07-15 13:00,2192,90,87,0.00,14,381.90,,4.5,2.3,0.17,1.36,0.0,2.0,2.6,1.3,3.5,125,87,79,76,69
2017-07-15 14:00,2192,90,86,0.00,13,228.80,,4.8,1.8,0.22,1.33,0.0,1.8,3.2,1.2,3.5,,90,80,76,69
2017-07-15 15:00,2192,88,86,0.00,19,185.10,,4.4,1.3,0.25,1.28,0.0,2.6,3.2,1.3,3.3,127,93,80,76,69
2017-07-15 16:00,2192,87,85,0.00,19,78.36,,5.6,1.4,0.23,1.29,1.4,2.4,3.2,1.2,3.5,113,95,80,76,69
2017-07-15 17:00,2192,85,82,0.00,22,83.80,,5.5,1.3,0.24,1.22,1.2,2.4,3.2,1.3,3.5,105,96,81,76,69
2017-07-15 18:00,2192,82,78,0.00,21,31.85,,4.5,1.0,0.24,1.05,1.2,2.4,3.2,1.2,3.3,100,96,82,76,69
2017-07-15 19:00,2192,78,72,0.00,26,4.84,,1.4,0.1,0.24,0.90,1.1,2.2,3.2,1.1,3.5,94,96,82,76,69
2017-07-15 20:00,2192,72,68,0.00,30,0.14,,1.5,0.1,0.24,0.74,1.0,1.5,3.2,1.1,3.5,89,94,82,76,69
2017-07-15 21:00,2192,68,64,0.00,35,0.10,,1.7,0.3,0.23,0.64,0.9,1.8,3.5,1.1,3.5,85,94,83,76,69
2017-07-15 22:00,2192,64,63,0.00,38,0.06,,1.1,0.1,0.25,0.58,1.0,1.8,3.2,1.2,3.5,81,92,83,76,69
2017-07-15 23:00,2192,63,61,0.00,53,0.03,,1.3,0.1,0.30,0.57,0.8,2.0,2.9,1.2,4.0,78,91,82,76,69
2017-07-16 00:00,2192,63,61,0.00,52,0.03,,1.6,0.1,0.28,0.56,0.9,2.0,2.9,1.2,3.5,76,90,83,76,69
2017-07-16 01:00,2192,62,60,0.00,53,0.02,,1.9,0.3,0.32,0.54,0.8,2.0,3.8,1.2,3.5,73,89,83,76,69
2017-07-16 02:00,2192,62,60,0.00,69,0.04,,2.2,0.5,0.37,0.54,1.0,1.8,3.2,1.0,3.5,71,88,82,76,69
2017-07-16 03:00,2192,60,57,0.00,72,0.05,,1.5,0.2,0.35,0.50,0.8,1.3,3.2,1.3,3.5,70,87,82,76,69
2017-07-16 04:00,2192,57,55,0.00,70,1.21,,0.7,0.0,0.31,0.45,0.8,1.6,3.4,1.2,4.0,69,86,82,76,69
2017-07-16 05:00,2192,56,54,0.00,75,13.82,,1.4,0.1,0.32,0.43,0.9,1.6,3.4,1.2,3.3,67,85,82,76,69
2017-07-16 06:00,2192,62,56,0.00,78,48.14,,1.8,0.5,0.36,0.50,0.8,1.6,3.0,1.2,3.3,66,84,82,76,69
2017-07-16 07:00,2192,67,62,0.00,67,48.08,,2.6,0.6,0.27,0.61,0.8,1.9,3.2,1.3,3.5,66,83,81,76,69
2017-07-16 08:00,2192,72,67,0.00,35,250.30,,3.1,1.2,0.24,0.72,0.9,1.9,3.0,1.3,3.5,71,82,80,76,69
2017-07-16 09:00,2192,78,72,0.00,33,428.40,,3.8,1.4,0.25,0.84,1.1,1.9,2.6,1.0,3.3,80,82,80,76,69
2017-07-16 10:00,2192,82,78,0.00,26,344.00,,4.5,1.3,0.25,1.03,1.3,1.6,3.2,1.2,3.3,86,82,80,76,69
2017-07-16 11:00,2192,84,81,0.00,26,142.30,,4.0,1.5,0.25,1.13,1.7,1.9,3.2,1.2,3.5,103,83,80,76,69
2017-07-16 12:00,2192,89,83,0.00,19,2.85,,4.4,1.5,0.20,1.26,0.1,1.3,3.2,1.1,3.5,116,85,79,76,69
2017-07-16 13:00,2192,90,89,0.00,14,41.42,,4.6,2.2,0.18,1.37,0.0,1.8,3.2,1.2,3.5,125,87,80,76,69
2017-07-16 14:00,2192,91,90,0.00,10,83.40,,4.0,2.3,0.19,1.44,0.0,2.0,2.8,1.3,3.3,,90,80,76,69
2017-07-16 15:00,2192,90,88,0.00,16,278.10,,4.2,2.3,0.20,1.41,1.6,1.8,3.2,1.2,3.5,127,93,80,76,69
2017-07-16 16:00,2192,88,86,0.00,17,131.80,,4.1,2.2,0.19,1.28,1.4,2.2,3.4,1.1,3.5,113,96,80,76,69
2017-07-16 17:00,2192,86,83,0.00,18,116.50,,5.0,1.4,0.20,1.19,1.2,2.6,3.4,1.3,3.3,105,96,81,76,69
2017-07-16 18:00,2192,83,78,0.00,22,30.63,,8.6,0.6,0.23,1.06,1.2,2.2,3.2,1.2,3.5,100,97,82,76,69
2017-07-16 19:00,2192,78,74,0.00,17,4.04,,2.1,0.3,0.19,0.92,1.0,2.5,3.2,1.1,3.5,94,96,82,76,69
2017-07-16 20:00,2192,74,70,0.00,20,0.14,,2.8,0.2,0.17,0.78,1.0,1.8,3.2,1.1,3.5,89,95,82,76,69
2017-07-16 21:00,2192,71,65,0.00,21,0.08,,1.3,0.2,0.18,0.73,0.9,2.0,2.9,1.3,3.5,85,94,82,76,69
2017-07-16 22:00,2192,65,62,0.00,30,0.08,,1.8,0.2,0.22,0.60,1.0,2.0,3.8,1.1,3.5,80,92,83,76,69
2017-07-16 23:00,2192,62,60,0.00,43,0.03,,1.7,0.3,0.25,0.54,0.8,1.8,3.2,1.3,3.3,78,92,83,76,69
2017-07-17 00:00,2192,61,56,0.00,52,0.02,,1.6,0.2,0.24,0.49,0.9,1.8,3.2,1.3,3.5,75,90,83,76,69
2017-07-17 01:00,2192,56,54,0.00,49,0.01,,0.8,0.1,0.24,0.43,0.8,1.3,2.9,1.1,3.5,73,89,82,76,69
2017-07-17 02:00,2192,54,52,0.00,60,0.01,,1.2,0.1,0.26,0.41,0.6,1.6,3.2,1.1,3.3,70,88,82,76,69
2017-07-17 03:00,2192,52,50,0.00,70,0.01,,1.3,0.2,0.27,0.38,0.8,1.6,3.0,1.2,3.3,69,87,82,76,69
2017-07-17 04:00,2192,51,49,0.00,72,1.25,,1.1,0.1,0.26,0.37,0.8,2.2,3.2,1.2,3.5,67,86,82,76,69
2017-07-17 05:00,2192,51,49,0.00,70,14.37,,1.4,0.1,0.26,0.36,0.6,2.2,3.2,1.1,4.0,65,85,82,76,69
2017-07-17 06:00,2192,60,51,0.00,68,46.83,,1.2,0.2,0.29,0.43,0.8,1.8,3.0,1.1,3.5,64,83,82,76,69
2017-07-17 07:00,2192,64,60,0.00,62,50.86,,2.7,0.8,0.33,0.55,0.8,2.0,3.2,1.3,3.3,65,82,81,76,69
2017-07-17 08:00,2192,72,64,0.00,51,242.30,,2.2,1.0,0.28,0.67,0.9,2.0,3.2,1.2,3.3,70,82,81,76,69
2017-07-17 09:00,2192,80,72,0.00,33,248.90,,5.0,1.6,0.26,0.90,1.1,2.0,3.2,1.3,3.3,79,82,80,76,69
2017-07-17 10:00,2192,84,80,0.00,22,333.30,,3.7,1.9,0.23,1.10,1.3,2.0,3.2,1.1,3.3,85,82,80,76,69
2017-07-17 11:00,2192,85,84,0.00,19,377.30,,5.6,2.4,0.21,1.21,1.5,2.2,2.8,1.2,3.5,102,82,80,76,69
2017-07-17 12:00,2192,86,83,0.00,17,655.10,,4.6,2.3,0.22,1.23,1.7,1.9,2.8,1.1,3.0,116,85,79,76,69
2017-07-17 13:00,2192,84,82,0.00,21,511.80,,4.0,1.7,0.24,1.14,0.0,1.6,2.8,1.1,3.5,125,87,79,76,69
2017-07-17 14:00,2192,86,84,0.00,19,362.90,,4.3,2.3,0.21,1.23,1.7,1.8,2.8,1.0,3.5,124,90,79,76,69
2017-07-17 15:00,2192,85,83,0.00,15,536.30,,5.0,2.2,0.21,1.18,1.5,2.0,2.6,1.1,3.5,120,92,79,76,69
2017-07-17 16:00,2192,83,80,0.00,22,232.20,,3.9,2.0,0.24,1.11,1.3,2.0,3.2,1.2,3.5,109,94,80,76,69
2017-07-17 17:00,2192,80,78,0.00,22,107.30,,3.8,1.4,0.23,1.02,1.2,2.0,3.0,1.1,3.5,101,96,81,76,69
2017-07-17 18:00,2192,78,74,0.00,23,32.12,,2.9,1.4,0.24,0.92,1.2,1.8,3.4,1.1,3.5,96,94,82,76,69
2017-07-17 19:00,2192,74,71,0.00,33,3.76,,3.5,1.4,0.27,0.82,1.0,2.0,3.2,1.1,3.5,91,94,82,76,69
2017-07-17 20:00,2192,71,69,0.00,30,0.10,,2.4,1.2,0.23,0.76,0.9,2.0,3.4,1.1,3.5,86,94,82,76,69
2017-07-17 21:00,2192,69,67,0.00,37,0.06,,2.5,1.0,0.25,0.70,1.0,2.3,3.2,1.1,3.5,82,92,82,76,69
2017-07-17 22:00,2192,67,61,0.00,38,0.08,,2.1,0.4,0.24,0.62,0.8,1.8,3.2,1.1,3.5,80,91,82,76,69
2017-07-17 23:00,2192,61,58,0.00,43,0.04,,1.4,0.3,0.23,0.51,0.9,1.3,3.0,1.1,3.5,77,90,82,76,69
2017-07-18 00:00,2192,58,56,0.00,48,0.02,,0.9,0.1,0.24,0.47,0.8,1.9,3.2,1.1,3.3,74,89,82,76,69
2017-07-18 01:00,2192,56,54,0.00,61,0.03,,1.2,0.1,0.28,0.44,1.0,1.9,3.0,1.1,3.5,72,88,82,76,69
2017-07-18 02:00,2192,54,52,0.00,69,0.01,,1.0,0.1,0.29,0.40,0.8,2.2,3.4,1.1,3.5,70,87,82,76,69
2017-07-18 03:00,2192,52,50,0.00,69,0.01,,1.0,0.1,0.27,0.38,0.8,2.2,3.2,1.1,3.5,68,86,82,76,69
2017-07-18 04:00,2192,50,49,0.00,77,1.14,,0.9,0.1,0.27,0.35,0.8,1.8,3.2,1.1,3.3,66,85,82,76,69
2017-07-18 05:00,2192,51,49,0.00,75,13.91,,1.2,0.0,0.27,0.35,0.8,1.5,2.6,1.1,3.3,64,85,81,76,69
2017-07-18 06:00,2192,59,51,0.00,73,44.67,,2.2,0.4,0.32,0.42,0.8,1.5,2.6,1.1,3.5,63,83,81,76,69
2017-07-18 07:00,2192,65,59,0.00,72,52.58,,2.6,0.7,0.34,0.53,0.8,1.5,2.8,1.1,3.5,64,82,80,76,69
2017-07-18 08:00,2192,70,65,0.00,46,241.20,,2.9,1.1,0.28,0.66,0.9,1.8,2.8,1.1,3.3,69,81,80,76,69
2017-07-18 09:00,2192,77,70,0.00,33,605.90,,3.9,1.4,0.23,0.84,1.2,1.8,2.6,1.1,3.5,77,81,80,76,69
2017-07-18 10:00,2192,79,77,0.00,24,384.70,,4.7,2.5,0.21,0.99,1.1,1.5,2.8,1.3,3.5,83,81,79,76,69
2017-07-18 11:00,2192,80,79,0.00,17,525.90,,5.7,2.4,0.18,1.03,1.6,2.3,2.8,1.1,3.5,101,82,79,76,69
2017-07-18 12:00,2192,82,80,0.00,16,864.00,,5.7,2.6,0.18,1.07,1.7,2.0,2.4,1.1,3.5,114,83,79,76,69
2017-07-18 13:00,2192,82,80,0.00,17,847.00,,4.2,2.1,0.16,1.07,0.0,1.6,2.9,1.1,3.5,124,86,78,76,69
2017-07-18 14:00,2192,82,80,0.00,13,275.20,,4.3,2.0,0.16,1.07,0.0,1.3,2.8,1.1,3.5,130,89,79,76,69
2017-07-18 15:00,2192,81,80,0.00,14,661.00,,3.9,2.2,0.14,1.06,1.5,1.8,2.8,1.1,3.5,124,92,79,76,69
2017-07-18 16:00,2192,81,77,0.00,13,263.30,,3.9,2.1,0.15,1.01,1.2,2.0,2.8,1.1,3.0,109,94,80,76,69
2017-07-18 17:00,2192,77,75,0.00,13,121.30,,3.5,1.7,0.16,0.93,1.0,2.0,2.6,1.1,3.5,101,96,80,76,69
2017-07-18 18:00,2192,75,72,0.00,21,35.30,,2.5,1.3,0.18,0.83,1.0,2.0,2.6,1.0,3.5,95,96,81,76,69
2017-07-18 19:00,2192,72,68,0.00,23,3.77,,2.7,1.1,0.18,0.74,1.0,2.0,3.0,1.0,3.1,89,94,82,76,69
2017-07-18 20:00,2192,68,65,0.00,28,0.08,,2.6,1.0,0.19,0.66,0.9,2.1,3.0,1.0,3.5,85,94,82,76,69
2017-07-18 21:00,2192,65,61,0.00,28,0.06,,2.4,0.6,0.18,0.61,0.8,1.1,3.0,1.1,3.5,80,92,82,76,69
2017-07-18 22:00,2192,61,55,0.00,33,0.06,,1.4,0.3,0.17,0.49,0.8,1.6,3.4,1.0,3.5,77,92,82,76,69
2017-07-18 23:00,2192,55,53,0.00,36,0.04,,2.2,0.4,0.17,0.42,0.8,2.0,3.0,1.0,3.5,74,90,82,76,69
2017-07-19 00:00,2192,53,53,0.00,50,0.02,,1.7,0.1,0.22,0.41,0.8,2.2,3.2,1.1,3.5,71,89,82,76,69
2017-07-19 01:00,2192,53,47,0.00,58,0.01,,1.5,0.2,0.22,0.37,0.6,1.8,3.0,1.1,3.5,69,87,82,76,69
2017-07-19 02:00,2192,47,45,0.00,63,0.01,,0.9,0.1,0.20,0.32,0.8,2.0,2.6,1.1,3.5,66,86,81,76,69
2017-07-19 03:00,2192,46,44,0.00,66,0.00,,1.3,0.2,0.19,0.30,0.6,1.5,3.2,1.0,3.5,64,85,82,76,69
2017-07-19 04:00,2192,44,42,0.00,68,1.12,,1.2,0.3,0.19,0.27,0.6,1.5,3.2,1.0,3.5,62,83,81,76,69
2017-07-19 05:00,2192,44,42,0.00,74,14.52,,0.8,0.1,0.20,0.27,0.6,1.8,2.6,1.0,3.3,60,82,80,76,69
2017-07-19 06:00,2192,52,44,0.00,73,42.38,,1.8,0.3,0.22,0.32,0.7,1.8,2.8,1.0,3.3,59,82,80,76,69
2017-07-19 07:00,2192,58,52,0.00,61,51.54,,3.1,1.1,0.24,0.43,0.6,2.0,2.8,1.0,3.5,59,80,80,76,69
2017-07-19 08:00,2192,64,58,0.00,49,249.30,,2.8,1.1,0.21,0.52,0.8,2.0,2.8,1.1,3.5,64,80,80,76,69
2017-07-19 09:00,2192,74,64,0.00,30,823.00,,3.0,1.2,0.16,0.73,0.8,2.2,2.6,1.1,3.5,72,80,79,76,69
2017-07-19 10:00,2192,78,73,0.00,16,854.00,,3.6,1.6,0.14,0.88,1.1,2.0,2.5,1.0,3.3,79,80,79,76,69
2017-07-19 11:00,2192,82,78,0.00,15,750.00,,4.2,1.9,0.14,1.05,1.4,2.0,2.5,1.0,3.5,97,80,78,76,69
2017-07-19 12:00,2192,83,81,0.00,12,841.00,,3.7,2.1,0.13,1.10,1.5,1.8,2.8,1.0,3.0,111,82,78,76,69
2017-07-19 13:00,2192,84,83,0.00,12,699.70,,3.8,2.2,0.14,1.15,0.0,2.0,2.5,1.0,3.5,121,85,77,76,69
2017-07-19 14:00,2192,84,82,0.00,14,271.40,,4.0,2.2,0.15,1.15,0.0,1.9,2.5,1.0,3.5,127,87,78,76,69
2017-07-19 15:00,2192,84,83,0.00,13,323.60,,4.8,2.1,0.14,1.15,1.4,1.3,2.5,1.0,3.5,122,90,78,76,69
2017-07-19 16:00,2192,83,80,0.00,13,241.10,,4.0,2.1,0.15,1.10,1.2,1.8,3.0,1.0,3.4,109,92,79,76,69
2017-07-19 17:00,2192,80,77,0.00,19,120.70,,3.2,1.9,0.18,0.99,1.1,1.9,2.6,1.0,3.5,101,94,79,76,69
2017-07-19 18:00,2192,77,74,0.00,24,33.81,,2.9,1.7,0.22,0.89,1.0,2.1,2.8,1.0,3.4,95,94,80,76,69
2017-07-19 19:00,2192,74,70,0.00,19,3.42,,3.2,1.2,0.14,0.79,0.9,1.6,2.6,1.0,3.5,90,94,80,76,69
2017-07-19 20:00,2192,70,62,0.00,18,0.12,,2.8,0.5,0.14,0.67,0.8,1.6,2.6,1.0,3.4,85,92,80,76,69
2017-07-19 21:00,2192,62,58,0.00,24,0.06,,1.9,0.4,0.13,0.53,0.8,1.6,3.2,1.1,3.5,80,92,81,76,69
2017-07-19 22:00,2192,63,58,0.00,27,0.02,,2.3,0.6,0.18,0.52,0.8,2.2,2.6,1.0,3.5,76,90,81,76,69
2017-07-19 23:00,2192,60,56,0.00,33,0.03,,2.3,0.5,0.19,0.47,0.8,2.2,2.6,0.8,3.5,73,89,80,75,69
2017-07-20 00:00,2192,56,51,0.00,46,0.03,,1.4,0.1,0.21,0.42,0.8,2.0,3.2,0.8,3.5,71,88,81,76,69
2017-07-20 01:00,2192,51,49,0.00,51,0.01,,1.3,0.1,0.19,0.36,0.6,1.5,3.2,1.0,3.5,68,86,81,76,69
2017-07-20 02:00,2192,49,47,0.00,53,0.00,,1.2,0.1,0.19,0.34,0.6,1.5,2.6,1.0,3.5,66,85,81,76,69
2017-07-20 03:00,2192,47,46,0.00,56,0.00,,0.9,0.1,0.19,0.32,0.6,1.8,2.6,1.0,3.4,64,84,80,76,69
2017-07-20 04:00,2192,46,44,0.00,65,1.09,,1.2,0.1,0.20,0.30,0.6,1.8,2.8,1.0,3.5,63,83,80,76,69
2017-07-20 05:00,2192,46,44,0.00,67,14.98,,1.0,0.1,0.20,0.30,0.6,2.2,2.8,1.0,3.5,61,82,80,75,69
2017-07-20 06:00,2192,55,46,0.00,72,36.95,,2.2,0.3,0.23,0.35,0.6,2.2,3.0,1.0,3.5,60,81,80,76,69
2017-07-20 07:00,2192,60,55,0.00,56,50.86,,2.6,0.8,0.24,0.47,0.8,2.2,3.1,1.0,3.5,61,80,79,76,69
2017-07-20 08:00,2192,67,60,0.00,45,252.10,,2.3,0.9,0.22,0.57,0.8,2.2,2.5,0.8,3.5,66,80,79,76,69
2017-07-20 09:00,2192,74,67,0.00,27,745.20,,3.0,1.1,0.19,0.76,1.0,2.2,3.4,1.0,3.5,73,79,79,76,69
2017-07-20 10:00,2192,79,74,0.00,23,511.60,,4.1,1.5,0.19,0.91,1.1,2.2,2.8,1.0,3.5,80,79,78,76,69
2017-07-20 11:00,2192,80,79,0.00,17,606.40,,5.0,1.8,0.16,1.02,1.5,2.2,3.1,1.0,3.5,98,80,77,76,69
2017-07-20 12:00,2192,83,80,0.00,17,618.00,,4.4,2.1,0.17,1.06,1.5,2.0,2.8,1.0,3.0,112,82,78,76,69
2017-07-20 13:00,2192,83,83,0.00,15,657.00,,5.0,2.2,0.18,1.13,0.0,1.5,3.4,1.0,3.5,121,84,78,76,69
2017-07-20 14:00,2192,84,81,0.00,18,235.10,,4.7,2.3,0.21,1.15,0.0,2.0,2.8,1.0,3.4,127,87,77,76,69
2017-07-20 15:00,2192,83,81,0.00,20,416.00,,4.3,1.7,0.24,1.12,1.5,1.6,2.9,1.0,3.5,124,90,78,76,69
2017-07-20 16:00,2192,83,80,0.00,19,119.60,,4.9,1.4,0.22,1.11,1.4,1.6,2.8,1.0,3.0,112,92,78,76,69
2017-07-20 17:00,2192,80,77,0.00,24,113.50,,5.0,1.5,0.23,1.00,1.2,1.6,2.5,1.0,3.5,103,94,78,76,69
2017-07-20 18:00,2192,77,73,0.00,24,30.45,,4.6,0.8,0.22,0.88,1.1,1.6,3.0,1.0,3.8,97,94,80,75,69
2017-07-20 19:00,2192,73,68,0.00,27,3.30,,2.7,0.4,0.21,0.77,1.0,2.0,2.8,1.0,3.4,92,94,80,75,69
2017-07-20 20:00,2192,68,67,0.00,31,0.08,,4.2,0.2,0.22,0.67,1.0,2.0,2.8,1.0,3.0,86,93,80,75,69
2017-07-20 21:00,2192,67,61,0.00,32,0.06,,2.2,0.5,0.22,0.61,0.9,2.3,2.8,1.0,3.5,82,92,81,75,69
2017-07-20 22:00,2192,61,58,0.00,40,0.03,,1.7,0.3,0.24,0.52,1.0,2.2,3.2,1.0,3.5,79,91,81,75,69
2017-07-20 23:00,2192,58,56,0.00,49,0.02,,1.6,0.2,0.24,0.47,0.8,2.0,2.6,1.0,3.5,76,90,80,75,69
2017-07-21 00:00,2192,58,55,0.00,67,0.01,,0.9,0.0,0.30,0.46,0.8,2.0,2.6,1.0,3.5,73,89,80,75,69
2017-07-21 01:00,2192,55,51,0.00,72,0.01,,1.4,0.2,0.28,0.40,0.8,1.5,2.6,1.1,3.5,70,87,80,75,69
2017-07-21 02:00,2192,52,51,0.00,66,0.01,,0.9,0.0,0.27,0.38,0.6,1.5,2.6,1.0,3.5,68,86,80,75,69
2017-07-21 03:00,2192,51,49,0.00,71,0.00,,1.2,0.2,0.28,0.37,0.8,1.8,2.8,0.8,3.5,66,85,80,75,69
2017-07-21 04:00,2192,49,47,0.00,80,1.00,,0.8,0.1,0.27,0.33,0.6,2.1,2.8,1.0,3.5,64,84,80,75,69
2017-07-21 05:00,2192,49,46,0.00,82,13.60,,1.2,0.0,0.26,0.32,0.6,2.2,2.8,0.8,3.5,63,83,80,75,69
2017-07-21 06:00,2192,57,49,0.00,75,31.89,,1.3,0.2,0.30,0.39,0.8,2.2,2.6,1.0,3.5,62,82,80,76,69
2017-07-21 07:00,2192,62,57,0.00,72,49.62,,2.6,0.7,0.32,0.50,0.8,2.2,2.6,1.0,3.8,62,81,79,76,69
2017-07-21 08:00,2192,69,62,0.00,58,248.80,,3.4,1.2,0.30,0.62,0.8,1.8,2.5,1.0,3.4,68,80,79,76,69
2017-07-21 09:00,2192,76,69,0.00,35,687.30,,3.0,1.2,0.23,0.80,1.0,1.8,2.5,1.0,3.4,74,80,78,76,69
2017-07-21 10:00,2192,80,76,0.00,24,660.20,,3.9,1.3,0.16,0.95,1.1,2.4,2.8,1.0,3.5,80,80,79,76,69
2017-07-21 11:00,2192,82,80,0.00,13,507.00,,4.1,1.4,0.15,1.08,1.5,2.2,2.9,0.8,3.4,98,80,78,76,69
2017-07-21 12:00,2192,83,82,0.00,16,611.50,,4.9,1.5,0.16,1.11,1.5,2.2,2.9,0.8,3.5,112,82,78,76,69
2017-07-21 13:00,2192,86,82,0.00,14,606.10,,6.3,1.6,0.16,1.13,1.7,1.8,2.8,1.0,3.5,121,85,77,76,69
2017-07-21 14:00,2192,86,85,0.00,12,249.00,,4.3,1.5,0.14,1.22,0.0,2.0,2.8,0.8,3.4,127,87,77,76,69
2017-07-21 15:00,2192,86,85,0.00,11,189.70,,4.3,1.2,0.13,1.23,1.5,2.3,2.9,1.0,3.4,124,90,78,75,69
2017-07-21 16:00,2192,86,84,0.00,11,97.70,,4.3,1.2,0.14,1.20,1.4,1.6,3.4,0.8,3.4,110,93,78,75,69
2017-07-21 17:00,2192,84,82,0.00,11,78.58,,4.6,1.0,0.15,1.16,1.0,1.6,2.6,1.0,3.5,102,94,79,75,69
2017-07-21 18:00,2192,82,77,0.00,19,29.29,,3.7,0.8,0.22,1.02,0.9,1.6,2.6,0.8,3.4,96,94,80,75,69
2017-07-21 19:00,2192,77,71,0.00,21,3.12,,2.6,0.2,0.20,0.86,1.0,2.0,2.8,1.0,3.5,92,94,80,75,69
2017-07-21 20:00,2192,71,64,0.00,26,0.11,,1.1,0.1,0.18,0.71,1.0,2.3,2.8,1.0,3.4,87,93,81,75,69
2017-07-21 21:00,2192,64,64,0.00,29,0.06,,1.2,0.1,0.18,0.60,0.8,2.3,2.8,0.8,3.4,82,92,81,75,69
2017-07-21 22:00,2192,64,62,0.00,33,0.03,,1.4,0.2,0.21,0.58,0.8,1.8,2.8,1.0,3.5,79,92,81,75,69
2017-07-21 23:00,2192,64,62,0.00,40,0.03,,1.2,0.1,0.26,0.59,0.8,2.0,2.8,0.8,3.5,76,90,81,74,69
2017-07-22 00:00,2192,63,62,0.00,49,0.03,,1.8,0.2,0.28,0.57,0.7,1.5,2.8,1.0,3.5,74,89,82,75,69
2017-07-22 01:00,2192,63,62,0.00,54,0.02,,1.5,0.1,0.28,0.56,0.8,1.5,2.8,0.8,3.5,72,87,81,75,69
2017-07-22 02:00,2192,62,60,0.00,49,0.03,,1.6,0.1,0.27,0.54,0.8,1.8,2.8,1.0,3.0,70,86,81,75,69
2017-07-22 03:00,2192,60,58,0.00,53,0.02,,2.2,0.2,0.26,0.51,0.6,2.3,3.0,1.0,3.4,69,86,81,75,69
2017-07-22 04:00,2192,58,56,0.00,52,0.96,,1.8,0.2,0.25,0.47,0.8,2.3,2.8,1.0,3.5,67,85,80,75,69
2017-07-22 05:00,2192,56,55,0.00,57,15.43,,1.3,0.1,0.26,0.44,0.8,2.2,2.6,1.0,3.0,66,83,80,75,69
2017-07-22 06:00,2192,62,55,0.00,61,36.30,,2.6,0.3,0.26,0.48,0.8,2.2,2.5,1.0,3.4,65,82,79,75,69
2017-07-22 07:00,2192,66,62,0.00,44,59.77,,2.2,0.7,0.25,0.60,0.6,1.8,2.8,1.0,3.5,65,82,80,75,69
2017-07-22 08:00,2192,72,66,0.00,40,228.40,,3.1,1.0,0.27,0.69,0.8,1.8,2.5,1.0,3.5,70,81,80,76,69
2017-07-22 09:00,2192,77,72,0.00,31,783.60,,4.1,1.3,0.27,0.85,1.0,1.8,2.8,0.8,3.5,76,81,79,76,69
2017-07-22 10:00,2192,83,76,0.00,29,630.60,,5.2,1.8,0.26,0.97,1.1,2.4,2.8,0.8,3.0,82,82,79,75,69
2017-07-22 11:00,2192,86,83,0.00,19,30.41,,7.2,2.2,0.20,1.19,1.5,2.2,2.9,1.0,3.5,99,82,79,76,69
2017-07-22 12:00,2192,90,86,0.00,13,44.30,,8.9,2.1,0.16,1.32,1.5,2.0,2.9,0.8,3.5,113,83,78,76,69
2017-07-22 13:00,2192,90,89,0.00,11,264.60,,8.2,2.4,0.16,1.39,1.7,1.8,2.9,1.0,3.5,122,86,78,76,69
2017-07-22 14:00,2192,91,89,0.00,11,126.90,,10.4,1.8,0.17,1.41,0.0,1.5,2.9,0.8,3.5,128,89,78,76,69
2017-07-22 15:00,2192,91,89,0.00,12,135.20,,4.5,1.5,0.18,1.42,1.4,2.3,2.8,0.8,3.5,125,91,78,75,69
2017-07-22 16:00,2192,90,89,0.00,12,124.00,,4.3,1.3,0.17,1.40,1.2,1.6,2.8,1.0,3.4,113,94,79,75,69
2017-07-22 17:00,2192,90,88,0.00,12,61.93,,3.8,0.8,0.16,1.36,1.2,2.0,2.6,0.8,3.6,104,96,79,75,69
2017-07-22 18:00,2192,88,81,0.00,12,30.62,,0.8,0.1,0.17,1.23,1.0,2.0,2.6,1.0,3.0,98,95,80,75,69
2017-07-22 19:00,2192,81,75,0.00,18,3.27,,2.0,0.1,0.20,0.95,1.0,2.0,2.6,0.8,3.4,94,95,80,75,69
2017-07-22 20:00,2192,76,70,0.00,33,0.13,,2.0,0.4,0.25,0.86,0.9,2.3,2.8,0.8,3.0,89,94,81,75,69
2017-07-22 21:00,2192,70,68,0.00,32,0.12,,1.8,0.3,0.24,0.73,0.8,1.8,2.8,1.0,3.0,85,94,80,75,69
2017-07-22 22:00,2192,69,67,0.00,34,0.07,,1.2,0.1,0.27,0.70,0.8,2.0,2.8,0.8,3.4,82,92,82,75,69
2017-07-22 23:00,2192,67,64,0.00,52,0.08,,1.1,0.1,0.37,0.63,0.8,2.0,2.8,1.0,3.5,79,91,82,75,69
2017-07-23 00:00,2192,64,61,0.00,60,0.04,,1.2,0.1,0.33,0.57,0.8,1.6,2.8,1.0,3.3,77,90,82,75,69
2017-07-23 01:00,2192,61,59,0.00,54,0.03,,1.4,0.2,0.32,0.53,0.9,1.9,2.8,1.0,3.5,75,89,82,75,69
2017-07-23 02:00,2192,59,58,0.00,60,0.03,,1.1,0.1,0.30,0.50,0.8,2.1,2.6,1.0,3.5,73,88,82,75,69
2017-07-23 03:00,2192,59,56,0.00,74,0.01,,0.6,0.0,0.35,0.48,0.8,2.1,2.8,0.8,3.4,71,87,82,75,69
2017-07-23 04:00,2192,56,55,0.00,76,1.70,,1.0,0.1,0.34,0.45,0.6,2.3,2.6,0.8,3.4,69,86,81,75,69
2017-07-23 05:00,2192,57,55,0.00,76,24.31,,0.8,0.0,0.32,0.44,0.8,2.3,2.6,0.8,3.5,68,85,81,76,69
2017-07-23 06:00,2192,64,57,0.00,73,41.56,,1.2,0.1,0.35,0.51,0.8,2.3,2.6,1.0,3.5,67,84,80,76,69
2017-07-23 07:00,2192,69,64,0.00,66,57.24,,2.5,0.8,0.38,0.63,0.8,1.8,2.5,1.0,3.5,68,83,80,76,69
2017-07-23 08:00,2192,74,69,0.00,48,227.00,,2.5,1.1,0.32,0.76,1.1,1.8,3.1,0.8,3.5,73,82,80,76,69
2017-07-23 09:00,2192,83,74,0.00,35,456.30,,4.1,1.4,0.29,0.96,1.1,2.4,2.2,1.0,3.4,79,82,80,76,69
2017-07-23 10:00,2192,86,83,0.00,21,348.30,,3.6,1.2,0.21,1.21,1.3,2.4,2.9,1.0,3.4,85,82,80,76,69
2017-07-23 11:00,2192,89,84,0.00,17,254.90,,4.5,1.4,0.23,1.29,1.5,1.6,2.8,0.8,3.0,97,83,79,76,69
2017-07-23 12:00,2192,90,88,0.00,15,143.20,,2.8,1.3,0.23,1.38,1.7,2.3,2.9,0.8,3.4,110,84,79,76,69
2017-07-23 13:00,2192,90,86,0.00,21,142.40,,3.0,1.4,0.31,1.34,0.0,2.1,2.9,0.8,3.3,116,86,79,76,69
2017-07-23 14:00,2192,91,86,0.00,27,146.30,,3.6,1.5,0.35,1.35,0.0,1.5,2.8,1.0,3.6,116,89,79,76,69
2017-07-23 15:00,2192,91,86,0.00,33,190.50,,3.2,1.5,0.32,1.37,1.3,2.0,2.8,1.0,3.0,113,91,79,76,69
2017-07-23 16:00,2192,89,86,0.00,21,101.20,,2.7,1.5,0.30,1.34,1.4,2.4,2.8,1.0,3.4,107,93,79,76,69
2017-07-23 17:00,2192,86,83,0.00,25,91.50,,4.8,0.9,0.28,1.23,1.2,1.8,2.8,0.8,3.4,100,94,80,76,69
2017-07-23 18:00,2192,83,79,0.00,26,34.86,,1.9,0.6,0.30,1.09,1.2,2.3,2.8,1.0,3.0,95,94,80,76,69
2017-07-23 19:00,2192,79,75,0.00,25,2.60,,2.6,1.0,0.25,0.97,1.1,2.5,2.6,1.0,3.4,90,94,81,76,69
2017-07-23 20:00,2192,75,70,0.00,30,0.13,,2.4,0.6,0.25,0.82,0.9,2.0,2.8,0.8,3.4,86,92,80,76,69
2017-07-23 21:00,2192,70,66,0.00,29,0.11,,2.0,0.4,0.20,0.69,1.0,1.6,2.6,0.8,3.4,82,92,82,76,69
2017-07-23 22:00,2192,67,65,0.00,31,0.07,,3.2,0.5,0.23,0.64,1.0,1.6,2.8,1.0,3.0,80,92,81,76,69
2017-07-23 23:00,2192,67,62,0.00,51,0.06,,1.8,0.2,0.34,0.63,0.9,1.6,2.8,0.8,3.4,77,90,82,76,69
2017-07-24 00:00,2192,62,61,0.00,57,0.05,,0.9,0.1,0.33,0.55,0.9,2.1,2.6,0.8,3.4,75,89,82,76,69
2017-07-24 01:00,2192,61,59,0.00,66,0.02,,0.6,0.0,0.35,0.52,0.8,2.1,2.6,1.0,3.6,73,88,82,76,69
2017-07-24 02:00,2192,59,57,0.00,65,0.02,,1.2,0.2,0.32,0.49,1.0,2.3,2.6,1.0,3.0,71,87,82,76,69
2017-07-24 03:00,2192,57,54,0.00,66,0.02,,1.0,0.1,0.30,0.45,0.8,2.3,2.6,1.0,3.0,70,86,81,76,69
2017-07-24 04:00,2192,55,54,0.00,71,0.70,,1.2,0.1,0.31,0.43,0.8,2.3,2.6,1.0,3.4,68,85,81,76,69
2017-07-24 05:00,2192,56,54,0.00,74,16.93,,0.8,0.0,0.32,0.43,0.8,2.4,3.4,1.0,3.5,67,85,81,76,69
2017-07-24 06:00,2192,62,56,0.00,72,42.65,,1.9,0.1,0.35,0.49,0.9,1.8,3.1,1.0,3.5,66,83,80,76,69
2017-07-24 07:00,2192,67,62,0.00,65,79.18,,2.2,0.6,0.36,0.61,0.9,1.3,3.4,0.8,3.5,67,82,80,76,69
2017-07-24 08:00,2192,73,67,0.00,54,169.50,,1.8,0.5,0.38,0.70,0.9,1.3,2.9,0.8,3.5,71,82,80,76,69
2017-07-24 09:00,2192,80,73,0.00,49,405.90,,3.2,0.9,0.35,0.88,1.1,1.3,2.9,0.8,3.4,76,82,80,76,69
2017-07-24 10:00,2192,85,80,0.00,33,162.30,,4.1,1.5,0.28,1.13,1.1,1.3,2.5,0.8,3.4,80,82,79,76,69
2017-07-24 11:00,2192,87,82,0.00,21,231.20,,4.7,1.6,0.27,1.20,1.5,1.8,2.9,1.0,3.6,98,82,79,76,69
2017-07-24 12:00,2192,88,84,0.00,26,327.70,,6.4,1.8,0.28,1.27,1.5,2.3,2.9,0.8,3.4,106,83,79,76,69
2017-07-24 13:00,2192,89,87,0.00,25,527.60,,4.6,1.8,0.29,1.34,0.0,2.3,2.5,0.8,3.4,117,86,79,76,69
2017-07-24 14:00,2192,89,87,0.00,21,244.00,,3.7,1.7,0.30,1.35,0.0,1.8,2.9,1.0,3.4,127,89,78,76,69
2017-07-24 15:00,2192,88,87,0.00,23,366.10,,3.5,1.9,0.31,1.33,0.0,2.0,2.9,0.8,3.0,127,91,78,76,69
2017-07-24 16:00,2192,87,84,0.00,24,144.00,,3.5,1.9,0.34,1.22,1.4,2.3,2.9,0.8,3.0,114,94,79,76,69
2017-07-24 17:00,2192,84,77,0.00,29,53.03,,7.9,1.7,0.34,1.10,1.2,2.3,2.8,0.8,3.6,106,95,79,76,69
2017-07-24 18:00,2192,77,74,0.00,33,10.93,,5.2,0.9,0.30,0.90,1.2,2.3,2.8,0.8,3.0,101,95,80,76,69
2017-07-24 19:00,2192,74,72,0.00,36,1.61,,4.1,0.4,0.33,0.82,1.1,2.3,2.8,0.7,3.4,95,95,81,76,69
2017-07-24 20:00,2192,72,70,0.00,43,0.07,,5.9,1.0,0.32,0.79,1.1,2.3,2.6,1.0,3.6,90,94,82,76,70
2017-07-24 21:00,2192,70,69,0.00,44,0.09,,4.0,0.8,0.33,0.72,0.9,2.0,2.6,0.8,3.0,87,94,81,76,69
2017-07-24 22:00,2192,69,64,0.00,46,0.07,,2.3,0.3,0.33,0.69,1.1,1.6,2.6,0.8,3.4,84,93,82,76,69
2017-07-24 23:00,2192,64,61,0.00,54,0.06,,1.2,0.3,0.32,0.58,1.0,2.0,2.8,0.8,3.4,82,92,82,76,69
2017-07-25 00:00,2192,61,58,0.00,63,0.04,,1.9,0.3,0.33,0.52,0.9,1.8,2.6,0.8,3.0,79,92,82,76,69
2017-07-25 01:00,2192,59,58,0.00,66,0.02,,1.5,0.2,0.34,0.49,0.9,2.1,2.6,1.0,3.4,76,90,82,76,69
2017-07-25 02:00,2192,58,57,0.00,72,0.02,,1.2,0.1,0.35,0.48,0.8,2.3,2.6,1.0,3.4,74,89,82,76,69
2017-07-25 03:00,2192,57,55,0.00,76,0.02,,1.5,0.3,0.35,0.45,1.0,2.3,2.6,1.0,3.4,72,88,82,76,70
2017-07-25 04:00,2192,56,54,0.00,79,0.75,,1.0,0.1,0.35,0.44,0.8,2.3,2.8,1.0,3.5,70,87,82,76,69
2017-07-25 05:00,2192,57,54,0.00,82,14.64,,1.2,0.2,0.36,0.43,0.8,2.3,2.8,0.8,3.6,69,86,82,76,69
2017-07-25 06:00,2192,63,57,0.00,86,39.25,,2.4,0.3,0.40,0.51,0.9,1.8,2.6,0.8,3.4,68,86,81,76,69
2017-07-25 07:00,2192,69,63,0.00,71,49.34,,2.7,0.9,0.40,0.62,0.9,1.3,3.0,0.8,3.5,69,84,81,76,69
2017-07-25 08:00,2192,74,69,0.00,54,213.70,,3.0,0.9,0.38,0.76,0.9,1.8,2.9,0.8,3.0,73,83,80,76,69
2017-07-25 09:00,2192,79,74,0.00,37,738.90,,3.4,1.2,0.32,0.89,1.1,1.3,2.9,1.0,3.4,78,83,80,76,69
2017-07-25 10:00,2192,82,79,0.00,29,714.40,,3.8,1.6,0.30,1.04,1.3,1.3,2.9,0.8,3.3,84,83,80,76,70
2017-07-25 11:00,2192,83,82,0.00,27,380.20,,4.5,1.7,0.30,1.12,1.6,1.8,2.9,0.8,3.6,101,83,80,76,69
2017-07-25 12:00,2192,85,80,0.00,26,341.00,,5.0,1.6,0.31,1.12,1.7,2.3,2.8,0.8,3.5,112,85,80,76,69
2017-07-25 13:00,2192,86,85,0.00,24,184.00,,6.5,1.6,0.28,1.24,0.1,2.0,2.7,1.0,3.8,117,87,79,76,69
2017-07-25 14:00,2192,86,81,0.00,21,277.70,,7.2,1.8,0.28,1.20,0.0,1.6,2.8,0.8,3.6,125,90,80,76,69
2017-07-25 15:00,2192,81,74,0.00,31,195.40,,9.4,1.7,0.32,1.00,1.6,2.0,2.9,0.8,3.0,122,92,80,76,69
2017-07-25 16:00,2192,75,72,0.00,36,227.70,,7.8,2.1,0.30,0.83,1.5,2.3,2.8,1.0,3.6,113,94,80,76,69
2017-07-25 17:00,2192,76,72,0.00,30,58.44,,6.6,1.4,0.27,0.89,1.4,2.3,2.8,0.8,3.0,105,96,80,76,70
2017-07-25 18:00,2192,72,68,0.00,43,13.89,,7.0,1.3,0.37,0.75,1.2,2.3,2.8,0.8,3.4,98,96,80,76,69
2017-07-25 19:00,2192,68,66,0.00,53,1.56,,7.6,1.8,0.35,0.67,1.1,2.3,2.6,0.8,3.0,93,95,80,76,70
2017-07-25 20:00,2192,66,63,0.00,48,0.09,,2.6,0.2,0.34,0.62,0.9,2.0,2.8,1.0,3.0,88,94,82,76,70
2017-07-25 21:00,2192,63,62,0.00,60,0.05,,1.6,0.2,0.33,0.57,1.0,2.0,2.6,0.8,3.4,83,94,82,76,69
2017-07-25 22:00,2192,63,61,0.00,57,0.05,,1.9,0.5,0.32,0.57,1.0,1.6,2.8,0.8,3.4,80,93,82,76,69
2017-07-25 23:00,2192,61,59,0.00,59,0.04,,1.6,0.1,0.33,0.53,0.9,1.8,2.6,0.8,3.0,78,92,82,76,70
2017-07-26 00:00,2192,59,56,0.00,67,0.02,,1.6,0.4,0.33,0.48,0.9,2.1,2.4,0.8,3.4,75,90,82,76,70
2017-07-26 01:00,2192,56,54,0.00,72,0.02,,1.2,0.2,0.32,0.43,1.0,2.3,2.6,0.8,3.4,73,89,82,76,70
2017-07-26 02:00,2192,54,53,0.00,79,0.01,,1.0,0.1,0.34,0.42,0.8,2.3,2.6,0.7,3.4,71,88,82,76,70
2017-07-26 03:00,2192,53,51,0.00,82,0.01,,1.7,0.4,0.32,0.39,0.8,2.3,2.8,0.8,3.4,69,87,82,76,69
2017-07-26 04:00,2192,51,50,0.00,84,0.58,,1.6,0.3,0.32,0.38,0.8,1.6,2.8,0.8,3.5,68,86,82,76,70
2017-07-26 05:00,2192,52,49,0.00,85,12.47,,1.4,0.3,0.32,0.36,0.8,1.3,2.8,0.8,3.5,66,85,82,76,70
2017-07-26 06:00,2192,60,52,0.00,86,40.23,,2.2,0.2,0.35,0.43,0.8,1.3,3.0,0.7,3.5,65,84,82,76,70
2017-07-26 07:00,2192,63,60,0.00,71,48.23,,2.9,0.9,0.38,0.55,0.8,1.3,3.0,0.7,3.8,66,83,81,76,70
2017-07-26 08:00,2192,69,63,0.00,66,223.60,,3.4,1.1,0.37,0.61,0.9,1.6,2.8,0.8,3.6,71,82,80,76,70
2017-07-26 09:00,2192,77,69,0.00,45,706.20,,4.9,1.4,0.31,0.82,1.1,1.6,2.9,0.8,3.8,75,82,80,76,70
2017-07-26 10:00,2192,81,76,0.00,30,587.40,,4.0,1.5,0.28,0.96,1.3,1.6,2.9,0.8,3.6,82,82,79,76,70
2017-07-26 11:00,2192,82,79,0.00,25,596.20,,4.4,1.9,0.24,1.04,1.5,1.3,2.8,0.8,3.4,98,82,80,76,70
2017-07-26 12:00,2192,83,80,0.00,22,627.70,,3.7,1.9,0.24,1.07,1.7,1.3,3.0,1.0,3.6,109,85,80,76,70
2017-07-26 13:00,2192,84,83,0.00,20,588.10,,5.8,2.4,0.22,1.15,1.7,2.3,3.0,0.8,3.6,115,86,79,76,70
2017-07-26 14:00,2192,84,83,0.00,20,395.60,,5.9,2.2,0.21,1.15,0.0,2.1,3.0,0.8,3.4,121,89,79,76,70
2017-07-26 15:00,2192,83,81,0.00,16,434.20,,4.4,1.9,0.18,1.13,1.5,1.6,2.7,0.8,3.6,121,91,80,76,70
2017-07-26 16:00,2192,81,79,0.00,15,258.50,,3.7,1.9,0.15,1.04,1.3,2.0,2.9,1.0,3.4,109,93,79,76,70
2017-07-26 17:00,2192,80,73,0.00,14,73.38,,5.7,1.3,0.21,0.95,1.2,2.0,2.8,0.8,3.4,100,94,80,76,70
2017-07-26 18:00,2192,73,70,0.00,30,18.03,,2.8,0.2,0.24,0.78,1.0,2.0,2.9,1.0,3.6,94,94,80,76,70
2017-07-26 19:00,2192,70,68,0.00,32,2.06,,1.9,0.1,0.25,0.71,1.0,2.0,3.0,0.8,3.4,89,94,81,76,70
2017-07-26 20:00,2192,68,66,0.00,38,0.07,,1.5,0.1,0.26,0.66,0.9,2.0,2.8,0.8,3.6,85,93,82,76,70
2017-07-26 21:00,2192,66,62,0.00,45,0.04,,1.1,0.1,0.27,0.60,0.8,1.8,2.8,1.0,3.6,81,92,82,76,70
2017-07-26 22:00,2192,62,59,0.00,48,0.04,,1.4,0.2,0.27,0.53,0.8,2.1,3.0,0.8,3.6,78,91,82,76,70
2017-07-26 23:00,2192,60,59,0.00,57,0.02,,1.5,0.1,0.32,0.51,0.9,2.1,3.4,0.8,3.4,76,90,82,76,70
2017-07-27 00:00,2192,59,55,0.00,65,0.03,,1.1,0.1,0.32,0.47,0.8,2.3,2.8,0.8,3.4,73,89,81,76,70
2017-07-27 01:00,2192,55,52,0.00,69,0.02,,1.3,0.2,0.30,0.42,0.8,2.3,2.8,0.8,3.4,71,87,81,76,70
2017-07-27 02:00,2192,53,52,0.00,78,0.02,,1.2,0.1,0.30,0.39,0.8,2.4,3.0,1.0,3.0,69,87,82,76,70
2017-07-27 03:00,2192,53,50,0.00,75,0.02,,1.0,0.1,0.29,0.38,0.8,1.3,2.5,0.8,3.4,67,86,82,76,70
2017-07-27 04:00,2192,51,49,0.00,78,0.57,,0.5,0.0,0.28,0.37,0.8,1.3,3.0,0.8,3.0,66,85,81,76,70
2017-07-27 05:00,2192,50,49,0.00,79,12.18,,1.0,0.2,0.29,0.35,0.6,1.3,2.5,0.8,3.0,64,83,81,76,70
2017-07-27 06:00,2192,58,50,0.00,82,33.68,,2.0,0.2,0.31,0.40,0.8,1.6,2.8,0.8,3.4,64,82,80,76,70
2017-07-27 07:00,2192,63,58,0.00,70,48.22,,2.8,0.8,0.33,0.52,0.8,1.6,2.8,0.8,3.4,64,82,80,76,70
2017-07-27 08:00,2192,69,63,0.00,53,226.90,,2.5,1.2,0.32,0.63,0.9,1.6,2.8,1.0,3.6,69,81,80,76,70
2017-07-27 09:00,2192,76,69,0.00,47,739.70,,3.8,1.4,0.30,0.79,1.0,1.6,3.0,0.8,3.4,73,81,80,76,70
2017-07-27 10:00,2192,80,76,0.00,34,901.00,,3.9,1.5,0.27,0.96,1.1,1.6,3.0,0.8,3.6,80,80,79,76,70
2017-07-27 11:00,2192,83,80,0.00,24,416.40,,4.1,1.5,0.24,1.10,1.5,1.6,2.6,0.8,3.4,98,81,78,76,70
2017-07-27 12:00,2192,85,82,0.00,20,400.40,,5.9,1.7,0.21,1.17,1.7,1.3,3.0,0.8,3.6,112,82,79,76,70
2017-07-27 13:00,2192,85,82,0.00,18,540.40,,4.6,1.5,0.19,1.18,0.0,2.4,2.6,0.8,3.6,121,85,78,76,70
2017-07-27 14:00,2192,86,85,0.00,16,158.00,,4.0,1.4,0.21,1.23,0.0,2.0,2.8,0.8,3.6,127,88,79,76,70
2017-07-27 15:00,2192,87,86,0.00,16,333.30,,3.2,1.2,0.20,1.26,1.5,1.6,3.0,0.8,3.6,124,92,79,76,70
2017-07-27 16:00,2192,86,82,0.00,17,66.31,,6.0,1.0,0.21,1.16,1.4,2.0,2.8,1.0,3.4,111,94,79,76,70
2017-07-27 17:00,2192,83,79,0.00,18,28.30,,1.4,0.0,0.22,1.07,1.2,2.0,2.8,0.8,3.4,102,95,80,76,70
2017-07-27 18:00,2192,80,78,0.00,24,28.09,,2.9,0.2,0.27,1.01,0.9,2.0,2.5,0.7,3.4,96,94,80,76,70
2017-07-27 19:00,2192,78,73,0.00,29,2.74,,2.8,0.2,0.27,0.90,1.1,1.6,3.0,0.8,3.4,92,94,80,76,70
2017-07-27 20:00,2192,73,68,0.00,33,0.10,,0.9,0.1,0.26,0.76,1.0,1.6,2.5,0.8,3.0,88,94,82,76,70
2017-07-27 21:00,2192,68,64,0.00,37,0.06,,0.8,0.1,0.25,0.65,0.9,1.8,3.0,0.8,3.4,84,93,81,76,70
2017-07-27 22:00,2192,64,62,0.00,41,0.04,,1.3,0.2,0.25,0.58,0.8,2.1,2.4,0.8,3.6,80,92,82,76,70
2017-07-27 23:00,2192,62,60,0.00,51,0.03,,1.6,0.1,0.31,0.54,0.8,2.1,2.8,0.8,3.4,78,91,81,76,70
2017-07-28 00:00,2192,61,58,0.00,63,0.02,,0.8,0.0,0.33,0.51,0.8,2.3,3.0,0.8,3.6,75,90,82,76,70
2017-07-28 01:00,2192,58,55,0.00,70,0.03,,1.1,0.1,0.31,0.48,0.9,2.3,3.0,0.8,3.4,73,89,82,76,70
2017-07-28 02:00,2192,55,54,0.00,67,0.01,,0.8,0.1,0.29,0.43,0.8,1.6,3.0,0.8,3.6,71,87,82,76,70
2017-07-28 03:00,2192,54,53,0.00,69,0.01,,0.9,0.0,0.30,0.41,0.6,1.8,3.0,0.7,3.4,69,87,82,76,70
2017-07-28 04:00,2192,53,51,0.00,69,0.54,,1.2,0.3,0.30,0.40,0.8,1.3,3.0,0.8,3.6,68,85,82,76,70
2017-07-28 05:00,2192,53,51,0.00,78,11.69,,0.9,0.1,0.30,0.38,0.8,1.6,2.8,0.8,3.0,66,85,81,76,70
2017-07-28 06:00,2192,60,53,0.00,76,32.99,,1.2,0.2,0.32,0.44,0.6,1.6,2.8,0.8,3.6,65,83,81,76,70
2017-07-28 07:00,2192,65,60,0.00,63,47.08,,2.7,0.9,0.34,0.58,0.8,1.6,3.0,0.8,3.6,66,83,80,76,70
2017-07-28 08:00,2192,72,65,0.00,53,218.60,,3.4,1.2,0.30,0.68,0.9,1.6,3.0,0.8,3.6,71,82,80,76,70
2017-07-28 09:00,2192,80,72,0.00,35,694.80,,3.5,1.3,0.27,0.87,1.0,1.6,2.6,0.8,3.6,75,82,80,76,70
2017-07-28 10:00,2192,85,80,0.00,28,575.90,,4.3,1.4,0.27,1.12,1.1,1.6,2.8,1.0,3.6,81,82,79,76,70
2017-07-28 11:00,2192,88,85,0.00,22,351.20,,4.2,1.6,0.27,1.26,1.5,1.6,3.2,0.7,3.6,99,82,79,76,70
2017-07-28 12:00,2192,90,87,0.00,17,329.70,,4.1,1.8,0.23,1.36,1.7,1.3,2.8,0.8,3.6,113,83,79,76,70
2017-07-28 13:00,2192,91,89,0.00,15,421.50,,3.6,1.9,0.18,1.41,0.0,2.4,2.1,0.7,3.4,124,86,78,76,70
2017-07-28 14:00,2192,91,88,0.00,12,241.20,,4.3,1.8,0.15,1.39,0.0,2.1,2.8,0.8,3.0,130,90,79,76,70
2017-07-28 15:00,2192,90,88,0.00,11,164.00,,4.4,2.0,0.18,1.39,1.4,1.6,2.8,0.8,3.6,127,92,78,76,70
2017-07-28 16:00,2192,88,86,0.00,12,107.90,,3.7,1.9,0.19,1.31,1.2,2.0,2.6,0.8,3.4,113,94,79,76,70
2017-07-28 17:00,2192,86,82,0.00,17,83.20,,3.0,1.5,0.26,1.21,1.0,2.0,3.0,0.8,3.4,104,96,80,76,70
2017-07-28 18:00,2192,82,78,0.00,31,24.13,,2.6,0.5,0.33,1.05,1.0,2.0,3.0,0.7,3.6,98,96,80,76,70
2017-07-28 19:00,2192,78,73,0.00,26,2.28,,1.8,0.2,0.25,0.91,1.0,1.8,2.8,0.8,3.6,94,96,81,76,70
2017-07-28 20:00,2192,73,70,0.00,28,0.11,,1.4,0.2,0.22,0.77,1.0,1.8,3.0,0.7,3.6,89,95,81,76,70
2017-07-28 21:00,2192,70,65,0.00,29,0.09,,1.3,0.2,0.22,0.70,0.9,2.1,3.0,0.8,3.6,84,94,82,76,70
2017-07-28 22:00,2192,65,63,0.00,36,0.08,,1.5,0.2,0.23,0.61,0.8,2.1,3.0,0.8,3.6,81,93,82,76,70
2017-07-28 23:00,2192,63,60,0.00,44,0.05,,1.4,0.2,0.29,0.55,1.0,2.1,3.0,0.8,3.4,78,92,82,76,70
2017-07-29 00:00,2192,60,59,0.00,62,0.03,,2.1,0.2,0.33,0.53,0.8,2.3,2.5,0.8,3.4,76,90,82,76,70
2017-07-29 01:00,2192,59,59,0.00,58,0.02,,0.4,0.0,0.33,0.50,0.8,2.3,3.0,0.8,3.6,73,89,82,76,70
2017-07-29 02:00,2192,59,56,0.00,70,0.03,,0.9,0.0,0.32,0.48,0.8,1.8,2.8,0.8,3.6,71,88,82,76,70
2017-07-29 03:00,2192,56,54,0.00,64,0.02,,0.0,0.0,0.29,0.43,0.6,1.3,2.5,0.8,3.6,70,87,82,76,70
2017-07-29 04:00,2192,54,51,0.00,68,0.48,,1.3,0.1,0.28,0.40,0.8,1.3,2.5,0.8,3.0,68,86,82,76,70
2017-07-29 05:00,2192,52,50,0.00,73,10.36,,0.7,0.1,0.29,0.38,0.8,1.6,3.2,0.8,3.0,66,85,82,76,70
2017-07-29 06:00,2192,60,52,0.00,77,32.53,,1.6,0.1,0.32,0.43,0.8,1.6,3.0,0.8,3.0,65,84,81,76,70
2017-07-29 07:00,2192,66,60,0.00,63,46.80,,2.6,0.7,0.35,0.55,0.6,1.9,3.0,0.8,3.6,65,83,81,76,70
2017-07-29 08:00,2192,72,66,0.00,45,206.30,,2.8,1.0,0.26,0.69,0.9,1.6,2.8,0.8,3.0,70,82,80,76,70
2017-07-29 09:00,2192,81,72,0.00,35,671.90,,4.1,1.2,0.28,0.89,1.0,0.9,2.8,0.8,3.4,73,82,80,76,70
2017-07-29 10:00,2192,84,81,0.00,22,591.00,,3.4,1.2,0.21,1.13,1.1,1.6,2.8,0.8,3.6,80,82,80,76,70
2017-07-29 11:00,2192,87,84,0.00,18,571.60,,4.0,1.5,0.19,1.23,1.5,1.6,2.8,0.8,3.6,98,82,80,76,70
2017-07-29 12:00,2192,90,87,0.00,13,410.50,,4.7,1.3,0.17,1.36,1.5,1.6,3.1,0.8,3.6,113,83,80,76,70
2017-07-29 13:00,2192,91,88,0.00,12,438.80,,3.7,1.6,0.20,1.42,1.7,1.3,2.4,0.7,3.8,122,86,78,76,70
2017-07-29 14:00,2192,90,89,0.00,14,324.80,,3.9,1.8,0.21,1.44,0.0,2.3,3.4,0.8,3.6,128,89,79,76,70
2017-07-29 15:00,2192,90,89,0.00,14,330.90,,3.7,1.9,0.19,1.41,1.4,1.9,3.1,0.8,3.4,125,92,79,76,70
2017-07-29 16:00,2192,90,84,0.00,12,86.50,,3.6,1.6,0.18,1.35,1.2,1.6,2.8,0.8,3.6,113,95,79,76,70
2017-07-29 17:00,2192,85,83,0.00,17,82.10,,3.9,0.7,0.19,1.18,1.2,1.6,2.6,0.8,3.4,104,96,80,76,70
2017-07-29 18:00,2192,84,80,0.00,16,24.33,,3.0,0.7,0.22,1.12,1.0,1.8,2.6,0.8,3.6,98,96,80,76,70
2017-07-29 19:00,2192,80,75,0.00,24,2.54,,2.6,0.2,0.25,0.97,1.0,1.8,2.8,0.8,3.4,94,96,82,76,70
2017-07-29 20:00,2192,75,70,0.00,30,0.12,,1.8,0.3,0.25,0.79,1.0,1.8,2.5,0.8,3.4,89,95,82,76,70
2017-07-29 21:00,2192,71,68,0.00,30,0.05,,1.6,0.3,0.25,0.72,0.8,2.1,3.0,0.8,3.1,85,94,82,76,70
2017-07-29 22:00,2192,68,65,0.00,39,0.04,,1.6,0.2,0.29,0.68,0.9,2.1,2.8,1.0,2.6,82,93,82,76,70
2017-07-29 23:00,2192,65,63,0.00,43,0.05,,2.1,0.1,0.30,0.59,0.8,2.3,3.0,0.8,3.4,79,92,82,76,70
2017-07-30 00:00,2192,64,62,0.00,62,0.03,,1.2,0.1,0.32,0.59,0.8,2.3,3.0,0.7,3.6,76,90,82,76,70
2017-07-30 01:00,2192,62,62,0.00,50,0.02,,1.1,0.0,0.28,0.56,0.8,1.6,3.0,0.8,3.6,75,90,82,76,70
2017-07-30 02:00,2192,62,60,0.00,49,0.01,,2.1,0.2,0.30,0.53,0.8,1.8,2.8,0.7,3.4,73,89,82,76,70
2017-07-30 03:00,2192,62,59,0.00,68,0.01,,1.4,0.1,0.36,0.53,0.8,1.3,2.8,0.7,3.6,71,88,82,76,70
2017-07-30 04:00,2192,59,56,0.00,69,0.40,,0.9,0.1,0.32,0.48,0.6,1.7,2.6,0.8,3.4,70,87,81,76,70
2017-07-30 05:00,2192,56,56,0.00,62,16.01,,1.0,0.0,0.29,0.45,0.6,1.6,2.6,0.8,3.4,69,86,81,76,70
2017-07-30 06:00,2192,64,56,0.00,65,45.09,,1.1,0.1,0.32,0.50,0.8,1.9,3.0,0.8,3.6,67,85,81,76,70
2017-07-30 07:00,2192,69,64,0.00,61,66.19,,2.2,0.7,0.37,0.63,0.8,1.6,2.8,0.7,3.4,68,84,81,76,70
2017-07-30 08:00,2192,75,69,0.00,43,198.60,,2.3,1.0,0.29,0.77,1.0,1.6,2.8,0.8,3.6,73,83,80,76,70
2017-07-30 09:00,2192,81,75,0.00,31,650.70,,4.9,1.2,0.28,0.93,1.1,1.6,2.8,0.8,3.6,76,83,80,76,70
2017-07-30 10:00,2192,84,81,0.00,25,578.00,,3.1,1.2,0.27,1.09,1.1,1.6,2.8,0.8,3.6,82,83,80,76,70
2017-07-30 11:00,2192,89,84,0.00,24,370.20,,3.8,1.4,0.25,1.25,1.5,1.6,2.8,1.0,3.6,100,83,80,76,70
2017-07-30 12:00,2192,92,88,0.00,14,560.40,,4.3,1.4,0.19,1.46,1.7,1.6,3.4,0.8,3.4,113,85,80,76,70
2017-07-30 13:00,2192,91,89,0.00,13,337.60,,4.5,1.6,0.18,1.40,1.7,1.3,2.8,0.8,3.6,122,87,80,76,70
2017-07-30 14:00,2192,92,90,0.00,13,262.10,,4.4,1.6,0.17,1.46,0.0,2.3,2.8,0.8,3.8,128,90,79,76,70
2017-07-30 15:00,2192,93,91,0.00,11,202.70,,4.7,1.4,0.17,1.51,1.6,2.1,3.4,0.8,3.6,124,93,80,76,70
2017-07-30 16:00,2192,91,90,0.00,12,81.50,,3.4,1.0,0.17,1.44,1.2,1.6,2.8,0.8,3.6,113,95,80,76,70
2017-07-30 17:00,2192,90,87,0.00,12,58.65,,3.5,0.6,0.19,1.36,1.2,1.8,2.8,0.8,3.6,106,96,81,76,70
2017-07-30 18:00,2192,87,82,0.00,21,23.26,,3.0,0.6,0.26,1.20,1.2,1.8,2.8,0.8,3.6,101,96,81,76,70
2017-07-30 19:00,2192,82,76,0.00,23,1.60,,1.4,0.0,0.25,1.01,0.9,1.8,2.8,0.8,3.4,96,96,82,76,70
2017-07-30 20:00,2192,76,71,0.00,28,0.12,,2.0,0.2,0.25,0.84,1.0,1.8,2.6,0.7,3.4,91,96,82,76,70
2017-07-30 21:00,2192,71,70,0.00,33,0.07,,0.9,0.1,0.25,0.76,1.0,2.1,3.2,0.8,3.6,87,96,82,76,70
2017-07-30 22:00,2192,70,68,0.00,36,0.06,,0.4,0.0,0.28,0.72,0.8,2.1,3.2,0.8,3.6,83,94,83,76,70
2017-07-30 23:00,2192,68,67,0.00,43,0.07,,0.9,0.0,0.34,0.69,0.8,2.3,3.0,0.8,3.6,81,93,83,76,70
2017-07-31 00:00,2192,68,64,0.00,48,0.03,,1.2,0.0,0.35,0.66,1.0,2.3,3.0,0.7,3.6,79,92,83,76,70
2017-07-31 01:00,2192,64,63,0.00,56,0.04,,1.2,0.0,0.38,0.58,0.8,2.3,3.0,0.8,3.4,77,90,83,76,70
2017-07-31 02:00,2192,64,61,0.00,67,0.03,,1.4,0.1,0.38,0.58,0.8,1.4,3.2,0.7,3.6,75,90,83,76,70
2017-07-31 03:00,2192,61,59,0.00,65,0.03,,1.2,0.1,0.37,0.53,0.8,1.4,2.8,0.8,3.6,73,89,82,76,70
2017-07-31 04:00,2192,59,58,0.00,79,0.39,,1.3,0.1,0.37,0.50,0.8,1.3,2.6,0.8,3.4,71,87,82,76,70
2017-07-31 05:00,2192,58,57,0.00,67,13.86,,0.9,0.1,0.33,0.47,0.8,1.7,2.8,0.7,3.4,70,86,82,76,70
2017-07-31 06:00,2192,65,58,0.00,73,38.02,,1.7,0.3,0.39,0.53,0.8,1.6,2.8,0.8,3.6,69,86,82,76,70
2017-07-31 07:00,2192,70,65,0.00,67,63.57,,2.7,0.7,0.41,0.67,0.8,1.9,2.8,0.8,3.4,69,85,81,76,70
2017-07-31 08:00,2192,76,70,0.00,50,154.20,,2.8,0.8,0.35,0.82,1.0,1.9,2.8,0.7,3.6,75,84,82,76,70
2017-07-31 09:00,2192,86,76,0.00,33,399.30,,6.0,1.4,0.30,1.00,1.1,2.1,3.4,0.8,3.4,78,84,81,76,70
2017-07-31 10:00,2192,90,86,0.00,16,531.90,,8.2,2.3,0.20,1.30,1.3,1.6,2.8,0.8,3.6,83,84,81,76,70
2017-07-31 11:00,2192,93,90,0.00,14,548.40,,7.8,2.2,0.19,1.46,1.5,1.6,3.4,1.0,3.6,101,85,81,76,70
2017-07-31 12:00,2192,96,93,0.00,13,623.00,,8.6,2.2,0.19,1.59,1.7,1.7,3.0,0.8,3.6,115,86,80,76,70
2017-07-31 13:00,2192,96,93,0.00,10,341.70,,5.6,1.9,0.17,1.64,1.7,1.4,3.0,0.8,3.1,125,88,80,76,70
2017-07-31 14:00,2192,96,92,0.00,11,202.40,,4.9,1.6,0.19,1.62,0.0,2.3,2.8,0.8,3.1,,91,80,76,70
2017-07-31 15:00,2192,94,93,0.00,11,290.30,,4.7,1.3,0.18,1.59,1.6,2.1,3.4,0.8,3.6,128,94,80,76,70
2017-07-31 16:00,2192,93,92,0.00,11,98.40,,4.9,1.6,0.17,1.57,1.2,1.8,2.8,0.8,3.1,116,97,81,76,70
2017-07-31 17:00,2192,92,90,0.00,11,68.09,,2.3,0.6,0.18,1.49,1.2,2.3,2.8,0.8,3.6,110,97,82,76,70
2017-07-31 18:00,2192,90,84,0.00,14,19.25,,2.6,0.2,0.25,1.33,1.0,1.8,3.1,0.8,3.1,103,98,82,76,70
2017-07-31 19:00,2192,84,80,0.00,30,2.02,,2.6,0.3,0.30,1.12,1.0,1.8,2.6,0.8,3.6,98,98,82,76,70
2017-07-31 20:00,2192,80,74,0.00,31,0.11,,1.5,0.2,0.28,0.95,0.8,2.1,2.8,0.8,3.6,94,97,83,76,70
2017-07-31 21:00,2192,74,72,0.00,29,0.08,,1.2,0.3,0.24,0.82,0.9,2.1,2.6,0.7,3.1,89,96,82,76,70
2017-07-31 22:00,2192,72,70,0.00,30,0.07,,1.4,0.1,0.27,0.77,0.8,2.1,3.0,0.8,3.1,86,96,83,76,70
2017-07-31 23:00,2192,70,67,0.00,46,0.05,,1.2,0.1,0.37,0.70,0.9,2.3,3.0,0.8,3.4,83,95,84,76,70
