Date,Station Id,Air Temperature Maximum (degF),Air Temperature Minimum (degF),Precipitation Increment (in),Relative Humidity (pct),Solar Radiation Average (watt/m2),Solar Radiation/langley Total (langley),Wind Speed Maximum (mph),Wind Speed Average (mph),Vapor Pressure - Partial (inch_Hg),Vapor Pressure - Saturated (inch_Hg),Soil Moisture Percent -2in (pct),Soil Moisture Percent -4in (pct),Soil Moisture Percent -8in (pct),Soil Moisture Percent -20in (pct),Soil Moisture Percent -40in (pct),Soil Temperature Observed -2in (degF),Soil Temperature Observed -4in (degF),Soil Temperature Observed -8in (degF),Soil Temperature Observed -20in (degF),Soil Temperature Observed -40in (degF)
2017-07-01 00:00,2184,86,83,0.00,14,0.08,,4.3,1.3,0.18,1.23,3.5,6.8,16.9,18.4,11.5,94,100,104,98,92
2017-07-01 01:00,2184,83,81,0.00,15,0.08,,4.1,1.6,0.18,1.11,3.4,7.0,16.3,18.4,11.6,91,98,103,98,92
2017-07-01 02:00,2184,82,79,0.00,15,0.17,,4.2,1.9,0.18,1.05,3.0,7.0,16.6,18.4,11.6,89,96,103,98,92
2017-07-01 03:00,2184,79,78,0.00,18,0.14,,4.9,2.8,0.18,0.99,3.0,6.6,16.2,18.4,11.5,86,94,102,98,92
2017-07-01 04:00,2184,79,76,0.00,17,7.29,,4.5,2.0,0.17,0.94,3.0,6.8,16.5,18.4,11.6,85,92,101,98,92
2017-07-01 05:00,2184,82,77,0.00,19,128.50,,3.5,1.9,0.18,0.98,2.7,6.5,16.2,19.0,11.5,83,90,100,98,92
2017-07-01 06:00,2184,90,82,0.00,17,325.50,,3.2,1.4,0.19,1.24,3.1,6.5,15.9,19.0,11.6,83,89,99,98,92
2017-07-01 07:00,2184,93,89,0.00,15,526.90,,5.6,2.6,0.21,1.46,3.1,6.8,16.2,18.0,11.7,89,91,98,98,92
2017-07-01 08:00,2184,100,93,0.00,13,712.10,,5.3,2.3,0.21,1.73,3.9,7.0,15.6,18.7,11.6,98,95,98,98,92
2017-07-01 09:00,2184,105,100,0.00,10,864.00,,11.2,4.9,0.20,2.08,4.2,7.2,15.8,18.7,11.6,108,100,97,98,92
2017-07-01 10:00,2184,107,105,0.00,9,965.00,,18.2,8.4,0.19,2.30,4.9,7.7,15.8,18.7,11.5,116,107,97,98,92
2017-07-01 11:00,2184,109,107,0.00,7,1009.00,,19.4,11.6,0.15,2.44,4.4,7.7,15.8,18.0,11.5,121,111,98,98,92
2017-07-01 12:00,2184,108,107,0.00,6,992.00,,20.9,11.8,0.14,2.40,4.7,7.7,15.6,18.0,11.7,128,115,98,98,92
2017-07-01 13:00,2184,108,108,0.00,7,906.00,,20.0,11.7,0.17,2.46,5.0,7.9,16.2,18.0,11.6,,119,99,98,92
2017-07-01 14:00,2184,109,107,0.00,7,776.40,,19.7,11.7,0.16,2.49,5.2,7.9,15.9,18.7,11.5,,121,100,98,92
2017-07-01 15:00,2184,109,107,0.00,6,608.90,,19.7,11.6,0.17,2.47,5.0,8.2,15.9,18.4,11.6,,121,101,98,92
2017-07-01 16:00,2184,108,107,0.00,7,412.00,,19.2,11.4,0.18,2.45,4.5,8.0,16.5,18.4,11.6,128,121,102,98,92
2017-07-01 17:00,2184,107,106,0.00,7,215.50,,18.9,11.6,0.18,2.36,4.5,7.8,16.8,18.4,11.7,124,120,103,98,92
2017-07-01 18:00,2184,106,102,0.00,8,43.74,,16.6,9.7,0.17,2.21,4.2,7.6,16.3,18.4,11.6,119,117,104,98,92
2017-07-01 19:00,2184,102,99,0.00,8,0.23,,13.3,9.0,0.15,1.99,3.7,7.5,16.3,18.4,11.3,112,114,105,98,92
2017-07-01 20:00,2184,99,96,0.00,8,0.01,,14.3,8.7,0.17,1.80,3.3,7.5,16.3,18.4,11.3,106,111,105,98,92
2017-07-01 21:00,2184,96,92,0.00,11,0.00,,13.0,6.3,0.18,1.66,3.2,7.0,16.3,18.4,11.6,102,107,105,98,92
2017-07-01 22:00,2184,93,90,0.00,11,0.01,,11.7,5.1,0.17,1.48,3.2,6.9,16.3,18.4,11.3,98,104,104,98,92
2017-07-01 23:00,2184,92,90,0.00,12,0.02,,7.0,3.8,0.19,1.47,3.1,7.0,16.6,18.4,11.3,96,102,104,98,92
2017-07-02 00:00,2184,90,87,0.00,13,0.02,,10.6,5.5,0.19,1.37,3.1,6.8,16.3,18.4,11.6,94,99,103,98,92
2017-07-02 01:00,2184,88,83,0.00,14,0.04,,11.4,6.2,0.18,1.28,3.0,7.2,16.5,18.7,11.3,92,98,102,98,92
2017-07-02 02:00,2184,83,81,0.00,14,0.04,,8.0,5.6,0.17,1.11,3.0,7.0,16.0,18.7,11.3,90,96,102,98,92
2017-07-02 03:00,2184,82,80,0.00,18,0.09,,9.1,6.4,0.19,1.07,3.0,6.6,16.3,18.7,11.3,88,94,102,98,92
2017-07-02 04:00,2184,82,80,0.00,18,7.99,,8.0,5.9,0.21,1.06,3.0,6.8,16.2,18.7,11.3,86,92,101,98,92
2017-07-02 05:00,2184,84,81,0.00,22,130.30,,8.4,5.8,0.24,1.09,3.2,6.4,16.2,18.7,11.3,85,91,100,98,92
2017-07-02 06:00,2184,89,84,0.00,22,324.20,,10.8,8.1,0.27,1.26,3.2,6.5,15.6,18.7,11.7,85,90,99,98,92
2017-07-02 07:00,2184,94,89,0.00,21,522.00,,14.2,9.4,0.28,1.49,3.4,6.6,16.1,18.7,11.5,90,92,98,98,92
2017-07-02 08:00,2184,98,94,0.00,14,706.40,,16.5,9.8,0.23,1.71,3.9,7.0,15.8,18.7,11.6,97,95,98,98,92
2017-07-02 09:00,2184,101,98,0.00,12,855.00,,15.5,8.5,0.19,1.89,4.4,7.0,15.8,18.7,11.6,105,99,97,98,92
2017-07-02 10:00,2184,104,101,0.00,6,960.00,,16.4,10.2,0.13,2.07,4.4,7.1,16.1,18.7,11.6,113,104,97,98,92
2017-07-02 11:00,2184,105,103,0.00,6,996.00,,17.7,10.8,0.14,2.16,4.7,7.4,15.8,18.7,11.6,117,109,97,98,92
2017-07-02 12:00,2184,107,105,0.00,8,969.00,,16.6,8.1,0.19,2.27,4.7,7.6,16.1,18.7,11.6,124,113,98,98,92
2017-07-02 13:00,2184,107,106,0.00,9,889.00,,21.5,11.2,0.22,2.35,5.0,7.6,15.6,18.7,11.6,130,116,98,98,92
2017-07-02 14:00,2184,107,107,0.00,9,712.40,,19.9,11.9,0.23,2.35,5.4,8.2,15.6,18.7,11.6,,120,100,98,92
2017-07-02 15:00,2184,107,107,0.00,9,554.70,,17.8,10.5,0.20,2.36,4.6,7.9,16.2,18.7,11.6,130,121,101,98,92
2017-07-02 16:00,2184,107,106,0.00,8,367.90,,16.2,9.8,0.20,2.37,4.7,7.6,16.5,18.7,11.6,127,120,102,98,92
2017-07-02 17:00,2184,106,105,0.00,9,192.60,,13.8,8.2,0.21,2.28,4.0,7.7,16.0,19.0,11.3,122,119,102,98,93
2017-07-02 18:00,2184,105,101,0.00,9,47.89,,12.4,8.9,0.21,2.14,4.0,7.7,16.0,18.0,11.6,116,116,103,98,92
2017-07-02 19:00,2184,101,97,0.00,11,0.23,,11.2,8.0,0.22,1.89,4.0,7.5,16.6,18.7,11.3,111,113,104,98,92
2017-07-02 20:00,2184,97,94,0.00,12,0.00,,9.5,6.7,0.21,1.72,3.7,7.7,16.6,18.7,11.3,105,110,104,98,92
2017-07-02 21:00,2184,94,92,0.00,13,0.01,,7.8,4.7,0.21,1.57,3.7,6.9,16.6,18.0,11.9,101,106,104,98,92
2017-07-02 22:00,2184,95,88,0.00,14,0.02,,6.3,3.5,0.22,1.52,3.7,7.2,15.8,18.0,11.6,98,103,104,98,92
2017-07-02 23:00,2184,88,87,0.00,15,0.03,,6.3,3.0,0.20,1.33,3.3,7.2,16.0,18.7,11.3,95,101,103,98,92
2017-07-03 00:00,2184,88,83,0.00,15,0.05,,5.1,2.9,0.19,1.28,3.5,6.8,16.3,18.7,11.3,92,98,103,98,93
2017-07-03 01:00,2184,90,83,0.00,16,0.05,,9.1,3.3,0.20,1.28,3.5,7.2,16.0,18.7,11.3,90,96,102,98,92
2017-07-03 02:00,2184,90,88,0.00,18,0.04,,12.1,5.2,0.32,1.39,3.4,7.0,16.2,18.7,11.3,89,95,102,98,93
2017-07-03 03:00,2184,88,86,0.00,30,0.04,,9.0,5.2,0.46,1.31,3.2,7.0,15.7,18.3,11.3,89,94,101,98,92
2017-07-03 04:00,2184,87,86,0.00,43,6.43,,11.0,5.5,0.54,1.27,3.5,7.2,15.9,18.7,11.6,88,93,100,98,92
2017-07-03 05:00,2184,87,85,0.00,41,110.40,,9.0,5.1,0.55,1.24,3.1,6.6,15.6,18.3,11.3,88,92,99,98,92
2017-07-03 06:00,2184,90,87,0.00,45,296.40,,10.6,7.4,0.57,1.34,3.4,7.2,16.1,18.7,11.6,89,92,99,98,92
2017-07-03 07:00,2184,94,90,0.00,40,489.40,,10.4,4.8,0.56,1.49,3.4,6.8,15.3,18.7,11.3,93,94,98,98,92
2017-07-03 08:00,2184,96,93,0.00,33,666.20,,12.9,7.6,0.54,1.62,3.7,7.2,15.8,18.7,11.6,100,97,98,98,92
2017-07-03 09:00,2184,99,95,0.00,30,815.00,,15.4,7.7,0.50,1.77,3.9,7.4,15.8,18.7,11.6,108,102,97,98,92
2017-07-03 10:00,2184,102,99,0.00,25,916.00,,14.3,6.5,0.42,1.95,4.7,7.7,15.8,18.7,11.6,114,107,97,98,92
2017-07-03 11:00,2184,106,102,0.00,18,960.00,,13.9,5.2,0.33,2.17,4.7,7.7,15.8,18.7,11.6,119,111,98,98,92
2017-07-03 12:00,2184,109,106,0.00,13,950.00,,11.2,4.3,0.29,2.34,5.2,8.1,15.3,18.7,11.6,128,116,98,98,93
2017-07-03 13:00,2184,110,108,0.00,11,891.00,,16.3,5.3,0.24,2.50,5.3,8.0,15.8,18.7,11.3,,121,98,98,92
2017-07-03 14:00,2184,112,110,0.00,8,778.80,,17.7,5.8,0.15,2.63,5.2,8.4,16.2,18.7,11.6,,124,100,98,92
2017-07-03 15:00,2184,112,111,0.00,5,613.10,,16.7,7.6,0.12,2.68,4.7,8.2,15.7,18.7,11.6,,127,101,98,92
2017-07-03 16:00,2184,112,110,0.00,5,414.30,,14.1,6.6,0.14,2.70,5.0,8.1,16.0,18.7,11.6,,127,102,98,92
2017-07-03 17:00,2184,111,109,0.00,6,217.50,,12.7,7.6,0.16,2.60,4.9,8.2,16.3,18.7,11.3,128,124,104,98,93
2017-07-03 18:00,2184,109,105,0.00,6,47.32,,13.8,9.2,0.16,2.43,4.4,8.0,16.0,18.0,11.3,122,121,105,98,92
2017-07-03 19:00,2184,105,100,0.00,7,0.27,,12.8,6.3,0.17,2.15,3.7,8.0,16.6,18.7,11.3,115,117,106,98,92
2017-07-03 20:00,2184,100,98,0.00,10,0.00,,7.6,3.7,0.19,1.90,3.7,7.5,16.3,18.7,11.6,109,114,106,98,92
2017-07-03 21:00,2184,98,94,0.00,11,0.02,,5.3,1.5,0.19,1.76,3.7,7.5,16.3,18.7,11.3,104,110,106,98,93
2017-07-03 22:00,2184,95,90,0.00,11,0.04,,4.0,1.5,0.19,1.55,3.9,6.9,16.6,18.7,11.3,100,107,106,98,92
2017-07-03 23:00,2184,92,85,0.00,13,0.03,,4.0,1.3,0.18,1.39,3.3,7.2,16.8,18.7,11.3,96,103,105,98,93
2017-07-04 00:00,2184,86,84,0.00,14,0.07,,4.9,1.7,0.18,1.24,3.3,7.2,16.3,18.7,11.3,94,101,105,98,93
2017-07-04 01:00,2184,84,83,0.00,14,0.08,,5.6,2.2,0.20,1.17,3.2,6.8,16.0,18.7,11.6,91,98,104,98,92
2017-07-04 02:00,2184,85,82,0.00,21,0.10,,4.3,1.9,0.26,1.19,3.2,7.2,16.5,18.7,11.6,89,96,103,98,93
2017-07-04 03:00,2184,83,78,0.00,26,0.13,,5.5,3.4,0.26,1.10,3.2,7.0,15.7,18.3,11.6,87,94,102,98,92
2017-07-04 04:00,2184,78,77,0.00,24,7.74,,3.8,1.8,0.22,0.97,2.9,6.6,16.4,18.7,11.6,86,92,102,98,93
2017-07-04 05:00,2184,82,77,0.00,21,127.00,,4.7,2.7,0.19,0.97,2.9,6.8,16.1,18.3,11.6,84,91,101,98,92
2017-07-04 06:00,2184,91,82,0.00,17,314.60,,5.3,2.5,0.18,1.30,3.1,6.4,15.6,18.1,11.3,84,90,99,98,92
2017-07-04 07:00,2184,96,91,0.00,23,510.80,,5.0,2.7,0.35,1.59,3.8,6.6,15.8,18.1,11.6,90,92,99,98,93
2017-07-04 08:00,2184,100,96,0.00,21,691.60,,6.5,2.7,0.35,1.80,4.2,7.3,15.6,18.4,11.6,98,96,98,98,93
2017-07-04 09:00,2184,103,100,0.00,15,845.00,,6.6,2.3,0.26,2.05,4.5,7.4,15.8,18.1,11.6,109,102,98,98,93
2017-07-04 10:00,2184,107,103,0.00,10,945.00,,6.8,2.9,0.19,2.23,4.7,7.5,15.8,18.4,11.6,117,108,97,98,92
2017-07-04 11:00,2184,108,107,0.00,8,985.00,,10.0,3.6,0.18,2.41,5.1,7.7,15.8,18.1,11.3,122,113,98,98,92
2017-07-04 12:00,2184,110,108,0.00,7,970.00,,9.4,4.2,0.17,2.56,5.1,7.6,15.6,18.4,11.3,,117,98,98,92
2017-07-04 13:00,2184,114,110,0.00,7,900.00,,8.3,3.0,0.18,2.69,5.2,8.1,15.9,18.4,11.3,,122,99,98,93
2017-07-04 14:00,2184,114,112,0.00,6,769.80,,11.6,4.4,0.18,2.77,5.4,8.4,16.1,18.4,11.3,,127,101,98,93
2017-07-04 15:00,2184,114,112,0.00,6,597.50,,10.0,3.7,0.19,2.84,5.2,8.4,16.2,18.4,11.3,,128,102,98,93
2017-07-04 16:00,2184,113,112,0.00,7,399.90,,7.5,3.0,0.19,2.80,4.8,8.0,16.5,18.4,11.6,,128,103,98,92
2017-07-04 17:00,2184,112,112,0.00,7,209.00,,8.7,3.7,0.20,2.76,4.6,7.7,16.8,18.4,11.6,,127,105,98,93
2017-07-04 18:00,2184,112,108,0.00,8,43.00,,9.0,4.8,0.21,2.64,4.0,8.2,16.0,18.3,11.3,125,124,106,98,93
2017-07-04 19:00,2184,108,103,0.00,9,0.21,,9.4,6.6,0.22,2.32,4.0,8.0,16.8,18.3,11.6,119,120,107,98,93
2017-07-04 20:00,2184,103,100,0.00,10,0.00,,6.7,4.8,0.21,2.03,3.7,7.5,16.6,18.4,11.3,112,116,107,98,92
2017-07-04 21:00,2184,101,99,0.00,11,0.00,,5.6,3.1,0.22,1.92,3.3,7.7,16.6,18.1,11.3,108,113,107,98,92
2017-07-04 22:00,2184,99,92,0.00,12,0.01,,4.9,2.3,0.21,1.74,3.2,6.9,16.8,18.1,11.6,103,110,107,98,93
2017-07-04 23:00,2184,92,89,0.00,13,0.03,,5.1,2.6,0.19,1.44,3.2,7.2,16.0,18.4,11.6,100,107,106,98,93
2017-07-05 00:00,2184,92,88,0.00,13,0.03,,6.6,3.6,0.19,1.42,3.1,7.2,15.8,18.1,11.7,97,103,106,98,93
2017-07-05 01:00,2184,90,89,0.00,13,0.04,,7.9,5.8,0.19,1.41,3.1,7.0,16.0,18.4,11.6,94,101,105,98,93
2017-07-05 02:00,2184,89,87,0.00,14,0.04,,7.3,4.9,0.19,1.33,2.7,7.2,16.3,18.1,11.6,93,99,104,98,93
2017-07-05 03:00,2184,89,86,0.00,15,0.05,,8.0,4.3,0.21,1.33,3.5,7.0,16.2,18.1,11.6,92,98,104,98,93
2017-07-05 04:00,2184,88,84,0.00,15,7.23,,4.2,2.4,0.19,1.25,3.5,7.2,15.7,19.0,11.6,90,96,102,98,92
2017-07-05 05:00,2184,85,84,0.00,17,61.46,,3.9,1.3,0.20,1.20,3.5,6.6,16.2,19.0,11.3,89,95,102,98,93
2017-07-05 06:00,2184,95,85,0.00,16,322.90,,6.4,2.9,0.22,1.35,3.2,6.6,15.7,19.0,11.6,89,94,102,98,93
2017-07-05 07:00,2184,100,95,0.00,17,430.80,,6.3,3.2,0.26,1.80,3.4,7.2,15.9,18.8,11.6,94,95,101,98,93
2017-07-05 08:00,2184,105,100,0.00,12,647.20,,8.2,3.5,0.25,2.04,3.7,7.3,15.6,18.8,11.3,102,98,100,98,93
2017-07-05 09:00,2184,108,105,0.00,12,627.20,,12.4,6.4,0.31,2.32,3.9,7.0,15.8,18.8,11.3,110,103,99,98,93
2017-07-05 10:00,2184,108,107,0.00,11,635.30,,20.1,12.1,0.28,2.43,4.4,7.7,15.8,18.8,11.3,116,109,99,98,93
2017-07-05 11:00,2184,110,107,0.00,12,709.50,,21.1,11.4,0.28,2.55,4.5,7.8,15.8,18.8,11.3,119,112,99,98,93
2017-07-05 12:00,2184,112,110,0.00,10,922.00,,13.7,6.7,0.26,2.69,4.7,7.7,15.7,18.8,11.3,122,114,100,98,93
2017-07-05 13:00,2184,113,111,0.00,10,714.20,,15.2,7.3,0.26,2.73,5.0,7.8,15.9,18.8,11.3,,119,101,98,93
2017-07-05 14:00,2184,113,112,0.00,10,775.20,,18.0,9.9,0.28,2.78,5.1,8.3,15.7,18.8,11.3,,122,102,98,93
2017-07-05 15:00,2184,113,112,0.00,10,583.30,,19.5,11.2,0.28,2.75,5.2,7.9,16.2,18.8,11.3,,124,102,98,93
2017-07-05 16:00,2184,112,109,0.00,10,187.20,,14.9,9.4,0.29,2.69,5.0,8.2,16.5,19.1,11.6,,124,103,98,93
2017-07-05 17:00,2184,109,108,0.00,12,68.01,,14.0,8.8,0.29,2.49,4.7,7.8,15.7,18.8,11.3,125,122,105,98,93
2017-07-05 18:00,2184,108,105,0.00,12,15.91,,10.6,5.2,0.29,2.35,4.0,7.8,16.6,18.8,11.3,117,119,106,98,93
2017-07-05 19:00,2184,105,101,0.00,13,0.15,,9.0,4.3,0.29,2.11,4.2,7.5,16.6,18.8,11.3,113,115,106,98,93
2017-07-05 20:00,2184,102,98,0.00,14,0.00,,6.4,4.2,0.29,1.94,3.7,7.7,16.6,18.8,11.7,108,112,106,98,93
2017-07-05 21:00,2184,101,94,0.00,15,0.00,,6.0,3.3,0.30,1.82,3.7,7.1,16.6,18.8,11.7,104,109,106,98,93
2017-07-05 22:00,2184,95,93,0.00,18,0.01,,6.5,5.2,0.30,1.62,3.9,7.2,16.8,18.8,11.3,102,107,106,98,93
2017-07-05 23:00,2184,93,91,0.00,20,0.01,,7.5,4.7,0.31,1.54,3.9,7.0,15.7,18.8,11.3,99,104,105,98,93
2017-07-06 00:00,2184,92,90,0.00,22,0.03,,7.7,5.3,0.32,1.49,3.5,7.2,16.2,18.8,11.7,97,102,105,98,93
2017-07-06 01:00,2184,90,88,0.00,22,0.02,,6.4,4.3,0.32,1.41,3.4,7.0,16.5,18.8,11.7,95,100,104,98,93
2017-07-06 02:00,2184,89,87,0.00,24,0.04,,6.1,4.1,0.32,1.34,3.2,6.8,16.2,18.8,11.3,94,98,103,98,93
2017-07-06 03:00,2184,88,84,0.00,26,0.03,,6.1,2.9,0.33,1.29,3.2,7.0,15.7,18.8,11.7,92,97,103,99,93
2017-07-06 04:00,2184,84,82,0.00,26,6.79,,2.5,1.1,0.30,1.12,3.2,7.2,15.9,18.8,11.6,90,96,102,99,93
2017-07-06 05:00,2184,85,82,0.00,27,111.10,,6.1,1.5,0.30,1.15,2.9,6.6,15.7,18.4,11.3,89,94,102,99,93
2017-07-06 06:00,2184,95,85,0.00,28,290.60,,5.5,3.0,0.35,1.39,3.1,6.8,15.9,18.4,11.3,89,94,102,99,93
2017-07-06 07:00,2184,99,95,0.00,22,482.20,,9.1,5.3,0.37,1.77,3.9,7.0,15.6,18.4,11.9,94,95,100,99,93
2017-07-06 08:00,2184,103,99,0.00,20,661.30,,9.7,5.6,0.36,1.96,3.7,7.2,15.8,18.4,11.3,102,98,99,99,93
2017-07-06 09:00,2184,107,103,0.00,17,813.00,,7.5,2.5,0.34,2.26,4.4,7.0,15.8,18.4,11.9,110,103,99,99,93
2017-07-06 10:00,2184,108,107,0.00,14,913.00,,9.6,3.9,0.32,2.41,5.0,7.4,16.0,18.4,11.6,119,110,99,99,93
2017-07-06 11:00,2184,113,108,0.00,13,953.00,,9.4,4.1,0.31,2.59,5.1,7.9,15.8,18.4,11.6,122,115,99,99,93
2017-07-06 12:00,2184,113,112,0.00,11,940.00,,8.2,4.2,0.30,2.80,5.3,7.9,15.6,18.4,11.6,,120,100,98,93
2017-07-06 13:00,2184,116,113,0.00,10,875.00,,9.7,3.4,0.27,2.98,5.9,8.2,16.2,18.4,11.9,,125,101,98,93
2017-07-06 14:00,2184,117,115,0.00,8,749.40,,11.4,3.8,0.25,3.08,5.3,8.4,15.7,18.4,11.3,,128,102,98,93
2017-07-06 15:00,2184,116,116,0.00,9,578.70,,8.6,3.7,0.26,3.08,5.2,8.2,15.7,18.4,11.7,,130,103,98,93
2017-07-06 16:00,2184,116,115,0.00,9,387.70,,11.0,4.3,0.27,3.06,4.8,7.9,16.0,18.4,11.3,,130,105,98,93
2017-07-06 17:00,2184,116,114,0.00,9,197.70,,14.4,5.6,0.28,3.02,5.0,8.1,16.2,18.4,11.5,,128,106,98,93
2017-07-06 18:00,2184,114,111,0.00,10,38.65,,15.1,10.4,0.28,2.82,4.3,8.0,16.6,18.4,11.7,128,127,107,98,93
2017-07-06 19:00,2184,111,107,0.00,10,0.16,,12.9,8.9,0.29,2.53,4.0,7.8,16.3,18.4,11.3,121,122,108,98,93
2017-07-06 20:00,2184,107,105,0.00,14,0.00,,12.4,8.8,0.32,2.33,4.0,7.7,16.8,18.4,11.7,115,119,109,98,93
2017-07-06 21:00,2184,105,104,0.00,14,0.00,,13.2,5.9,0.32,2.21,4.0,7.3,16.3,18.4,11.7,111,115,109,98,93
2017-07-06 22:00,2184,105,101,0.00,14,0.00,,12.0,6.7,0.31,2.17,4.0,7.3,16.3,18.4,11.7,108,113,109,98,93
2017-07-06 23:00,2184,101,96,0.00,15,0.00,,7.1,2.7,0.28,1.82,3.7,7.1,16.6,18.4,11.7,105,110,108,99,93
2017-07-07 00:00,2184,96,93,0.00,16,0.01,,6.7,3.7,0.27,1.65,3.9,7.2,16.1,18.4,11.7,102,108,108,99,93
2017-07-07 01:00,2184,97,93,0.00,17,0.01,,7.5,5.5,0.29,1.64,3.9,7.2,16.2,18.4,11.3,99,105,107,99,93
2017-07-07 02:00,2184,93,92,0.00,19,0.02,,7.9,5.9,0.28,1.55,3.5,7.4,16.0,18.4,11.7,98,103,106,99,93
2017-07-07 03:00,2184,95,92,0.00,17,0.02,,10.9,7.6,0.27,1.58,3.5,7.0,16.2,19.0,11.9,96,102,106,99,93
2017-07-07 04:00,2184,93,89,0.00,18,7.31,,8.5,4.8,0.27,1.44,3.2,7.2,15.7,18.8,11.7,95,100,105,99,93
2017-07-07 05:00,2184,94,91,0.00,19,149.50,,11.1,6.6,0.27,1.49,3.7,6.8,15.9,18.8,11.7,94,99,104,99,93
2017-07-07 06:00,2184,101,94,0.00,17,324.50,,10.8,7.7,0.26,1.73,3.9,7.0,15.7,18.8,11.7,95,98,103,99,93
2017-07-07 07:00,2184,107,101,0.00,13,519.90,,17.5,10.6,0.26,2.16,3.6,6.8,15.9,18.8,11.3,99,100,102,99,93
2017-07-07 08:00,2184,108,107,0.00,11,489.80,,17.8,12.8,0.26,2.43,4.2,7.4,15.4,18.8,11.3,107,103,102,99,93
2017-07-07 09:00,2184,111,108,0.00,10,528.30,,13.8,8.0,0.26,2.52,4.4,7.5,15.7,18.8,11.7,112,108,102,99,93
2017-07-07 10:00,2184,114,111,0.00,10,961.00,,11.4,5.8,0.26,2.81,4.7,7.3,15.9,18.8,11.7,115,110,102,99,93
2017-07-07 11:00,2184,116,114,0.00,9,819.00,,13.2,6.1,0.25,3.05,5.1,7.7,15.7,18.8,11.9,124,115,102,99,93
2017-07-07 12:00,2184,116,114,0.00,8,286.90,,30.3,6.3,0.25,3.00,5.4,8.0,15.7,18.8,11.7,,121,102,99,93
2017-07-07 13:00,2184,118,116,0.00,8,835.00,,12.4,4.0,0.24,3.15,4.6,8.2,15.9,18.8,11.7,127,122,103,99,93
2017-07-07 14:00,2184,120,118,0.00,7,766.80,,14.4,5.7,0.24,3.37,5.0,8.0,15.7,18.8,11.5,,124,104,99,93
2017-07-07 15:00,2184,119,118,0.00,7,598.60,,13.8,7.5,0.24,3.33,5.2,8.2,15.9,18.8,11.9,,128,105,99,93
2017-07-07 16:00,2184,119,118,0.00,7,345.70,,13.3,5.4,0.23,3.30,5.2,8.3,15.8,18.8,11.7,,128,106,99,93
2017-07-07 17:00,2184,118,117,0.00,7,188.30,,15.3,8.7,0.23,3.25,4.8,7.9,16.0,18.8,11.7,,128,107,99,93
2017-07-07 18:00,2184,117,113,0.00,7,32.62,,10.4,7.0,0.23,3.06,4.7,7.8,16.3,18.8,11.7,127,125,108,99,93
2017-07-07 19:00,2184,113,107,0.00,7,0.13,,9.7,4.8,0.21,2.70,4.5,7.8,16.1,18.8,11.5,120,122,109,99,93
2017-07-07 20:00,2184,110,107,0.00,8,0.00,,12.0,4.7,0.20,2.45,4.2,7.5,16.1,18.8,11.5,115,119,109,99,93
2017-07-07 21:00,2184,107,102,0.00,9,0.00,,6.5,5.2,0.21,2.19,4.0,7.5,16.1,18.8,11.7,111,115,109,99,93
2017-07-07 22:00,2184,103,99,0.00,10,0.00,,9.1,5.8,0.22,1.98,3.7,7.1,16.3,18.4,11.5,107,112,109,100,93
2017-07-07 23:00,2184,103,97,0.00,11,0.00,,6.1,3.7,0.22,1.96,3.7,7.2,16.3,18.8,11.7,104,110,109,100,93
2017-07-08 00:00,2184,97,96,0.00,13,0.01,,6.9,5.1,0.22,1.73,3.7,7.4,16.1,18.4,11.5,102,107,108,100,93
2017-07-08 01:00,2184,100,95,0.00,13,0.00,,22.1,5.9,0.23,1.75,3.9,7.2,16.2,18.4,11.7,100,105,108,100,93
2017-07-08 02:00,2184,100,94,0.00,12,0.01,,6.9,3.7,0.24,1.76,3.2,6.8,15.8,18.4,11.7,99,104,107,100,93
2017-07-08 03:00,2184,94,92,0.00,14,0.01,,4.7,2.4,0.23,1.58,3.2,7.0,16.0,18.4,11.5,98,102,106,100,93
2017-07-08 04:00,2184,93,91,0.00,15,2.29,,5.5,2.5,0.23,1.51,3.2,7.2,16.2,18.4,11.5,97,102,106,100,93
2017-07-08 05:00,2184,97,93,0.00,15,71.37,,6.3,4.2,0.24,1.61,3.7,7.0,15.9,19.1,11.5,96,100,105,100,93
2017-07-08 06:00,2184,102,97,0.00,14,248.30,,5.7,2.1,0.26,1.89,3.1,7.0,16.1,19.1,11.5,96,100,104,100,93
2017-07-08 07:00,2184,105,102,0.00,13,263.00,,3.8,1.1,0.27,2.14,4.2,7.2,15.9,19.1,11.7,100,101,103,100,93
2017-07-08 08:00,2184,107,103,0.00,13,412.70,,17.7,4.3,0.27,2.26,4.2,7.2,16.1,18.8,11.5,104,103,103,100,93
2017-07-08 09:00,2184,109,105,0.00,19,569.40,,17.6,7.8,0.40,2.32,4.2,7.3,15.7,18.5,11.5,110,106,102,100,94
2017-07-08 10:00,2184,110,109,0.00,15,827.00,,13.6,7.0,0.38,2.53,4.4,7.5,15.7,18.8,11.5,114,109,102,100,93
2017-07-08 11:00,2184,112,110,0.00,15,958.00,,18.7,10.2,0.40,2.65,4.7,7.5,15.7,18.8,11.5,121,114,102,100,93
2017-07-08 12:00,2184,112,111,0.00,16,851.00,,19.8,11.0,0.43,2.69,4.9,7.7,15.3,18.8,11.5,130,119,102,100,93
2017-07-08 13:00,2184,112,111,0.00,15,846.00,,18.1,10.4,0.41,2.74,5.4,7.6,15.9,18.8,11.5,,122,103,100,94
2017-07-08 14:00,2184,113,112,0.00,15,721.20,,21.7,13.0,0.41,2.78,4.7,7.7,16.1,18.5,11.5,,125,104,100,93
2017-07-08 15:00,2184,112,112,0.00,15,563.10,,19.4,11.4,0.39,2.73,5.1,8.0,16.3,18.8,11.5,,127,106,100,93
2017-07-08 16:00,2184,112,110,0.00,14,370.80,,19.5,12.9,0.42,2.71,5.2,8.2,16.2,18.8,11.5,,125,106,100,94
2017-07-08 17:00,2184,110,107,0.00,18,179.30,,20.1,13.8,0.48,2.55,4.5,7.8,16.0,18.8,11.7,128,125,108,100,94
2017-07-08 18:00,2184,107,105,0.00,19,33.25,,19.8,13.0,0.47,2.34,4.2,7.6,15.8,18.5,11.5,122,122,108,100,94
2017-07-08 19:00,2184,105,103,0.00,21,0.10,,16.4,10.5,0.46,2.20,4.2,7.9,16.3,18.8,11.5,116,119,109,100,94
2017-07-08 20:00,2184,103,101,0.00,23,0.00,,15.6,10.4,0.45,2.03,4.2,7.3,16.3,18.5,11.5,112,115,109,100,94
2017-07-08 21:00,2184,101,98,0.00,21,0.00,,19.5,12.7,0.44,1.94,4.4,7.5,15.5,18.5,11.5,109,113,109,100,94
2017-07-08 22:00,2184,98,96,0.00,25,0.00,,9.3,4.8,0.46,1.79,4.4,7.1,15.8,18.8,11.5,106,111,109,100,94
2017-07-08 23:00,2184,96,95,0.00,29,0.00,,6.9,4.3,0.51,1.70,4.0,7.4,15.8,18.5,11.5,104,109,108,100,94
2017-07-09 00:00,2184,95,94,0.00,31,0.00,,7.0,3.4,0.48,1.64,3.8,7.4,16.0,18.8,11.5,102,107,108,100,94
2017-07-09 01:00,2184,94,92,0.00,28,0.01,,3.7,1.6,0.44,1.58,3.7,7.2,15.8,18.5,11.5,101,105,108,100,94
2017-07-09 02:00,2184,92,90,0.00,29,0.01,,8.4,3.7,0.44,1.51,3.7,7.4,16.3,18.5,11.5,98,103,107,101,94
2017-07-09 03:00,2184,93,90,0.00,31,0.01,,21.2,11.8,0.47,1.52,3.9,7.2,16.2,18.5,11.5,97,102,106,101,94
2017-07-09 04:00,2184,93,91,0.00,32,2.41,,21.0,11.2,0.51,1.53,3.6,7.2,16.3,18.1,11.5,96,101,105,101,94
2017-07-09 05:00,2184,91,90,0.00,37,41.62,,16.2,9.7,0.52,1.44,4.3,7.2,16.5,18.1,11.5,96,100,105,101,94
2017-07-09 06:00,2184,92,90,0.00,37,129.30,,9.7,5.3,0.52,1.45,3.7,7.0,15.8,18.1,11.5,95,99,104,101,94
2017-07-09 07:00,2184,97,92,0.00,33,256.00,,10.5,5.9,0.47,1.60,3.7,7.2,16.2,18.1,11.5,96,99,103,101,94
2017-07-09 08:00,2184,98,97,0.00,26,396.60,,10.1,5.3,0.45,1.78,3.9,7.0,15.7,18.1,11.5,99,100,102,101,94
2017-07-09 09:00,2184,103,98,0.00,23,784.10,,14.2,3.1,0.43,1.98,4.2,7.4,16.0,18.1,11.5,105,103,102,101,94
2017-07-09 10:00,2184,105,103,0.00,19,933.00,,14.7,4.0,0.40,2.19,4.6,7.5,16.0,18.1,11.5,114,107,102,101,94
2017-07-09 11:00,2184,106,105,0.00,17,936.00,,17.2,8.4,0.37,2.28,4.7,7.7,15.3,18.1,11.5,121,114,102,101,94
2017-07-09 12:00,2184,107,106,0.00,16,916.00,,15.5,7.8,0.37,2.35,5.2,7.6,16.0,19.1,11.5,130,119,102,101,94
2017-07-09 13:00,2184,108,107,0.00,15,851.00,,20.2,10.2,0.36,2.42,5.4,7.9,15.7,19.1,11.5,,122,103,100,94
2017-07-09 14:00,2184,108,107,0.00,15,729.30,,20.6,11.4,0.36,2.40,5.3,8.1,16.0,18.1,11.5,,125,104,100,94
2017-07-09 15:00,2184,109,107,0.00,14,568.60,,18.8,10.6,0.36,2.45,5.7,8.1,15.8,19.0,11.5,,125,105,100,94
2017-07-09 16:00,2184,108,107,0.00,15,382.10,,18.7,11.5,0.35,2.39,5.0,7.9,16.3,18.1,11.7,,125,106,100,94
2017-07-09 17:00,2184,107,105,0.00,15,193.10,,18.4,12.2,0.34,2.32,4.6,8.0,16.4,18.1,11.5,127,124,107,100,94
2017-07-09 18:00,2184,105,102,0.00,15,38.55,,19.2,11.7,0.35,2.19,4.5,7.7,15.8,18.1,11.5,121,121,108,100,94
2017-07-09 19:00,2184,102,100,0.00,18,0.12,,17.3,10.6,0.42,2.02,4.5,8.0,16.2,18.1,11.5,114,117,109,100,94
2017-07-09 20:00,2184,100,98,0.00,23,0.00,,10.1,4.7,0.47,1.91,4.0,7.7,16.2,19.0,11.5,110,114,109,100,94
2017-07-09 21:00,2184,98,98,0.00,26,0.00,,15.0,6.6,0.49,1.82,3.9,7.3,16.2,18.1,11.5,106,111,109,100,94
2017-07-09 22:00,2184,98,96,0.00,27,0.00,,16.1,9.0,0.51,1.78,3.9,6.9,16.0,19.0,11.5,103,109,108,100,94
2017-07-09 23:00,2184,96,96,0.00,29,0.00,,12.7,8.4,0.49,1.72,3.9,7.0,16.6,19.0,11.5,102,107,108,100,94
2017-07-10 00:00,2184,96,94,0.00,28,0.00,,14.6,7.8,0.47,1.66,3.6,7.2,16.2,19.1,11.5,100,105,107,101,94
2017-07-10 01:00,2184,94,93,0.00,29,0.00,,7.2,3.2,0.47,1.60,3.4,7.4,16.3,19.1,11.5,99,103,107,101,94
2017-07-10 02:00,2184,93,90,0.00,30,0.01,,7.0,4.7,0.46,1.49,4.1,7.0,15.8,19.1,11.5,98,102,106,101,94
2017-07-10 03:00,2184,90,89,0.00,31,0.01,,7.8,5.0,0.45,1.42,4.1,7.2,16.1,19.1,11.5,96,101,105,101,94
2017-07-10 04:00,2184,89,88,0.00,32,3.86,,7.5,4.7,0.44,1.36,3.7,6.8,15.7,18.8,11.5,95,99,105,101,94
2017-07-10 05:00,2184,91,88,0.00,32,102.60,,13.7,8.4,0.43,1.41,3.4,7.0,15.7,19.1,11.5,94,98,104,101,94
2017-07-10 06:00,2184,95,91,0.00,29,281.20,,13.8,10.6,0.43,1.56,3.7,7.2,16.0,18.8,11.5,94,98,103,101,94
2017-07-10 07:00,2184,99,95,0.00,26,469.00,,13.7,9.6,0.43,1.74,4.4,7.3,15.5,18.8,11.5,98,98,102,101,94
2017-07-10 08:00,2184,102,99,0.00,23,645.70,,13.1,6.6,0.43,1.93,4.3,6.9,15.7,18.8,11.5,104,102,102,101,94
2017-07-10 09:00,2184,105,102,0.00,22,795.10,,14.7,8.4,0.44,2.13,4.5,7.7,15.4,18.8,11.5,112,106,102,101,94
2017-07-10 10:00,2184,107,105,0.00,19,890.00,,16.9,8.2,0.41,2.27,4.9,7.4,15.4,18.8,11.5,119,111,102,101,94
2017-07-10 11:00,2184,108,106,0.00,18,928.00,,15.9,9.7,0.40,2.37,4.7,7.7,15.4,18.8,11.5,120,114,102,101,94
2017-07-10 12:00,2184,108,107,0.00,16,919.00,,17.7,8.5,0.40,2.41,5.6,7.9,15.7,18.8,11.5,130,119,102,101,94
2017-07-10 13:00,2184,109,108,0.00,16,856.00,,17.9,9.0,0.39,2.48,5.4,8.1,15.5,18.8,11.5,,122,103,101,94
2017-07-10 14:00,2184,110,108,0.00,15,736.30,,18.4,7.9,0.37,2.47,5.6,8.1,16.0,18.8,11.5,,125,104,101,94
2017-07-10 15:00,2184,110,109,0.00,14,575.20,,20.4,10.4,0.36,2.54,5.0,7.9,15.8,18.8,11.5,,127,105,100,94
2017-07-10 16:00,2184,110,108,0.00,13,386.90,,17.8,9.8,0.34,2.54,4.7,8.2,16.1,18.8,11.5,,127,107,100,94
2017-07-10 17:00,2184,108,108,0.00,14,196.80,,15.0,9.9,0.35,2.47,5.0,7.6,16.4,18.8,11.5,128,125,107,100,94
2017-07-10 18:00,2184,108,105,0.00,15,37.33,,14.3,10.3,0.37,2.36,4.2,8.2,16.2,18.8,11.5,122,122,108,100,94
2017-07-10 19:00,2184,105,103,0.00,18,0.14,,16.8,12.0,0.43,2.21,4.2,7.7,15.9,18.8,11.5,116,119,109,100,94
2017-07-10 20:00,2184,103,102,0.00,21,0.00,,14.5,8.4,0.45,2.11,3.8,7.4,16.4,18.8,11.3,112,115,109,100,94
2017-07-10 21:00,2184,102,100,0.00,23,0.00,,13.8,8.1,0.46,2.00,3.7,7.7,16.7,18.8,11.3,109,113,109,100,94
2017-07-10 22:00,2184,100,98,0.00,24,0.01,,10.3,4.8,0.44,1.88,3.7,7.5,16.2,18.8,11.5,106,111,109,101,94
2017-07-10 23:00,2184,98,97,0.00,24,0.00,,11.3,6.3,0.45,1.80,3.7,7.5,16.4,18.8,11.7,103,108,109,101,94
2017-07-11 00:00,2184,97,95,0.00,26,0.00,,10.2,3.7,0.46,1.72,3.7,7.0,15.6,18.8,11.5,102,107,108,101,94
2017-07-11 01:00,2184,95,91,0.00,27,0.01,,5.2,2.6,0.45,1.58,3.4,7.2,15.8,18.8,11.5,100,105,108,101,94
2017-07-11 02:00,2184,92,91,0.00,30,0.02,,6.7,3.9,0.44,1.48,4.2,7.4,16.1,18.8,11.5,98,103,107,101,94
2017-07-11 03:00,2184,91,90,0.00,30,0.02,,10.1,6.9,0.43,1.44,4.1,7.0,15.8,18.8,11.3,96,102,106,101,94
2017-07-11 04:00,2184,90,89,0.00,30,3.47,,10.6,7.5,0.42,1.39,3.7,7.2,16.0,18.8,11.3,95,100,105,101,94
2017-07-11 05:00,2184,91,89,0.00,30,104.10,,12.3,8.9,0.42,1.41,3.7,6.8,15.5,18.8,11.3,94,98,104,101,94
2017-07-11 06:00,2184,95,91,0.00,28,283.00,,12.4,5.8,0.42,1.53,3.9,7.0,15.8,18.8,11.3,94,98,104,101,94
2017-07-11 07:00,2184,99,95,0.00,25,473.30,,7.7,3.8,0.41,1.72,3.9,7.2,15.3,18.8,11.3,98,99,103,101,94
2017-07-11 08:00,2184,101,99,0.00,21,651.20,,12.6,6.3,0.39,1.91,4.3,7.6,15.5,18.4,11.3,104,102,102,101,94
2017-07-11 09:00,2184,104,101,0.00,19,797.60,,12.7,6.5,0.38,2.05,4.6,7.5,15.7,18.8,11.4,112,107,102,101,94
2017-07-11 10:00,2184,105,104,0.00,17,895.00,,17.4,9.4,0.37,2.21,4.9,7.4,15.7,18.4,11.3,119,111,102,101,94
2017-07-11 11:00,2184,108,105,0.00,15,932.00,,18.9,11.0,0.35,2.32,,,,,11.3,120,115,102,101,94
2017-07-11 12:00,2184,109,107,0.00,15,922.00,,20.7,12.5,0.36,2.44,5.4,7.9,15.5,18.4,11.3,128,119,103,101,94
2017-07-11 13:00,2184,109,107,0.00,15,858.00,,21.5,12.1,0.35,2.43,5.7,8.2,15.5,18.4,11.3,,121,103,101,94
2017-07-11 14:00,2184,110,108,0.00,13,743.40,,18.5,9.9,0.32,2.54,5.3,8.1,15.5,18.4,11.3,,124,104,101,94
2017-07-11 15:00,2184,109,108,0.00,13,580.90,,23.0,9.8,0.32,2.52,5.4,7.8,15.3,18.8,11.4,,125,105,101,94
2017-07-11 16:00,2184,110,109,0.00,12,393.80,,17.7,11.0,0.31,2.54,4.7,8.1,15.8,18.4,11.4,,125,106,101,94
2017-07-11 17:00,2184,109,107,0.00,13,202.30,,17.1,11.8,0.33,2.49,5.0,8.2,16.1,18.4,11.4,128,124,107,101,94
2017-07-11 18:00,2184,107,105,0.00,14,40.30,,20.8,14.0,0.35,2.34,4.2,7.6,15.8,18.8,11.4,122,121,108,101,94
2017-07-11 19:00,2184,105,103,0.00,17,0.15,,17.0,11.5,0.40,2.19,4.2,7.6,16.6,18.4,11.4,115,117,109,101,94
2017-07-11 20:00,2184,103,101,0.00,21,0.00,,14.7,9.3,0.45,2.06,3.8,7.9,16.4,18.4,11.4,111,115,109,101,94
2017-07-11 21:00,2184,101,100,0.00,23,0.00,,9.4,5.9,0.45,1.96,4.0,7.3,15.6,18.4,11.4,108,112,109,101,94
2017-07-11 22:00,2184,100,97,0.00,23,0.00,,7.9,3.6,0.44,1.82,3.9,7.3,15.8,18.4,11.4,105,110,109,101,94
2017-07-11 23:00,2184,97,96,0.00,25,0.00,,13.2,8.0,0.45,1.71,3.9,6.9,16.1,18.4,11.4,102,108,108,101,94
2017-07-12 00:00,2184,96,92,0.00,26,0.00,,7.0,4.0,0.45,1.64,3.6,7.0,16.1,18.4,11.4,101,106,108,101,94
2017-07-12 01:00,2184,92,91,0.00,30,0.00,,7.9,4.2,0.45,1.51,3.6,7.2,15.8,18.4,11.4,98,104,107,101,94
2017-07-12 02:00,2184,91,89,0.00,30,0.01,,4.1,1.9,0.45,1.44,3.6,7.3,16.1,18.4,11.4,97,102,106,101,94
2017-07-12 03:00,2184,89,87,0.00,32,0.02,,4.5,2.5,0.44,1.33,4.0,7.2,15.5,19.1,11.7,95,101,105,101,94
2017-07-12 04:00,2184,87,85,0.00,35,4.55,,3.2,2.0,0.44,1.24,3.7,6.8,15.8,19.1,11.7,94,98,105,101,94
2017-07-12 05:00,2184,90,86,0.00,36,104.10,,7.6,3.7,0.45,1.29,3.9,7.2,15.5,19.1,11.7,92,98,104,101,94
2017-07-12 06:00,2184,94,90,0.00,32,284.20,,7.9,5.4,0.45,1.48,3.4,7.2,15.8,19.1,11.4,92,96,103,101,94
2017-07-12 07:00,2184,98,94,0.00,28,478.10,,8.7,5.4,0.44,1.68,3.9,6.7,15.2,19.1,11.4,96,98,103,101,94
2017-07-12 08:00,2184,101,98,0.00,24,657.30,,7.9,3.3,0.42,1.89,4.3,7.2,15.4,19.1,11.4,103,101,102,101,94
2017-07-12 09:00,2184,104,101,0.00,20,808.00,,7.7,3.3,0.40,2.05,4.5,7.5,15.4,19.1,11.4,112,106,102,101,94
2017-07-12 10:00,2184,106,104,0.00,17,908.00,,9.6,3.8,0.36,2.21,5.4,7.7,15.2,19.1,11.4,120,112,102,101,94
2017-07-12 11:00,2184,107,106,0.00,15,946.00,,13.0,4.0,0.35,2.37,4.7,7.7,15.4,19.1,11.7,121,116,102,101,94
2017-07-12 12:00,2184,110,107,0.00,15,928.00,,12.9,4.9,0.35,2.43,5.4,8.2,15.4,18.8,11.4,,121,102,101,94
2017-07-12 13:00,2184,111,109,0.00,13,865.00,,18.0,9.8,0.32,2.60,5.4,8.2,15.9,19.1,11.7,,125,103,101,94
2017-07-12 14:00,2184,111,110,0.00,12,736.50,,20.1,10.8,0.33,2.63,5.4,8.2,15.5,19.1,11.4,,128,104,101,94
2017-07-12 15:00,2184,111,110,0.00,12,571.90,,20.4,12.4,0.32,2.61,5.2,8.2,15.8,19.0,11.4,,128,106,101,94
2017-07-12 16:00,2184,111,110,0.00,12,390.20,,23.3,15.2,0.31,2.63,4.8,8.2,15.3,19.0,11.4,,127,107,101,94
2017-07-12 17:00,2184,110,108,0.00,12,199.60,,19.9,14.4,0.33,2.54,5.1,7.9,15.8,19.0,11.7,128,125,108,101,94
2017-07-12 18:00,2184,108,105,0.00,14,39.62,,18.6,13.8,0.33,2.39,4.4,7.8,16.1,19.0,11.7,122,122,109,101,94
2017-07-12 19:00,2184,105,104,0.00,15,0.17,,17.8,11.0,0.34,2.24,4.2,7.6,15.8,19.0,11.7,116,119,110,101,94
2017-07-12 20:00,2184,104,99,0.00,15,0.00,,22.5,12.4,0.48,2.08,4.0,7.5,15.8,19.0,11.7,111,115,110,101,94
2017-07-12 21:00,2184,99,97,0.00,32,0.00,,18.8,11.4,0.59,1.81,3.5,7.3,15.8,19.0,11.7,108,113,110,101,94
2017-07-12 22:00,2184,97,96,0.00,31,0.00,,19.9,6.9,0.53,1.73,3.8,7.3,16.1,19.1,11.7,105,110,109,101,94
2017-07-12 23:00,2184,96,94,0.00,29,0.00,,15.0,7.2,0.50,1.66,3.8,7.1,15.8,18.8,11.7,102,108,109,101,94
2017-07-13 00:00,2184,94,91,0.00,31,0.01,,10.0,7.0,0.49,1.54,4.2,7.2,16.1,18.8,11.7,100,106,108,101,94
2017-07-13 01:00,2184,91,90,0.00,33,0.01,,8.4,5.8,0.49,1.42,3.6,7.4,16.1,18.8,11.7,98,104,107,101,94
2017-07-13 02:00,2184,90,89,0.00,36,0.02,,9.2,6.3,0.48,1.39,3.6,7.2,15.5,18.8,11.7,96,102,107,101,94
2017-07-13 03:00,2184,89,87,0.00,34,0.02,,8.9,6.5,0.45,1.33,3.6,7.4,15.8,18.8,11.7,95,101,106,101,94
2017-07-13 04:00,2184,87,86,0.00,35,4.27,,9.5,6.2,0.48,1.27,3.9,7.2,15.5,18.8,11.7,94,99,105,101,94
2017-07-13 05:00,2184,89,87,0.00,41,100.90,,9.6,6.6,0.54,1.30,3.7,6.8,15.8,18.8,11.7,92,98,104,101,94
2017-07-13 06:00,2184,93,89,0.00,41,279.20,,12.7,8.3,0.51,1.46,3.4,6.8,15.4,18.8,11.7,92,97,104,101,94
2017-07-13 07:00,2184,96,93,0.00,29,472.20,,11.2,6.9,0.45,1.63,3.6,7.2,15.2,18.8,11.7,96,98,103,101,94
2017-07-13 08:00,2184,100,96,0.00,27,666.40,,9.1,5.4,0.43,1.80,3.9,7.3,15.2,18.8,11.7,102,101,102,101,94
2017-07-13 09:00,2184,103,99,0.00,23,766.00,,10.0,5.1,0.44,1.94,4.5,7.3,15.6,18.8,11.4,111,105,102,101,94
2017-07-13 10:00,2184,105,103,0.00,20,899.00,,10.2,3.9,0.40,2.16,4.9,7.8,15.4,18.8,11.7,117,110,102,102,94
2017-07-13 11:00,2184,108,104,0.00,17,933.00,,13.2,3.6,0.39,2.35,5.4,7.7,15.4,18.8,11.7,120,115,102,101,94
2017-07-13 12:00,2184,110,107,0.00,18,919.00,,21.1,9.4,0.37,2.47,5.1,8.2,15.2,18.8,11.7,130,120,102,101,94
2017-07-13 13:00,2184,110,109,0.00,14,893.00,,16.9,9.5,0.33,2.59,5.4,8.0,14.9,18.8,11.7,,124,103,101,94
2017-07-13 14:00,2184,111,110,0.00,12,717.70,,18.9,11.1,0.31,2.61,5.6,8.4,15.2,18.8,11.7,,127,104,101,94
2017-07-13 15:00,2184,111,110,0.00,12,573.30,,20.5,11.5,0.30,2.65,5.4,8.1,15.8,18.8,11.7,,127,106,101,94
2017-07-13 16:00,2184,111,110,0.00,11,389.10,,18.2,12.2,0.29,2.64,5.0,8.1,15.8,18.8,11.7,,127,106,101,94
2017-07-13 17:00,2184,110,109,0.00,11,201.90,,16.9,11.9,0.29,2.57,4.6,8.2,15.5,18.8,11.7,128,125,108,101,94
2017-07-13 18:00,2184,109,106,0.00,12,40.17,,13.1,8.2,0.29,2.46,4.9,7.6,16.1,18.8,11.7,122,122,109,101,94
2017-07-13 19:00,2184,106,104,0.00,13,0.13,,11.5,7.6,0.29,2.24,4.9,7.6,15.8,18.8,11.7,116,119,109,101,94
2017-07-13 20:00,2184,104,101,0.00,13,0.00,,10.4,5.8,0.28,2.07,4.4,7.5,15.8,18.8,11.7,111,115,109,101,94
2017-07-13 21:00,2184,101,100,0.00,14,0.00,,14.4,6.1,0.30,1.97,3.5,7.3,15.8,18.8,11.7,108,112,110,101,94
2017-07-13 22:00,2184,101,98,0.00,18,0.00,,13.2,5.4,0.48,1.89,3.4,7.5,16.1,18.8,11.7,104,110,109,101,94
2017-07-13 23:00,2184,98,97,0.00,30,0.01,,12.1,6.9,0.53,1.79,3.8,7.1,16.3,18.8,11.7,102,108,109,101,94
2017-07-14 00:00,2184,97,95,0.00,29,0.00,,12.7,8.1,0.50,1.72,3.4,7.2,15.5,18.8,11.7,101,106,108,101,94
2017-07-14 01:00,2184,95,92,0.00,29,0.01,,10.4,5.7,0.48,1.62,3.6,7.4,15.8,18.5,11.7,99,105,107,101,94
2017-07-14 02:00,2184,92,90,0.00,31,0.03,,10.5,7.1,0.47,1.48,3.6,7.4,15.5,18.5,11.7,98,103,107,101,94
2017-07-14 03:00,2184,90,90,0.00,33,0.02,,6.9,2.8,0.47,1.41,3.6,7.2,15.8,18.5,11.5,96,102,106,101,94
2017-07-14 04:00,2184,91,90,0.00,34,4.16,,12.7,5.6,0.47,1.45,3.6,7.0,15.2,18.5,11.7,95,100,105,101,94
2017-07-14 05:00,2184,90,90,0.00,31,99.70,,11.2,7.5,0.45,1.42,3.7,7.2,15.7,18.5,11.7,94,98,105,101,94
2017-07-14 06:00,2184,95,90,0.00,33,276.90,,13.3,8.4,0.47,1.53,3.4,7.2,14.9,18.5,11.7,94,98,104,102,94
2017-07-14 07:00,2184,98,95,0.00,28,466.40,,13.0,8.2,0.46,1.70,4.1,6.8,15.5,19.5,11.7,98,99,103,102,94
2017-07-14 08:00,2184,101,98,0.00,25,644.60,,10.9,6.1,0.44,1.85,4.2,7.3,15.6,18.5,11.7,104,102,102,102,94
2017-07-14 09:00,2184,104,101,0.00,22,791.90,,10.7,4.8,0.43,2.06,4.9,7.3,14.9,18.5,11.7,112,106,102,102,94
2017-07-14 10:00,2184,105,103,0.00,19,890.00,,11.4,4.5,0.40,2.21,4.9,7.4,15.2,19.5,11.7,119,111,102,101,94
2017-07-14 11:00,2184,108,105,0.00,17,931.00,,12.2,4.5,0.37,2.40,4.9,7.7,14.9,19.5,11.7,120,116,102,101,94
2017-07-14 12:00,2184,111,108,0.00,15,918.00,,13.5,4.6,0.37,2.57,5.7,7.9,15.4,18.5,11.7,,121,103,101,94
2017-07-14 13:00,2184,112,110,0.00,14,848.00,,12.8,6.0,0.38,2.65,5.4,7.8,15.2,19.5,11.7,,125,104,101,94
2017-07-14 14:00,2184,112,112,0.00,14,724.00,,17.3,7.1,0.39,2.74,5.2,8.2,15.4,19.5,11.7,,128,105,101,94
2017-07-14 15:00,2184,112,111,0.00,14,562.00,,13.9,6.9,0.39,2.74,5.4,8.2,15.3,18.5,11.5,,130,106,101,94
2017-07-14 16:00,2184,112,112,0.00,14,374.20,,17.6,7.6,0.39,2.75,4.7,8.0,15.5,18.5,11.5,,130,107,101,94
2017-07-14 17:00,2184,112,110,0.00,14,189.80,,17.3,10.7,0.38,2.70,5.4,8.2,16.1,19.5,11.7,,128,108,101,94
2017-07-14 18:00,2184,110,108,0.00,14,37.09,,16.1,10.6,0.35,2.58,4.6,8.2,15.6,19.5,11.7,127,125,110,101,94
2017-07-14 19:00,2184,108,106,0.00,13,0.15,,14.8,9.7,0.32,2.40,4.9,7.8,16.1,19.5,11.5,119,121,110,101,94
2017-07-14 20:00,2184,106,103,0.00,13,0.00,,15.2,10.4,0.30,2.24,4.4,7.7,15.8,19.5,11.5,114,117,111,101,94
2017-07-14 21:00,2184,103,99,0.00,13,0.00,,5.2,1.7,0.27,2.05,4.4,7.7,15.8,18.5,11.5,110,115,111,101,94
2017-07-14 22:00,2184,99,98,0.00,14,0.01,,5.5,3.1,0.30,1.86,3.8,7.3,16.1,19.5,11.5,107,112,110,101,94
2017-07-14 23:00,2184,98,97,0.00,23,0.00,,4.3,2.6,0.41,1.78,3.8,7.1,15.4,19.5,11.5,104,110,110,101,94
2017-07-15 00:00,2184,97,94,0.00,18,0.01,,4.7,3.2,0.29,1.70,3.7,7.2,15.6,19.5,11.5,102,107,109,101,94
2017-07-15 01:00,2184,96,92,0.00,17,0.01,,5.3,3.8,0.29,1.59,3.7,7.4,15.3,19.5,11.5,99,105,109,102,94
2017-07-15 02:00,2184,93,89,0.00,20,0.02,,5.4,3.4,0.33,1.54,3.7,7.2,15.5,19.5,11.5,98,103,108,102,95
2017-07-15 03:00,2184,91,89,0.00,27,0.01,,4.6,2.1,0.37,1.41,3.4,7.0,16.1,19.5,11.5,96,102,107,102,94
2017-07-15 04:00,2184,92,90,0.00,29,4.03,,8.5,5.3,0.47,1.48,3.9,7.2,15.3,19.1,11.5,95,100,106,102,94
2017-07-15 05:00,2184,93,90,0.00,36,87.20,,12.2,7.6,0.54,1.47,3.9,6.8,15.2,19.1,11.5,94,99,105,102,95
2017-07-15 06:00,2184,95,93,0.00,35,257.70,,14.3,10.1,0.54,1.62,3.2,7.2,15.5,19.1,11.5,94,98,105,102,95
2017-07-15 07:00,2184,98,94,0.00,36,442.10,,14.9,9.0,0.57,1.68,4.1,7.0,15.7,19.1,11.5,98,100,104,102,94
2017-07-15 08:00,2184,101,98,0.00,31,638.90,,11.5,7.2,0.54,1.87,4.2,7.0,15.2,19.1,11.5,104,102,103,102,95
2017-07-15 09:00,2184,103,100,0.00,27,786.00,,10.8,6.5,0.50,2.04,4.9,7.5,15.4,19.1,11.5,112,106,103,102,94
2017-07-15 10:00,2184,107,103,0.00,22,884.00,,13.8,6.6,0.46,2.25,5.1,7.7,14.9,19.1,11.5,117,111,103,102,95
2017-07-15 11:00,2184,109,107,0.00,17,923.00,,15.7,8.8,0.43,2.45,4.9,7.6,15.4,19.1,11.5,120,115,103,102,95
2017-07-15 12:00,2184,109,108,0.00,18,905.00,,17.4,9.0,0.48,2.49,5.4,8.2,15.2,19.1,11.5,130,120,103,102,94
2017-07-15 13:00,2184,110,108,0.00,21,836.00,,20.6,11.2,0.50,2.54,5.4,7.6,15.7,19.1,11.5,,124,104,102,95
2017-07-15 14:00,2184,110,109,0.00,21,715.80,,19.2,10.4,0.50,2.59,5.4,8.1,15.5,19.1,11.5,,125,105,102,95
2017-07-15 15:00,2184,111,110,0.00,20,551.40,,19.5,11.7,0.52,2.60,5.4,8.1,15.7,19.1,11.5,,127,106,102,95
2017-07-15 16:00,2184,111,110,0.00,20,370.70,,19.0,13.2,0.49,2.62,4.7,8.2,15.3,19.1,11.5,,127,107,102,95
2017-07-15 17:00,2184,110,108,0.00,17,181.90,,19.2,13.8,0.44,2.55,5.0,7.7,15.8,19.1,11.5,128,125,108,101,95
2017-07-15 18:00,2184,108,105,0.00,19,32.33,,19.0,14.1,0.49,2.35,4.2,8.0,15.4,19.1,11.5,122,122,109,101,95
2017-07-15 19:00,2184,105,103,0.00,22,0.09,,17.8,11.5,0.49,2.18,4.2,7.8,15.9,19.1,11.5,116,119,110,102,95
2017-07-15 20:00,2184,103,99,0.00,22,0.01,,20.5,14.1,0.55,2.02,4.2,7.5,16.1,19.1,11.5,112,116,110,101,95
2017-07-15 21:00,2184,99,97,0.00,30,0.00,,21.5,14.7,0.56,1.84,4.2,7.5,15.9,19.1,11.5,109,113,110,102,95
2017-07-15 22:00,2184,97,96,0.00,31,0.00,,23.3,12.7,0.56,1.76,3.7,7.5,15.4,18.6,11.5,106,111,110,102,95
2017-07-15 23:00,2184,96,94,0.00,32,0.00,,13.0,6.2,0.53,1.70,4.2,7.1,15.8,19.1,11.5,104,109,109,102,95
2017-07-16 00:00,2184,94,93,0.00,31,0.00,,9.5,4.4,0.51,1.62,4.2,7.3,16.1,19.1,11.5,102,107,109,102,95
2017-07-16 01:00,2184,94,93,0.00,32,0.01,,8.2,3.5,0.51,1.59,3.8,7.4,15.4,19.1,11.5,100,105,108,102,95
2017-07-16 02:00,2184,95,94,0.00,31,0.01,,15.2,3.5,0.50,1.64,3.8,7.2,15.5,19.1,11.5,98,103,108,102,95
2017-07-16 03:00,2184,95,92,0.00,27,0.01,,16.2,10.2,0.47,1.61,3.7,7.2,15.4,19.1,11.5,98,102,107,102,95
2017-07-16 04:00,2184,92,90,0.00,32,3.74,,13.2,7.7,0.50,1.48,3.7,7.2,15.5,19.1,11.5,97,102,106,102,95
2017-07-16 05:00,2184,91,90,0.00,36,79.79,,11.2,6.4,0.53,1.44,3.7,7.4,15.7,19.1,11.5,96,101,105,102,95
2017-07-16 06:00,2184,93,91,0.00,37,228.80,,13.0,8.1,0.55,1.51,4.1,6.8,15.2,19.1,11.5,96,99,105,102,95
2017-07-16 07:00,2184,95,92,0.00,36,422.20,,15.4,9.8,0.56,1.57,4.2,7.4,14.7,18.9,11.5,98,100,104,102,95
2017-07-16 08:00,2184,97,95,0.00,34,626.20,,13.9,7.7,0.56,1.70,4.3,7.3,15.2,18.9,11.5,103,102,104,102,95
2017-07-16 09:00,2184,100,97,0.00,32,780.60,,15.4,7.1,0.56,1.84,5.0,7.5,15.2,18.9,11.5,111,106,103,102,95
2017-07-16 10:00,2184,101,100,0.00,27,720.10,,14.9,9.1,0.53,1.96,5.1,7.4,15.2,18.9,11.5,116,110,103,102,95
2017-07-16 11:00,2184,103,101,0.00,27,936.00,,17.6,9.2,0.55,2.07,5.1,7.6,15.2,18.9,11.5,119,114,103,102,95
2017-07-16 12:00,2184,105,103,0.00,26,849.00,,16.9,8.8,0.55,2.15,5.8,7.7,15.2,18.9,11.5,127,117,104,102,95
2017-07-16 13:00,2184,106,104,0.00,25,843.00,,19.0,8.5,0.53,2.24,5.1,8.2,14.9,18.9,11.5,,121,104,102,95
2017-07-16 14:00,2184,108,105,0.00,22,715.00,,18.7,9.5,0.50,2.33,5.2,8.1,15.2,19.5,11.5,,124,105,102,95
2017-07-16 15:00,2184,108,107,0.00,20,550.90,,16.6,9.9,0.49,2.41,5.6,7.8,15.7,18.9,11.5,,125,106,102,95
2017-07-16 16:00,2184,108,106,0.00,21,363.10,,16.5,10.0,0.50,2.39,5.1,8.1,15.5,18.9,11.5,,125,107,102,95
2017-07-16 17:00,2184,106,105,0.00,22,176.50,,16.0,10.7,0.51,2.29,4.7,8.2,15.7,18.9,11.5,128,124,108,102,95
2017-07-16 18:00,2184,105,103,0.00,23,31.56,,15.1,9.6,0.50,2.18,5.0,7.6,15.6,18.6,11.5,121,121,109,102,95
2017-07-16 19:00,2184,103,100,0.00,23,0.09,,15.0,9.8,0.50,2.05,4.9,7.6,16.1,18.9,11.5,115,117,109,102,95
2017-07-16 20:00,2184,100,98,0.00,28,0.00,,15.9,10.8,0.55,1.89,4.4,7.7,16.1,18.9,11.5,111,114,110,102,95
2017-07-16 21:00,2184,98,97,0.00,30,0.00,,18.3,9.8,0.54,1.79,4.4,7.7,16.1,18.9,11.5,107,112,109,102,95
2017-07-16 22:00,2184,97,96,0.00,30,0.01,,16.8,10.8,0.51,1.73,4.2,7.3,16.3,18.3,11.5,104,109,109,102,95
2017-07-16 23:00,2184,96,95,0.00,30,0.01,,12.4,8.0,0.52,1.69,4.1,7.5,15.6,19.5,11.5,102,107,109,102,95
2017-07-17 00:00,2184,95,94,0.00,31,0.00,,14.1,8.0,0.51,1.65,4.1,7.0,15.7,18.9,11.5,101,106,108,102,95
2017-07-17 01:00,2184,94,92,0.00,32,0.00,,9.9,6.1,0.50,1.56,3.7,7.2,15.5,19.5,11.5,99,104,107,102,95
2017-07-17 02:00,2184,93,90,0.00,30,0.01,,9.1,5.5,0.48,1.51,3.4,7.4,15.5,18.9,11.5,98,102,107,102,95
2017-07-17 03:00,2184,90,89,0.00,34,0.02,,8.6,5.6,0.50,1.42,3.4,7.0,15.0,19.0,11.5,96,102,106,102,95
2017-07-17 04:00,2184,89,87,0.00,38,2.41,,9.4,6.3,0.52,1.33,4.1,7.2,15.2,19.5,11.5,95,100,105,102,95
2017-07-17 05:00,2184,91,88,0.00,41,93.10,,11.2,7.3,0.54,1.36,3.8,7.3,14.9,19.5,11.5,94,98,105,102,95
2017-07-17 06:00,2184,93,91,0.00,37,268.80,,12.2,7.5,0.53,1.51,4.1,7.3,15.2,19.5,11.5,94,98,104,102,95
2017-07-17 07:00,2184,95,93,0.00,34,456.50,,14.6,9.3,0.53,1.62,3.9,7.2,14.9,19.0,11.5,98,99,103,102,95
2017-07-17 08:00,2184,97,95,0.00,32,630.30,,14.6,8.2,0.52,1.71,5.0,7.3,15.1,19.5,11.5,103,102,103,102,95
2017-07-17 09:00,2184,100,97,0.00,30,774.00,,15.4,8.4,0.52,1.84,4.9,7.7,15.1,19.0,11.5,111,105,102,102,95
2017-07-17 10:00,2184,103,100,0.00,26,875.00,,18.0,8.8,0.51,1.97,4.9,7.7,15.4,19.5,11.5,116,110,102,102,95
2017-07-17 11:00,2184,104,103,0.00,24,912.00,,21.5,9.4,0.51,2.11,5.0,7.7,15.1,19.5,11.5,119,113,102,102,95
2017-07-17 12:00,2184,106,104,0.00,23,899.00,,21.1,10.0,0.51,2.23,5.7,7.8,15.1,19.5,11.5,128,117,103,102,95
2017-07-17 13:00,2184,106,105,0.00,22,835.00,,18.1,8.1,0.50,2.29,5.6,8.0,14.9,19.5,11.5,,121,103,102,95
2017-07-17 14:00,2184,108,106,0.00,22,713.60,,16.8,8.2,0.51,2.37,5.4,8.0,15.2,19.5,11.5,,124,104,102,95
2017-07-17 15:00,2184,108,107,0.00,21,550.10,,16.4,8.8,0.50,2.40,5.4,8.4,14.9,19.5,11.5,,125,105,102,95
2017-07-17 16:00,2184,108,106,0.00,20,365.20,,17.3,9.9,0.50,2.39,5.6,8.1,15.0,19.5,11.5,,125,106,102,95
2017-07-17 17:00,2184,107,105,0.00,21,182.00,,16.8,9.7,0.49,2.34,5.1,8.1,15.5,19.5,11.5,128,124,108,102,95
2017-07-17 18:00,2184,105,104,0.00,22,32.74,,15.4,10.4,0.50,2.23,4.7,8.0,15.7,19.5,11.5,122,121,108,102,95
2017-07-17 19:00,2184,104,102,0.00,23,0.22,,14.1,8.8,0.49,2.12,4.7,7.7,15.8,18.9,11.5,116,119,109,102,95
2017-07-17 20:00,2184,102,99,0.00,24,0.00,,16.4,11.1,0.50,1.97,4.1,7.7,15.6,19.0,11.5,112,115,110,102,95
2017-07-17 21:00,2184,99,98,0.00,27,0.00,,13.5,9.5,0.50,1.84,4.4,7.5,15.6,19.0,11.5,108,113,109,102,95
2017-07-17 22:00,2184,98,96,0.00,28,0.00,,15.7,10.8,0.53,1.76,4.2,7.5,15.8,19.5,11.9,105,110,109,102,95
2017-07-17 23:00,2184,96,95,0.00,32,0.00,,14.6,8.1,0.54,1.70,4.1,7.3,15.3,19.5,12.1,103,108,109,102,95
2017-07-18 00:00,2184,95,95,0.00,32,0.00,,13.0,8.3,0.52,1.67,4.1,7.5,15.5,19.5,11.5,102,106,108,102,95
2017-07-18 01:00,2184,95,93,0.00,30,0.01,,11.6,5.7,0.49,1.61,3.4,7.0,15.7,19.0,11.5,100,105,108,102,95
2017-07-18 02:00,2184,93,92,0.00,31,0.01,,6.6,4.3,0.48,1.54,4.1,7.6,15.3,19.0,11.5,99,103,107,102,95
2017-07-18 03:00,2184,92,90,0.00,31,0.01,,11.2,5.9,0.47,1.48,4.1,7.2,15.4,19.5,11.5,98,102,106,102,95
2017-07-18 04:00,2184,91,90,0.00,33,2.86,,11.4,7.7,0.47,1.44,3.9,7.3,14.9,19.5,11.5,97,101,106,102,95
2017-07-18 05:00,2184,91,90,0.00,32,39.52,,10.0,6.3,0.47,1.46,3.6,7.3,15.2,19.1,11.4,96,100,105,102,95
2017-07-18 06:00,2184,92,91,0.00,33,103.50,,10.5,7.8,0.50,1.48,3.9,7.2,14.9,19.1,11.5,95,99,104,102,95
2017-07-18 07:00,2184,95,91,0.00,35,259.70,,10.6,7.0,0.51,1.51,4.1,6.9,15.1,19.1,11.5,96,99,104,102,95
2017-07-18 08:00,2184,98,95,0.00,29,507.50,,14.5,8.2,0.48,1.71,4.3,7.3,15.4,19.1,11.5,98,100,103,102,95
2017-07-18 09:00,2184,101,98,0.00,26,801.00,,13.6,8.0,0.48,1.86,4.1,7.4,14.7,18.6,11.5,106,102,103,102,95
2017-07-18 10:00,2184,103,101,0.00,24,865.00,,13.2,6.4,0.49,2.01,4.6,7.4,14.8,19.1,12.1,114,108,102,102,95
2017-07-18 11:00,2184,105,103,0.00,24,928.00,,13.7,6.9,0.49,2.12,4.6,7.7,14.6,19.1,12.1,117,112,102,102,95
2017-07-18 12:00,2184,106,105,0.00,21,907.00,,18.6,7.8,0.47,2.26,5.6,7.8,14.7,19.1,11.9,128,117,102,102,95
2017-07-18 13:00,2184,108,106,0.00,20,843.00,,14.9,6.9,0.47,2.35,5.3,8.2,14.7,18.6,11.9,,121,103,102,95
2017-07-18 14:00,2184,108,107,0.00,20,680.20,,17.3,6.4,0.48,2.37,5.4,8.2,15.1,19.1,12.1,,125,104,102,95
2017-07-18 15:00,2184,108,107,0.00,19,563.20,,17.8,8.6,0.48,2.40,5.4,8.2,15.2,19.1,11.9,,127,106,102,95
2017-07-18 16:00,2184,107,106,0.00,21,372.60,,18.1,8.8,0.50,2.39,4.9,8.6,15.3,19.0,11.9,,127,107,102,95
2017-07-18 17:00,2184,106,105,0.00,21,111.70,,14.8,8.4,0.49,2.26,5.4,8.1,15.0,19.1,11.9,130,125,108,102,96
2017-07-18 18:00,2184,105,103,0.00,22,28.63,,16.2,11.4,0.50,2.16,5.0,8.3,15.5,19.0,11.9,122,122,109,102,95
2017-07-18 19:00,2184,103,101,0.00,23,0.11,,16.6,11.0,0.48,2.06,4.2,7.7,15.6,18.6,11.9,116,119,109,102,95
2017-07-18 20:00,2184,101,100,0.00,24,0.00,,16.1,11.0,0.48,1.99,4.1,7.5,16.0,19.0,11.9,112,115,110,102,95
2017-07-18 21:00,2184,100,100,0.00,25,0.00,,16.2,10.0,0.48,1.92,4.4,7.5,16.0,18.6,11.9,109,113,110,102,95
2017-07-18 22:00,2184,100,99,0.00,25,0.00,,13.7,7.6,0.47,1.89,4.2,7.1,15.6,19.0,11.9,107,111,109,102,95
2017-07-18 23:00,2184,99,98,0.00,25,0.00,,10.5,4.1,0.45,1.83,3.8,7.7,15.5,19.0,11.9,105,109,109,102,95
2017-07-19 00:00,2184,98,96,0.00,25,0.00,,12.7,9.4,0.44,1.76,3.8,7.3,15.0,18.6,11.9,103,108,108,102,95
2017-07-19 01:00,2184,96,91,0.00,25,0.00,,12.6,6.6,0.44,1.70,3.8,7.5,15.3,18.6,11.9,102,106,108,102,95
2017-07-19 02:00,2184,92,90,0.00,37,0.01,,7.5,4.2,0.53,1.47,3.4,7.0,15.5,18.6,11.9,101,105,107,102,95
2017-07-19 03:00,2184,92,91,0.00,32,0.01,,9.0,5.7,0.44,1.49,3.4,7.6,15.0,18.6,11.9,99,103,107,102,95
2017-07-19 04:00,2184,92,90,0.00,29,0.91,,12.4,7.8,0.50,1.47,4.1,7.2,15.2,18.6,11.9,98,102,106,102,95
2017-07-19 05:00,2184,90,89,0.00,41,26.57,,8.9,5.2,0.57,1.40,4.1,7.3,15.4,18.6,11.9,97,101,106,102,95
2017-07-19 06:00,2184,91,89,0.00,42,78.40,,12.7,7.8,0.58,1.38,3.9,6.9,15.1,18.6,11.9,96,100,105,102,95
2017-07-19 07:00,2184,92,90,0.00,35,110.90,,11.8,8.5,0.53,1.46,4.2,6.9,15.1,18.6,11.9,96,100,104,102,95
2017-07-19 08:00,2184,92,90,0.00,33,118.80,,11.6,7.9,0.50,1.47,4.1,7.3,14.7,18.6,11.9,98,100,104,102,95
2017-07-19 09:00,2184,90,87,0.00,39,175.90,,10.4,5.9,0.60,1.36,3.9,7.3,14.9,18.6,11.4,98,100,103,102,95
2017-07-19 10:00,2184,93,90,0.00,40,218.30,,8.0,4.9,0.52,1.48,4.6,7.3,15.1,19.1,11.9,97,100,103,102,96
2017-07-19 11:00,2184,96,93,0.00,31,432.90,,8.7,4.6,0.47,1.61,4.6,7.2,15.1,19.1,11.9,99,100,102,102,96
2017-07-19 12:00,2184,98,96,0.00,25,540.60,,10.1,5.0,0.41,1.74,4.4,7.0,14.6,18.6,11.9,104,102,102,102,95
2017-07-19 13:00,2184,100,98,0.00,22,553.40,,9.4,3.9,0.38,1.84,4.9,7.9,14.8,18.6,11.4,111,106,102,102,96
2017-07-19 14:00,2184,103,100,0.00,21,799.30,,13.3,3.6,0.40,2.06,5.1,7.7,15.0,18.6,11.9,117,110,102,102,96
2017-07-19 15:00,2184,103,102,0.00,20,529.20,,13.6,6.6,0.41,2.10,5.6,7.6,14.6,18.6,11.9,125,114,102,102,96
2017-07-19 16:00,2184,104,103,0.00,20,268.40,,10.9,4.4,0.42,2.14,5.8,8.1,14.8,18.6,11.9,125,117,103,102,96
2017-07-19 17:00,2184,103,102,0.00,20,77.08,,8.7,4.6,0.41,2.10,4.7,7.9,14.9,19.1,11.9,121,117,103,102,96
2017-07-19 18:00,2184,102,99,0.00,20,14.31,,11.3,6.0,0.42,1.98,4.6,7.6,15.1,18.6,11.4,115,115,105,102,96
2017-07-19 19:00,2184,99,97,0.00,23,0.01,,9.3,6.1,0.43,1.80,4.6,7.5,15.1,18.6,11.9,110,112,105,102,95
2017-07-19 20:00,2184,97,97,0.00,24,0.00,,7.3,4.0,0.43,1.76,4.4,7.7,14.9,18.6,11.9,106,109,105,102,95
2017-07-19 21:00,2184,97,96,0.00,25,0.00,,10.8,5.0,0.45,1.73,4.4,7.7,15.1,18.6,11.9,103,107,106,101,96
2017-07-19 22:00,2184,96,94,0.00,27,0.00,,12.7,6.7,0.45,1.67,3.9,7.4,15.1,18.6,11.9,101,105,105,101,96
2017-07-19 23:00,2184,95,94,0.00,28,0.00,,17.2,10.8,0.45,1.63,4.2,7.3,15.1,18.6,11.9,99,103,105,101,96
2017-07-20 00:00,2184,94,93,0.00,28,0.00,,15.1,10.0,0.45,1.59,3.9,7.4,15.4,18.6,11.9,98,102,105,101,96
2017-07-20 01:00,2184,94,92,0.00,25,0.00,,14.9,7.9,0.40,1.56,4.2,7.0,14.7,18.6,11.9,96,101,104,101,96
2017-07-20 02:00,2184,93,91,0.00,26,0.01,,12.9,6.1,0.41,1.53,4.1,7.3,14.9,18.6,11.9,96,99,103,101,96
2017-07-20 03:00,2184,91,88,0.00,28,0.01,,10.3,6.4,0.42,1.43,4.1,7.2,14.4,18.6,11.9,95,98,103,101,95
2017-07-20 04:00,2184,89,87,0.00,31,2.63,,12.4,7.1,0.41,1.34,4.1,7.2,14.6,18.6,11.9,94,98,102,101,96
2017-07-20 05:00,2184,88,87,0.00,32,40.22,,10.2,6.0,0.42,1.33,4.1,7.3,14.8,18.6,11.9,93,97,102,101,96
2017-07-20 06:00,2184,91,88,0.00,31,150.90,,9.5,6.9,0.43,1.41,4.1,7.3,15.1,19.1,11.9,92,96,102,101,96
2017-07-20 07:00,2184,96,91,0.00,28,277.80,,9.5,6.5,0.40,1.58,3.9,7.3,14.4,18.6,11.9,94,96,102,101,96
2017-07-20 08:00,2184,101,96,0.00,22,464.10,,10.8,6.0,0.36,1.77,3.9,7.3,14.6,18.6,11.9,98,98,101,101,96
2017-07-20 09:00,2184,103,101,0.00,18,855.00,,15.7,4.4,0.33,2.03,4.4,7.3,14.9,18.6,11.9,103,101,100,101,96
2017-07-20 10:00,2184,104,102,0.00,15,889.00,,15.3,6.9,0.32,2.09,5.1,7.4,14.1,18.6,11.9,114,107,100,101,96
2017-07-20 11:00,2184,105,104,0.00,17,925.00,,15.7,7.3,0.40,2.20,5.1,7.5,14.6,18.6,11.9,117,112,100,101,96
2017-07-20 12:00,2184,107,105,0.00,19,966.00,,17.8,8.8,0.43,2.26,5.4,8.0,14.9,18.6,11.9,128,117,101,101,96
2017-07-20 13:00,2184,107,106,0.00,19,740.90,,20.0,10.0,0.44,2.32,5.6,8.2,14.4,19.0,11.9,,121,102,101,96
2017-07-20 14:00,2184,107,106,0.00,18,714.20,,17.2,7.8,0.44,2.36,5.2,8.4,14.6,18.6,11.9,,124,102,101,96
2017-07-20 15:00,2184,107,107,0.00,18,578.40,,15.2,7.5,0.44,2.38,5.0,8.2,14.9,19.0,11.9,,124,103,101,96
2017-07-20 16:00,2184,107,106,0.00,19,376.50,,14.9,6.2,0.44,2.35,5.3,8.2,14.4,19.5,11.9,,125,105,101,96
2017-07-20 17:00,2184,107,105,0.00,18,184.00,,14.8,7.7,0.42,2.32,4.9,8.2,15.0,19.0,11.9,128,124,106,101,96
2017-07-20 18:00,2184,105,104,0.00,18,29.85,,12.9,9.0,0.42,2.24,4.7,7.9,15.3,19.0,11.9,122,121,107,101,96
2017-07-20 19:00,2184,104,102,0.00,19,0.05,,15.4,11.2,0.42,2.11,4.7,8.0,15.0,19.0,11.9,116,117,108,101,96
2017-07-20 20:00,2184,102,100,0.00,20,0.00,,16.0,10.8,0.40,1.99,4.1,7.7,15.5,19.0,11.9,111,115,108,101,96
2017-07-20 21:00,2184,100,97,0.00,20,0.00,,17.6,11.0,0.41,1.86,4.2,7.8,15.5,19.5,11.9,108,112,108,101,96
2017-07-20 22:00,2184,97,96,0.00,24,0.00,,19.7,11.8,0.40,1.73,4.2,7.3,15.0,19.0,11.9,104,109,108,101,96
2017-07-20 23:00,2184,96,93,0.00,21,0.00,,9.2,4.4,0.36,1.67,4.1,7.7,15.3,19.5,11.9,102,107,108,101,96
2017-07-21 00:00,2184,94,93,0.00,23,0.01,,9.4,2.6,0.35,1.58,3.8,7.5,15.3,19.5,11.9,100,105,107,101,96
2017-07-21 01:00,2184,93,91,0.00,22,0.01,,12.0,7.1,0.34,1.54,3.8,7.3,15.0,19.0,11.9,98,103,107,101,96
2017-07-21 02:00,2184,91,91,0.00,23,0.02,,12.1,7.7,0.35,1.47,3.4,7.2,15.1,19.5,11.9,96,102,106,101,96
2017-07-21 03:00,2184,91,87,0.00,25,0.02,,10.0,6.2,0.38,1.44,3.7,7.3,14.4,19.1,11.9,95,100,105,101,96
2017-07-21 04:00,2184,87,85,0.00,29,2.80,,7.1,5.0,0.38,1.26,3.7,7.2,14.7,18.6,11.9,94,98,105,101,96
2017-07-21 05:00,2184,89,85,0.00,32,94.10,,7.8,5.0,0.40,1.27,3.9,7.2,14.9,18.6,11.9,92,98,103,101,96
2017-07-21 06:00,2184,93,89,0.00,29,274.20,,10.4,6.7,0.42,1.46,3.7,6.7,15.0,18.6,11.9,92,96,103,101,96
2017-07-21 07:00,2184,95,93,0.00,28,465.00,,11.5,6.8,0.44,1.59,3.9,7.2,14.8,18.6,11.9,96,98,102,101,96
2017-07-21 08:00,2184,99,95,0.00,28,640.30,,9.8,4.7,0.47,1.73,4.3,7.2,14.4,19.1,11.9,102,100,102,101,96
2017-07-21 09:00,2184,101,98,0.00,24,785.50,,11.0,5.4,0.45,1.88,5.0,7.4,14.8,18.6,11.9,111,105,102,101,96
2017-07-21 10:00,2184,103,101,0.00,23,881.00,,14.0,6.5,0.44,2.08,4.6,7.7,15.0,18.6,11.9,116,110,102,101,96
2017-07-21 11:00,2184,105,103,0.00,20,921.00,,12.4,5.6,0.44,2.16,5.1,7.9,14.4,18.6,11.9,119,114,102,101,96
2017-07-21 12:00,2184,107,105,0.00,20,912.00,,16.1,7.0,0.44,2.26,5.6,7.9,14.8,18.6,11.9,130,119,102,101,96
2017-07-21 13:00,2184,108,107,0.00,18,815.00,,19.8,9.1,0.43,2.37,5.4,8.0,15.2,18.6,11.9,,122,103,101,96
2017-07-21 14:00,2184,108,107,0.00,18,729.10,,18.9,8.5,0.44,2.41,5.4,8.6,14.7,19.1,11.9,,125,103,101,96
2017-07-21 15:00,2184,108,107,0.00,18,560.60,,16.7,8.8,0.44,2.39,5.3,7.8,14.7,18.6,11.9,,127,105,101,96
2017-07-21 16:00,2184,107,107,0.00,19,368.80,,16.8,9.0,0.45,2.37,5.2,8.2,15.1,18.6,11.9,,127,106,101,96
2017-07-21 17:00,2184,107,105,0.00,18,179.00,,15.0,8.7,0.42,2.33,4.5,8.2,15.4,18.6,11.9,128,124,107,101,96
2017-07-21 18:00,2184,105,103,0.00,18,28.47,,13.8,9.4,0.41,2.21,4.7,8.2,15.0,19.1,11.9,122,122,108,101,96
2017-07-21 19:00,2184,103,101,0.00,20,0.03,,14.0,9.4,0.42,2.10,4.5,8.0,15.5,19.1,11.9,116,119,109,101,96
2017-07-21 20:00,2184,101,99,0.00,22,0.00,,14.7,10.6,0.45,1.97,4.2,7.7,15.5,18.6,11.9,111,115,109,101,96
2017-07-21 21:00,2184,99,97,0.00,23,0.00,,13.0,7.5,0.44,1.84,4.5,7.3,15.5,18.6,11.9,108,112,109,101,96
2017-07-21 22:00,2184,97,97,0.00,25,0.00,,13.6,7.8,0.44,1.76,4.4,7.3,15.0,18.6,11.9,104,110,109,101,96
2017-07-21 23:00,2184,97,94,0.00,25,0.01,,10.3,3.9,0.42,1.69,4.4,6.9,15.3,18.6,11.9,102,107,109,101,96
2017-07-22 00:00,2184,96,94,0.00,22,0.00,,9.8,5.3,0.35,1.69,4.2,7.4,15.3,18.6,11.9,100,106,108,101,96
2017-07-22 01:00,2184,94,93,0.00,20,0.02,,9.3,6.4,0.32,1.59,4.2,7.2,15.0,18.6,11.9,98,103,107,101,96
2017-07-22 02:00,2184,93,90,0.00,20,0.01,,10.8,5.6,0.33,1.52,4.1,7.3,15.1,19.1,11.9,97,102,107,101,96
2017-07-22 03:00,2184,90,86,0.00,25,0.02,,8.8,4.3,0.35,1.38,3.4,7.2,14.7,18.6,11.9,96,101,106,101,96
2017-07-22 04:00,2184,87,86,0.00,27,2.20,,8.2,4.8,0.36,1.28,3.7,6.8,14.9,18.6,11.9,94,99,105,101,96
2017-07-22 05:00,2184,89,87,0.00,29,88.10,,8.3,5.8,0.40,1.32,3.7,7.2,14.9,18.6,11.9,92,98,104,102,96
2017-07-22 06:00,2184,94,89,0.00,30,264.80,,12.3,8.1,0.42,1.49,3.9,7.2,14.7,18.6,11.9,92,97,104,102,96
2017-07-22 07:00,2184,98,94,0.00,25,456.30,,10.4,5.7,0.40,1.68,3.9,7.5,14.8,18.6,11.9,96,98,103,102,96
2017-07-22 08:00,2184,100,98,0.00,21,636.40,,6.1,2.7,0.37,1.88,3.9,7.3,14.8,18.6,11.9,103,101,102,102,96
2017-07-22 09:00,2184,103,99,0.00,19,784.10,,9.5,3.6,0.36,2.03,4.6,7.7,15.0,18.6,11.9,112,106,102,102,96
2017-07-22 10:00,2184,106,103,0.00,17,883.00,,13.6,4.3,0.36,2.22,4.9,7.9,15.0,18.6,11.9,119,112,102,102,96
2017-07-22 11:00,2184,109,106,0.00,16,924.00,,13.9,5.9,0.37,2.35,4.9,7.7,14.6,18.6,11.9,121,116,102,102,96
2017-07-22 12:00,2184,109,108,0.00,15,912.00,,13.8,6.6,0.38,2.48,5.7,8.2,14.8,18.6,11.9,130,121,102,102,96
2017-07-22 13:00,2184,110,108,0.00,15,845.00,,12.8,6.3,0.38,2.50,5.4,8.2,14.8,18.3,11.9,,124,103,101,96
2017-07-22 14:00,2184,110,108,0.00,15,720.80,,20.1,9.1,0.40,2.57,5.2,8.2,14.7,18.6,11.9,,128,104,101,96
2017-07-22 15:00,2184,110,109,0.00,16,557.00,,14.8,6.9,0.42,2.57,5.4,8.4,14.9,18.6,11.9,,128,106,101,96
2017-07-22 16:00,2184,110,109,0.00,16,356.10,,16.0,8.8,0.43,2.55,5.0,8.2,15.2,18.6,11.9,,128,107,101,96
2017-07-22 17:00,2184,109,108,0.00,18,181.20,,17.0,11.1,0.43,2.49,5.0,8.2,15.5,18.6,11.9,,127,108,101,96
2017-07-22 18:00,2184,108,105,0.00,17,24.94,,17.6,12.9,0.43,2.35,4.9,7.6,15.0,18.6,11.9,124,124,109,101,96
2017-07-22 19:00,2184,105,103,0.00,20,0.06,,16.0,12.1,0.46,2.20,4.2,7.6,15.0,18.6,11.9,117,120,110,101,96
2017-07-22 20:00,2184,103,101,0.00,23,0.00,,15.4,10.2,0.47,2.09,4.2,7.5,15.3,18.6,11.9,113,116,110,101,96
2017-07-22 21:00,2184,101,99,0.00,22,0.00,,17.2,8.3,0.45,1.97,4.0,7.5,15.5,18.6,11.9,109,114,110,101,96
2017-07-22 22:00,2184,99,97,0.00,25,0.00,,12.5,7.6,0.46,1.83,4.0,7.5,15.0,18.6,11.9,107,111,110,101,96
2017-07-22 23:00,2184,97,96,0.00,25,0.00,,10.8,6.4,0.43,1.73,3.9,7.4,15.3,18.6,11.9,104,109,110,101,96
2017-07-23 00:00,2184,97,96,0.00,25,0.00,,12.7,6.9,0.43,1.74,3.9,7.2,15.3,19.6,11.9,102,107,109,101,96
2017-07-23 01:00,2184,97,94,0.00,24,0.03,,14.6,9.2,0.41,1.68,3.7,7.4,15.0,18.3,11.9,102,106,108,102,96
2017-07-23 02:00,2184,95,92,0.00,25,0.00,,12.0,7.5,0.40,1.61,3.4,7.0,15.2,19.3,11.9,100,104,108,102,96
2017-07-23 03:00,2184,93,91,0.00,27,0.01,,10.2,4.9,0.42,1.51,4.2,7.2,14.7,19.3,11.9,98,103,107,102,96
2017-07-23 04:00,2184,91,90,0.00,28,1.20,,10.7,7.5,0.43,1.45,4.1,6.8,14.7,19.3,11.9,97,102,106,102,96
2017-07-23 05:00,2184,91,90,0.00,31,37.52,,9.5,6.8,0.44,1.43,4.1,7.0,15.3,19.3,11.9,96,101,106,102,96
2017-07-23 06:00,2184,92,91,0.00,31,67.72,,10.0,6.9,0.46,1.48,3.4,7.2,14.7,19.3,11.9,96,100,105,102,96
2017-07-23 07:00,2184,96,92,0.00,32,220.00,,13.1,7.6,0.45,1.62,3.7,7.2,15.2,19.3,11.9,96,99,104,102,96
2017-07-23 08:00,2184,98,96,0.00,25,357.80,,12.1,7.8,0.43,1.76,3.9,6.8,14.8,19.3,11.9,99,100,104,102,96
2017-07-23 09:00,2184,101,98,0.00,25,548.80,,12.6,8.0,0.44,1.87,4.2,7.4,14.6,19.3,11.9,104,102,103,102,96
2017-07-23 10:00,2184,102,101,0.00,20,779.30,,16.0,8.9,0.41,2.04,4.3,7.6,15.0,19.3,11.9,110,106,103,102,96
2017-07-23 11:00,2184,104,102,0.00,21,816.00,,16.9,8.2,0.44,2.13,4.9,7.7,15.0,19.3,11.9,116,110,102,102,96
2017-07-23 12:00,2184,106,103,0.00,22,840.00,,17.4,9.5,0.47,2.19,5.1,7.7,14.5,19.3,11.9,125,115,103,102,96
2017-07-23 13:00,2184,106,104,0.00,21,783.50,,19.5,10.0,0.48,2.26,5.4,7.7,15.0,19.3,11.9,130,117,103,102,96
2017-07-23 14:00,2184,107,105,0.00,21,691.10,,24.5,11.1,0.46,2.33,5.0,7.9,14.8,19.3,11.9,,121,104,102,96
2017-07-23 15:00,2184,106,105,0.00,20,520.80,,19.8,12.0,0.46,2.26,5.6,7.9,14.7,19.3,11.9,,122,105,102,96
2017-07-23 16:00,2184,105,104,0.00,21,327.50,,16.7,10.4,0.48,2.22,5.2,8.0,15.2,19.3,11.9,128,122,106,102,96
2017-07-23 17:00,2184,104,102,0.00,22,116.20,,17.3,10.6,0.48,2.13,4.7,7.8,14.7,19.3,11.9,124,121,107,102,96
2017-07-23 18:00,2184,102,100,0.00,24,33.11,,16.8,11.0,0.48,2.00,4.7,7.6,15.8,19.3,11.9,119,119,108,102,96
2017-07-23 19:00,2184,100,99,0.00,23,0.00,,14.5,8.7,0.44,1.91,4.5,7.7,15.2,19.3,11.9,113,115,108,102,96
2017-07-23 20:00,2184,99,98,0.00,23,0.00,,12.4,9.4,0.43,1.85,4.2,7.5,15.2,19.3,11.9,109,112,108,102,96
2017-07-23 21:00,2184,98,96,0.00,24,0.00,,15.1,9.5,0.45,1.76,4.1,7.3,15.2,19.3,11.9,106,110,108,102,96
2017-07-23 22:00,2184,96,95,0.00,28,0.00,,14.1,9.8,0.50,1.68,3.9,7.1,15.2,19.3,11.9,103,108,108,102,96
2017-07-23 23:00,2184,95,94,0.00,32,0.00,,12.4,8.0,0.52,1.62,3.9,7.6,14.7,19.3,11.9,102,106,108,102,96
2017-07-24 00:00,2184,94,93,0.00,33,0.00,,14.6,8.0,0.52,1.58,3.8,7.2,15.1,19.3,11.9,101,105,107,102,96
2017-07-24 01:00,2184,93,91,0.00,34,0.00,,13.8,7.9,0.52,1.51,3.6,7.4,15.3,19.3,11.9,99,103,107,102,96
2017-07-24 02:00,2184,91,90,0.00,34,0.01,,13.2,8.1,0.48,1.47,3.7,7.2,14.7,19.3,11.9,98,102,106,102,96
2017-07-24 03:00,2184,90,90,0.00,34,0.01,,9.6,4.0,0.48,1.43,3.7,7.2,15.3,19.3,11.9,96,101,105,102,96
2017-07-24 04:00,2184,90,88,0.00,36,1.54,,9.5,5.8,0.52,1.39,3.4,7.0,14.8,19.3,11.9,96,100,105,102,96
2017-07-24 05:00,2184,90,88,0.00,39,65.09,,10.7,5.2,0.51,1.36,3.8,7.2,14.6,19.3,11.7,94,98,104,102,96
2017-07-24 06:00,2184,91,90,0.00,36,246.80,,12.1,8.6,0.50,1.46,3.9,7.2,15.0,19.3,11.7,94,98,103,102,96
2017-07-24 07:00,2184,94,91,0.00,35,474.90,,15.9,9.7,0.51,1.54,4.1,7.0,14.8,18.9,11.9,97,98,102,102,96
2017-07-24 08:00,2184,95,93,0.00,32,628.60,,18.6,10.5,0.50,1.61,4.6,7.3,15.0,18.9,11.9,103,101,102,102,96
2017-07-24 09:00,2184,94,93,0.00,38,745.40,,22.0,16.0,0.59,1.57,4.5,7.5,15.0,18.9,11.9,109,104,102,102,96
2017-07-24 10:00,2184,94,92,0.00,37,485.70,,18.8,14.1,0.60,1.55,4.8,7.5,15.0,19.3,11.9,112,108,102,102,96
2017-07-24 11:00,2184,96,94,0.00,37,974.00,,21.5,14.0,0.59,1.69,4.5,7.7,14.2,19.3,11.9,111,109,102,102,96
2017-07-24 12:00,2184,98,96,0.00,34,859.00,,21.6,14.0,0.63,1.76,5.3,7.7,15.0,19.3,11.9,120,112,102,102,96
2017-07-24 13:00,2184,100,97,0.00,37,882.00,,18.6,10.3,0.62,1.82,5.1,7.9,14.8,19.3,11.9,124,115,102,102,96
2017-07-24 14:00,2184,100,99,0.00,32,763.50,,15.4,8.6,0.57,1.90,5.1,8.2,14.8,19.3,11.7,128,117,103,102,96
2017-07-24 15:00,2184,100,99,0.00,30,552.60,,16.8,8.6,0.57,1.91,5.2,7.9,15.0,19.3,11.9,130,120,104,102,96
2017-07-24 16:00,2184,99,98,0.00,30,312.20,,17.4,10.5,0.56,1.87,5.2,8.2,14.8,19.3,11.7,128,121,105,102,96
2017-07-24 17:00,2184,99,97,0.00,30,61.74,,16.3,11.6,0.55,1.81,4.9,8.2,15.3,19.3,11.7,122,120,106,101,96
2017-07-24 18:00,2184,97,96,0.00,31,6.92,,14.0,9.8,0.55,1.76,4.9,8.0,14.7,19.3,11.7,115,116,107,101,96
2017-07-24 19:00,2184,96,96,0.00,31,0.02,,11.2,7.1,0.52,1.72,4.2,7.7,14.8,19.3,11.7,109,112,107,101,96
2017-07-24 20:00,2184,96,95,0.00,30,0.00,,9.7,6.0,0.51,1.69,4.4,8.0,15.1,19.3,11.9,105,110,107,101,96
2017-07-24 21:00,2184,95,94,0.00,31,0.00,,7.3,4.3,0.50,1.64,3.9,7.3,15.1,19.3,11.7,102,107,107,101,96
2017-07-24 22:00,2184,94,91,0.00,31,0.00,,6.8,3.9,0.53,1.55,3.9,7.5,15.1,19.3,11.9,101,105,107,102,96
2017-07-24 23:00,2184,91,89,0.00,44,0.01,,6.2,4.6,0.65,1.43,3.9,7.6,15.3,19.3,11.7,99,103,106,101,96
2017-07-25 00:00,2184,89,89,0.00,46,0.00,,6.4,4.0,0.63,1.38,3.9,7.2,14.5,19.3,11.7,97,102,105,101,96
2017-07-25 01:00,2184,91,89,0.00,43,0.01,,7.3,4.3,0.58,1.44,3.9,7.3,14.8,19.3,11.7,96,101,105,101,96
2017-07-25 02:00,2184,91,89,0.00,35,0.01,,10.3,6.5,0.51,1.44,3.9,6.9,15.0,19.3,11.7,96,99,104,102,96
2017-07-25 03:00,2184,89,87,0.00,38,0.01,,5.4,3.2,0.58,1.34,3.9,7.2,14.8,19.3,11.7,94,98,104,102,96
2017-07-25 04:00,2184,87,86,0.00,50,1.83,,5.0,3.3,0.66,1.27,3.9,7.2,15.0,19.3,11.7,93,98,103,102,96
2017-07-25 05:00,2184,90,86,0.00,53,83.00,,3.9,2.7,0.66,1.28,3.9,6.7,15.0,19.3,11.7,92,96,102,102,96
2017-07-25 06:00,2184,92,90,0.00,48,306.70,,9.6,4.3,0.67,1.46,4.1,6.7,14.4,19.3,11.7,92,96,102,101,96
2017-07-25 07:00,2184,94,92,0.00,42,364.80,,10.8,6.2,0.61,1.54,3.9,7.2,14.7,19.3,11.7,97,98,102,101,96
2017-07-25 08:00,2184,96,94,0.00,32,455.60,,12.2,6.2,0.50,1.66,4.4,7.0,14.2,19.3,11.7,102,101,102,101,96
2017-07-25 09:00,2184,97,95,0.00,31,440.30,,12.3,6.6,0.51,1.71,4.9,7.3,14.9,19.3,11.9,108,103,101,101,96
2017-07-25 10:00,2184,100,97,0.00,25,851.00,,14.3,6.1,0.45,1.86,4.9,7.6,14.4,19.3,11.7,109,105,101,101,96
2017-07-25 11:00,2184,102,100,0.00,22,931.00,,13.0,5.1,0.43,2.01,5.1,7.7,14.2,19.3,11.9,115,109,101,101,96
2017-07-25 12:00,2184,104,102,0.00,20,938.00,,13.3,5.7,0.40,2.10,5.6,7.9,14.2,19.3,11.9,127,114,102,101,96
2017-07-25 13:00,2184,105,104,0.00,18,842.00,,12.8,5.8,0.36,2.20,5.6,8.2,14.7,19.3,11.7,,119,102,101,96
2017-07-25 14:00,2184,106,105,0.00,15,576.50,,14.3,6.2,0.34,2.26,5.6,8.2,14.2,19.3,11.7,,122,102,101,96
2017-07-25 15:00,2184,106,104,0.00,15,462.00,,13.6,7.4,0.36,2.26,5.0,8.2,14.8,19.3,11.7,,124,104,101,96
2017-07-25 16:00,2184,105,104,0.00,16,260.00,,12.2,6.3,0.37,2.24,4.9,8.0,15.0,19.3,11.7,128,122,105,101,96
2017-07-25 17:00,2184,104,103,0.00,17,70.35,,8.6,4.5,0.37,2.17,5.1,8.5,15.3,19.3,11.7,125,121,106,101,96
2017-07-25 18:00,2184,103,101,0.00,17,9.08,,12.8,5.6,0.35,2.11,4.7,8.2,15.1,19.3,11.7,119,119,107,101,96
2017-07-25 19:00,2184,101,99,0.00,21,0.01,,14.0,9.7,0.42,1.93,4.7,7.9,15.2,19.3,11.7,112,115,107,101,96
2017-07-25 20:00,2184,99,98,0.00,21,0.00,,12.5,7.5,0.38,1.85,4.1,7.7,15.1,19.3,11.7,108,112,108,101,96
2017-07-25 21:00,2184,98,96,0.00,21,0.00,,7.3,3.2,0.36,1.75,4.2,7.3,14.4,19.3,11.4,104,109,108,101,96
2017-07-25 22:00,2184,96,94,0.00,19,0.00,,5.6,4.0,0.31,1.66,4.1,7.3,14.7,19.3,11.7,102,107,107,101,96
2017-07-25 23:00,2184,94,91,0.00,19,0.01,,5.3,4.0,0.30,1.56,3.8,6.9,15.3,19.3,11.7,99,104,107,101,96
2017-07-26 00:00,2184,91,87,0.00,21,0.03,,4.7,3.1,0.30,1.39,3.8,7.2,15.3,19.3,11.7,97,102,106,101,96
2017-07-26 01:00,2184,89,85,0.00,21,0.03,,4.3,2.5,0.29,1.33,3.4,7.3,14.8,19.3,11.7,95,101,106,101,96
2017-07-26 02:00,2184,88,85,0.00,24,0.05,,4.0,2.4,0.28,1.26,3.4,7.2,15.0,19.3,11.7,93,98,105,101,96
2017-07-26 03:00,2184,85,84,0.00,22,0.04,,5.6,4.0,0.25,1.18,3.4,6.7,14.8,19.3,11.7,91,97,104,101,96
2017-07-26 04:00,2184,84,83,0.00,21,1.85,,6.0,4.3,0.24,1.14,3.7,7.2,15.0,19.3,11.7,89,96,103,101,96
2017-07-26 05:00,2184,86,83,0.00,21,92.40,,6.0,3.9,0.23,1.19,3.7,7.0,14.4,19.3,11.7,88,94,103,101,96
2017-07-26 06:00,2184,92,86,0.00,18,278.70,,4.4,2.4,0.23,1.38,3.9,7.0,14.7,19.3,11.7,88,93,102,101,96
2017-07-26 07:00,2184,96,92,0.00,15,470.90,,6.1,2.7,0.23,1.63,3.6,7.2,14.4,19.3,11.7,93,94,102,101,96
2017-07-26 08:00,2184,99,96,0.00,13,650.90,,9.4,4.5,0.23,1.79,3.9,7.3,14.7,19.3,11.7,100,98,101,101,96
2017-07-26 09:00,2184,101,99,0.00,16,801.00,,11.6,6.0,0.29,1.93,4.8,7.3,14.0,19.3,11.7,109,103,101,101,96
2017-07-26 10:00,2184,103,101,0.00,13,906.00,,14.9,6.9,0.24,2.04,4.6,7.8,14.9,19.3,11.7,114,108,100,101,96
2017-07-26 11:00,2184,105,103,0.00,11,951.00,,12.5,5.2,0.21,2.18,4.7,7.5,14.7,19.3,11.7,120,111,101,101,96
2017-07-26 12:00,2184,107,105,0.00,10,939.00,,12.2,5.2,0.22,2.30,5.4,8.1,14.4,19.3,11.7,128,116,101,101,96
2017-07-26 13:00,2184,109,107,0.00,10,870.00,,11.6,4.3,0.25,2.37,5.0,8.0,14.2,19.3,11.7,,121,102,101,96
2017-07-26 14:00,2184,109,109,0.00,10,745.60,,13.6,4.9,0.25,2.52,5.4,8.1,14.7,19.3,11.7,,125,102,101,96
2017-07-26 15:00,2184,109,108,0.00,10,574.80,,14.3,6.8,0.28,2.51,5.2,8.6,15.0,19.3,11.7,,127,103,101,96
2017-07-26 16:00,2184,109,107,0.00,12,381.40,,11.9,6.3,0.31,2.49,5.1,8.1,14.5,19.3,11.7,,127,105,101,96
2017-07-26 17:00,2184,108,107,0.00,14,185.50,,17.5,8.2,0.33,2.39,4.7,8.2,14.6,19.3,11.7,130,125,106,101,96
2017-07-26 18:00,2184,107,103,0.00,15,27.99,,14.0,10.2,0.36,2.27,3.9,7.8,15.3,19.3,11.7,122,122,108,101,96
2017-07-26 19:00,2184,103,101,0.00,18,0.01,,13.2,9.5,0.40,2.09,3.9,7.7,15.1,19.3,11.4,116,119,108,101,96
2017-07-26 20:00,2184,101,100,0.00,20,0.00,,11.5,8.0,0.42,1.98,4.2,7.7,15.3,19.3,11.7,111,115,109,101,96
2017-07-26 21:00,2184,100,98,0.00,22,0.00,,11.1,6.0,0.42,1.87,3.7,7.3,15.3,19.3,11.7,107,112,109,101,96
2017-07-26 22:00,2184,98,96,0.00,21,0.00,,12.1,7.7,0.37,1.77,3.2,7.1,15.3,19.3,11.7,104,109,108,101,96
2017-07-26 23:00,2184,96,94,0.00,20,0.00,,12.1,6.9,0.35,1.70,3.2,7.2,15.1,19.3,11.7,102,107,108,101,96
2017-07-27 00:00,2184,95,93,0.00,21,0.01,,7.3,4.2,0.34,1.64,3.2,7.4,15.3,19.3,11.7,99,105,108,101,96
2017-07-27 01:00,2184,93,88,0.00,22,0.01,,4.6,2.3,0.35,1.46,3.9,7.2,14.8,19.3,11.7,98,103,107,101,96
2017-07-27 02:00,2184,88,86,0.00,26,0.04,,5.1,3.5,0.35,1.31,3.9,7.2,15.0,19.3,11.7,96,101,106,101,96
2017-07-27 03:00,2184,87,85,0.00,27,0.04,,5.3,2.1,0.34,1.24,3.6,7.0,15.0,19.3,11.7,94,99,105,101,96
2017-07-27 04:00,2184,86,83,0.00,28,1.64,,5.0,2.6,0.35,1.20,3.6,7.2,14.8,19.3,11.7,92,98,104,101,96
2017-07-27 05:00,2184,86,84,0.00,30,73.68,,6.0,2.8,0.35,1.18,3.6,6.6,15.0,19.3,11.7,90,96,104,101,96
2017-07-27 06:00,2184,93,86,0.00,30,268.70,,6.3,4.4,0.37,1.36,3.0,6.8,14.4,19.3,11.7,90,95,103,101,96
2017-07-27 07:00,2184,98,93,0.00,23,463.80,,5.5,1.9,0.37,1.69,3.7,6.6,14.2,19.3,11.7,94,96,102,101,96
2017-07-27 08:00,2184,102,98,0.00,21,646.00,,5.5,1.7,0.37,1.88,3.9,6.8,14.4,19.3,11.7,102,99,102,101,96
2017-07-27 09:00,2184,105,102,0.00,18,797.90,,10.4,3.2,0.37,2.14,4.4,7.0,14.7,19.3,11.7,111,105,101,101,96
2017-07-27 10:00,2184,107,105,0.00,16,899.00,,9.0,3.9,0.35,2.29,4.6,7.7,14.7,19.3,11.7,117,111,102,101,96
2017-07-27 11:00,2184,108,106,0.00,15,943.00,,10.7,4.9,0.33,2.42,5.2,7.7,14.7,19.3,11.7,125,114,102,101,96
2017-07-27 12:00,2184,110,108,0.00,14,927.00,,12.8,4.5,0.35,2.52,5.4,8.2,14.4,19.3,11.7,,120,102,101,96
2017-07-27 13:00,2184,111,110,0.00,13,860.00,,14.8,5.8,0.34,2.63,5.4,8.2,14.2,19.3,11.7,,124,102,101,96
2017-07-27 14:00,2184,113,110,0.00,13,555.00,,12.4,5.9,0.34,2.67,5.0,8.5,14.5,19.3,11.7,,128,103,101,96
2017-07-27 15:00,2184,112,111,0.00,12,579.30,,15.2,6.3,0.35,2.72,5.2,8.1,14.8,19.3,11.7,,128,105,101,96
2017-07-27 16:00,2184,111,111,0.00,13,363.80,,17.8,8.1,0.35,2.68,5.0,7.7,15.0,19.3,11.7,,128,106,101,96
2017-07-27 17:00,2184,111,110,0.00,13,175.20,,13.7,8.7,0.34,2.60,4.5,8.2,15.3,19.3,11.7,,127,108,101,96
2017-07-27 18:00,2184,110,107,0.00,13,27.08,,14.2,9.3,0.33,2.49,4.5,7.8,15.1,19.3,11.7,124,124,109,101,96
2017-07-27 19:00,2184,107,104,0.00,13,0.01,,12.7,7.5,0.31,2.30,4.5,7.7,15.3,19.3,11.7,117,120,110,101,96
2017-07-27 20:00,2184,104,102,0.00,14,0.00,,7.4,5.2,0.31,2.11,3.7,7.5,15.3,19.3,11.7,112,116,110,101,96
2017-07-27 21:00,2184,102,101,0.00,16,0.00,,14.4,7.3,0.34,2.05,3.9,7.5,15.3,19.3,11.7,109,113,109,101,96
2017-07-27 22:00,2184,102,100,0.00,17,0.00,,14.3,8.5,0.37,1.99,3.9,7.6,14.8,19.3,11.7,106,111,110,101,96
2017-07-27 23:00,2184,100,97,0.00,19,0.00,,5.3,2.6,0.36,1.85,3.9,7.4,15.1,19.3,11.7,103,109,109,101,96
2017-07-28 00:00,2184,98,96,0.00,20,0.00,,6.6,3.6,0.35,1.76,3.4,7.2,15.3,19.3,11.7,102,107,109,101,96
2017-07-28 01:00,2184,97,93,0.00,21,0.00,,7.0,3.7,0.36,1.67,3.4,7.0,15.6,19.3,11.7,99,105,108,101,96
2017-07-28 02:00,2184,93,90,0.00,23,0.00,,5.7,2.1,0.36,1.52,3.4,7.2,14.8,18.9,11.7,98,103,107,101,96
2017-07-28 03:00,2184,90,88,0.00,25,0.01,,6.0,2.7,0.33,1.41,3.4,7.0,14.5,18.9,11.7,96,102,106,102,96
2017-07-28 04:00,2184,94,86,0.00,26,0.70,,20.8,8.4,0.35,1.40,3.4,6.7,14.8,18.9,11.7,94,100,106,102,96
2017-07-28 05:00,2184,93,90,0.00,25,42.02,,18.2,11.0,0.48,1.49,3.6,6.8,15.0,18.9,11.7,94,98,105,102,96
2017-07-28 06:00,2184,92,91,0.00,37,240.70,,17.0,12.2,0.53,1.49,3.4,6.8,14.5,18.9,11.7,94,98,104,102,96
2017-07-28 07:00,2184,94,92,0.00,38,433.40,,16.1,10.0,0.58,1.54,4.1,6.6,14.7,18.9,11.7,97,98,104,102,96
2017-07-28 08:00,2184,96,94,0.00,35,619.60,,15.1,9.0,0.56,1.64,4.1,7.2,14.4,18.9,11.7,102,101,103,102,96
2017-07-28 09:00,2184,99,96,0.00,32,772.80,,13.8,6.9,0.54,1.78,4.4,7.2,14.4,18.9,11.7,109,104,102,102,96
2017-07-28 10:00,2184,102,99,0.00,28,872.00,,14.2,6.1,0.51,1.91,4.7,7.5,14.7,18.9,11.7,114,109,102,102,96
2017-07-28 11:00,2184,103,102,0.00,25,912.00,,15.8,8.9,0.50,2.07,4.9,7.3,14.7,18.9,11.7,122,112,102,102,96
2017-07-28 12:00,2184,104,103,0.00,22,897.00,,15.6,7.2,0.48,2.18,5.2,7.7,14.4,18.9,11.7,128,116,102,102,96
2017-07-28 13:00,2184,107,104,0.00,20,832.00,,17.9,8.7,0.45,2.29,5.1,7.8,14.3,18.9,11.7,,121,103,102,96
2017-07-28 14:00,2184,107,105,0.00,20,707.50,,17.2,9.5,0.45,2.32,5.2,8.0,14.5,18.9,11.7,,124,104,102,96
2017-07-28 15:00,2184,107,106,0.00,19,538.00,,20.9,12.4,0.44,2.35,5.4,8.0,15.0,18.9,11.7,,125,105,102,96
2017-07-28 16:00,2184,106,104,0.00,18,350.40,,20.8,13.2,0.40,2.30,5.1,7.6,14.8,18.9,12.1,,124,106,102,96
2017-07-28 17:00,2184,104,101,0.00,19,150.40,,20.6,14.7,0.42,2.12,4.6,7.8,15.0,18.9,11.7,125,122,107,101,96
2017-07-28 18:00,2184,101,99,0.00,21,21.36,,18.0,11.6,0.42,1.95,3.9,7.7,14.9,18.9,11.7,119,119,108,101,96
2017-07-28 19:00,2184,99,97,0.00,23,0.01,,14.2,10.1,0.43,1.84,3.9,7.5,14.6,18.9,11.7,112,115,109,102,96
2017-07-28 20:00,2184,97,96,0.00,24,0.01,,11.4,6.8,0.44,1.74,4.2,7.5,15.3,18.9,11.7,108,112,109,101,96
2017-07-28 21:00,2184,96,94,0.00,26,0.00,,10.5,6.5,0.44,1.67,3.8,7.6,15.6,18.9,11.7,104,110,109,102,96
2017-07-28 22:00,2184,94,93,0.00,27,0.01,,11.0,7.1,0.45,1.60,4.0,7.0,14.9,18.9,12.1,102,107,108,101,96
2017-07-28 23:00,2184,93,92,0.00,32,0.01,,8.8,4.7,0.50,1.53,3.7,7.2,15.0,18.9,11.7,100,105,108,102,96
2017-07-29 00:00,2184,92,89,0.00,32,0.01,,4.6,2.1,0.49,1.50,3.7,7.0,14.6,18.9,11.7,98,103,107,102,96
2017-07-29 01:00,2184,91,89,0.00,35,0.01,,8.8,4.3,0.51,1.44,3.4,7.2,14.8,18.9,11.7,96,102,107,102,96
2017-07-29 02:00,2184,91,88,0.00,35,0.02,,11.3,6.2,0.50,1.43,3.9,7.0,14.3,18.9,11.7,96,101,106,102,96
2017-07-29 03:00,2184,89,86,0.00,38,0.03,,8.1,5.5,0.53,1.31,3.6,7.2,14.5,18.9,11.7,94,99,105,102,96
2017-07-29 04:00,2184,87,85,0.00,43,0.79,,8.1,5.9,0.55,1.26,3.6,7.2,14.7,18.9,11.7,93,98,104,102,96
2017-07-29 05:00,2184,88,85,0.00,44,49.84,,8.3,5.4,0.56,1.22,3.2,6.8,14.4,18.9,12.1,92,97,104,102,96
2017-07-29 06:00,2184,91,88,0.00,37,257.80,,7.8,5.1,0.49,1.41,3.7,6.8,14.7,18.9,11.7,91,96,103,102,96
2017-07-29 07:00,2184,95,91,0.00,33,446.40,,6.8,3.0,0.48,1.54,4.1,6.6,14.2,18.9,11.7,95,96,102,102,96
2017-07-29 08:00,2184,98,95,0.00,28,627.20,,8.7,3.5,0.44,1.73,4.2,7.2,14.2,18.9,11.7,102,100,102,102,96
2017-07-29 09:00,2184,102,98,0.00,23,783.10,,9.7,4.4,0.42,1.93,4.8,7.3,14.5,18.9,11.7,110,104,102,102,96
2017-07-29 10:00,2184,104,102,0.00,21,881.00,,15.9,7.0,0.41,2.08,4.8,7.3,14.7,18.9,11.7,115,110,102,102,96
2017-07-29 11:00,2184,105,104,0.00,18,929.00,,15.6,8.7,0.40,2.18,4.9,7.8,14.5,18.9,11.7,124,113,102,102,96
2017-07-29 12:00,2184,106,105,0.00,18,885.00,,13.8,6.3,0.39,2.24,5.2,7.7,14.2,18.9,11.7,130,117,102,102,96
2017-07-29 13:00,2184,107,106,0.00,17,851.00,,14.1,5.6,0.38,2.36,5.4,7.9,14.0,18.9,11.7,,121,102,102,96
2017-07-29 14:00,2184,108,106,0.00,17,613.00,,14.1,6.7,0.40,2.38,5.2,7.6,14.5,18.9,11.7,,124,104,102,96
2017-07-29 15:00,2184,108,107,0.00,17,545.60,,15.0,6.2,0.42,2.45,4.9,8.2,14.8,18.9,11.7,,125,105,102,96
2017-07-29 16:00,2184,108,107,0.00,18,353.20,,16.4,8.9,0.45,2.39,5.0,7.9,15.0,18.9,11.7,,125,106,101,96
2017-07-29 17:00,2184,107,104,0.00,19,87.90,,17.5,12.2,0.45,2.29,4.9,8.2,14.8,18.9,11.7,128,125,107,101,96
2017-07-29 18:00,2184,104,102,0.00,21,21.70,,18.0,13.8,0.46,2.14,4.4,8.0,15.1,18.9,12.1,121,121,109,101,96
2017-07-29 19:00,2184,102,100,0.00,22,0.00,,18.5,13.0,0.46,2.02,4.2,7.9,15.1,18.9,11.7,114,117,109,101,96
2017-07-29 20:00,2184,100,97,0.00,24,0.00,,16.2,10.8,0.47,1.83,3.5,7.5,14.9,18.9,11.7,110,114,109,101,96
2017-07-29 21:00,2184,97,96,0.00,26,0.00,,18.2,8.2,0.45,1.72,3.8,6.9,14.9,18.9,11.7,107,112,109,101,96
2017-07-29 22:00,2184,96,93,0.00,26,0.01,,10.9,6.5,0.44,1.63,3.8,7.6,15.1,18.9,12.1,103,109,109,101,96
2017-07-29 23:00,2184,93,92,0.00,27,0.01,,11.6,5.8,0.42,1.54,3.7,7.4,14.6,18.9,11.7,101,107,108,102,96
2017-07-30 00:00,2184,92,89,0.00,28,0.00,,8.2,4.6,0.42,1.46,3.7,7.4,14.8,18.9,11.7,99,105,108,102,96
2017-07-30 01:00,2184,89,87,0.00,30,0.03,,4.3,2.9,0.42,1.34,3.7,7.0,15.0,18.9,11.7,97,102,107,102,96
2017-07-30 02:00,2184,89,87,0.00,32,0.03,,11.5,5.9,0.41,1.32,3.6,6.8,14.5,18.9,11.7,96,101,106,102,96
2017-07-30 03:00,2184,87,85,0.00,31,0.03,,7.1,4.6,0.39,1.26,3.6,7.0,14.8,18.9,11.7,94,99,106,102,96
2017-07-30 04:00,2184,87,85,0.00,31,1.02,,7.3,4.3,0.38,1.24,3.6,6.6,14.5,18.9,12.1,92,98,105,102,96
2017-07-30 05:00,2184,87,86,0.00,31,39.65,,8.9,5.8,0.40,1.28,3.2,6.8,14.7,18.9,11.7,92,97,104,102,96
2017-07-30 06:00,2184,92,87,0.00,31,252.40,,7.7,4.2,0.38,1.40,3.7,6.8,14.5,18.6,12.1,91,96,103,102,96
2017-07-30 07:00,2184,94,92,0.00,25,266.20,,11.7,5.1,0.36,1.54,3.7,6.6,14.5,19.3,11.7,95,96,103,102,96
2017-07-30 08:00,2184,97,94,0.00,22,264.30,,6.6,3.6,0.36,1.64,3.9,7.2,14.0,18.6,11.7,99,99,102,102,96
2017-07-30 09:00,2184,99,97,0.00,20,759.60,,16.0,5.7,0.37,1.84,3.9,7.4,14.2,18.9,11.7,102,101,102,102,96
2017-07-30 10:00,2184,102,99,0.00,21,761.90,,12.3,5.3,0.39,1.90,4.4,7.0,14.4,18.6,11.7,112,105,102,102,96
2017-07-30 11:00,2184,103,102,0.00,19,957.00,,13.7,6.1,0.40,2.06,4.9,7.3,14.2,18.9,11.7,119,110,102,102,96
2017-07-30 12:00,2184,105,103,0.00,19,901.00,,18.6,8.2,0.40,2.16,5.4,7.6,14.2,19.3,11.7,127,115,102,102,96
2017-07-30 13:00,2184,106,104,0.00,18,666.80,,21.9,11.0,0.39,2.25,5.0,8.2,14.5,18.9,11.7,,120,102,102,96
2017-07-30 14:00,2184,108,104,0.00,17,653.50,,13.2,6.1,0.37,2.32,4.9,8.3,14.2,18.9,12.1,,122,103,102,96
2017-07-30 15:00,2184,108,107,0.00,14,504.30,,16.6,7.2,0.35,2.41,5.0,8.0,14.3,19.6,11.7,130,122,104,101,96
2017-07-30 16:00,2184,107,106,0.00,15,342.40,,13.8,6.4,0.35,2.37,5.0,8.2,14.7,18.9,11.7,130,122,105,101,96
2017-07-30 17:00,2184,107,106,0.00,15,170.10,,10.7,6.7,0.36,2.33,4.5,7.8,14.5,18.9,11.7,125,121,106,101,96
2017-07-30 18:00,2184,106,103,0.00,15,22.21,,9.2,5.5,0.36,2.23,4.2,7.6,14.3,18.9,12.1,120,120,107,101,96
2017-07-30 19:00,2184,103,99,0.00,17,0.00,,4.6,3.4,0.36,2.03,4.2,7.5,15.0,18.9,12.1,114,116,108,101,96
2017-07-30 20:00,2184,99,97,0.00,19,0.00,,9.2,5.1,0.36,1.84,4.0,7.7,15.0,18.9,11.7,109,113,108,101,96
2017-07-30 21:00,2184,98,96,0.00,20,0.00,,8.5,3.8,0.39,1.77,3.4,7.1,14.9,18.9,12.1,105,110,108,101,96
2017-07-30 22:00,2184,96,94,0.00,23,0.01,,5.1,2.6,0.39,1.66,3.4,7.2,15.0,18.9,12.1,102,108,108,101,96
2017-07-30 23:00,2184,94,92,0.00,24,0.01,,5.0,3.1,0.39,1.57,3.4,7.2,14.3,18.9,11.7,101,106,108,102,96
2017-07-31 00:00,2184,96,93,0.00,25,0.01,,17.0,7.5,0.43,1.61,3.4,7.4,14.5,18.9,11.7,99,104,107,102,96
2017-07-31 01:00,2184,94,90,0.00,31,0.01,,11.6,6.4,0.52,1.53,3.7,7.0,14.8,18.9,11.7,97,102,106,102,96
2017-07-31 02:00,2184,90,89,0.00,38,0.02,,5.4,3.4,0.53,1.41,3.6,7.0,14.5,18.9,12.1,96,101,106,102,96
2017-07-31 03:00,2184,90,88,0.00,35,0.02,,4.6,2.3,0.50,1.39,3.6,7.0,14.0,18.9,11.4,95,99,105,102,96
2017-07-31 04:00,2184,89,88,0.00,37,1.05,,4.4,2.8,0.48,1.34,3.7,7.2,14.0,18.9,11.7,94,98,104,102,96
2017-07-31 05:00,2184,89,88,0.00,34,33.09,,3.6,2.0,0.48,1.35,3.4,6.6,14.5,18.9,12.1,93,98,104,102,96
2017-07-31 06:00,2184,95,88,0.00,36,256.30,,3.5,2.0,0.48,1.48,3.4,6.6,14.7,19.6,11.7,92,97,103,102,96
2017-07-31 07:00,2184,99,95,0.00,28,446.80,,6.8,2.5,0.46,1.76,3.9,7.2,14.4,18.9,11.7,96,97,102,102,96
2017-07-31 08:00,2184,102,99,0.00,24,555.00,,7.1,3.0,0.45,1.94,4.3,7.4,14.7,18.9,11.4,103,101,102,102,96
2017-07-31 09:00,2184,103,102,0.00,22,584.40,,6.9,2.6,0.45,2.09,4.8,7.3,14.7,18.9,11.7,110,105,102,102,96
2017-07-31 10:00,2184,105,102,0.00,21,502.80,,7.4,3.0,0.43,2.12,4.8,7.3,14.2,18.9,11.7,116,110,102,102,96
2017-07-31 11:00,2184,107,105,0.00,19,710.80,,11.3,4.9,0.42,2.27,4.7,7.7,14.7,18.6,11.7,120,113,102,102,96
2017-07-31 12:00,2184,108,107,0.00,18,842.00,,12.0,4.1,0.40,2.40,5.4,8.0,14.2,18.9,12.1,125,116,102,101,96
2017-07-31 13:00,2184,110,107,0.00,17,758.20,,20.6,6.8,0.39,2.50,5.4,7.9,14.4,18.9,12.1,,121,102,102,96
2017-07-31 14:00,2184,110,109,0.00,15,517.10,,13.3,6.6,0.38,2.55,5.6,8.2,14.5,18.9,11.7,,124,104,101,96
2017-07-31 15:00,2184,112,109,0.00,14,566.40,,16.0,6.1,0.36,2.61,4.9,7.9,14.0,18.9,12.1,,125,105,101,96
2017-07-31 16:00,2184,111,109,0.00,14,502.90,,12.4,6.3,0.35,2.61,5.4,8.2,14.5,18.9,12.1,,125,106,101,96
2017-07-31 17:00,2184,110,109,0.00,13,178.00,,10.4,4.5,0.34,2.56,5.0,8.0,14.8,18.9,12.1,130,125,107,101,96
2017-07-31 18:00,2184,109,106,0.00,13,22.69,,9.0,4.2,0.33,2.45,4.7,7.8,14.3,18.9,12.1,124,124,108,101,96
2017-07-31 19:00,2184,106,104,0.00,14,0.00,,8.1,5.9,0.33,2.24,4.4,7.8,15.0,18.9,12.1,117,120,109,101,96
2017-07-31 20:00,2184,104,101,0.00,15,0.00,,5.9,3.0,0.33,2.11,3.8,7.7,14.9,18.9,11.4,112,116,109,101,96
2017-07-31 21:00,2184,101,100,0.00,16,0.00,,4.2,2.2,0.32,1.99,3.8,7.4,14.9,18.9,12.1,109,113,109,101,96
2017-07-31 22:00,2184,100,97,0.00,17,0.00,,2.5,1.1,0.32,1.82,3.4,7.4,14.9,18.9,12.1,106,111,109,101,96
2017-07-31 23:00,2184,99,97,0.00,18,0.00,,23.3,7.5,0.38,1.82,3.4,7.4,15.0,18.9,11.7,103,109,109,101,96
