Date,Station Id,Air Temperature Maximum (degF),Air Temperature Minimum (degF),Precipitation Increment (in),Relative Humidity (pct),Solar Radiation Average (watt/m2),Solar Radiation/langley Total (langley),Wind Speed Maximum (mph),Wind Speed Average (mph),Vapor Pressure - Partial (inch_Hg),Vapor Pressure - Saturated (inch_Hg),Soil Moisture Percent -2in (pct),Soil Moisture Percent -4in (pct),Soil Moisture Percent -8in (pct),Soil Moisture Percent -20in (pct),Soil Moisture Percent -40in (pct),Soil Temperature Observed -2in (degF),Soil Temperature Observed -4in (degF),Soil Temperature Observed -8in (degF),Soil Temperature Observed -20in (degF),Soil Temperature Observed -40in (degF)
2017-07-01 00:00,2219,74,72,0.00,21,0.17,,4.1,3.1,0.17,0.80,10.0,13.7,15.7,17.5,15.8,90,92,90,86,79
2017-07-01 01:00,2219,74,72,0.00,22,0.19,,3.4,1.4,0.19,0.82,9.8,13.7,15.0,17.5,15.8,89,91,90,86,79
2017-07-01 02:00,2219,72,70,0.00,26,0.14,,3.4,2.7,0.25,0.77,9.7,14.0,15.5,17.5,15.8,87,90,90,86,79
2017-07-01 03:00,2219,70,66,0.00,40,0.16,,6.5,3.2,0.30,0.72,9.5,13.5,15.4,17.2,15.8,86,89,89,86,79
2017-07-01 04:00,2219,68,66,0.00,46,2.46,,3.0,1.7,0.30,0.68,9.9,14.0,15.2,17.5,15.4,85,87,89,86,79
2017-07-01 05:00,2219,73,68,0.00,43,85.00,,1.9,0.7,0.30,0.74,9.9,13.0,14.7,17.5,15.4,85,87,88,86,79
2017-07-01 06:00,2219,76,73,0.00,39,278.10,,6.7,2.9,0.32,0.84,9.6,13.9,15.4,17.5,15.8,83,86,88,86,79
2017-07-01 07:00,2219,76,75,0.00,37,485.80,,9.4,5.0,0.33,0.89,9.3,13.5,14.4,17.5,15.8,83,86,88,86,79
2017-07-01 08:00,2219,81,75,0.00,36,683.20,,9.4,4.5,0.32,0.94,9.1,13.9,15.2,17.2,15.8,83,85,87,86,80
2017-07-01 09:00,2219,81,80,0.00,31,848.00,,11.6,5.9,0.32,1.05,9.1,13.7,14.7,17.2,15.8,85,86,87,86,79
2017-07-01 10:00,2219,82,80,0.00,31,963.00,,11.6,6.8,0.32,1.07,9.9,13.2,14.4,17.2,15.8,87,86,87,86,79
2017-07-01 11:00,2219,86,82,0.00,28,1019.00,,13.0,7.7,0.29,1.15,9.8,14.0,14.9,17.5,15.8,90,88,87,86,79
2017-07-01 12:00,2219,86,85,0.00,23,1022.00,,13.5,8.2,0.28,1.24,10.3,14.5,14.9,17.5,15.8,94,90,87,86,79
2017-07-01 13:00,2219,88,85,0.00,21,965.00,,14.8,8.2,0.26,1.25,10.2,14.8,14.9,17.5,15.4,97,92,87,86,79
2017-07-01 14:00,2219,88,86,0.00,20,847.00,,14.7,8.7,0.27,1.31,10.1,14.0,14.7,17.5,15.4,100,94,88,86,79
2017-07-01 15:00,2219,88,86,0.00,22,683.80,,14.1,8.4,0.29,1.31,11.0,14.7,15.0,17.5,15.2,102,96,88,86,79
2017-07-01 16:00,2219,86,85,0.00,24,490.50,,13.7,7.8,0.30,1.25,11.0,14.6,14.7,17.5,15.6,102,97,89,86,80
2017-07-01 17:00,2219,86,84,0.00,24,282.50,,11.5,6.3,0.29,1.21,10.4,14.3,15.3,16.8,15.8,102,98,90,85,80
2017-07-01 18:00,2219,84,80,0.00,24,92.90,,9.6,4.8,0.28,1.13,10.6,13.8,15.5,17.5,15.4,102,98,90,86,79
2017-07-01 19:00,2219,80,74,0.00,29,3.03,,5.1,3.0,0.29,0.97,10.4,14.3,15.7,17.5,15.6,101,98,90,86,79
2017-07-01 20:00,2219,74,73,0.00,34,0.18,,6.2,3.9,0.29,0.83,10.5,14.8,15.3,17.5,15.8,98,97,92,86,79
2017-07-01 21:00,2219,73,71,0.00,35,0.17,,6.7,4.8,0.28,0.78,10.6,14.2,15.0,17.5,15.2,96,96,92,85,79
2017-07-01 22:00,2219,72,71,0.00,38,0.18,,8.0,4.4,0.25,0.77,9.9,14.0,15.5,17.5,15.2,95,95,92,86,79
2017-07-01 23:00,2219,72,65,0.00,31,0.19,,7.7,3.6,0.26,0.68,10.1,14.2,15.3,17.5,15.2,93,94,92,86,80
2017-07-02 00:00,2219,67,66,0.00,40,0.15,,4.5,2.9,0.26,0.66,9.7,13.7,15.3,17.5,15.2,92,92,92,86,80
2017-07-02 01:00,2219,67,63,0.00,36,0.17,,6.2,3.5,0.24,0.65,9.7,14.5,15.3,17.5,15.2,90,92,91,86,79
2017-07-02 02:00,2219,64,63,0.00,43,0.16,,6.4,5.5,0.27,0.60,9.9,14.3,14.9,17.2,15.4,89,91,90,86,79
2017-07-02 03:00,2219,64,62,0.00,49,0.18,,8.5,6.6,0.29,0.59,9.3,14.1,15.3,17.2,15.2,87,90,90,86,79
2017-07-02 04:00,2219,67,62,0.00,51,2.32,,9.3,7.2,0.29,0.58,9.8,14.0,14.5,17.2,15.2,86,89,90,86,79
2017-07-02 05:00,2219,73,67,0.00,41,85.20,,9.5,6.8,0.29,0.73,9.2,13.6,14.7,17.2,15.2,85,88,90,86,79
2017-07-02 06:00,2219,76,73,0.00,36,278.50,,6.0,3.4,0.29,0.88,8.7,13.8,14.5,17.2,15.4,85,87,89,86,79
2017-07-02 07:00,2219,78,75,0.00,34,489.40,,7.6,3.5,0.30,0.88,9.9,13.1,15.2,17.2,15.2,84,86,88,86,79
2017-07-02 08:00,2219,80,78,0.00,31,688.50,,8.9,4.1,0.30,0.98,9.0,13.1,14.9,17.2,15.2,84,86,88,86,79
2017-07-02 09:00,2219,83,79,0.00,29,854.00,,10.4,5.7,0.29,1.05,9.6,12.6,14.4,17.2,15.2,85,86,88,86,80
2017-07-02 10:00,2219,83,80,0.00,26,963.00,,11.9,6.9,0.30,1.08,9.7,13.1,14.9,17.5,15.6,88,87,87,86,79
2017-07-02 11:00,2219,84,82,0.00,28,1013.00,,13.7,7.6,0.31,1.12,10.0,13.6,14.4,17.2,15.2,91,89,87,86,79
2017-07-02 12:00,2219,86,84,0.00,26,1012.00,,15.7,8.2,0.30,1.18,9.8,13.8,15.1,17.2,15.2,94,91,87,86,79
2017-07-02 13:00,2219,86,84,0.00,23,962.00,,13.8,7.7,0.29,1.23,10.5,13.9,14.4,17.5,15.2,98,93,88,86,79
2017-07-02 14:00,2219,88,86,0.00,23,852.00,,13.6,8.2,0.28,1.28,10.6,13.7,14.7,17.2,15.2,101,95,88,86,79
2017-07-02 15:00,2219,87,86,0.00,22,685.60,,14.5,7.6,0.28,1.28,10.4,14.4,14.7,17.2,15.2,102,96,89,86,80
2017-07-02 16:00,2219,87,86,0.00,23,486.80,,12.1,6.6,0.29,1.26,10.8,14.4,14.7,17.5,15.2,103,98,90,86,80
2017-07-02 17:00,2219,87,85,0.00,23,279.30,,10.5,5.8,0.30,1.26,10.8,14.3,15.5,17.2,15.2,103,98,89,86,80
2017-07-02 18:00,2219,85,80,0.00,25,88.90,,9.7,3.5,0.30,1.16,10.4,14.3,15.0,17.5,15.2,102,98,91,86,79
2017-07-02 19:00,2219,80,76,0.00,30,2.91,,14.7,8.0,0.29,0.96,10.3,14.5,15.0,17.2,15.2,101,98,90,86,80
2017-07-02 20:00,2219,76,75,0.00,29,0.18,,12.0,8.5,0.26,0.89,10.5,14.0,15.3,17.5,15.2,99,98,92,86,79
2017-07-02 21:00,2219,75,73,0.00,25,0.17,,11.8,6.4,0.21,0.85,10.1,14.0,15.8,17.5,15.2,97,96,92,86,79
2017-07-02 22:00,2219,73,69,0.00,26,0.18,,9.3,5.8,0.21,0.75,9.8,13.9,15.3,17.2,15.2,95,95,92,86,79
2017-07-02 23:00,2219,71,69,0.00,35,0.16,,10.3,7.4,0.31,0.74,10.0,14.1,15.3,17.2,15.2,94,94,92,86,79
2017-07-03 00:00,2219,71,69,0.00,35,0.17,,9.2,7.5,0.30,0.73,9.4,13.9,15.3,17.2,15.2,92,94,92,86,80
2017-07-03 01:00,2219,71,67,0.00,47,0.19,,9.0,6.5,0.32,0.70,9.9,14.1,15.5,17.2,15.2,91,92,90,86,79
2017-07-03 02:00,2219,71,69,0.00,39,0.17,,4.8,3.4,0.29,0.74,9.6,13.8,15.5,17.2,15.2,89,91,90,86,80
2017-07-03 03:00,2219,71,69,0.00,38,0.17,,3.8,2.9,0.28,0.74,9.6,13.6,15.3,17.0,15.2,89,90,90,86,80
2017-07-03 04:00,2219,70,66,0.00,37,2.28,,6.8,3.6,0.27,0.71,9.3,13.5,15.5,17.2,15.2,87,90,90,86,80
2017-07-03 05:00,2219,74,66,0.00,42,85.90,,6.4,3.0,0.29,0.74,9.7,13.3,14.7,17.2,15.7,86,89,89,86,79
2017-07-03 06:00,2219,77,74,0.00,35,280.10,,4.9,2.4,0.30,0.89,9.3,13.1,15.0,17.2,15.2,85,87,89,86,79
2017-07-03 07:00,2219,79,77,0.00,34,492.30,,6.9,3.1,0.31,0.96,9.5,13.7,14.7,17.7,15.2,85,87,89,86,80
2017-07-03 08:00,2219,80,78,0.00,31,693.50,,9.0,4.7,0.31,1.00,9.5,13.3,14.7,17.2,15.2,85,87,88,86,79
2017-07-03 09:00,2219,83,80,0.00,31,861.00,,11.4,5.4,0.32,1.07,9.7,13.3,15.1,17.2,15.7,86,87,89,86,79
2017-07-03 10:00,2219,84,83,0.00,27,970.00,,12.7,7.3,0.31,1.15,9.8,13.9,14.9,17.2,15.7,89,88,88,86,79
2017-07-03 11:00,2219,85,84,0.00,27,1021.00,,14.8,8.2,0.31,1.18,10.2,13.7,14.1,17.7,15.2,92,89,88,86,79
2017-07-03 12:00,2219,87,85,0.00,26,1019.00,,14.3,8.4,0.32,1.26,9.8,13.6,14.4,17.2,15.7,95,91,88,86,79
2017-07-03 13:00,2219,88,86,0.00,25,960.00,,13.7,8.0,0.32,1.28,10.1,14.1,14.2,17.7,15.7,98,94,89,86,79
2017-07-03 14:00,2219,89,88,0.00,24,849.00,,14.1,8.3,0.32,1.35,9.9,13.6,14.7,17.7,15.7,101,96,89,86,80
2017-07-03 15:00,2219,89,87,0.00,23,683.60,,14.3,7.9,0.31,1.36,10.6,14.8,15.0,17.2,15.2,103,98,90,86,80
2017-07-03 16:00,2219,89,87,0.00,22,486.20,,13.0,8.1,0.31,1.34,10.4,14.3,15.5,17.2,15.7,104,99,90,86,80
2017-07-03 17:00,2219,87,85,0.00,26,274.90,,13.0,7.4,0.34,1.28,11.0,14.0,15.3,17.0,15.7,104,99,90,86,80
2017-07-03 18:00,2219,85,82,0.00,27,85.90,,10.3,5.5,0.34,1.18,10.6,14.5,15.0,17.2,15.7,103,99,92,86,79
2017-07-03 19:00,2219,82,79,0.00,31,2.86,,4.5,1.6,0.33,1.04,10.6,14.0,15.3,17.2,15.7,102,99,92,86,79
2017-07-03 20:00,2219,80,74,0.00,33,0.20,,7.7,4.2,0.33,0.94,10.3,14.5,15.5,17.2,15.5,100,98,92,86,79
2017-07-03 21:00,2219,76,73,0.00,39,0.16,,7.7,5.3,0.30,0.84,10.1,14.0,15.0,17.2,15.5,98,98,92,86,80
2017-07-03 22:00,2219,76,70,0.00,24,0.17,,7.6,5.8,0.26,0.84,10.1,13.6,15.3,17.2,15.7,96,96,92,86,79
2017-07-03 23:00,2219,71,69,0.00,37,0.17,,9.2,7.1,0.30,0.74,9.9,13.9,15.3,17.2,15.5,94,95,92,86,79
2017-07-04 00:00,2219,72,70,0.00,42,0.19,,8.7,5.0,0.31,0.75,9.8,13.9,15.3,17.7,15.5,93,94,92,86,80
2017-07-04 01:00,2219,73,71,0.00,38,0.17,,4.3,1.6,0.26,0.80,9.6,13.6,15.3,17.7,15.5,91,93,92,86,80
2017-07-04 02:00,2219,72,70,0.00,34,0.17,,4.3,2.6,0.28,0.76,9.8,13.9,15.0,17.2,15.7,90,92,92,86,80
2017-07-04 03:00,2219,70,70,0.00,40,0.16,,3.5,1.9,0.31,0.74,9.6,13.7,15.3,17.7,15.5,89,91,90,86,80
2017-07-04 04:00,2219,70,67,0.00,42,2.18,,3.7,2.3,0.32,0.73,9.4,13.5,15.3,17.5,15.5,87,90,90,86,80
2017-07-04 05:00,2219,74,67,0.00,50,84.30,,4.1,2.3,0.35,0.74,9.5,13.3,14.7,17.4,15.5,86,89,90,86,79
2017-07-04 06:00,2219,77,74,0.00,43,275.90,,5.0,2.2,0.36,0.88,9.5,13.0,15.0,17.7,15.5,86,88,89,86,80
2017-07-04 07:00,2219,80,77,0.00,38,483.40,,6.9,2.8,0.35,0.97,8.9,13.7,14.7,17.2,15.5,85,87,90,87,80
2017-07-04 08:00,2219,83,80,0.00,32,676.20,,9.5,4.4,0.32,1.07,9.7,13.4,14.7,17.7,15.5,85,87,89,87,80
2017-07-04 09:00,2219,85,83,0.00,28,836.00,,10.2,5.8,0.31,1.16,9.1,13.2,14.4,17.5,15.5,87,87,89,86,80
2017-07-04 10:00,2219,86,83,0.00,27,945.00,,11.9,6.9,0.31,1.20,9.6,13.4,15.2,17.0,15.5,89,88,89,87,79
2017-07-04 11:00,2219,88,85,0.00,24,996.00,,12.8,7.2,0.30,1.28,9.6,14.1,14.8,17.7,15.5,92,90,89,86,79
2017-07-04 12:00,2219,90,88,0.00,22,995.00,,14.3,8.6,0.29,1.36,9.9,13.3,14.4,17.7,15.5,96,92,89,86,80
2017-07-04 13:00,2219,91,90,0.00,20,945.00,,18.6,8.5,0.28,1.42,10.3,14.2,14.4,17.5,15.5,99,94,89,86,80
2017-07-04 14:00,2219,92,91,0.00,18,838.00,,15.4,8.7,0.25,1.47,10.7,13.7,14.7,17.5,15.5,102,96,89,86,79
2017-07-04 15:00,2219,92,90,0.00,16,675.10,,14.4,8.7,0.25,1.48,10.8,14.2,14.5,17.7,15.5,103,98,90,86,80
2017-07-04 16:00,2219,91,90,0.00,18,479.50,,14.0,8.4,0.25,1.43,10.4,14.2,14.7,17.7,15.5,104,99,91,86,80
2017-07-04 17:00,2219,90,88,0.00,19,274.60,,13.3,7.5,0.27,1.40,10.4,14.4,14.5,17.7,15.5,104,100,92,87,79
2017-07-04 18:00,2219,88,84,0.00,20,86.40,,7.9,4.5,0.26,1.29,10.6,13.7,15.5,17.1,15.5,103,100,92,86,80
2017-07-04 19:00,2219,84,83,0.00,22,2.75,,4.1,1.8,0.27,1.15,10.2,14.2,15.0,17.1,15.5,102,99,92,86,80
2017-07-04 20:00,2219,83,77,0.00,24,0.18,,8.8,5.6,0.25,1.06,10.1,14.3,14.8,17.3,15.5,101,99,93,87,79
2017-07-04 21:00,2219,77,76,0.00,23,0.18,,10.5,7.7,0.20,0.92,10.4,14.2,15.3,17.4,15.5,98,98,92,87,80
2017-07-04 22:00,2219,78,76,0.00,17,0.18,,9.2,6.5,0.16,0.95,10.3,13.9,15.3,17.5,15.5,96,96,93,86,80
2017-07-04 23:00,2219,78,75,0.00,19,0.15,,7.0,4.0,0.17,0.92,10.0,13.4,14.8,17.5,15.5,95,96,93,86,80
2017-07-05 00:00,2219,78,77,0.00,13,0.14,,6.4,4.9,0.12,0.96,9.6,13.6,15.5,17.5,15.5,94,94,92,86,80
2017-07-05 01:00,2219,78,75,0.00,12,0.17,,6.3,2.9,0.15,0.94,9.8,13.4,15.0,17.5,15.5,92,94,92,87,80
2017-07-05 02:00,2219,75,69,0.00,27,0.16,,6.6,3.5,0.25,0.82,9.4,13.7,15.3,17.5,15.5,91,92,91,86,80
2017-07-05 03:00,2219,71,69,0.00,48,0.16,,5.9,3.4,0.35,0.73,9.4,13.6,14.5,17.5,15.5,90,92,92,87,80
2017-07-05 04:00,2219,70,68,0.00,49,2.00,,3.7,1.4,0.35,0.72,9.3,13.5,14.7,17.5,15.5,89,91,90,87,80
2017-07-05 05:00,2219,72,68,0.00,50,69.57,,4.7,1.6,0.35,0.71,9.1,13.6,15.0,17.5,15.5,87,90,90,87,80
2017-07-05 06:00,2219,75,72,0.00,44,257.10,,7.8,4.8,0.32,0.82,9.1,13.8,14.5,17.5,15.5,87,89,90,87,80
2017-07-05 07:00,2219,76,75,0.00,35,355.60,,9.6,5.8,0.30,0.88,9.1,13.4,15.0,17.5,15.5,86,89,89,87,80
2017-07-05 08:00,2219,79,75,0.00,33,583.00,,11.1,6.2,0.30,0.95,9.3,12.6,14.9,17.5,15.5,86,88,89,87,80
2017-07-05 09:00,2219,81,79,0.00,30,785.60,,10.9,7.0,0.31,1.02,8.9,13.1,14.4,17.5,15.5,87,88,89,87,80
2017-07-05 10:00,2219,84,81,0.00,30,926.00,,13.6,7.6,0.32,1.12,9.3,13.0,14.1,17.5,15.5,89,89,89,87,80
2017-07-05 11:00,2219,85,84,0.00,27,984.00,,12.2,8.4,0.30,1.18,10.0,12.6,14.7,17.5,15.5,92,90,89,87,80
2017-07-05 12:00,2219,88,85,0.00,23,990.00,,13.1,8.6,0.27,1.26,10.2,13.3,14.9,17.5,15.2,95,92,89,87,80
2017-07-05 13:00,2219,90,88,0.00,17,936.00,,13.5,8.7,0.25,1.36,10.5,13.6,14.4,17.3,15.5,98,94,89,87,80
2017-07-05 14:00,2219,91,90,0.00,14,832.00,,13.7,9.1,0.21,1.43,10.3,13.9,14.9,17.5,15.2,101,96,90,87,80
2017-07-05 15:00,2219,93,90,0.00,15,671.70,,14.0,8.6,0.19,1.49,10.3,13.2,14.7,17.5,15.5,103,98,90,87,80
2017-07-05 16:00,2219,91,90,0.00,11,483.90,,12.9,8.4,0.19,1.46,10.2,13.7,15.0,17.5,15.5,104,99,90,87,80
2017-07-05 17:00,2219,90,89,0.00,14,277.90,,10.4,6.9,0.19,1.41,10.2,13.9,14.7,17.5,15.2,104,99,91,87,80
2017-07-05 18:00,2219,89,84,0.00,15,89.70,,8.7,4.6,0.21,1.31,10.7,13.9,14.5,17.5,15.2,103,100,92,87,80
2017-07-05 19:00,2219,84,82,0.00,19,2.45,,4.0,0.9,0.22,1.14,10.1,13.4,15.3,17.3,15.2,102,99,92,87,80
2017-07-05 20:00,2219,82,81,0.00,21,0.20,,1.6,0.2,0.24,1.08,10.5,13.9,15.5,17.5,15.2,100,99,93,87,80
2017-07-05 21:00,2219,81,80,0.00,23,0.20,,1.6,0.2,0.26,1.03,10.3,13.7,15.0,17.5,15.2,98,98,93,86,80
2017-07-05 22:00,2219,80,78,0.00,26,0.18,,2.0,0.3,0.26,1.00,10.2,12.9,15.0,17.5,15.2,96,96,93,87,80
2017-07-05 23:00,2219,78,76,0.00,27,0.19,,3.9,1.0,0.27,0.95,9.8,14.0,15.0,17.5,15.2,94,95,93,87,80
2017-07-06 00:00,2219,76,73,0.00,31,0.16,,4.1,2.6,0.31,0.87,9.4,13.1,15.0,17.5,15.2,93,94,92,87,80
2017-07-06 01:00,2219,74,72,0.00,43,0.16,,3.8,1.5,0.35,0.83,9.7,13.3,14.5,17.3,15.2,91,93,92,87,80
2017-07-06 02:00,2219,73,72,0.00,44,0.18,,2.6,1.4,0.34,0.81,9.3,13.3,14.7,17.3,15.2,90,92,92,87,80
2017-07-06 03:00,2219,73,71,0.00,39,0.14,,3.4,2.0,0.32,0.79,9.3,14.1,14.7,17.2,15.2,89,91,91,87,80
2017-07-06 04:00,2219,72,71,0.00,39,1.44,,4.7,2.6,0.31,0.77,9.1,13.2,15.0,17.5,15.2,88,90,90,87,80
2017-07-06 05:00,2219,75,71,0.00,41,72.13,,4.6,2.2,0.30,0.79,8.9,13.4,14.8,17.2,15.2,87,90,91,87,80
2017-07-06 06:00,2219,77,75,0.00,34,249.40,,6.6,3.9,0.30,0.89,9.3,13.5,14.2,17.3,15.2,86,89,90,87,80
2017-07-06 07:00,2219,79,77,0.00,33,454.70,,8.8,4.8,0.30,0.96,9.2,13.0,14.9,17.0,15.2,86,88,90,87,80
2017-07-06 08:00,2219,81,79,0.00,30,651.10,,10.4,6.3,0.29,1.02,8.9,13.5,14.4,17.5,15.2,86,88,89,87,80
2017-07-06 09:00,2219,83,81,0.00,26,813.00,,11.8,7.8,0.27,1.10,9.1,13.5,14.7,17.3,15.2,87,88,89,87,80
2017-07-06 10:00,2219,84,83,0.00,23,929.00,,13.5,8.2,0.25,1.17,9.3,13.2,14.4,17.5,15.2,89,89,89,87,80
2017-07-06 11:00,2219,87,84,0.00,21,985.00,,13.5,8.9,0.26,1.24,9.4,12.7,14.8,17.2,15.2,92,90,88,87,80
2017-07-06 12:00,2219,89,87,0.00,20,990.00,,14.4,9.5,0.27,1.33,9.6,13.4,14.4,17.2,16.2,96,92,89,87,80
2017-07-06 13:00,2219,91,88,0.00,20,940.00,,14.8,9.7,0.27,1.38,9.9,13.5,14.4,17.2,15.9,99,94,89,87,80
2017-07-06 14:00,2219,91,90,0.00,19,830.00,,14.7,10.0,0.27,1.44,9.9,13.8,14.7,17.5,15.9,102,96,89,87,80
2017-07-06 15:00,2219,91,91,0.00,18,671.20,,15.8,9.6,0.25,1.47,10.1,13.2,14.4,17.5,15.2,103,98,90,87,80
2017-07-06 16:00,2219,91,89,0.00,16,479.10,,14.7,9.4,0.24,1.44,10.6,13.7,15.0,17.2,15.9,104,99,90,87,80
2017-07-06 17:00,2219,90,88,0.00,18,277.40,,12.2,8.1,0.25,1.39,10.6,13.9,14.5,17.2,15.2,104,100,92,87,80
2017-07-06 18:00,2219,88,84,0.00,18,93.40,,11.5,5.6,0.25,1.29,10.1,13.9,14.7,17.3,15.9,104,100,92,87,80
2017-07-06 19:00,2219,84,82,0.00,21,3.20,,5.4,2.2,0.25,1.14,10.5,13.7,15.3,17.5,15.9,102,99,92,87,80
2017-07-06 20:00,2219,82,81,0.00,23,0.20,,3.9,1.5,0.25,1.09,10.1,14.3,15.3,17.5,15.9,101,99,93,87,80
2017-07-06 21:00,2219,82,80,0.00,23,0.18,,5.0,3.3,0.26,1.06,10.1,13.8,15.3,17.2,15.9,98,98,93,87,80
2017-07-06 22:00,2219,81,79,0.00,25,0.19,,3.5,1.1,0.27,1.03,10.2,13.1,14.5,17.5,15.9,96,96,94,87,80
2017-07-06 23:00,2219,80,77,0.00,27,0.14,,4.9,2.2,0.28,0.98,10.0,13.3,14.5,17.5,15.9,95,96,93,87,80
2017-07-07 00:00,2219,77,77,0.00,31,0.18,,2.2,0.4,0.29,0.93,9.6,13.0,14.7,17.2,15.9,94,94,93,87,80
2017-07-07 01:00,2219,77,76,0.00,32,0.20,,2.2,0.3,0.29,0.92,9.4,13.5,14.7,17.2,15.9,92,94,92,87,80
2017-07-07 02:00,2219,76,76,0.00,31,0.17,,1.8,0.4,0.27,0.90,8.7,13.9,15.0,17.3,15.9,91,92,92,87,80
2017-07-07 03:00,2219,76,75,0.00,30,0.18,,2.5,1.0,0.27,0.89,9.1,14.2,14.5,17.3,15.9,90,92,91,87,80
2017-07-07 04:00,2219,75,74,0.00,30,1.82,,3.3,1.8,0.26,0.85,9.5,13.0,14.7,17.3,15.9,89,91,92,87,80
2017-07-07 05:00,2219,78,74,0.00,31,73.42,,3.3,1.9,0.27,0.91,8.9,13.7,14.7,17.3,15.9,87,90,90,87,80
2017-07-07 06:00,2219,82,78,0.00,27,251.60,,8.8,4.4,0.22,1.03,8.9,13.3,14.9,17.0,15.9,87,89,90,87,80
2017-07-07 07:00,2219,83,82,0.00,18,454.20,,9.3,5.9,0.20,1.13,9.0,13.0,14.7,17.7,15.9,86,89,90,87,80
2017-07-07 08:00,2219,85,83,0.00,18,646.60,,11.3,7.1,0.23,1.19,9.0,13.3,14.7,17.3,15.9,86,88,90,87,80
2017-07-07 09:00,2219,87,85,0.00,19,810.00,,11.5,6.7,0.22,1.25,9.5,13.3,14.9,17.7,15.9,87,88,89,87,80
2017-07-07 10:00,2219,89,87,0.00,18,926.00,,11.8,6.4,0.23,1.33,8.9,13.0,14.9,17.5,15.9,90,89,89,87,80
2017-07-07 11:00,2219,91,89,0.00,17,985.00,,12.5,6.7,0.24,1.39,9.4,12.7,14.7,17.5,15.9,93,91,89,87,80
2017-07-07 12:00,2219,93,91,0.00,17,987.00,,13.9,7.7,0.25,1.50,9.9,13.2,14.7,17.5,15.9,96,92,89,87,80
2017-07-07 13:00,2219,95,92,0.00,17,933.00,,14.0,7.7,0.26,1.55,9.8,13.5,14.9,17.0,15.9,100,95,90,87,80
2017-07-07 14:00,2219,95,93,0.00,16,825.00,,13.7,8.2,0.25,1.62,10.1,13.5,14.7,17.0,15.9,102,97,90,87,80
2017-07-07 15:00,2219,97,93,0.00,16,662.50,,17.8,9.1,0.26,1.64,10.6,13.4,14.7,17.0,15.8,105,99,90,87,80
2017-07-07 16:00,2219,94,92,0.00,17,471.10,,15.7,8.3,0.28,1.58,10.1,14.1,14.7,17.3,15.8,106,100,92,87,80
2017-07-07 17:00,2219,92,90,0.00,19,268.10,,11.7,7.2,0.30,1.51,10.7,13.5,14.5,17.0,15.8,106,101,92,87,80
2017-07-07 18:00,2219,90,86,0.00,22,86.20,,12.2,5.6,0.32,1.39,10.6,14.3,15.0,17.2,15.8,105,101,93,87,80
2017-07-07 19:00,2219,86,82,0.00,26,2.32,,8.3,3.2,0.32,1.19,9.9,13.8,14.7,17.3,15.8,104,101,93,87,80
2017-07-07 20:00,2219,82,80,0.00,28,0.15,,3.3,1.1,0.30,1.06,10.4,13.6,14.5,17.7,15.8,102,100,94,87,80
2017-07-07 21:00,2219,82,81,0.00,29,0.14,,6.2,2.6,0.30,1.09,10.2,13.4,14.5,17.2,15.8,100,99,94,87,80
2017-07-07 22:00,2219,82,80,0.00,28,0.14,,9.3,5.4,0.30,1.08,9.6,14.0,15.3,17.3,15.8,98,98,93,87,80
2017-07-07 23:00,2219,81,76,0.00,30,0.17,,6.2,3.8,0.32,1.02,10.0,13.4,14.5,17.7,15.8,96,96,94,87,80
2017-07-08 00:00,2219,79,76,0.00,36,0.16,,5.2,3.6,0.35,0.96,9.7,13.5,14.7,17.3,15.8,95,96,93,87,80
2017-07-08 01:00,2219,79,77,0.00,38,0.15,,6.3,4.7,0.37,0.97,9.5,13.5,14.7,17.5,15.8,94,95,93,87,80
2017-07-08 02:00,2219,78,76,0.00,37,0.16,,7.6,5.9,0.35,0.93,9.5,13.2,14.2,17.5,15.9,92,94,93,87,80
2017-07-08 03:00,2219,77,76,0.00,36,0.15,,7.6,6.3,0.33,0.92,9.3,13.2,15.0,17.7,15.8,91,93,92,87,80
2017-07-08 04:00,2219,78,76,0.00,35,1.28,,6.5,4.1,0.32,0.92,9.2,12.7,15.0,17.5,15.8,90,92,92,87,80
2017-07-08 05:00,2219,84,78,0.00,33,73.53,,4.4,2.3,0.32,0.99,8.9,13.3,14.4,17.5,15.8,90,92,92,87,80
2017-07-08 06:00,2219,85,83,0.00,28,257.40,,7.4,3.0,0.30,1.18,9.5,13.1,14.4,17.5,15.8,89,90,92,87,80
2017-07-08 07:00,2219,87,85,0.00,20,462.90,,9.3,4.7,0.21,1.24,9.0,12.6,14.7,17.5,15.9,89,90,91,87,80
2017-07-08 08:00,2219,89,86,0.00,15,656.90,,11.2,5.5,0.19,1.29,9.0,13.1,14.7,16.8,15.8,89,90,90,87,80
2017-07-08 09:00,2219,90,89,0.00,14,819.00,,11.6,5.3,0.20,1.41,9.2,13.1,14.9,17.3,15.8,89,90,90,87,80
2017-07-08 10:00,2219,92,90,0.00,15,932.00,,13.9,7.2,0.22,1.48,9.3,12.9,14.8,17.5,15.8,92,91,90,87,80
2017-07-08 11:00,2219,92,91,0.00,15,983.00,,14.2,8.2,0.22,1.49,9.6,13.1,14.4,17.3,15.8,95,92,90,87,80
2017-07-08 12:00,2219,95,92,0.00,15,986.00,,15.6,8.4,0.23,1.60,9.9,13.2,14.9,17.5,15.8,98,94,90,87,81
2017-07-08 13:00,2219,96,95,0.00,13,940.00,,17.3,9.7,0.22,1.68,10.3,13.5,14.4,17.3,15.8,102,96,90,87,80
2017-07-08 14:00,2219,96,95,0.00,13,828.00,,17.2,10.0,0.23,1.69,10.1,13.6,14.2,17.5,15.8,104,98,91,88,80
2017-07-08 15:00,2219,96,95,0.00,15,663.60,,16.8,10.2,0.24,1.67,10.4,13.4,14.4,17.3,15.8,106,100,92,87,80
2017-07-08 16:00,2219,95,93,0.00,15,462.50,,15.6,9.9,0.25,1.64,10.4,13.4,14.2,17.3,15.8,107,101,92,87,80
2017-07-08 17:00,2219,93,90,0.00,15,209.00,,14.4,8.9,0.27,1.54,10.5,13.8,14.5,17.5,15.8,107,102,93,87,80
2017-07-08 18:00,2219,90,86,0.00,23,40.57,,11.6,5.9,0.33,1.36,10.5,13.8,14.8,17.7,15.8,106,102,94,87,80
2017-07-08 19:00,2219,86,84,0.00,24,1.72,,7.4,4.4,0.30,1.22,10.1,13.1,15.0,17.3,15.8,104,102,94,87,80
2017-07-08 20:00,2219,84,82,0.00,28,0.14,,5.2,1.2,0.30,1.12,10.2,13.9,15.5,17.2,15.8,102,101,94,87,81
2017-07-08 21:00,2219,82,81,0.00,25,0.17,,4.5,1.2,0.27,1.09,10.2,13.8,14.7,17.2,15.8,101,99,94,88,81
2017-07-08 22:00,2219,82,81,0.00,25,0.16,,1.8,0.4,0.26,1.10,9.9,13.9,14.5,17.5,15.8,98,98,94,87,80
2017-07-08 23:00,2219,82,80,0.00,22,0.16,,2.1,0.5,0.22,1.07,9.8,13.2,14.7,17.3,15.8,97,98,94,87,80
2017-07-09 00:00,2219,80,80,0.00,19,0.18,,1.6,0.2,0.21,1.05,9.6,13.0,14.7,17.3,15.8,95,96,94,88,80
2017-07-09 01:00,2219,80,80,0.00,20,0.18,,3.7,0.8,0.21,1.03,9.8,13.1,14.5,17.3,15.8,94,95,94,88,81
2017-07-09 02:00,2219,81,80,0.00,19,0.16,,4.2,1.8,0.18,1.05,9.3,13.1,14.5,17.3,15.8,93,94,93,88,80
2017-07-09 03:00,2219,81,78,0.00,14,0.13,,5.2,1.8,0.16,1.04,8.9,13.1,15.0,17.3,15.5,92,94,93,88,81
2017-07-09 04:00,2219,80,78,0.00,18,0.59,,7.7,2.4,0.17,0.97,9.5,13.4,15.0,17.3,15.8,91,93,93,88,80
2017-07-09 05:00,2219,82,77,0.00,16,72.41,,7.1,3.3,0.17,0.99,9.1,13.1,14.4,17.1,15.5,91,92,92,88,81
2017-07-09 06:00,2219,85,82,0.00,15,187.40,,4.6,1.9,0.15,1.15,9.5,12.9,14.7,17.3,15.5,90,92,92,88,80
2017-07-09 07:00,2219,87,85,0.00,11,352.60,,7.5,4.2,0.14,1.27,9.5,12.5,14.7,17.3,15.5,89,91,92,88,80
2017-07-09 08:00,2219,88,85,0.00,11,442.40,,10.3,5.0,0.16,1.24,9.1,13.3,14.4,17.3,15.8,90,91,92,88,80
2017-07-09 09:00,2219,88,87,0.00,12,696.60,,9.6,5.3,0.16,1.32,8.9,13.3,14.8,17.0,15.5,90,91,91,88,80
2017-07-09 10:00,2219,91,87,0.00,12,891.00,,9.6,5.3,0.17,1.37,9.5,12.5,14.7,17.3,15.5,92,91,90,88,80
2017-07-09 11:00,2219,93,91,0.00,12,972.00,,12.6,6.6,0.18,1.49,9.3,12.9,14.7,17.9,15.5,94,92,91,88,80
2017-07-09 12:00,2219,94,92,0.00,12,986.00,,13.8,7.5,0.18,1.58,9.4,12.4,14.7,17.3,15.8,97,94,90,88,80
2017-07-09 13:00,2219,95,94,0.00,11,931.00,,13.8,8.2,0.17,1.61,10.3,13.1,14.4,17.3,15.5,101,96,90,88,80
2017-07-09 14:00,2219,96,93,0.00,11,860.00,,14.8,8.1,0.19,1.63,10.0,13.3,14.4,17.1,15.5,103,98,92,88,81
2017-07-09 15:00,2219,95,94,0.00,12,698.50,,13.2,6.8,0.20,1.64,10.4,13.3,14.6,17.3,15.9,105,100,92,88,80
2017-07-09 16:00,2219,95,91,0.00,13,466.70,,13.2,9.0,0.22,1.59,9.9,12.7,15.2,17.1,15.5,107,101,93,88,80
2017-07-09 17:00,2219,91,90,0.00,15,252.70,,12.0,7.4,0.22,1.46,9.8,13.1,14.2,17.3,15.5,107,102,93,88,81
2017-07-09 18:00,2219,90,85,0.00,15,61.92,,7.3,3.5,0.22,1.34,10.4,13.4,14.7,17.3,15.5,106,102,93,88,81
2017-07-09 19:00,2219,85,81,0.00,18,2.37,,6.1,3.2,0.30,1.14,9.8,13.4,14.5,17.3,15.9,104,102,94,88,80
2017-07-09 20:00,2219,82,77,0.00,31,0.17,,8.9,6.8,0.38,1.00,10.3,13.5,14.5,17.3,16.2,102,101,95,88,80
2017-07-09 21:00,2219,80,76,0.00,45,0.17,,9.5,6.9,0.41,0.93,9.9,13.3,14.5,17.3,15.5,101,100,95,88,81
2017-07-09 22:00,2219,80,78,0.00,41,0.15,,10.4,7.6,0.42,1.00,10.2,13.3,14.7,17.0,15.5,99,99,94,88,81
2017-07-09 23:00,2219,78,78,0.00,44,0.15,,11.3,7.9,0.41,0.97,9.6,12.8,14.8,17.9,15.9,98,98,95,88,80
2017-07-10 00:00,2219,79,78,0.00,39,0.16,,9.1,6.9,0.36,0.97,9.8,12.8,14.8,17.7,15.9,96,97,94,88,80
2017-07-10 01:00,2219,79,77,0.00,34,0.14,,7.4,3.9,0.33,0.96,9.3,13.1,15.0,17.0,15.9,95,96,94,88,80
2017-07-10 02:00,2219,77,75,0.00,36,0.17,,8.3,5.2,0.34,0.90,9.4,12.4,14.7,17.7,15.9,94,95,94,88,80
2017-07-10 03:00,2219,75,75,0.00,37,0.16,,8.9,4.3,0.33,0.88,9.5,13.1,14.4,17.5,15.9,93,94,94,89,80
2017-07-10 04:00,2219,75,74,0.00,38,0.66,,7.8,3.0,0.33,0.88,9.1,12.9,14.4,17.7,15.9,92,94,93,89,81
2017-07-10 05:00,2219,76,74,0.00,41,20.90,,8.5,5.5,0.37,0.87,9.1,12.7,14.8,17.7,15.9,91,93,93,89,81
2017-07-10 06:00,2219,82,76,0.00,40,117.40,,6.5,4.4,0.36,0.94,8.9,12.8,14.8,17.7,15.9,90,92,93,89,81
2017-07-10 07:00,2219,87,82,0.00,30,393.40,,5.9,2.0,0.32,1.18,8.9,12.8,14.9,17.7,15.9,90,92,92,89,81
2017-07-10 08:00,2219,87,84,0.00,24,274.90,,6.6,3.0,0.32,1.22,8.7,12.5,14.1,17.5,15.9,90,91,92,89,81
2017-07-10 09:00,2219,85,83,0.00,28,279.30,,6.5,3.3,0.34,1.18,8.9,12.8,14.7,17.7,15.9,91,91,92,89,80
2017-07-10 10:00,2219,88,84,0.00,29,275.90,,5.1,2.2,0.34,1.24,9.1,12.5,14.4,17.7,15.9,92,92,92,89,80
2017-07-10 11:00,2219,90,87,0.00,25,454.10,,11.9,4.3,0.33,1.37,9.5,12.3,14.6,17.5,15.9,92,92,90,89,81
2017-07-10 12:00,2219,90,87,0.00,26,700.00,,11.0,6.8,0.35,1.35,9.1,12.8,15.3,17.7,15.9,94,92,90,89,80
2017-07-10 13:00,2219,90,88,0.00,27,656.10,,11.8,5.8,0.34,1.36,9.3,12.8,15.3,17.7,15.9,95,93,90,89,82
2017-07-10 14:00,2219,90,87,0.00,24,459.70,,11.8,6.7,0.36,1.36,9.2,13.0,14.9,17.7,15.9,96,94,90,89,80
2017-07-10 15:00,2219,89,86,0.00,29,376.80,,8.2,4.1,0.36,1.30,9.6,13.7,14.6,17.7,15.9,98,96,92,89,81
2017-07-10 16:00,2219,89,88,0.00,26,347.00,,7.6,3.9,0.35,1.36,10.0,12.5,14.6,17.7,15.9,99,96,92,89,80
2017-07-10 17:00,2219,89,88,0.00,26,191.70,,6.8,3.5,0.34,1.35,9.8,12.7,14.4,17.7,15.9,99,96,92,89,81
2017-07-10 18:00,2219,88,84,0.00,27,54.05,,5.6,2.6,0.35,1.30,9.8,12.4,14.8,17.7,16.0,99,97,92,88,81
2017-07-10 19:00,2219,84,78,0.00,31,1.97,,8.5,5.6,0.37,1.11,10.0,13.4,14.4,17.7,16.0,98,97,92,88,82
2017-07-10 20:00,2219,78,75,0.00,40,0.17,,10.5,7.1,0.40,0.93,9.2,13.0,14.9,17.7,16.0,98,96,93,89,81
2017-07-10 21:00,2219,76,74,0.00,46,0.15,,11.7,7.9,0.41,0.88,9.8,13.4,14.4,17.7,16.0,96,96,93,88,82
2017-07-10 22:00,2219,75,73,0.00,48,0.18,,8.6,5.6,0.41,0.84,9.6,13.1,14.4,17.7,16.0,95,95,92,88,81
2017-07-10 23:00,2219,74,72,0.00,50,0.20,,11.7,5.4,0.41,0.83,9.2,13.3,14.4,17.7,16.0,94,94,93,89,82
2017-07-11 00:00,2219,74,72,0.00,53,0.16,,11.9,8.8,0.40,0.82,9.1,12.8,14.8,17.5,16.0,92,94,92,89,82
2017-07-11 01:00,2219,74,74,0.00,48,0.15,,11.0,8.0,0.40,0.84,9.5,13.0,14.0,17.5,16.0,92,93,92,89,82
2017-07-11 02:00,2219,74,72,0.00,46,0.17,,8.6,5.7,0.38,0.83,9.3,13.0,14.6,17.7,16.0,91,92,92,88,81
2017-07-11 03:00,2219,73,71,0.00,47,0.14,,9.5,6.8,0.38,0.80,8.9,12.8,14.1,17.7,15.9,90,92,92,89,81
2017-07-11 04:00,2219,71,70,0.00,48,1.24,,7.7,5.6,0.37,0.76,8.7,12.6,14.4,17.7,15.8,89,91,92,88,81
2017-07-11 05:00,2219,77,70,0.00,49,55.80,,4.7,3.1,0.37,0.78,9.1,11.9,14.7,17.7,15.9,89,90,91,89,80
2017-07-11 06:00,2219,80,77,0.00,40,220.70,,3.6,1.2,0.37,0.96,9.3,12.1,14.6,17.0,15.8,87,90,90,89,82
2017-07-11 07:00,2219,83,80,0.00,35,426.30,,6.2,2.6,0.36,1.07,8.9,12.3,14.6,17.5,15.8,87,89,90,88,81
2017-07-11 08:00,2219,83,83,0.00,31,629.90,,12.3,4.6,0.35,1.15,8.9,12.3,14.8,17.7,15.8,87,89,90,89,81
2017-07-11 09:00,2219,87,83,0.00,31,788.20,,11.8,5.3,0.35,1.20,9.1,12.3,14.3,17.7,15.8,89,89,90,88,81
2017-07-11 10:00,2219,88,86,0.00,26,903.00,,13.3,7.4,0.35,1.28,9.5,12.7,14.3,17.7,15.9,90,90,90,88,81
2017-07-11 11:00,2219,89,88,0.00,26,959.00,,14.3,7.4,0.34,1.35,9.5,13.1,14.6,17.7,15.8,94,91,90,89,82
2017-07-11 12:00,2219,90,88,0.00,26,966.00,,14.3,7.4,0.34,1.36,9.8,12.3,14.9,17.0,15.8,96,93,89,88,82
2017-07-11 13:00,2219,91,90,0.00,23,920.00,,16.4,8.1,0.33,1.43,9.7,12.7,14.3,17.7,15.8,99,95,90,88,82
2017-07-11 14:00,2219,92,90,0.00,22,811.00,,14.6,8.0,0.32,1.48,10.4,13.0,14.3,17.7,15.8,102,97,90,88,81
2017-07-11 15:00,2219,91,90,0.00,22,650.50,,14.0,6.8,0.33,1.46,10.3,13.7,14.6,17.7,15.8,104,98,90,88,82
2017-07-11 16:00,2219,91,89,0.00,24,454.30,,11.9,6.0,0.35,1.42,10.0,13.0,14.4,17.7,15.8,105,100,92,88,82
2017-07-11 17:00,2219,90,88,0.00,26,251.30,,13.4,4.9,0.36,1.39,10.0,12.6,14.6,17.7,16.0,106,101,92,88,81
2017-07-11 18:00,2219,88,82,0.00,25,71.22,,14.1,10.1,0.32,1.24,10.2,12.6,14.4,17.9,15.8,105,101,93,88,82
2017-07-11 19:00,2219,82,78,0.00,27,2.37,,11.4,7.5,0.30,1.06,10.0,13.2,14.4,17.9,15.8,103,101,94,88,81
2017-07-11 20:00,2219,78,74,0.00,35,0.17,,11.0,7.2,0.35,0.88,9.9,13.2,14.5,17.0,15.8,102,100,93,88,81
2017-07-11 21:00,2219,74,72,0.00,43,0.17,,10.8,7.8,0.36,0.82,9.9,13.7,14.9,17.0,15.8,100,99,94,88,82
2017-07-11 22:00,2219,72,71,0.00,45,0.17,,11.2,7.2,0.36,0.78,9.6,13.0,14.5,17.7,15.8,98,98,94,88,81
2017-07-11 23:00,2219,72,69,0.00,45,0.16,,11.9,5.8,0.36,0.78,9.2,13.5,14.5,17.0,15.8,96,97,94,88,82
2017-07-12 00:00,2219,71,69,0.00,49,0.19,,6.8,5.4,0.32,0.75,9.2,12.8,14.8,17.7,15.8,94,96,93,88,82
2017-07-12 01:00,2219,71,70,0.00,35,0.17,,7.5,5.9,0.29,0.76,8.9,13.3,14.4,17.7,15.8,93,95,93,88,81
2017-07-12 02:00,2219,71,69,0.00,44,0.18,,4.8,2.8,0.32,0.72,9.5,13.2,14.6,17.7,15.8,92,94,93,88,81
2017-07-12 03:00,2219,72,71,0.00,39,0.14,,3.6,2.7,0.26,0.78,9.4,12.6,14.6,17.5,15.8,91,93,93,88,81
2017-07-12 04:00,2219,71,69,0.00,33,1.17,,4.4,3.2,0.25,0.74,8.7,13.1,14.4,17.5,15.8,90,92,92,88,82
2017-07-12 05:00,2219,76,69,0.00,35,62.46,,5.1,3.2,0.25,0.75,8.2,12.8,14.7,17.7,15.8,89,91,92,89,82
2017-07-12 06:00,2219,80,76,0.00,29,249.80,,4.5,1.8,0.26,0.95,8.5,11.6,14.6,17.5,15.8,87,90,92,88,82
2017-07-12 07:00,2219,82,80,0.00,25,457.60,,6.6,2.9,0.25,1.04,9.4,12.5,14.3,17.7,15.8,87,89,90,89,81
2017-07-12 08:00,2219,83,81,0.00,24,659.10,,9.3,4.6,0.26,1.09,8.5,12.0,14.6,17.7,15.8,87,89,91,89,82
2017-07-12 09:00,2219,85,82,0.00,22,828.00,,10.5,5.9,0.25,1.15,8.9,12.7,14.1,17.7,15.5,88,89,90,89,82
2017-07-12 10:00,2219,87,84,0.00,21,947.00,,11.9,6.6,0.26,1.23,9.1,12.3,14.3,17.7,15.8,90,90,90,89,81
2017-07-12 11:00,2219,87,86,0.00,20,1003.00,,13.5,7.0,0.24,1.28,9.1,12.3,14.0,17.7,15.5,94,91,90,88,81
2017-07-12 12:00,2219,90,87,0.00,19,1007.00,,13.1,7.4,0.24,1.35,9.2,12.8,14.3,17.7,15.8,97,93,90,88,82
2017-07-12 13:00,2219,90,89,0.00,17,956.00,,14.0,8.2,0.23,1.41,9.9,12.8,14.1,17.7,16.2,100,95,90,88,81
2017-07-12 14:00,2219,91,90,0.00,17,843.00,,13.4,8.0,0.24,1.43,10.1,12.0,14.1,17.7,15.8,102,97,90,88,81
2017-07-12 15:00,2219,91,89,0.00,17,676.50,,12.9,7.6,0.25,1.44,9.9,13.4,14.6,17.5,15.8,105,99,92,88,82
2017-07-12 16:00,2219,90,89,0.00,18,479.20,,12.3,6.6,0.26,1.40,9.8,13.7,14.6,17.7,15.8,106,101,92,88,82
2017-07-12 17:00,2219,89,87,0.00,19,269.60,,9.8,5.2,0.26,1.36,10.2,13.4,14.4,17.5,15.5,106,101,92,88,82
2017-07-12 18:00,2219,87,83,0.00,21,79.88,,8.2,3.4,0.27,1.24,10.3,13.2,14.1,17.0,15.5,105,102,94,88,82
2017-07-12 19:00,2219,83,78,0.00,24,2.41,,8.0,4.6,0.24,1.04,9.7,13.4,14.6,17.7,15.8,104,101,94,88,82
2017-07-12 20:00,2219,79,73,0.00,20,0.16,,10.0,7.3,0.21,0.94,10.1,13.2,14.4,17.7,16.4,102,100,94,88,82
2017-07-12 21:00,2219,73,71,0.00,28,0.18,,11.0,7.8,0.24,0.80,10.0,13.0,14.8,17.7,16.4,99,99,94,88,82
2017-07-12 22:00,2219,73,71,0.00,33,0.19,,12.1,8.4,0.24,0.79,9.8,13.4,14.8,17.7,16.4,98,98,94,88,81
2017-07-12 23:00,2219,73,71,0.00,28,0.18,,11.0,8.4,0.22,0.79,9.4,13.0,14.6,17.7,16.2,96,96,94,88,81
2017-07-13 00:00,2219,72,70,0.00,24,0.17,,8.8,6.2,0.19,0.78,9.7,13.3,14.6,17.7,15.5,94,96,94,88,82
2017-07-13 01:00,2219,74,70,0.00,24,0.18,,6.1,3.4,0.18,0.79,9.3,12.4,14.1,17.7,15.9,93,94,94,88,82
2017-07-13 02:00,2219,73,69,0.00,23,0.15,,4.5,3.0,0.20,0.78,9.1,13.1,14.4,17.7,16.2,92,94,93,88,81
2017-07-13 03:00,2219,71,69,0.00,27,0.18,,5.0,3.5,0.24,0.73,9.1,12.8,14.6,17.7,15.9,90,92,93,89,82
2017-07-13 04:00,2219,71,68,0.00,39,1.30,,5.8,4.2,0.29,0.73,8.7,11.9,14.1,17.7,15.9,89,92,92,89,82
2017-07-13 05:00,2219,76,68,0.00,44,65.81,,6.2,4.5,0.32,0.74,8.7,12.5,14.3,17.7,16.2,88,91,92,89,81
2017-07-13 06:00,2219,79,76,0.00,39,245.30,,4.9,1.9,0.36,0.94,9.2,12.3,14.9,17.5,16.2,87,90,92,89,82
2017-07-13 07:00,2219,82,79,0.00,35,446.40,,8.1,2.9,0.32,1.04,8.9,12.0,14.1,17.5,16.2,87,89,90,89,82
2017-07-13 08:00,2219,84,82,0.00,28,636.60,,9.8,4.5,0.32,1.14,8.9,12.7,14.9,17.7,16.2,87,89,90,89,82
2017-07-13 09:00,2219,87,83,0.00,26,798.40,,9.9,4.6,0.31,1.18,9.1,12.5,14.2,17.5,15.5,88,89,90,89,82
2017-07-13 10:00,2219,88,87,0.00,24,919.00,,12.4,7.0,0.31,1.31,8.7,12.5,14.1,17.5,16.2,90,90,90,89,82
2017-07-13 11:00,2219,90,87,0.00,24,977.00,,13.6,7.7,0.32,1.36,9.3,12.0,14.5,17.7,16.2,94,91,90,89,81
2017-07-13 12:00,2219,90,89,0.00,23,987.00,,13.9,7.9,0.32,1.38,9.0,12.8,14.3,17.5,15.9,97,94,90,89,82
2017-07-13 13:00,2219,90,89,0.00,23,835.00,,13.3,8.2,0.32,1.42,9.2,12.6,14.1,17.5,16.2,100,96,90,89,82
2017-07-13 14:00,2219,90,88,0.00,23,600.50,,15.4,8.2,0.32,1.39,9.7,12.6,14.3,17.5,15.9,102,98,90,89,81
2017-07-13 15:00,2219,91,88,0.00,23,447.30,,14.8,7.8,0.32,1.37,10.1,12.9,14.3,17.7,16.2,104,99,90,88,82
2017-07-13 16:00,2219,91,89,0.00,22,482.50,,14.5,8.5,0.33,1.44,9.9,12.8,14.1,17.7,16.2,105,100,92,88,81
2017-07-13 17:00,2219,89,87,0.00,24,241.40,,10.0,5.8,0.34,1.34,10.3,12.6,14.3,17.7,15.9,105,101,92,88,82
2017-07-13 18:00,2219,87,84,0.00,26,90.70,,8.8,4.4,0.35,1.26,10.1,13.6,14.4,17.7,15.9,104,101,93,88,81
2017-07-13 19:00,2219,84,80,0.00,29,2.57,,11.8,4.5,0.29,1.10,10.0,12.8,14.6,17.7,16.2,102,100,94,88,82
2017-07-13 20:00,2219,80,74,0.00,21,0.15,,10.8,6.3,0.20,0.98,9.6,13.0,14.4,17.7,15.9,101,99,94,88,82
2017-07-13 21:00,2219,74,74,0.00,20,0.15,,10.3,7.1,0.18,0.85,9.2,12.9,14.4,17.7,16.2,99,98,93,88,82
2017-07-13 22:00,2219,75,73,0.00,21,0.19,,9.7,7.0,0.18,0.86,9.4,12.9,14.4,17.7,15.9,98,98,94,88,82
2017-07-13 23:00,2219,74,71,0.00,20,0.18,,9.1,6.8,0.16,0.80,9.7,12.9,14.6,17.7,15.9,96,96,94,88,82
2017-07-14 00:00,2219,74,72,0.00,18,0.18,,8.9,5.4,0.14,0.81,9.3,13.1,14.6,17.5,15.9,94,96,94,88,82
2017-07-14 01:00,2219,76,74,0.00,19,0.17,,3.8,2.1,0.18,0.86,9.1,12.6,14.4,17.7,16.2,92,94,94,89,82
2017-07-14 02:00,2219,74,73,0.00,23,0.18,,3.5,2.1,0.22,0.84,8.7,12.3,14.3,17.5,16.0,91,94,93,89,82
2017-07-14 03:00,2219,74,69,0.00,34,0.14,,5.2,1.5,0.29,0.81,8.5,11.8,14.6,17.3,16.0,90,92,93,89,82
2017-07-14 04:00,2219,69,68,0.00,41,1.18,,6.5,5.2,0.30,0.70,9.1,12.5,14.1,17.5,16.0,89,92,92,89,82
2017-07-14 05:00,2219,77,69,0.00,46,64.92,,5.6,3.3,0.33,0.77,8.9,12.3,14.3,17.5,15.9,88,91,92,89,82
2017-07-14 06:00,2219,80,77,0.00,35,249.20,,5.3,2.0,0.33,0.99,8.6,12.3,14.3,17.5,16.0,87,90,92,89,82
2017-07-14 07:00,2219,82,79,0.00,34,456.60,,7.2,3.6,0.34,1.04,9.0,12.8,14.1,17.5,16.0,87,89,91,89,82
2017-07-14 08:00,2219,82,81,0.00,31,650.40,,10.2,5.6,0.33,1.07,8.8,12.0,14.3,17.5,16.2,87,89,90,89,82
2017-07-14 09:00,2219,85,82,0.00,30,813.00,,10.5,6.4,0.33,1.14,8.9,11.9,14.0,17.5,15.9,89,89,90,89,82
2017-07-14 10:00,2219,87,85,0.00,27,931.00,,12.0,6.6,0.32,1.24,8.9,12.7,13.9,17.5,16.2,91,90,90,89,82
2017-07-14 11:00,2219,89,86,0.00,25,982.00,,14.6,7.9,0.32,1.31,9.1,12.3,14.3,17.5,16.0,94,91,90,89,82
2017-07-14 12:00,2219,90,87,0.00,23,985.00,,16.0,8.2,0.31,1.36,9.0,12.8,14.3,17.5,16.0,97,94,90,89,82
2017-07-14 13:00,2219,91,90,0.00,21,947.00,,14.4,8.4,0.30,1.44,9.8,12.8,14.3,17.5,16.0,100,96,90,89,82
2017-07-14 14:00,2219,92,90,0.00,18,823.00,,15.7,8.9,0.27,1.44,9.8,12.2,13.5,17.5,15.9,103,98,90,89,82
2017-07-14 15:00,2219,92,90,0.00,18,665.70,,15.0,8.9,0.27,1.46,10.1,12.9,14.1,17.5,16.0,105,99,92,89,82
2017-07-14 16:00,2219,91,89,0.00,20,463.70,,13.7,8.2,0.27,1.43,10.1,13.1,14.1,17.5,16.0,106,101,92,88,82
2017-07-14 17:00,2219,89,88,0.00,19,232.70,,12.6,7.8,0.26,1.37,10.3,13.6,14.1,17.7,16.0,106,101,93,89,82
2017-07-14 18:00,2219,88,84,0.00,18,92.30,,9.0,4.8,0.24,1.28,10.1,13.4,14.1,17.5,15.9,105,101,94,89,82
2017-07-14 19:00,2219,84,80,0.00,21,2.82,,4.9,3.4,0.24,1.13,9.8,12.9,14.3,17.7,16.0,103,101,94,88,82
2017-07-14 20:00,2219,81,79,0.00,19,0.17,,5.8,3.9,0.19,1.05,10.0,13.1,14.6,17.7,16.0,102,100,94,89,82
2017-07-14 21:00,2219,80,76,0.00,19,0.16,,8.9,5.4,0.19,0.97,9.0,13.3,14.8,17.7,16.0,99,99,94,88,82
2017-07-14 22:00,2219,76,74,0.00,22,0.19,,7.1,5.4,0.20,0.89,9.6,13.1,14.3,17.5,16.0,98,98,94,89,82
2017-07-14 23:00,2219,77,74,0.00,24,0.18,,5.7,2.8,0.23,0.91,9.6,11.9,14.6,17.5,16.0,96,97,94,89,82
2017-07-15 00:00,2219,77,76,0.00,20,0.16,,3.7,1.3,0.18,0.91,9.1,12.4,14.6,17.5,15.9,94,96,94,89,82
2017-07-15 01:00,2219,76,73,0.00,28,0.17,,4.9,2.4,0.28,0.86,9.3,12.1,14.1,17.5,16.0,93,94,94,89,82
2017-07-15 02:00,2219,73,71,0.00,37,0.17,,4.9,2.4,0.32,0.80,8.5,12.3,14.1,17.5,15.9,92,94,94,89,82
2017-07-15 03:00,2219,72,71,0.00,42,0.18,,2.1,0.7,0.32,0.77,9.2,12.3,14.3,17.5,16.0,90,92,93,89,82
2017-07-15 04:00,2219,71,69,0.00,41,1.07,,4.0,2.1,0.31,0.76,8.9,12.7,14.7,17.3,16.0,89,92,92,89,82
2017-07-15 05:00,2219,73,69,0.00,43,56.00,,4.1,2.5,0.32,0.76,8.9,12.5,14.1,17.5,15.8,88,91,92,89,82
2017-07-15 06:00,2219,78,73,0.00,40,219.90,,3.6,1.4,0.32,0.89,8.9,12.2,14.3,17.5,16.0,87,90,92,89,82
2017-07-15 07:00,2219,80,78,0.00,31,432.30,,6.9,3.1,0.30,1.00,8.9,12.2,14.0,17.5,16.0,86,89,92,89,82
2017-07-15 08:00,2219,84,80,0.00,28,634.10,,9.7,4.2,0.27,1.08,8.9,12.4,14.3,17.3,15.8,87,89,90,89,82
2017-07-15 09:00,2219,86,84,0.00,25,805.00,,12.1,6.1,0.27,1.20,8.6,12.6,14.3,17.5,16.0,88,89,90,89,82
2017-07-15 10:00,2219,87,85,0.00,20,923.00,,13.6,8.3,0.25,1.23,8.9,12.2,14.5,17.3,16.0,90,90,90,89,82
2017-07-15 11:00,2219,88,86,0.00,20,985.00,,16.0,10.0,0.23,1.28,8.8,13.1,14.5,17.5,16.0,94,91,90,89,82
2017-07-15 12:00,2219,89,88,0.00,15,991.00,,15.4,10.2,0.22,1.36,9.3,12.3,14.5,17.5,16.0,96,93,90,89,82
2017-07-15 13:00,2219,91,88,0.00,18,945.00,,16.4,10.2,0.24,1.40,9.4,12.5,14.0,17.3,16.0,99,95,90,89,82
2017-07-15 14:00,2219,92,89,0.00,16,846.00,,16.8,10.3,0.24,1.45,9.6,12.7,14.5,17.5,15.8,102,98,90,89,82
2017-07-15 15:00,2219,90,89,0.00,17,677.90,,15.5,9.7,0.25,1.42,10.1,12.9,14.6,17.5,16.0,104,99,92,89,82
2017-07-15 16:00,2219,90,89,0.00,18,485.60,,14.1,8.6,0.26,1.39,9.8,12.9,14.0,17.5,15.8,105,100,92,89,82
2017-07-15 17:00,2219,89,87,0.00,18,258.80,,10.8,6.9,0.26,1.35,10.2,13.3,14.1,17.5,15.8,105,101,93,89,82
2017-07-15 18:00,2219,87,83,0.00,21,68.73,,8.9,4.8,0.27,1.24,10.1,12.9,14.4,17.5,15.8,105,101,93,89,82
2017-07-15 19:00,2219,83,80,0.00,25,1.55,,7.0,3.7,0.28,1.09,9.4,12.4,14.4,17.5,15.8,103,101,94,89,82
2017-07-15 20:00,2219,81,80,0.00,26,0.20,,5.7,1.8,0.27,1.03,9.4,12.9,14.4,17.5,15.8,101,100,94,89,82
2017-07-15 21:00,2219,80,79,0.00,26,0.18,,2.7,0.9,0.25,1.02,9.6,13.1,14.2,17.5,15.8,99,99,94,89,82
2017-07-15 22:00,2219,80,78,0.00,24,0.16,,2.9,1.1,0.24,1.00,9.6,12.7,14.4,17.5,15.8,98,98,94,89,82
2017-07-15 23:00,2219,78,76,0.00,24,0.19,,4.9,3.2,0.23,0.94,9.1,12.7,14.4,17.3,15.8,96,96,93,89,82
2017-07-16 00:00,2219,78,76,0.00,25,0.16,,5.1,3.3,0.22,0.91,9.4,12.8,13.8,17.5,15.8,94,96,93,89,82
2017-07-16 01:00,2219,78,76,0.00,23,0.18,,5.7,3.0,0.22,0.96,9.2,12.5,14.2,17.5,15.8,93,94,93,89,82
2017-07-16 02:00,2219,78,76,0.00,22,0.14,,6.1,3.7,0.21,0.95,8.5,12.7,14.2,17.5,15.8,92,94,93,89,82
2017-07-16 03:00,2219,78,76,0.00,23,0.17,,7.9,3.3,0.21,0.93,8.9,12.3,14.0,17.5,16.0,91,93,93,89,82
2017-07-16 04:00,2219,77,76,0.00,22,1.50,,4.2,1.4,0.20,0.91,8.9,12.9,14.3,17.5,15.8,90,92,92,89,82
2017-07-16 05:00,2219,77,75,0.00,21,30.37,,4.9,2.5,0.19,0.90,9.0,12.3,14.3,17.5,15.8,90,92,92,89,82
2017-07-16 06:00,2219,81,77,0.00,19,231.70,,6.8,3.0,0.22,1.01,8.9,12.4,14.0,17.7,15.8,89,91,92,89,82
2017-07-16 07:00,2219,84,81,0.00,23,484.30,,8.4,4.9,0.27,1.11,9.0,11.9,14.0,17.5,15.8,88,90,92,89,82
2017-07-16 08:00,2219,87,84,0.00,23,689.80,,11.0,6.1,0.27,1.23,8.4,12.4,14.3,17.5,15.8,89,90,91,89,82
2017-07-16 09:00,2219,89,85,0.00,23,836.00,,12.9,7.0,0.26,1.27,8.6,12.4,13.5,17.5,15.8,90,90,90,89,82
2017-07-16 10:00,2219,88,87,0.00,20,954.00,,15.8,8.4,0.26,1.33,8.7,12.0,14.5,17.5,15.8,92,91,90,89,82
2017-07-16 11:00,2219,90,88,0.00,18,965.00,,16.0,9.4,0.27,1.38,9.4,12.1,13.7,17.3,15.8,95,92,90,89,82
2017-07-16 12:00,2219,92,90,0.00,19,999.00,,17.0,10.3,0.27,1.45,9.0,12.7,14.0,17.3,15.8,98,94,90,89,82
2017-07-16 13:00,2219,92,91,0.00,18,974.00,,18.5,10.4,0.28,1.49,9.4,12.4,14.5,17.5,15.8,102,96,90,89,82
2017-07-16 14:00,2219,92,90,0.00,20,629.70,,17.8,10.2,0.30,1.46,10.0,12.4,13.8,17.5,15.8,104,98,90,89,82
2017-07-16 15:00,2219,92,90,0.00,21,595.60,,16.5,9.9,0.28,1.46,10.1,12.5,14.0,17.5,15.8,106,100,92,89,82
2017-07-16 16:00,2219,91,89,0.00,16,379.90,,13.1,8.2,0.22,1.43,9.8,13.3,13.8,17.5,15.8,106,102,93,89,82
2017-07-16 17:00,2219,91,89,0.00,13,304.20,,10.4,7.0,0.20,1.44,10.1,13.2,14.0,17.5,15.8,106,102,94,89,82
2017-07-16 18:00,2219,89,84,0.00,18,92.20,,9.1,4.7,0.25,1.31,9.6,12.5,13.6,17.5,15.8,105,102,93,89,82
2017-07-16 19:00,2219,84,82,0.00,22,2.27,,3.8,1.1,0.25,1.14,9.9,13.3,14.2,17.3,15.8,104,101,94,89,82
2017-07-16 20:00,2219,82,79,0.00,23,0.18,,4.8,2.6,0.25,1.10,9.4,13.2,14.2,17.5,15.8,102,101,94,89,82
2017-07-16 21:00,2219,79,78,0.00,24,0.16,,5.5,4.4,0.25,0.99,9.1,12.7,14.2,17.5,15.8,100,100,94,89,82
2017-07-16 22:00,2219,81,77,0.00,26,0.18,,6.2,4.6,0.27,0.96,9.5,12.4,14.2,17.5,16.0,98,98,94,89,82
2017-07-16 23:00,2219,81,79,0.00,29,0.18,,5.2,4.0,0.31,1.04,9.1,12.1,14.4,17.5,15.8,96,97,94,89,82
2017-07-17 00:00,2219,80,78,0.00,30,0.16,,5.7,4.5,0.31,1.00,8.9,13.0,13.8,17.3,16.2,95,96,94,89,82
2017-07-17 01:00,2219,78,77,0.00,31,0.19,,7.8,5.8,0.31,0.95,9.3,12.8,14.0,17.5,16.2,94,95,93,89,82
2017-07-17 02:00,2219,77,75,0.00,33,0.15,,8.6,7.0,0.30,0.91,8.5,11.9,14.3,17.5,16.2,92,94,94,89,82
2017-07-17 03:00,2219,76,75,0.00,34,0.18,,8.6,5.8,0.29,0.89,8.9,12.3,13.8,17.7,16.2,91,94,94,89,82
2017-07-17 04:00,2219,76,74,0.00,32,0.74,,6.6,5.1,0.28,0.89,8.9,12.2,14.0,17.7,15.8,90,92,93,89,82
2017-07-17 05:00,2219,79,74,0.00,33,50.05,,6.4,4.3,0.29,0.89,8.3,12.2,14.3,18.0,15.8,90,92,92,89,82
2017-07-17 06:00,2219,85,79,0.00,29,231.60,,5.4,0.7,0.29,1.13,8.7,12.5,13.5,17.7,16.2,89,91,92,89,82
2017-07-17 07:00,2219,86,84,0.00,25,428.80,,10.0,4.2,0.29,1.18,9.0,12.2,13.8,17.7,16.2,89,91,92,89,82
2017-07-17 08:00,2219,88,86,0.00,19,651.10,,11.2,6.1,0.25,1.27,8.6,11.8,13.7,17.5,15.8,89,90,92,89,82
2017-07-17 09:00,2219,89,87,0.00,19,818.00,,12.9,7.7,0.24,1.33,8.5,11.8,13.7,17.7,16.2,89,90,90,89,82
2017-07-17 10:00,2219,92,89,0.00,19,948.00,,13.4,7.6,0.24,1.44,9.0,11.5,13.7,17.7,16.2,92,90,90,89,82
2017-07-17 11:00,2219,93,91,0.00,13,1006.00,,17.1,7.9,0.21,1.51,9.1,12.0,14.0,17.5,16.2,95,92,90,89,82
2017-07-17 12:00,2219,94,91,0.00,14,1009.00,,14.0,6.9,0.21,1.54,9.2,12.3,13.4,17.5,16.0,98,94,90,89,82
2017-07-17 13:00,2219,95,93,0.00,14,951.00,,17.4,7.7,0.22,1.59,9.7,12.8,14.0,17.7,16.2,102,97,90,89,82
2017-07-17 14:00,2219,95,94,0.00,13,840.00,,18.5,9.2,0.22,1.62,10.0,12.1,14.0,17.5,15.8,104,98,92,89,82
2017-07-17 15:00,2219,95,94,0.00,14,677.70,,17.8,9.5,0.23,1.64,9.7,12.2,13.8,17.3,16.2,106,101,92,89,82
2017-07-17 16:00,2219,94,93,0.00,15,481.90,,16.0,9.7,0.23,1.59,10.1,12.3,14.3,17.7,16.0,108,102,93,89,82
2017-07-17 17:00,2219,93,90,0.00,15,271.20,,14.4,9.5,0.22,1.53,10.1,13.0,14.0,17.3,16.2,107,102,94,89,82
2017-07-17 18:00,2219,90,86,0.00,16,80.80,,11.5,6.3,0.24,1.38,9.7,12.7,14.3,18.0,15.8,106,102,93,89,82
2017-07-17 19:00,2219,86,84,0.00,19,1.99,,6.8,3.4,0.25,1.23,9.9,13.2,13.9,17.7,16.0,105,102,94,89,82
2017-07-17 20:00,2219,84,83,0.00,22,0.17,,3.6,1.2,0.26,1.15,9.4,12.7,14.8,18.0,16.0,103,102,95,89,82
2017-07-17 21:00,2219,83,78,0.00,24,0.15,,6.4,3.0,0.27,1.07,9.6,12.4,13.6,17.3,16.0,101,100,95,89,82
2017-07-17 22:00,2219,80,78,0.00,28,0.17,,4.6,1.8,0.27,1.02,9.2,12.8,14.0,17.5,16.0,99,99,95,89,82
2017-07-17 23:00,2219,79,78,0.00,27,0.17,,3.4,1.7,0.26,1.00,9.4,12.6,14.0,17.7,16.0,97,98,95,89,82
2017-07-18 00:00,2219,78,76,0.00,26,0.16,,2.7,0.8,0.26,0.95,9.5,11.7,13.9,17.7,16.0,96,97,94,89,82
2017-07-18 01:00,2219,76,75,0.00,29,0.19,,2.5,0.9,0.26,0.90,8.9,12.6,13.8,17.7,16.0,94,96,94,89,82
2017-07-18 02:00,2219,76,75,0.00,29,0.17,,2.3,0.6,0.24,0.89,8.8,11.6,14.0,17.7,16.0,93,95,94,89,83
2017-07-18 03:00,2219,75,74,0.00,26,0.16,,4.6,2.5,0.24,0.85,8.9,12.4,14.0,17.7,15.8,91,94,94,89,82
2017-07-18 04:00,2219,74,73,0.00,26,0.77,,4.4,1.8,0.22,0.85,8.3,11.6,14.3,17.5,16.0,90,92,93,89,82
2017-07-18 05:00,2219,77,73,0.00,26,66.71,,4.6,0.8,0.21,0.87,8.8,12.3,14.3,17.5,16.0,89,92,93,89,82
2017-07-18 06:00,2219,78,76,0.00,23,254.30,,9.7,5.6,0.20,0.92,8.4,12.2,13.7,17.7,15.5,88,91,92,89,82
2017-07-18 07:00,2219,80,78,0.00,20,462.70,,12.4,7.9,0.18,1.00,8.2,11.7,13.7,17.5,16.0,87,90,92,89,82
2017-07-18 08:00,2219,82,80,0.00,17,658.80,,14.1,8.3,0.17,1.04,8.2,11.7,14.0,17.7,16.2,87,89,92,89,82
2017-07-18 09:00,2219,83,81,0.00,16,825.00,,13.6,8.6,0.17,1.10,8.4,11.2,13.5,17.5,16.0,89,90,90,89,82
2017-07-18 10:00,2219,85,83,0.00,15,941.00,,13.6,8.8,0.17,1.17,8.3,11.7,14.2,17.5,16.0,90,90,90,89,82
2017-07-18 11:00,2219,86,84,0.00,15,1004.00,,16.5,10.0,0.18,1.23,9.1,12.3,14.2,17.5,16.2,94,91,91,89,82
2017-07-18 12:00,2219,87,85,0.00,15,1007.00,,16.8,10.1,0.18,1.25,9.0,12.6,13.8,17.5,15.8,96,94,90,89,82
2017-07-18 13:00,2219,89,86,0.00,15,956.00,,15.9,9.0,0.19,1.30,8.9,12.3,13.5,17.5,15.8,100,96,90,89,82
2017-07-18 14:00,2219,88,87,0.00,15,847.00,,15.0,8.5,0.19,1.32,9.8,12.4,13.9,17.5,15.8,102,98,92,89,82
2017-07-18 15:00,2219,89,87,0.00,16,685.20,,16.2,7.9,0.21,1.34,9.4,12.6,13.8,17.5,15.8,104,99,92,89,82
2017-07-18 16:00,2219,88,87,0.00,15,489.30,,13.8,8.0,0.21,1.34,9.7,12.4,13.7,17.5,16.0,105,100,92,89,82
2017-07-18 17:00,2219,88,85,0.00,17,278.00,,13.6,7.6,0.23,1.30,9.7,12.6,13.8,17.7,16.2,106,101,93,89,82
2017-07-18 18:00,2219,85,81,0.00,19,83.80,,9.0,4.9,0.24,1.19,9.4,12.6,14.0,17.7,16.0,105,101,94,89,82
2017-07-18 19:00,2219,81,78,0.00,23,1.82,,4.0,1.4,0.25,1.02,9.8,12.6,14.3,17.5,16.0,103,101,94,89,82
2017-07-18 20:00,2219,79,77,0.00,25,0.17,,4.1,2.4,0.25,0.98,9.4,12.4,14.3,17.5,16.0,102,100,94,89,82
2017-07-18 21:00,2219,79,78,0.00,24,0.16,,3.5,1.4,0.24,1.00,9.2,12.6,14.3,17.7,16.0,99,99,94,89,82
2017-07-18 22:00,2219,78,77,0.00,25,0.17,,2.6,0.6,0.25,0.96,8.6,12.4,14.3,17.5,16.2,97,98,95,89,82
2017-07-18 23:00,2219,77,74,0.00,27,0.16,,5.3,2.0,0.27,0.90,8.9,12.7,14.3,17.5,16.2,96,97,94,89,82
2017-07-19 00:00,2219,74,69,0.00,32,0.18,,5.6,3.9,0.26,0.79,9.1,12.3,13.6,17.5,16.2,94,96,94,89,83
2017-07-19 01:00,2219,70,69,0.00,36,0.14,,5.3,4.2,0.24,0.72,8.5,12.3,13.8,17.7,16.0,92,94,93,89,82
2017-07-19 02:00,2219,70,68,0.00,31,0.13,,4.8,3.0,0.22,0.73,8.6,12.3,14.0,17.7,16.0,91,94,94,89,82
2017-07-19 03:00,2219,68,66,0.00,32,0.14,,4.4,2.1,0.22,0.68,8.4,11.1,13.7,17.7,16.0,90,92,93,89,82
2017-07-19 04:00,2219,66,66,0.00,35,0.67,,4.9,2.4,0.22,0.64,8.6,12.1,14.0,17.7,16.0,89,91,93,89,82
2017-07-19 05:00,2219,71,66,0.00,33,62.54,,3.1,1.2,0.21,0.69,8.0,11.9,14.2,17.7,16.2,87,90,92,89,82
2017-07-19 06:00,2219,75,71,0.00,25,248.20,,4.8,2.5,0.18,0.82,8.0,12.1,13.8,17.5,16.0,86,90,92,89,82
2017-07-19 07:00,2219,78,74,0.00,21,456.70,,7.5,3.2,0.19,0.92,8.6,12.3,13.7,17.7,16.2,86,89,92,89,83
2017-07-19 08:00,2219,81,78,0.00,19,653.40,,9.6,5.1,0.19,1.04,8.6,11.9,13.9,17.5,16.2,86,89,90,89,82
2017-07-19 09:00,2219,82,81,0.00,16,819.00,,12.7,6.9,0.17,1.08,8.2,11.9,13.4,17.5,16.0,87,89,91,89,82
2017-07-19 10:00,2219,85,82,0.00,16,936.00,,12.7,7.2,0.18,1.16,8.6,11.7,13.7,17.5,16.2,89,89,90,89,83
2017-07-19 11:00,2219,85,84,0.00,16,990.00,,13.2,6.9,0.19,1.20,8.8,11.7,13.7,17.5,16.2,92,91,90,89,82
2017-07-19 12:00,2219,88,85,0.00,15,994.00,,12.3,7.5,0.19,1.29,8.9,12.0,13.7,17.5,16.0,96,92,90,89,83
2017-07-19 13:00,2219,88,87,0.00,15,943.00,,13.7,8.1,0.20,1.30,9.4,12.0,13.7,17.5,16.2,99,95,90,89,83
2017-07-19 14:00,2219,89,87,0.00,16,835.00,,13.0,8.0,0.21,1.33,9.4,11.6,13.9,17.5,16.0,102,98,90,89,83
2017-07-19 15:00,2219,89,88,0.00,16,674.70,,12.9,8.2,0.22,1.34,9.8,12.1,13.9,17.5,16.2,104,99,92,89,82
2017-07-19 16:00,2219,88,86,0.00,17,475.70,,12.2,7.6,0.23,1.31,9.4,12.4,14.2,17.5,16.0,105,100,92,89,82
2017-07-19 17:00,2219,86,84,0.00,18,265.00,,11.8,6.8,0.24,1.24,9.4,12.1,14.3,17.5,16.0,105,101,93,89,83
2017-07-19 18:00,2219,84,80,0.00,20,76.85,,8.1,3.5,0.24,1.12,9.8,12.6,14.1,17.5,15.8,104,101,93,89,82
2017-07-19 19:00,2219,80,77,0.00,23,1.89,,3.5,1.0,0.24,0.97,9.6,12.4,13.8,17.7,16.0,103,101,94,89,82
2017-07-19 20:00,2219,77,72,0.00,28,0.17,,6.4,4.5,0.25,0.87,9.2,12.8,13.7,17.7,16.0,101,100,93,89,82
2017-07-19 21:00,2219,74,72,0.00,31,0.16,,5.5,3.2,0.25,0.82,9.0,12.6,13.7,17.7,16.0,99,99,94,89,82
2017-07-19 22:00,2219,73,72,0.00,26,0.14,,6.6,4.3,0.21,0.82,9.5,12.3,14.0,17.5,16.0,97,98,94,89,82
2017-07-19 23:00,2219,72,71,0.00,26,0.18,,6.2,3.4,0.22,0.77,9.1,12.0,13.7,17.7,16.0,95,96,94,89,82
2017-07-20 00:00,2219,71,70,0.00,30,0.16,,4.3,2.1,0.22,0.75,8.5,11.8,14.1,17.5,16.0,94,95,94,89,82
2017-07-20 01:00,2219,71,69,0.00,30,0.17,,4.9,0.3,0.22,0.75,8.8,12.0,13.3,17.7,16.0,92,94,94,89,83
2017-07-20 02:00,2219,69,68,0.00,31,0.18,,1.6,0.3,0.22,0.69,8.4,12.0,13.5,17.5,16.0,91,93,93,89,82
2017-07-20 03:00,2219,68,67,0.00,35,0.17,,4.9,1.8,0.24,0.68,8.6,11.9,14.2,17.7,16.0,89,92,93,89,83
2017-07-20 04:00,2219,67,65,0.00,38,0.72,,4.8,3.7,0.26,0.64,8.4,12.1,13.8,17.5,16.0,88,91,92,89,82
2017-07-20 05:00,2219,72,65,0.00,42,62.02,,4.5,2.6,0.26,0.66,8.6,12.1,13.9,17.7,16.0,87,90,92,89,82
2017-07-20 06:00,2219,74,72,0.00,34,252.40,,4.0,2.0,0.27,0.81,8.3,11.7,14.2,17.7,16.0,86,89,92,89,82
2017-07-20 07:00,2219,77,74,0.00,32,466.10,,6.4,2.8,0.27,0.88,8.6,12.1,14.2,17.5,16.2,85,88,90,89,83
2017-07-20 08:00,2219,79,77,0.00,29,667.20,,10.1,5.0,0.26,0.95,8.6,11.7,13.9,17.5,16.0,85,87,90,89,82
2017-07-20 09:00,2219,81,78,0.00,25,836.00,,10.7,6.4,0.25,1.01,8.3,11.7,13.7,17.5,16.0,86,87,90,89,82
2017-07-20 10:00,2219,81,79,0.00,25,953.00,,13.5,7.5,0.25,1.04,8.2,11.5,13.9,17.5,16.0,89,89,89,89,82
2017-07-20 11:00,2219,84,81,0.00,21,1014.00,,13.6,8.0,0.22,1.12,8.2,11.5,14.4,17.5,16.0,92,90,89,89,82
2017-07-20 12:00,2219,85,83,0.00,18,1021.00,,13.5,8.0,0.21,1.20,9.1,11.9,13.9,17.7,16.0,96,92,89,89,83
2017-07-20 13:00,2219,86,85,0.00,18,973.00,,14.7,8.2,0.21,1.21,9.2,12.6,13.6,17.5,16.0,99,94,89,89,83
2017-07-20 14:00,2219,86,85,0.00,16,856.00,,16.5,8.3,0.18,1.23,8.8,11.6,14.2,17.5,16.0,102,96,90,89,83
2017-07-20 15:00,2219,86,85,0.00,14,688.80,,13.8,8.7,0.19,1.23,9.4,12.3,13.4,17.7,16.0,103,98,91,89,82
2017-07-20 16:00,2219,86,84,0.00,17,485.50,,13.9,8.3,0.22,1.22,9.0,12.7,14.2,17.7,16.0,104,99,91,89,82
2017-07-20 17:00,2219,84,83,0.00,20,273.70,,12.8,8.4,0.24,1.15,9.6,12.2,14.4,17.7,16.0,104,100,92,89,82
2017-07-20 18:00,2219,83,78,0.00,20,77.75,,9.3,6.0,0.22,1.07,9.4,12.6,13.8,17.7,16.0,103,100,92,89,82
2017-07-20 19:00,2219,78,76,0.00,25,1.72,,5.8,2.8,0.25,0.92,9.2,12.2,13.7,18.0,16.0,102,100,93,89,82
2017-07-20 20:00,2219,76,75,0.00,28,0.19,,4.9,3.2,0.25,0.88,8.8,12.0,13.8,17.7,15.8,100,99,94,89,83
2017-07-20 21:00,2219,75,75,0.00,29,0.16,,3.2,0.9,0.25,0.87,8.7,12.7,14.2,18.0,15.8,98,98,93,89,83
2017-07-20 22:00,2219,75,73,0.00,28,0.15,,3.8,2.7,0.25,0.85,9.1,12.5,13.8,17.7,15.8,96,96,93,89,82
2017-07-20 23:00,2219,73,72,0.00,30,0.14,,5.7,3.6,0.24,0.80,8.5,12.0,13.7,17.7,15.8,94,96,94,89,82
2017-07-21 00:00,2219,72,69,0.00,29,0.18,,3.2,1.6,0.23,0.76,8.8,12.0,13.8,17.5,15.8,92,94,93,89,83
2017-07-21 01:00,2219,69,68,0.00,34,0.18,,4.2,1.6,0.26,0.71,8.8,12.1,13.9,17.7,15.8,91,93,93,89,82
2017-07-21 02:00,2219,68,67,0.00,39,0.17,,5.0,3.2,0.28,0.68,8.4,11.9,14.0,17.7,15.8,90,92,92,89,83
2017-07-21 03:00,2219,67,66,0.00,45,0.20,,4.3,2.4,0.31,0.66,8.0,11.9,14.2,17.7,15.8,89,91,92,89,82
2017-07-21 04:00,2219,67,66,0.00,46,0.83,,2.5,0.7,0.31,0.66,8.0,11.7,14.4,17.5,15.8,87,90,92,89,82
2017-07-21 05:00,2219,72,66,0.00,47,60.53,,2.3,0.9,0.30,0.66,8.6,11.5,14.2,17.5,15.8,86,89,92,89,82
2017-07-21 06:00,2219,73,72,0.00,37,248.30,,4.6,1.6,0.29,0.80,8.1,11.3,13.4,17.5,15.8,85,89,90,89,82
2017-07-21 07:00,2219,76,73,0.00,36,458.50,,7.1,3.0,0.30,0.87,8.0,11.7,13.9,17.3,15.8,85,88,90,89,83
2017-07-21 08:00,2219,79,76,0.00,33,658.10,,10.3,5.9,0.29,0.94,8.1,11.6,13.6,17.7,16.2,85,87,90,89,82
2017-07-21 09:00,2219,80,77,0.00,31,828.00,,11.9,6.3,0.26,0.98,8.0,11.0,13.6,17.5,15.8,86,87,90,89,82
2017-07-21 10:00,2219,81,80,0.00,25,946.00,,13.1,7.6,0.25,1.03,8.3,10.8,14.3,17.7,15.8,89,88,90,89,82
2017-07-21 11:00,2219,82,81,0.00,20,1003.00,,14.2,8.4,0.22,1.08,8.2,11.8,13.9,17.5,16.0,92,90,90,89,82
2017-07-21 12:00,2219,85,82,0.00,19,998.00,,13.9,8.3,0.21,1.14,8.5,11.9,13.6,17.7,15.8,95,92,89,89,83
2017-07-21 13:00,2219,84,83,0.00,19,945.00,,15.2,8.2,0.20,1.17,9.5,12.2,13.2,17.5,15.8,98,94,89,89,82
2017-07-21 14:00,2219,86,83,0.00,15,833.00,,14.8,8.5,0.18,1.19,8.8,12.4,14.0,17.7,15.8,101,96,89,89,82
2017-07-21 15:00,2219,86,85,0.00,16,671.80,,15.2,7.5,0.19,1.25,9.2,12.1,13.9,17.7,16.0,102,98,90,89,82
2017-07-21 16:00,2219,85,83,0.00,16,467.00,,12.8,8.2,0.20,1.19,9.0,12.5,13.7,18.0,15.8,103,99,92,89,82
2017-07-21 17:00,2219,83,82,0.00,18,265.50,,13.8,8.6,0.20,1.13,9.6,12.0,13.7,18.0,15.8,103,99,92,89,82
2017-07-21 18:00,2219,82,77,0.00,18,78.52,,10.9,6.8,0.20,1.05,9.2,12.7,13.9,17.5,16.0,102,100,92,89,82
2017-07-21 19:00,2219,77,75,0.00,20,1.63,,6.4,2.7,0.19,0.90,9.4,12.0,13.9,18.0,15.8,101,99,93,89,82
2017-07-21 20:00,2219,76,74,0.00,22,0.15,,5.6,1.1,0.19,0.87,9.1,11.6,13.7,18.0,15.8,99,98,93,89,83
2017-07-21 21:00,2219,76,74,0.00,20,0.16,,3.2,1.2,0.17,0.87,8.7,11.6,13.7,17.5,15.8,97,97,94,89,83
2017-07-21 22:00,2219,76,75,0.00,18,0.15,,2.9,1.7,0.16,0.88,9.1,12.4,14.2,17.5,16.0,95,96,93,89,82
2017-07-21 23:00,2219,76,74,0.00,17,0.16,,3.9,2.0,0.15,0.89,8.8,11.9,13.9,17.7,15.8,94,95,93,89,83
2017-07-22 00:00,2219,74,72,0.00,17,0.15,,4.5,3.5,0.16,0.85,8.6,11.7,13.9,18.0,15.8,91,94,93,89,82
2017-07-22 01:00,2219,73,71,0.00,24,0.16,,4.7,3.5,0.19,0.80,8.2,11.7,13.9,18.0,15.8,90,92,92,89,83
2017-07-22 02:00,2219,72,69,0.00,26,0.16,,3.8,2.5,0.21,0.76,8.4,11.5,13.7,17.7,15.8,89,91,92,89,82
2017-07-22 03:00,2219,69,68,0.00,29,0.15,,3.6,2.4,0.21,0.69,8.6,11.1,14.2,17.3,15.8,87,90,91,89,83
2017-07-22 04:00,2219,69,68,0.00,30,0.67,,4.1,2.3,0.22,0.70,8.0,11.5,13.6,18.0,15.8,87,90,90,89,83
2017-07-22 05:00,2219,71,68,0.00,41,53.88,,3.8,2.7,0.30,0.71,8.1,10.8,14.0,17.5,15.8,86,88,90,89,82
2017-07-22 06:00,2219,76,71,0.00,41,231.40,,3.9,1.8,0.32,0.81,8.0,11.6,13.9,17.3,15.8,85,88,90,89,83
2017-07-22 07:00,2219,77,76,0.00,34,443.60,,8.4,3.4,0.31,0.92,7.3,11.4,13.4,17.3,15.8,84,87,90,89,82
2017-07-22 08:00,2219,80,77,0.00,34,647.90,,10.9,5.4,0.31,0.99,8.0,11.6,13.3,17.7,15.8,85,87,90,89,83
2017-07-22 09:00,2219,82,80,0.00,29,823.00,,11.7,6.2,0.29,1.05,8.1,11.4,13.6,18.0,15.8,86,87,89,89,82
2017-07-22 10:00,2219,84,82,0.00,25,943.00,,14.6,7.2,0.28,1.10,8.6,11.8,13.6,18.0,15.8,88,87,89,89,82
2017-07-22 11:00,2219,86,84,0.00,25,1005.00,,16.3,8.6,0.29,1.20,8.6,10.8,13.8,17.3,15.8,91,89,88,89,83
2017-07-22 12:00,2219,86,86,0.00,23,1005.00,,14.2,8.1,0.28,1.24,8.7,11.3,13.6,18.0,15.8,95,92,88,89,82
2017-07-22 13:00,2219,89,86,0.00,21,950.00,,12.5,7.6,0.27,1.29,9.0,11.8,13.6,18.0,15.8,98,94,89,89,83
2017-07-22 14:00,2219,89,87,0.00,20,838.00,,16.7,8.3,0.27,1.34,9.0,12.2,13.4,17.5,15.8,101,96,89,89,83
2017-07-22 15:00,2219,89,88,0.00,20,672.40,,14.4,8.5,0.28,1.36,9.4,12.1,13.8,17.5,15.8,103,98,90,89,82
2017-07-22 16:00,2219,88,87,0.00,21,474.10,,14.0,8.2,0.28,1.32,9.6,12.1,13.9,17.5,15.8,104,99,90,89,83
2017-07-22 17:00,2219,87,85,0.00,21,263.80,,11.7,6.5,0.27,1.27,9.0,12.7,13.6,17.5,15.8,104,99,92,88,82
2017-07-22 18:00,2219,85,80,0.00,23,75.83,,9.6,4.3,0.29,1.15,9.2,12.5,13.4,17.5,16.5,103,100,92,88,83
2017-07-22 19:00,2219,80,78,0.00,28,1.57,,3.9,1.3,0.30,1.01,9.2,12.5,13.9,17.5,15.8,102,99,92,88,82
2017-07-22 20:00,2219,79,77,0.00,31,0.19,,4.6,3.0,0.30,0.98,9.2,12.1,13.5,17.3,15.8,100,98,93,88,82
2017-07-22 21:00,2219,77,75,0.00,32,0.17,,7.0,4.3,0.30,0.93,9.1,12.1,13.5,17.5,15.8,98,98,93,88,82
2017-07-22 22:00,2219,75,73,0.00,34,0.17,,8.2,6.1,0.30,0.86,8.9,12.2,13.5,17.3,15.8,96,96,93,88,82
2017-07-22 23:00,2219,73,73,0.00,35,0.17,,8.9,7.2,0.29,0.82,9.1,11.9,13.5,17.5,15.8,95,96,92,88,82
2017-07-23 00:00,2219,74,72,0.00,35,0.17,,7.5,6.0,0.29,0.83,9.1,11.9,13.5,17.5,15.8,93,94,93,88,82
2017-07-23 01:00,2219,73,72,0.00,36,0.15,,6.0,4.8,0.29,0.82,8.6,11.9,13.9,17.3,15.8,92,94,92,89,82
2017-07-23 02:00,2219,74,73,0.00,36,0.14,,4.8,3.8,0.29,0.82,8.2,11.8,13.4,17.5,16.5,91,92,92,89,82
2017-07-23 03:00,2219,73,70,0.00,35,0.18,,7.1,4.6,0.29,0.80,8.0,11.5,13.6,17.5,16.5,90,92,92,89,82
2017-07-23 04:00,2219,72,70,0.00,39,0.62,,7.3,6.2,0.28,0.75,8.2,11.9,13.6,17.3,16.5,89,91,92,89,83
2017-07-23 05:00,2219,80,72,0.00,35,50.47,,6.9,4.2,0.28,0.84,8.3,12.0,13.6,17.7,15.8,87,90,90,89,83
2017-07-23 06:00,2219,83,80,0.00,27,228.20,,5.1,1.9,0.29,1.07,8.6,11.6,13.9,17.5,16.5,87,89,90,89,83
2017-07-23 07:00,2219,84,83,0.00,26,435.20,,8.8,4.0,0.29,1.16,8.1,11.2,13.4,17.3,15.8,86,89,90,89,82
2017-07-23 08:00,2219,85,83,0.00,25,631.10,,11.7,6.2,0.30,1.17,8.1,11.4,13.6,18.0,15.8,87,89,90,89,83
2017-07-23 09:00,2219,87,84,0.00,25,800.00,,9.4,5.3,0.30,1.24,8.6,11.4,14.1,18.0,15.8,88,89,90,89,82
2017-07-23 10:00,2219,90,87,0.00,23,918.00,,11.5,5.4,0.29,1.36,8.4,12.4,13.8,17.5,15.8,90,89,90,89,82
2017-07-23 11:00,2219,91,89,0.00,20,977.00,,12.2,7.1,0.28,1.44,8.6,12.0,13.8,17.3,16.5,94,91,89,89,83
2017-07-23 12:00,2219,92,90,0.00,20,977.00,,13.4,7.5,0.29,1.48,8.9,11.9,13.8,17.3,15.8,97,93,89,89,83
2017-07-23 13:00,2219,92,91,0.00,19,879.00,,14.2,8.6,0.29,1.49,9.0,11.5,13.8,17.5,16.3,101,95,90,89,83
2017-07-23 14:00,2219,95,92,0.00,20,825.00,,14.0,7.9,0.29,1.57,9.2,12.2,13.6,17.5,15.6,103,98,90,89,83
2017-07-23 15:00,2219,94,93,0.00,18,653.00,,13.2,7.6,0.29,1.59,9.6,11.9,13.8,18.0,16.3,105,99,90,89,83
2017-07-23 16:00,2219,93,91,0.00,19,457.20,,13.4,7.7,0.30,1.53,9.4,12.1,13.9,17.5,16.3,106,101,92,89,83
2017-07-23 17:00,2219,91,90,0.00,20,252.10,,10.1,6.2,0.31,1.46,9.8,12.6,14.0,18.0,16.5,106,101,92,89,82
2017-07-23 18:00,2219,90,83,0.00,22,70.83,,6.9,3.5,0.31,1.34,9.4,12.3,13.4,17.5,16.3,106,102,93,88,83
2017-07-23 19:00,2219,83,79,0.00,27,1.56,,10.2,6.5,0.29,1.04,9.2,12.6,13.5,17.3,16.3,104,101,93,88,82
2017-07-23 20:00,2219,80,73,0.00,26,0.14,,8.6,5.8,0.27,0.92,8.8,12.1,13.7,17.5,16.3,102,101,94,88,83
2017-07-23 21:00,2219,74,72,0.00,32,0.18,,12.1,7.6,0.27,0.83,8.7,12.1,13.5,17.5,16.3,100,99,94,88,83
2017-07-23 22:00,2219,73,72,0.00,34,0.16,,14.2,10.1,0.27,0.81,8.9,12.9,13.5,17.5,16.3,98,98,94,88,83
2017-07-23 23:00,2219,73,72,0.00,32,0.17,,14.6,10.3,0.25,0.81,8.5,11.9,13.5,17.3,16.5,96,97,93,89,83
2017-07-24 00:00,2219,73,71,0.00,31,0.15,,15.3,11.4,0.25,0.80,8.8,12.6,13.7,17.3,16.3,95,96,94,89,82
2017-07-24 01:00,2219,73,71,0.00,34,0.14,,13.7,11.0,0.25,0.79,8.6,11.8,13.5,17.5,16.3,94,95,94,89,82
2017-07-24 02:00,2219,74,73,0.00,30,0.16,,13.8,8.4,0.24,0.82,8.6,12.4,14.2,18.0,16.3,92,94,93,89,83
2017-07-24 03:00,2219,73,71,0.00,28,0.17,,12.3,5.8,0.21,0.79,8.4,12.2,13.7,17.3,16.3,91,93,93,89,83
2017-07-24 04:00,2219,74,71,0.00,27,0.53,,7.4,4.0,0.22,0.79,8.6,12.1,14.0,17.7,16.3,90,92,93,89,82
2017-07-24 05:00,2219,75,73,0.00,27,37.05,,8.0,3.8,0.22,0.83,8.7,12.0,13.8,17.7,16.3,89,91,92,89,83
2017-07-24 06:00,2219,80,75,0.00,25,214.00,,7.3,5.0,0.21,0.93,8.6,11.7,13.8,17.5,16.3,89,91,92,89,82
2017-07-24 07:00,2219,82,80,0.00,20,430.70,,8.2,4.1,0.22,1.07,8.2,11.4,14.1,17.7,16.3,87,90,91,89,83
2017-07-24 08:00,2219,83,81,0.00,21,627.20,,10.5,6.0,0.21,1.09,8.7,11.9,13.8,17.7,16.3,87,90,90,89,83
2017-07-24 09:00,2219,84,81,0.00,17,682.70,,10.6,5.5,0.20,1.13,8.6,11.9,13.8,17.7,16.3,89,90,91,89,82
2017-07-24 10:00,2219,87,84,0.00,19,893.00,,11.0,5.8,0.22,1.24,9.0,11.4,13.4,17.7,16.5,91,90,90,89,82
2017-07-24 11:00,2219,90,87,0.00,17,1052.00,,12.1,6.9,0.24,1.31,9.0,11.4,13.4,17.5,16.3,94,91,90,89,83
2017-07-24 12:00,2219,90,85,0.00,17,470.20,,13.3,6.6,0.25,1.29,8.8,12.1,14.1,17.7,16.3,97,94,90,89,82
2017-07-24 13:00,2219,89,87,0.00,19,917.00,,12.4,7.9,0.25,1.35,9.0,12.0,14.1,17.7,16.3,100,95,90,89,82
2017-07-24 14:00,2219,89,86,0.00,19,638.50,,14.6,7.9,0.24,1.33,9.2,12.2,13.0,17.5,16.3,102,97,91,89,82
2017-07-24 15:00,2219,89,88,0.00,17,679.30,,12.7,8.2,0.24,1.35,9.0,12.0,13.6,17.7,16.3,102,98,92,89,83
2017-07-24 16:00,2219,89,87,0.00,18,472.10,,13.4,8.3,0.25,1.32,8.8,12.4,13.6,17.7,16.3,103,99,92,89,83
2017-07-24 17:00,2219,87,86,0.00,20,263.00,,11.1,7.3,0.27,1.28,9.4,12.0,13.8,17.7,16.3,104,100,93,89,82
2017-07-24 18:00,2219,86,82,0.00,22,70.35,,9.2,6.1,0.28,1.19,8.8,12.4,13.6,17.3,16.3,103,100,93,89,82
2017-07-24 19:00,2219,82,78,0.00,28,1.50,,10.8,3.6,0.27,1.02,9.2,12.0,13.2,17.7,16.3,102,100,94,89,82
2017-07-24 20:00,2219,78,77,0.00,25,0.15,,4.5,3.2,0.24,0.95,9.6,12.2,14.0,17.7,16.3,101,99,94,89,83
2017-07-24 21:00,2219,78,75,0.00,25,0.16,,6.5,3.4,0.25,0.92,9.1,12.2,14.0,17.7,16.3,98,98,94,89,83
2017-07-24 22:00,2219,76,72,0.00,28,0.17,,8.1,5.3,0.28,0.85,8.5,11.8,14.0,17.3,16.3,97,97,94,89,83
2017-07-24 23:00,2219,74,71,0.00,44,0.13,,8.1,3.5,0.33,0.82,8.8,11.8,13.2,17.5,16.5,96,96,94,89,83
2017-07-25 00:00,2219,74,70,0.00,38,0.16,,7.7,4.0,0.35,0.78,8.6,11.8,13.2,17.7,16.3,94,95,93,89,83
2017-07-25 01:00,2219,72,71,0.00,45,0.17,,6.8,3.5,0.32,0.78,8.6,11.5,13.4,17.7,16.3,94,94,93,89,83
2017-07-25 02:00,2219,72,71,0.00,37,0.16,,2.7,0.7,0.28,0.79,8.4,12.3,13.8,17.5,16.3,92,94,93,89,82
2017-07-25 03:00,2219,72,71,0.00,32,0.17,,7.4,3.0,0.21,0.79,8.3,11.7,13.6,17.7,16.3,91,92,92,89,83
2017-07-25 04:00,2219,71,70,0.00,24,0.43,,4.3,1.3,0.18,0.77,8.4,11.4,14.1,17.5,16.3,90,92,92,89,83
2017-07-25 05:00,2219,72,70,0.00,24,37.09,,3.4,1.1,0.19,0.75,8.6,11.4,14.1,17.5,16.3,89,91,92,89,83
2017-07-25 06:00,2219,75,72,0.00,25,214.70,,6.1,3.2,0.20,0.83,8.2,11.4,13.8,17.0,16.3,87,90,92,89,83
2017-07-25 07:00,2219,77,75,0.00,25,436.30,,7.1,4.0,0.22,0.90,8.6,12.0,13.4,17.7,16.3,87,89,91,89,83
2017-07-25 08:00,2219,79,77,0.00,23,635.10,,9.0,4.6,0.22,0.96,8.4,11.4,13.6,17.5,16.5,87,89,90,89,83
2017-07-25 09:00,2219,81,79,0.00,23,800.00,,10.4,5.6,0.23,1.03,8.4,11.4,13.3,17.5,16.3,88,89,90,89,83
2017-07-25 10:00,2219,83,81,0.00,22,915.00,,11.8,6.9,0.24,1.10,8.4,11.6,13.4,17.5,16.3,90,89,90,89,83
2017-07-25 11:00,2219,86,83,0.00,21,977.00,,12.5,7.6,0.24,1.17,8.3,11.4,13.4,17.5,16.5,93,91,90,89,83
2017-07-25 12:00,2219,87,85,0.00,19,981.00,,14.2,8.0,0.24,1.27,8.8,11.7,13.9,17.7,16.3,96,93,90,89,83
2017-07-25 13:00,2219,88,86,0.00,20,931.00,,13.6,8.9,0.26,1.30,9.1,12.1,13.1,17.0,16.3,100,95,90,89,83
2017-07-25 14:00,2219,88,86,0.00,21,820.00,,14.1,8.5,0.28,1.29,9.2,12.0,13.1,17.7,16.3,102,97,90,89,82
2017-07-25 15:00,2219,87,86,0.00,22,661.70,,13.8,8.0,0.29,1.29,9.0,12.2,12.9,17.7,16.3,104,99,90,89,82
2017-07-25 16:00,2219,87,86,0.00,22,465.20,,12.1,7.3,0.28,1.29,9.2,12.0,14.1,17.5,16.3,104,100,92,89,83
2017-07-25 17:00,2219,86,85,0.00,23,253.40,,11.8,7.0,0.29,1.25,9.0,12.2,13.6,17.5,16.3,105,101,93,89,83
2017-07-25 18:00,2219,85,80,0.00,25,68.83,,9.4,5.2,0.30,1.15,8.9,12.2,13.6,17.5,16.3,104,101,93,89,83
2017-07-25 19:00,2219,80,79,0.00,29,1.28,,5.8,1.9,0.31,1.01,9.6,12.4,13.4,17.7,16.3,102,101,93,89,83
2017-07-25 20:00,2219,79,76,0.00,32,0.14,,5.2,3.5,0.32,0.94,9.0,12.0,13.8,17.5,16.3,101,99,94,89,83
2017-07-25 21:00,2219,76,71,0.00,40,0.16,,6.1,4.1,0.36,0.86,9.0,12.2,13.8,17.7,16.3,99,98,94,89,83
2017-07-25 22:00,2219,74,71,0.00,47,0.14,,4.4,3.2,0.36,0.84,8.4,12.0,13.8,17.7,16.3,97,98,94,89,83
2017-07-25 23:00,2219,74,73,0.00,41,0.18,,4.9,3.7,0.34,0.84,8.5,11.8,13.8,17.5,16.3,96,96,94,89,83
2017-07-26 00:00,2219,73,69,0.00,41,0.17,,4.4,1.3,0.34,0.79,8.6,11.8,13.6,17.7,16.3,94,95,94,89,83
2017-07-26 01:00,2219,69,67,0.00,49,0.17,,3.9,1.5,0.35,0.70,8.4,11.5,13.6,17.5,16.3,92,94,92,89,83
2017-07-26 02:00,2219,68,67,0.00,53,0.16,,4.1,2.2,0.35,0.68,8.6,11.7,13.8,17.5,16.3,91,93,93,89,83
2017-07-26 03:00,2219,69,68,0.00,51,0.16,,4.7,2.6,0.36,0.70,8.6,11.7,13.1,17.5,16.3,90,92,93,89,83
2017-07-26 04:00,2219,69,69,0.00,50,0.49,,4.4,2.8,0.35,0.71,8.2,11.4,14.1,17.5,16.3,89,91,92,89,82
2017-07-26 05:00,2219,72,69,0.00,48,46.40,,4.4,2.2,0.34,0.74,8.0,11.3,13.3,17.5,16.3,88,90,92,89,83
2017-07-26 06:00,2219,76,72,0.00,42,221.00,,7.4,3.9,0.33,0.84,8.4,11.3,13.6,17.5,16.3,87,90,90,89,83
2017-07-26 07:00,2219,78,76,0.00,37,426.60,,8.0,4.6,0.32,0.93,7.9,11.6,13.9,17.5,16.3,87,89,90,89,83
2017-07-26 08:00,2219,81,78,0.00,33,624.60,,10.9,5.7,0.33,1.00,8.5,11.0,13.6,17.5,16.3,87,89,90,89,83
2017-07-26 09:00,2219,83,81,0.00,30,792.30,,13.6,7.4,0.32,1.10,8.0,11.1,12.8,17.5,16.3,88,89,90,89,83
2017-07-26 10:00,2219,83,82,0.00,30,911.00,,13.6,8.7,0.32,1.11,8.0,11.8,13.1,17.5,16.3,90,90,90,89,83
2017-07-26 11:00,2219,84,82,0.00,29,971.00,,15.1,9.3,0.32,1.14,8.4,11.3,13.3,17.5,16.3,94,91,90,89,83
2017-07-26 12:00,2219,86,83,0.00,28,972.00,,14.6,7.9,0.33,1.19,9.1,11.4,13.3,17.7,16.3,96,93,90,89,83
2017-07-26 13:00,2219,88,86,0.00,28,922.00,,14.1,7.8,0.35,1.26,9.2,12.1,13.1,17.5,16.3,100,96,90,89,83
2017-07-26 14:00,2219,89,87,0.00,27,812.00,,13.3,8.2,0.37,1.33,9.3,12.0,13.1,17.5,16.3,102,98,90,89,83
2017-07-26 15:00,2219,89,87,0.00,27,646.70,,14.2,7.8,0.37,1.34,9.0,12.0,13.4,17.7,16.3,104,99,92,89,83
2017-07-26 16:00,2219,88,86,0.00,28,449.60,,15.3,8.4,0.37,1.29,8.9,12.2,13.1,17.7,16.3,105,100,92,89,83
2017-07-26 17:00,2219,87,84,0.00,28,246.70,,11.6,6.9,0.36,1.24,9.5,11.8,13.4,17.5,16.3,105,101,93,89,83
2017-07-26 18:00,2219,84,81,0.00,31,59.59,,8.2,4.4,0.37,1.13,9.0,12.5,13.4,17.7,16.3,104,101,93,89,83
2017-07-26 19:00,2219,81,76,0.00,36,1.21,,5.9,2.5,0.38,1.03,9.2,12.2,13.8,17.5,16.3,103,101,93,89,83
2017-07-26 20:00,2219,76,75,0.00,41,0.15,,6.8,4.8,0.38,0.89,9.0,12.2,13.8,17.7,16.3,101,100,94,89,83
2017-07-26 21:00,2219,76,73,0.00,43,0.14,,7.2,4.8,0.38,0.86,9.3,11.8,13.6,17.7,16.3,99,99,94,89,83
2017-07-26 22:00,2219,73,72,0.00,45,0.14,,7.5,5.3,0.37,0.81,9.1,11.8,13.8,17.7,16.3,98,98,94,89,83
2017-07-26 23:00,2219,73,72,0.00,46,0.17,,3.9,1.9,0.37,0.81,8.5,11.8,13.8,17.5,16.3,96,96,94,89,83
2017-07-27 00:00,2219,72,72,0.00,44,0.16,,4.4,3.3,0.36,0.79,8.6,11.9,13.1,17.5,16.0,94,96,94,89,83
2017-07-27 01:00,2219,72,72,0.00,47,0.14,,3.0,2.1,0.37,0.79,8.4,11.7,13.4,17.5,16.0,93,95,94,89,83
2017-07-27 02:00,2219,72,72,0.00,47,0.16,,2.6,0.9,0.38,0.79,8.6,11.4,13.4,17.5,16.3,92,94,93,89,83
2017-07-27 03:00,2219,72,71,0.00,49,0.17,,1.1,0.1,0.39,0.76,8.4,11.0,13.6,17.7,16.0,90,93,93,89,83
2017-07-27 04:00,2219,71,70,0.00,51,0.51,,2.3,0.5,0.38,0.76,8.8,11.7,13.6,17.5,16.0,90,92,92,89,83
2017-07-27 05:00,2219,74,69,0.00,49,49.48,,4.8,3.1,0.36,0.74,8.0,11.0,13.4,17.5,16.3,89,91,92,89,83
2017-07-27 06:00,2219,77,74,0.00,45,229.90,,3.7,1.1,0.38,0.90,7.6,11.6,13.4,17.3,16.3,87,90,92,89,83
2017-07-27 07:00,2219,81,77,0.00,37,440.40,,6.7,2.6,0.35,0.99,8.5,11.1,13.1,17.3,16.3,87,90,92,89,83
2017-07-27 08:00,2219,82,80,0.00,35,639.00,,9.7,4.9,0.36,1.06,7.9,11.5,13.3,17.5,16.0,87,89,90,89,83
2017-07-27 09:00,2219,83,81,0.00,32,809.00,,11.2,6.3,0.33,1.10,8.4,10.9,12.8,17.3,16.0,88,89,91,89,83
2017-07-27 10:00,2219,85,83,0.00,28,933.00,,13.9,7.6,0.30,1.17,8.0,11.1,13.6,17.5,16.3,90,90,90,89,83
2017-07-27 11:00,2219,87,84,0.00,24,995.00,,14.9,8.5,0.31,1.23,8.4,11.6,13.1,17.5,16.0,94,91,90,89,83
2017-07-27 12:00,2219,89,87,0.00,25,1000.00,,15.9,9.5,0.31,1.29,9.1,11.3,13.4,17.5,16.0,97,94,90,89,83
2017-07-27 13:00,2219,89,88,0.00,22,948.00,,16.4,9.7,0.31,1.36,9.1,11.7,13.6,17.5,16.0,100,96,90,89,83
2017-07-27 14:00,2219,89,87,0.00,24,837.00,,16.4,9.2,0.32,1.32,9.3,11.8,12.8,17.5,16.0,103,98,90,89,83
2017-07-27 15:00,2219,90,88,0.00,23,667.30,,16.0,9.5,0.32,1.37,9.0,12.5,13.3,17.5,16.0,104,99,92,89,83
2017-07-27 16:00,2219,89,87,0.00,25,467.80,,15.5,9.4,0.36,1.32,9.5,11.8,13.4,17.5,16.0,105,101,92,89,83
2017-07-27 17:00,2219,87,85,0.00,28,258.00,,12.7,7.3,0.37,1.26,9.2,12.2,13.6,17.7,16.0,105,101,93,89,83
2017-07-27 18:00,2219,85,82,0.00,30,68.19,,9.3,5.5,0.37,1.18,8.9,12.0,13.6,17.5,16.0,104,101,93,89,83
2017-07-27 19:00,2219,82,78,0.00,34,1.10,,5.9,3.3,0.37,1.05,9.2,12.2,13.6,17.7,16.0,103,101,94,89,83
2017-07-27 20:00,2219,79,78,0.00,38,0.14,,4.8,3.8,0.37,0.98,8.6,11.8,13.4,17.5,16.0,101,100,94,89,83
2017-07-27 21:00,2219,79,78,0.00,39,0.17,,4.5,3.2,0.38,0.97,9.0,12.5,13.4,17.5,16.0,99,99,94,89,83
2017-07-27 22:00,2219,78,75,0.00,39,0.10,,5.0,3.3,0.37,0.94,9.1,11.6,14.1,17.5,16.0,98,98,94,89,83
2017-07-27 23:00,2219,77,75,0.00,41,0.15,,4.4,3.1,0.37,0.90,8.5,11.6,13.4,17.5,16.0,96,96,94,89,83
2017-07-28 00:00,2219,77,75,0.00,41,0.17,,3.9,2.8,0.38,0.92,8.6,12.1,13.6,17.5,16.0,94,96,94,89,83
2017-07-28 01:00,2219,76,75,0.00,43,0.15,,3.8,2.7,0.38,0.88,8.4,11.9,13.1,17.5,16.0,93,95,93,89,83
2017-07-28 02:00,2219,75,74,0.00,42,0.14,,3.0,2.1,0.34,0.87,8.6,11.0,13.4,17.3,16.3,92,94,94,89,83
2017-07-28 03:00,2219,74,71,0.00,36,0.15,,3.8,2.5,0.30,0.82,8.0,11.0,13.4,17.5,16.0,91,93,93,89,83
2017-07-28 04:00,2219,71,70,0.00,41,0.44,,5.3,4.3,0.31,0.75,8.8,11.5,12.8,17.5,16.0,90,92,93,89,83
2017-07-28 05:00,2219,75,69,0.00,41,51.60,,8.1,5.1,0.30,0.76,8.4,11.0,13.6,17.5,16.0,89,91,92,89,83
2017-07-28 06:00,2219,81,75,0.00,36,236.30,,7.5,3.3,0.31,0.97,8.4,11.2,13.1,17.3,16.0,87,90,92,89,83
2017-07-28 07:00,2219,84,81,0.00,26,449.80,,6.8,2.5,0.25,1.11,7.9,11.4,13.4,17.5,16.0,87,90,92,89,83
2017-07-28 08:00,2219,85,84,0.00,21,655.50,,11.3,4.5,0.22,1.20,7.9,11.4,13.4,17.3,16.0,87,89,92,89,83
2017-07-28 09:00,2219,88,85,0.00,18,825.00,,11.9,7.2,0.22,1.25,8.2,10.5,12.8,17.3,16.0,88,89,91,89,83
2017-07-28 10:00,2219,89,87,0.00,17,945.00,,13.7,7.3,0.22,1.32,8.6,11.2,13.1,17.3,16.0,90,90,91,89,83
2017-07-28 11:00,2219,91,88,0.00,16,1006.00,,14.5,8.1,0.22,1.39,8.4,11.2,13.6,17.3,16.0,94,91,90,89,83
2017-07-28 12:00,2219,90,89,0.00,16,1009.00,,13.9,7.2,0.23,1.41,8.9,11.0,13.1,17.3,16.0,97,94,90,89,83
2017-07-28 13:00,2219,92,90,0.00,16,955.00,,14.4,7.4,0.23,1.45,9.1,11.9,13.1,17.3,16.0,101,96,90,89,83
2017-07-28 14:00,2219,94,91,0.00,15,838.00,,13.1,7.1,0.23,1.54,9.2,12.2,13.3,17.5,16.0,103,98,90,89,83
2017-07-28 15:00,2219,93,91,0.00,15,671.40,,12.7,7.8,0.24,1.50,8.9,12.2,13.1,17.3,16.0,105,99,92,89,84
2017-07-28 16:00,2219,91,90,0.00,17,466.70,,11.7,7.4,0.26,1.47,9.0,12.0,12.8,17.5,16.5,106,101,92,89,83
2017-07-28 17:00,2219,90,89,0.00,18,252.80,,10.0,5.0,0.26,1.41,9.6,12.5,13.1,17.5,16.0,106,102,93,89,84
2017-07-28 18:00,2219,89,83,0.00,19,66.48,,6.3,2.7,0.27,1.29,9.5,12.2,13.1,17.3,16.0,105,102,94,89,83
2017-07-28 19:00,2219,83,78,0.00,24,1.05,,10.0,6.0,0.30,1.08,9.0,12.5,13.4,17.5,16.0,104,101,93,89,83
2017-07-28 20:00,2219,78,74,0.00,31,0.16,,12.6,8.5,0.30,0.92,9.0,12.0,13.4,17.5,16.0,102,101,95,89,83
2017-07-28 21:00,2219,75,74,0.00,35,0.13,,10.9,8.1,0.30,0.87,9.4,12.1,13.1,17.5,16.0,100,99,95,89,83
2017-07-28 22:00,2219,74,73,0.00,35,0.16,,11.4,7.4,0.30,0.83,9.1,12.2,13.7,17.1,16.0,98,98,94,89,83
2017-07-28 23:00,2219,74,73,0.00,36,0.15,,11.8,7.4,0.30,0.83,9.1,11.6,13.4,17.5,16.5,96,98,94,89,83
2017-07-29 00:00,2219,74,73,0.00,36,0.14,,10.7,6.8,0.30,0.84,8.6,11.7,13.7,17.3,16.5,95,96,94,89,83
2017-07-29 01:00,2219,74,71,0.00,36,0.17,,8.1,6.1,0.30,0.79,8.4,11.7,12.9,17.3,16.0,94,95,94,89,84
2017-07-29 02:00,2219,74,71,0.00,36,0.14,,8.8,6.0,0.30,0.82,8.6,11.5,13.1,17.5,16.0,92,94,94,90,83
2017-07-29 03:00,2219,71,69,0.00,40,0.17,,9.1,7.2,0.30,0.75,8.6,11.3,13.1,18.0,16.0,91,94,94,89,84
2017-07-29 04:00,2219,71,69,0.00,41,0.43,,8.9,7.5,0.31,0.75,8.2,11.8,13.3,17.3,16.5,90,92,94,89,83
2017-07-29 05:00,2219,77,69,0.00,42,48.69,,8.5,6.4,0.30,0.78,8.0,11.0,13.6,17.3,16.0,89,92,93,89,83
2017-07-29 06:00,2219,81,77,0.00,33,231.00,,6.9,4.4,0.30,0.99,8.2,11.3,13.1,18.0,16.5,89,91,92,89,84
2017-07-29 07:00,2219,85,81,0.00,26,440.40,,6.8,4.1,0.28,1.12,8.0,11.2,13.1,18.0,16.5,88,90,92,89,83
2017-07-29 08:00,2219,87,85,0.00,23,641.60,,9.3,3.9,0.27,1.25,8.0,11.7,13.3,17.3,16.5,88,90,92,89,83
2017-07-29 09:00,2219,87,86,0.00,22,810.00,,10.7,5.9,0.27,1.26,8.2,11.6,13.3,18.0,16.5,89,90,92,90,83
2017-07-29 10:00,2219,89,87,0.00,21,930.00,,12.5,7.2,0.26,1.35,8.8,11.2,12.8,17.3,16.5,91,91,90,90,83
2017-07-29 11:00,2219,90,88,0.00,18,990.00,,14.2,8.5,0.26,1.38,8.4,11.2,13.1,18.0,16.5,94,92,91,89,84
2017-07-29 12:00,2219,90,89,0.00,19,988.00,,14.4,8.1,0.25,1.40,9.1,11.3,13.3,18.0,16.5,98,94,91,90,83
2017-07-29 13:00,2219,92,90,0.00,17,933.00,,16.2,8.6,0.25,1.47,9.0,11.5,13.3,17.3,16.5,101,96,90,89,83
2017-07-29 14:00,2219,92,90,0.00,17,818.00,,14.6,7.9,0.26,1.49,8.8,11.9,13.4,17.3,16.5,104,98,92,89,83
2017-07-29 15:00,2219,92,91,0.00,17,652.00,,13.5,8.1,0.25,1.50,9.0,11.6,12.8,17.5,16.3,105,100,92,89,83
2017-07-29 16:00,2219,92,90,0.00,16,457.80,,12.1,7.3,0.25,1.48,9.5,12.2,12.8,17.3,16.5,106,102,93,89,83
2017-07-29 17:00,2219,91,89,0.00,16,253.70,,11.6,6.6,0.25,1.42,9.5,12.1,13.4,17.3,16.3,106,102,93,89,83
2017-07-29 18:00,2219,89,84,0.00,19,64.02,,8.8,3.0,0.27,1.30,9.0,11.8,13.4,17.3,16.5,105,102,94,89,83
2017-07-29 19:00,2219,84,78,0.00,23,0.98,,11.1,4.7,0.28,1.10,9.2,12.0,13.4,17.3,16.5,104,102,95,89,83
2017-07-29 20:00,2219,78,75,0.00,28,0.14,,10.5,7.1,0.25,0.93,8.8,11.8,13.1,17.3,16.3,102,101,95,89,84
2017-07-29 21:00,2219,76,74,0.00,26,0.17,,9.7,6.7,0.22,0.87,9.1,11.6,13.1,17.3,16.3,100,100,94,89,83
2017-07-29 22:00,2219,74,73,0.00,25,0.18,,11.2,7.0,0.20,0.84,8.9,11.6,13.1,18.0,16.3,98,98,95,89,83
2017-07-29 23:00,2219,74,73,0.00,22,0.18,,9.4,6.6,0.19,0.83,8.5,11.1,13.1,17.5,16.5,96,98,95,89,83
2017-07-30 00:00,2219,73,71,0.00,25,0.16,,8.1,6.3,0.21,0.79,8.3,11.9,13.4,17.3,16.3,95,96,94,89,83
2017-07-30 01:00,2219,72,71,0.00,29,0.19,,6.6,5.2,0.23,0.78,8.3,11.1,13.9,18.0,16.5,94,96,94,89,83
2017-07-30 02:00,2219,71,69,0.00,32,0.16,,7.7,6.6,0.24,0.74,8.6,11.3,14.1,18.0,16.3,92,94,94,89,84
2017-07-30 03:00,2219,71,69,0.00,32,0.18,,7.6,5.2,0.25,0.75,8.2,11.0,13.1,18.0,16.3,91,94,94,90,84
2017-07-30 04:00,2219,71,69,0.00,36,0.40,,6.7,4.3,0.29,0.75,8.0,11.2,13.3,18.0,16.0,90,92,93,90,83
2017-07-30 05:00,2219,76,68,0.00,41,47.22,,7.8,5.9,0.30,0.74,8.2,10.9,13.1,18.0,16.3,89,92,93,89,83
2017-07-30 06:00,2219,84,76,0.00,33,232.00,,4.6,1.9,0.28,1.02,8.5,11.6,13.1,18.0,15.9,88,91,92,90,83
2017-07-30 07:00,2219,84,82,0.00,21,443.10,,7.9,3.2,0.25,1.14,8.1,11.5,13.1,18.0,16.3,87,90,92,90,83
2017-07-30 08:00,2219,84,83,0.00,21,646.20,,10.2,6.1,0.26,1.16,8.1,11.3,13.1,18.0,16.3,87,90,92,90,83
2017-07-30 09:00,2219,87,83,0.00,24,819.00,,13.0,6.1,0.27,1.21,8.0,10.8,13.4,18.0,16.3,89,90,90,90,83
2017-07-30 10:00,2219,88,86,0.00,22,942.00,,12.2,7.5,0.27,1.29,8.4,11.2,13.6,17.1,16.5,91,90,90,90,83
2017-07-30 11:00,2219,89,87,0.00,21,999.00,,13.8,8.6,0.27,1.31,8.6,11.9,13.3,17.8,16.3,94,92,90,90,83
2017-07-30 12:00,2219,89,88,0.00,20,999.00,,15.8,9.2,0.27,1.36,8.7,11.6,13.6,18.0,16.3,98,94,91,90,84
2017-07-30 13:00,2219,91,88,0.00,20,948.00,,15.6,9.5,0.25,1.40,8.5,11.5,13.3,18.0,16.3,101,96,90,90,83
2017-07-30 14:00,2219,94,91,0.00,16,837.00,,13.8,7.6,0.23,1.48,9.2,11.7,13.4,18.0,16.3,104,98,92,89,84
2017-07-30 15:00,2219,94,91,0.00,14,672.60,,13.0,7.7,0.22,1.51,8.4,12.4,12.8,18.0,16.3,105,100,92,90,83
2017-07-30 16:00,2219,92,90,0.00,15,471.40,,12.4,7.5,0.24,1.46,9.3,11.6,13.6,18.0,16.3,106,101,93,89,83
2017-07-30 17:00,2219,91,88,0.00,18,257.30,,11.5,7.2,0.26,1.40,9.0,11.9,13.1,18.0,16.3,106,102,93,89,84
2017-07-30 18:00,2219,88,83,0.00,20,64.41,,10.2,6.0,0.29,1.27,9.2,11.9,13.3,18.0,15.9,106,102,94,89,83
2017-07-30 19:00,2219,83,82,0.00,26,0.96,,4.5,1.8,0.29,1.11,9.0,11.9,12.9,18.0,15.9,104,102,94,89,83
2017-07-30 20:00,2219,82,76,0.00,26,0.16,,7.6,4.1,0.28,1.04,9.2,11.6,12.9,18.0,15.9,102,101,95,89,83
2017-07-30 21:00,2219,76,74,0.00,32,0.16,,9.2,7.7,0.27,0.89,9.1,12.4,14.1,18.0,15.9,100,100,95,89,83
2017-07-30 22:00,2219,76,74,0.00,32,0.15,,9.0,7.1,0.27,0.87,8.7,11.7,13.1,18.0,16.3,98,98,95,89,84
2017-07-30 23:00,2219,77,74,0.00,31,0.14,,8.0,4.5,0.24,0.89,8.3,11.5,13.1,18.0,15.9,96,98,95,90,84
2017-07-31 00:00,2219,76,75,0.00,25,0.15,,5.7,2.8,0.22,0.89,9.0,11.3,13.6,18.0,16.3,95,96,95,90,84
2017-07-31 01:00,2219,75,72,0.00,25,0.18,,6.2,2.9,0.23,0.84,8.4,11.3,13.8,18.0,16.3,94,95,94,90,83
2017-07-31 02:00,2219,74,72,0.00,23,0.14,,6.9,3.9,0.23,0.82,8.2,12.1,13.3,18.0,16.3,92,94,94,90,83
2017-07-31 03:00,2219,74,71,0.00,32,0.13,,3.8,2.3,0.27,0.83,8.0,11.8,13.1,18.0,16.1,91,94,94,90,83
2017-07-31 04:00,2219,73,71,0.00,33,0.37,,3.3,2.1,0.25,0.80,8.6,10.9,13.6,17.8,16.3,90,92,93,90,83
2017-07-31 05:00,2219,76,72,0.00,32,44.29,,3.8,1.7,0.27,0.81,8.2,11.6,13.3,17.8,16.3,89,92,93,90,84
2017-07-31 06:00,2219,80,76,0.00,31,222.90,,4.1,1.1,0.28,0.98,8.3,11.5,13.6,17.8,16.3,88,91,92,90,83
2017-07-31 07:00,2219,81,80,0.00,28,431.90,,9.1,4.1,0.28,1.03,7.9,11.3,13.3,18.0,15.9,87,90,92,90,83
2017-07-31 08:00,2219,84,81,0.00,22,629.90,,10.9,5.6,0.26,1.08,7.9,11.5,12.9,17.8,16.1,87,90,92,90,83
2017-07-31 09:00,2219,86,84,0.00,22,796.10,,12.5,7.3,0.26,1.18,8.3,10.9,13.5,17.8,16.1,89,90,91,90,83
2017-07-31 10:00,2219,88,86,0.00,20,916.00,,13.8,8.1,0.24,1.26,8.4,11.5,13.2,18.0,16.3,91,90,91,90,83
2017-07-31 11:00,2219,89,87,0.00,18,976.00,,16.7,10.0,0.24,1.32,8.6,10.3,13.4,17.8,16.3,94,92,90,90,84
2017-07-31 12:00,2219,91,89,0.00,17,981.00,,16.0,10.6,0.24,1.41,8.3,11.4,13.4,18.0,16.3,97,94,91,90,84
2017-07-31 13:00,2219,91,90,0.00,16,928.00,,17.6,10.3,0.23,1.45,8.9,11.3,13.2,18.0,16.3,101,96,91,90,84
2017-07-31 14:00,2219,91,89,0.00,15,817.00,,14.9,9.5,0.22,1.43,9.4,11.5,13.2,18.0,16.3,102,98,92,90,84
2017-07-31 15:00,2219,91,89,0.00,17,652.30,,16.8,8.6,0.25,1.43,8.8,11.7,12.9,18.0,16.3,104,99,92,90,83
2017-07-31 16:00,2219,90,89,0.00,17,453.60,,13.7,7.9,0.25,1.42,9.0,12.0,13.6,18.0,15.9,105,101,93,90,83
2017-07-31 17:00,2219,89,87,0.00,18,244.20,,11.3,6.9,0.25,1.36,9.0,11.9,13.2,18.0,16.3,105,101,94,90,84
2017-07-31 18:00,2219,87,83,0.00,19,60.01,,8.9,4.9,0.25,1.24,9.0,11.9,13.1,18.0,15.9,104,102,94,89,83
2017-07-31 19:00,2219,83,78,0.00,22,0.84,,5.2,2.8,0.26,1.07,9.1,12.0,13.2,18.0,16.1,103,101,94,90,83
2017-07-31 20:00,2219,81,79,0.00,25,0.17,,5.8,2.8,0.26,1.04,8.8,12.0,13.4,18.0,15.9,102,101,95,89,84
2017-07-31 21:00,2219,82,81,0.00,23,0.18,,4.2,1.8,0.25,1.08,9.1,11.5,13.7,18.0,15.9,99,99,95,89,83
2017-07-31 22:00,2219,82,80,0.00,22,0.16,,4.2,2.1,0.25,1.06,8.7,12.0,13.2,18.0,16.0,98,98,95,89,83
2017-07-31 23:00,2219,81,80,0.00,23,0.14,,4.0,2.6,0.25,1.06,8.1,11.5,13.2,18.0,15.9,96,97,95,90,83
