Date,Station Id,Air Temperature Maximum (degF),Air Temperature Minimum (degF),Precipitation Increment (in),Relative Humidity (pct),Solar Radiation Average (watt/m2),Solar Radiation/langley Total (langley),Wind Speed Maximum (mph),Wind Speed Average (mph),Vapor Pressure - Partial (inch_Hg),Vapor Pressure - Saturated (inch_Hg),Soil Moisture Percent -2in (pct),Soil Moisture Percent -4in (pct),Soil Moisture Percent -8in (pct),Soil Moisture Percent -20in (pct),Soil Moisture Percent -40in (pct),Soil Temperature Observed -2in (degF),Soil Temperature Observed -4in (degF),Soil Temperature Observed -8in (degF),Soil Temperature Observed -20in (degF),Soil Temperature Observed -40in (degF)
2017-01-01 00:00,2214,17,14,0.00,94,0.06,,5.2,2.0,0.09,0.09,9.9,25.6,28.6,31.3,,31,32,34,36,
2017-01-01 01:00,2214,15,14,0.00,91,0.08,,3.6,0.9,0.08,0.09,10.0,24.8,28.0,31.3,,31,32,34,36,
2017-01-01 02:00,2214,15,11,0.00,91,0.09,,3.6,1.1,0.08,0.08,9.1,24.9,28.6,31.4,,31,32,34,36,
2017-01-01 03:00,2214,13,10,0.00,90,0.09,,2.8,1.3,0.07,0.08,8.8,25.3,28.1,31.4,,30,32,34,36,
2017-01-01 04:00,2214,12,10,0.00,89,0.09,,3.2,0.8,0.06,0.07,8.0,25.2,28.1,31.4,,30,32,34,36,
2017-01-01 05:00,2214,17,12,0.00,89,0.06,,3.2,0.8,0.08,0.09,8.1,24.6,28.0,31.0,,29,32,34,36,
2017-01-01 06:00,2214,19,17,0.00,91,0.04,,3.8,1.1,0.09,0.10,7.8,24.4,28.6,31.4,,29,32,34,36,
2017-01-01 07:00,2214,22,19,0.00,92,1.98,,3.9,0.6,0.10,0.11,8.1,24.4,28.6,31.0,,29,32,34,36,
2017-01-01 08:00,2214,25,22,0.00,93,23.14,,3.3,1.5,0.12,0.12,8.1,24.2,28.6,31.0,,29,32,34,36,
2017-01-01 09:00,2214,26,25,0.00,93,47.14,,6.2,2.8,0.12,0.14,8.3,24.2,28.1,30.8,,29,32,34,36,
2017-01-01 10:00,2214,27,26,0.00,90,146.80,,12.7,7.6,0.13,0.14,8.3,23.6,28.2,31.2,,29,32,34,36,
2017-01-01 11:00,2214,28,26,0.00,87,165.90,,17.0,9.3,0.13,0.14,8.2,23.5,28.5,31.2,,30,32,34,36,
2017-01-01 12:00,2214,29,28,0.00,87,204.60,,19.7,12.2,0.13,0.15,8.5,23.4,28.6,31.0,,30,32,34,36,
2017-01-01 13:00,2214,31,29,0.00,69,315.00,,23.4,13.7,0.09,0.17,8.6,23.2,28.6,30.9,,31,32,34,36,
2017-01-01 14:00,2214,29,29,0.00,48,154.20,,23.0,12.2,0.09,0.16,8.6,23.5,28.3,31.1,,31,32,34,36,
2017-01-01 15:00,2214,29,28,0.00,58,76.82,,22.6,11.1,0.09,0.16,8.6,23.7,28.3,31.0,,31,32,34,36,
2017-01-01 16:00,2214,28,26,0.00,65,12.67,,18.8,9.2,0.10,0.15,8.8,23.8,28.3,30.7,,31,32,34,36,
2017-01-01 17:00,2214,27,24,0.00,72,0.03,,17.8,8.8,0.11,0.14,9.0,24.1,27.8,31.1,,31,32,34,36,
2017-01-01 18:00,2214,24,24,0.00,87,0.01,,27.8,9.1,0.12,0.13,8.8,24.2,28.3,30.7,,31,32,34,36,
2017-01-01 19:00,2214,24,23,0.00,92,0.01,,19.3,9.1,0.11,0.13,9.3,23.7,28.4,30.8,,31,32,34,36,
2017-01-01 20:00,2214,24,23,0.00,76,0.01,,14.6,7.0,0.10,0.13,8.9,23.8,27.3,30.8,,31,32,34,36,
2017-01-01 21:00,2214,24,22,0.00,78,0.01,,16.2,7.8,0.11,0.13,8.7,23.9,28.4,30.8,,31,32,34,36,
2017-01-01 22:00,2214,24,22,0.00,86,0.02,,20.0,11.7,0.10,0.12,8.7,23.9,28.4,30.8,,31,32,34,36,
2017-01-01 23:00,2214,23,22,0.00,88,0.02,,17.2,7.9,0.10,0.12,8.7,24.2,28.0,30.8,,31,32,34,36,
2017-01-02 00:00,2214,23,23,0.00,73,0.02,,18.6,10.7,0.09,0.12,8.7,24.2,27.9,30.8,,31,32,34,36,
2017-01-02 01:00,2214,23,22,0.00,74,0.03,,15.9,9.6,0.09,0.12,8.7,24.0,28.0,30.5,,31,32,34,36,
2017-01-02 02:00,2214,22,22,0.00,74,0.04,,15.1,8.1,0.09,0.12,8.7,23.7,28.0,30.5,,31,32,34,36,
2017-01-02 03:00,2214,22,22,0.00,75,0.02,,17.9,8.2,0.09,0.12,8.7,24.2,28.0,30.6,,31,32,34,36,
2017-01-02 04:00,2214,22,22,0.00,73,0.03,,13.2,7.3,0.09,0.12,8.7,23.8,28.0,30.6,,31,32,34,36,
2017-01-02 05:00,2214,22,21,0.00,76,0.02,,11.0,6.3,0.09,0.12,8.7,24.1,28.0,30.6,,31,32,34,36,
2017-01-02 06:00,2214,22,21,0.00,79,0.01,,8.9,3.2,0.09,0.12,9.1,23.3,28.0,30.4,,31,32,34,36,
2017-01-02 07:00,2214,21,19,0.00,86,4.31,,3.5,1.7,0.09,0.11,9.1,24.2,27.7,30.4,,31,32,34,36,
2017-01-02 08:00,2214,23,20,0.00,90,77.01,,6.3,3.2,0.09,0.11,8.4,23.7,28.1,30.4,,31,32,34,36,
2017-01-02 09:00,2214,26,23,0.00,75,177.40,,9.8,5.6,0.09,0.13,9.0,23.9,27.8,30.5,,31,32,34,36,
2017-01-02 10:00,2214,28,25,0.01,72,220.80,,22.9,10.2,0.09,0.14,9.1,24.0,28.0,30.5,,31,32,34,36,
2017-01-02 11:00,2214,28,27,0.02,51,304.40,,20.8,11.6,0.08,0.15,8.7,23.8,27.8,30.2,,31,32,34,36,
2017-01-02 12:00,2214,27,26,0.00,60,280.50,,13.9,8.0,0.09,0.14,8.7,24.0,28.0,30.3,,31,32,34,36,
2017-01-02 13:00,2214,27,25,0.01,80,248.10,,11.3,5.8,0.11,0.14,8.7,23.9,28.1,30.3,,31,32,34,36,
2017-01-02 14:00,2214,28,27,0.00,69,184.80,,17.0,8.6,0.10,0.15,8.9,24.3,27.9,30.3,,31,32,34,36,
2017-01-02 15:00,2214,28,25,0.00,59,65.31,,14.0,5.9,0.09,0.15,8.7,23.9,28.1,30.3,,31,32,34,36,
2017-01-02 16:00,2214,25,23,0.00,80,8.77,,6.9,2.0,0.12,0.13,9.0,24.2,28.1,30.0,,31,32,34,36,
2017-01-02 17:00,2214,23,23,0.00,93,0.04,,11.5,4.1,0.12,0.12,8.8,24.5,27.2,30.1,,31,32,34,36,
2017-01-02 18:00,2214,23,22,0.00,94,0.02,,9.6,2.9,0.12,0.12,8.8,24.2,28.1,30.1,,31,32,34,36,
2017-01-02 19:00,2214,22,18,0.00,93,0.01,,4.7,2.3,0.10,0.11,8.8,23.8,27.9,30.3,,31,32,34,36,
2017-01-02 20:00,2214,19,16,0.00,92,0.04,,4.1,1.9,0.09,0.10,8.8,24.3,27.9,30.1,,31,32,34,36,
2017-01-02 21:00,2214,17,14,0.00,90,0.03,,6.8,2.3,0.08,0.09,8.8,23.6,27.9,30.1,,31,32,34,36,
2017-01-02 22:00,2214,19,16,0.00,91,0.04,,5.0,2.1,0.09,0.10,8.8,24.0,27.9,29.9,,31,32,34,36,
2017-01-02 23:00,2214,21,19,0.00,89,0.05,,3.4,1.4,0.10,0.11,9.0,24.0,28.1,30.1,,31,32,34,36,
2017-01-03 00:00,2214,22,21,0.00,92,0.03,,2.4,0.9,0.11,0.12,8.8,24.4,27.9,30.1,,31,32,34,36,
2017-01-03 01:00,2214,22,21,0.00,93,0.02,,3.1,1.1,0.11,0.12,9.0,23.9,28.1,30.2,,31,32,34,36,
2017-01-03 02:00,2214,21,21,0.00,93,0.02,,2.6,1.0,0.11,0.12,9.0,24.0,28.1,30.2,,31,32,34,36,
2017-01-03 03:00,2214,21,19,0.00,94,0.04,,3.5,1.2,0.10,0.11,9.0,23.9,28.1,29.8,,31,32,34,36,
2017-01-03 04:00,2214,20,15,0.00,94,0.04,,3.2,1.2,0.09,0.10,9.0,24.4,28.1,30.2,,31,32,34,36,
2017-01-03 05:00,2214,19,17,0.00,93,0.04,,3.7,1.7,0.09,0.10,9.0,24.4,27.5,29.9,,31,32,34,36,
2017-01-03 06:00,2214,20,18,0.00,92,0.04,,3.3,1.6,0.10,0.11,8.8,23.7,27.6,29.9,,31,32,34,36,
2017-01-03 07:00,2214,21,20,0.00,92,2.77,,3.6,1.0,0.10,0.11,9.0,23.7,27.3,29.9,,31,32,34,36,
2017-01-03 08:00,2214,23,21,0.00,93,20.52,,2.9,1.4,0.11,0.12,9.3,24.4,27.2,29.3,,31,32,34,36,
2017-01-03 09:00,2214,29,23,0.00,93,56.77,,3.1,0.7,0.12,0.13,8.9,24.4,27.6,29.9,,31,32,34,36,
2017-01-03 10:00,2214,32,29,0.07,88,120.60,,10.4,3.8,0.14,0.17,8.7,24.3,27.6,29.9,,31,32,34,36,
2017-01-03 11:00,2214,32,31,0.07,78,129.40,,10.6,7.2,0.14,0.18,8.8,24.1,27.7,29.8,,31,32,34,36,
2017-01-03 12:00,2214,32,31,0.02,86,128.00,,10.1,7.0,0.15,0.18,8.8,24.4,27.7,29.8,,31,32,34,36,
2017-01-03 13:00,2214,32,31,0.01,86,102.60,,11.3,5.4,0.16,0.18,8.8,24.3,27.7,29.8,,31,32,34,36,
2017-01-03 14:00,2214,31,31,0.00,92,63.19,,8.3,5.4,0.16,0.17,9.2,23.6,27.7,29.8,,31,32,34,36,
2017-01-03 15:00,2214,31,31,0.01,93,27.40,,9.8,4.1,0.16,0.17,9.3,24.4,27.7,29.7,,31,32,34,36,
2017-01-03 16:00,2214,31,30,0.00,95,5.17,,11.8,7.4,0.16,0.17,9.2,23.8,27.7,29.8,,31,32,34,36,
2017-01-03 17:00,2214,30,30,0.00,95,0.01,,8.7,5.3,0.16,0.17,9.4,24.2,27.7,29.8,,31,32,34,36,
2017-01-03 18:00,2214,30,30,0.00,96,0.00,,11.0,5.8,0.16,0.17,9.4,24.2,27.7,29.8,,31,32,34,36,
2017-01-03 19:00,2214,31,30,0.00,97,0.00,,12.6,6.6,0.17,0.17,9.4,24.5,27.7,29.8,,31,32,34,36,
2017-01-03 20:00,2214,31,31,0.00,97,0.01,,10.4,6.5,0.17,0.17,9.2,24.6,27.7,29.9,,31,32,34,36,
2017-01-03 21:00,2214,32,31,0.00,98,0.00,,10.1,6.8,0.17,0.18,8.6,24.6,27.7,29.9,,31,32,34,36,
2017-01-03 22:00,2214,35,32,0.00,98,0.00,,15.2,7.9,0.18,0.19,9.4,24.6,27.7,29.9,,32,32,34,36,
2017-01-03 23:00,2214,36,35,0.00,98,0.00,,18.4,10.6,0.20,0.20,9.6,24.6,27.4,29.9,,32,32,34,36,
2017-01-04 00:00,2214,37,36,0.10,98,0.00,,16.2,8.1,0.20,0.22,9.6,24.1,27.7,29.9,,31,32,34,36,
2017-01-04 01:00,2214,38,37,0.08,88,0.00,,16.2,7.3,0.19,0.23,9.7,24.1,27.7,29.5,,31,32,34,36,
2017-01-04 02:00,2214,39,36,0.03,86,0.00,,15.1,8.9,0.20,0.22,9.5,24.1,27.7,29.5,,31,32,34,36,
2017-01-04 03:00,2214,39,38,0.02,86,0.00,,20.9,8.7,0.20,0.24,9.4,24.1,27.7,29.5,,31,32,34,36,
2017-01-04 04:00,2214,39,35,0.05,86,0.00,,17.5,4.6,0.20,0.22,9.2,24.1,27.6,29.5,,31,32,34,36,
2017-01-04 05:00,2214,38,33,0.01,89,0.00,,11.2,4.7,0.19,0.20,9.2,24.4,27.7,29.6,,31,32,34,36,
2017-01-04 06:00,2214,34,33,0.00,98,0.00,,0.0,0.0,0.19,0.19,9.7,24.3,27.7,29.6,,31,32,34,36,
2017-01-04 07:00,2214,34,33,0.00,98,0.51,,0.0,0.0,0.19,0.19,9.4,24.6,27.6,29.5,,32,32,34,36,
2017-01-04 08:00,2214,33,33,0.00,99,5.59,,0.0,0.0,0.18,0.19,9.4,24.7,27.5,29.9,,31,32,34,36,
2017-01-04 09:00,2214,33,31,0.00,99,11.03,,0.0,0.0,0.18,0.18,9.3,25.2,28.1,29.9,,31,32,34,36,
2017-01-04 10:00,2214,32,31,0.00,97,20.47,,0.0,0.0,0.17,0.18,9.6,24.9,28.1,29.7,,31,32,34,36,
2017-01-04 11:00,2214,31,31,0.00,93,24.33,,0.0,0.0,0.16,0.17,9.6,24.8,28.0,29.7,,31,32,34,36,
2017-01-04 12:00,2214,31,31,0.00,86,40.37,,0.0,0.0,0.14,0.17,9.8,25.2,28.0,29.9,,32,32,34,36,
2017-01-04 13:00,2214,31,30,0.00,79,41.37,,0.0,0.0,0.13,0.17,9.8,25.2,28.4,29.8,,31,32,34,36,
2017-01-04 14:00,2214,30,29,0.00,82,33.91,,0.0,0.0,0.14,0.17,10.1,24.4,28.4,29.8,,31,32,34,36,
2017-01-04 15:00,2214,29,27,0.00,83,14.51,,0.0,0.0,0.13,0.15,10.0,25.2,28.4,30.2,,31,32,34,36,
2017-01-04 16:00,2214,27,25,0.00,88,2.37,,0.0,0.0,0.12,0.14,10.1,25.0,28.4,30.1,,31,32,34,36,
2017-01-04 17:00,2214,25,21,0.00,92,0.02,,0.0,0.0,0.12,0.13,10.1,24.8,28.4,30.1,,32,32,34,36,
2017-01-04 18:00,2214,23,22,0.00,89,0.03,,0.0,0.0,0.11,0.12,10.1,25.2,28.4,30.1,,31,32,34,36,
2017-01-04 19:00,2214,23,20,0.00,85,0.03,,0.0,0.0,0.10,0.12,9.6,24.4,28.4,30.1,,32,32,34,36,
2017-01-04 20:00,2214,20,14,0.00,86,0.03,,0.0,0.0,0.09,0.10,10.2,24.8,28.4,30.4,,32,32,34,36,
2017-01-04 21:00,2214,15,11,0.00,92,0.05,,0.0,0.0,0.07,0.08,10.2,24.9,28.3,30.1,,32,32,34,36,
2017-01-04 22:00,2214,14,9,0.00,94,0.14,,0.0,0.0,0.07,0.08,10.2,24.9,28.3,30.1,,32,32,34,36,
2017-01-04 23:00,2214,9,5,0.00,91,0.14,,0.0,0.0,0.06,0.06,9.9,24.7,28.3,30.0,,32,32,34,36,
2017-01-05 00:00,2214,10,5,0.00,86,0.12,,0.0,0.0,0.06,0.06,10.6,24.8,27.5,30.3,,32,32,34,36,
2017-01-05 01:00,2214,13,10,0.00,88,0.08,,0.0,0.0,0.07,0.08,10.1,25.1,28.3,30.3,,32,32,34,36,
2017-01-05 02:00,2214,11,11,0.00,88,0.07,,0.0,0.0,0.06,0.07,10.4,25.1,28.0,30.3,,32,32,34,36,
2017-01-05 03:00,2214,14,10,0.00,89,0.06,,0.0,0.0,0.07,0.08,10.4,25.1,28.0,30.3,,32,32,34,36,
2017-01-05 04:00,2214,11,10,0.00,88,0.06,,0.0,0.0,0.06,0.07,10.3,24.9,28.3,30.3,,32,32,34,36,
2017-01-05 05:00,2214,12,10,0.00,81,0.06,,0.0,0.0,0.06,0.07,10.6,24.7,28.6,30.1,,32,32,34,36,
2017-01-05 06:00,2214,12,10,0.00,77,0.06,,0.0,0.0,0.06,0.07,10.6,24.9,28.3,30.2,,32,32,34,36,
2017-01-05 07:00,2214,10,8,0.00,79,1.26,,0.0,0.0,0.06,0.07,10.4,24.6,28.0,30.2,,32,32,34,36,
2017-01-05 08:00,2214,8,6,0.00,79,26.42,,0.0,0.0,0.05,0.06,10.6,25.1,28.3,30.4,,32,32,34,36,
2017-01-05 09:00,2214,13,7,0.00,75,76.48,,0.0,0.0,0.05,0.07,10.4,24.9,28.0,30.6,,32,32,34,36,
2017-01-05 10:00,2214,14,12,0.00,66,102.80,,0.0,0.0,0.05,0.08,10.9,24.6,28.6,30.5,,31,32,34,36,
2017-01-05 11:00,2214,16,14,0.00,70,122.50,,0.0,0.0,0.06,0.09,10.9,24.9,28.3,30.5,,32,32,34,36,
2017-01-05 12:00,2214,18,16,0.06,69,132.90,,0.0,0.0,0.06,0.09,10.8,24.9,28.6,30.4,,32,32,34,36,
2017-01-05 13:00,2214,18,17,0.06,65,131.70,,0.0,0.0,0.07,0.10,10.8,25.3,28.6,30.3,,32,32,34,36,
2017-01-05 14:00,2214,21,17,0.06,69,116.60,,0.0,0.0,0.07,0.10,10.9,24.9,28.5,30.3,,32,32,34,36,
2017-01-05 15:00,2214,21,16,0.02,68,86.40,,0.0,0.0,0.07,0.11,11.1,25.2,27.9,30.6,,32,32,34,36,
2017-01-05 16:00,2214,16,8,0.00,69,21.68,,0.0,0.0,0.06,0.09,10.9,25.0,28.2,30.6,,32,32,34,36,
2017-01-05 17:00,2214,9,5,0.00,82,0.10,,0.0,0.0,0.05,0.06,10.7,24.8,28.2,30.6,,32,32,34,36,
2017-01-05 18:00,2214,7,5,0.00,82,0.09,,0.0,0.0,0.05,0.06,10.9,24.6,28.5,30.5,,32,32,34,36,
2017-01-05 19:00,2214,6,1,0.00,85,0.17,,0.0,0.0,0.04,0.05,10.9,24.6,28.2,30.5,,32,32,34,36,
2017-01-05 20:00,2214,8,1,0.00,85,0.16,,0.0,0.0,0.04,0.06,10.9,25.1,28.2,30.2,,32,32,34,36,
2017-01-05 21:00,2214,12,6,0.00,74,0.10,,0.0,0.0,0.05,0.07,10.8,25.5,28.1,30.9,,32,32,34,36,
2017-01-05 22:00,2214,12,11,0.00,65,0.09,,19.6,2.6,0.05,0.08,10.5,25.3,28.1,30.8,,32,32,34,36,
2017-01-05 23:00,2214,12,11,0.00,67,0.11,,22.1,15.2,0.05,0.08,10.8,24.8,28.6,30.8,,32,32,34,36,
2017-01-06 00:00,2214,12,11,0.00,70,0.08,,23.0,15.8,0.05,0.08,10.9,25.1,28.6,30.8,,32,32,34,36,
2017-01-06 01:00,2214,11,11,0.00,72,0.12,,21.3,15.4,0.05,0.07,10.9,25.2,28.6,30.8,,32,32,34,36,
2017-01-06 02:00,2214,11,10,0.00,72,0.10,,24.1,16.5,0.05,0.07,10.6,25.2,28.6,30.8,,32,32,34,36,
2017-01-06 03:00,2214,10,9,0.00,73,0.09,,22.0,11.8,0.05,0.07,10.6,25.1,28.6,30.8,,32,32,34,36,
2017-01-06 04:00,2214,10,9,0.00,76,0.11,,21.8,13.9,0.05,0.07,10.8,24.8,28.6,31.0,,32,32,34,36,
2017-01-06 05:00,2214,10,10,0.00,78,0.10,,23.1,16.0,0.05,0.07,10.6,24.8,28.6,30.8,,31,32,34,36,
2017-01-06 06:00,2214,10,9,0.00,79,0.10,,25.4,15.5,0.06,0.07,10.4,25.2,28.6,30.8,,32,32,34,36,
2017-01-06 07:00,2214,9,9,0.00,81,4.12,,22.9,14.8,0.06,0.07,10.3,25.0,28.0,30.8,,31,32,34,36,
2017-01-06 08:00,2214,11,9,0.00,82,93.60,,22.3,12.9,0.06,0.07,10.4,24.8,28.6,31.1,,32,32,34,36,
2017-01-06 09:00,2214,13,11,0.00,76,165.50,,26.1,16.1,0.06,0.08,10.0,25.2,28.1,30.7,,32,32,34,36,
2017-01-06 10:00,2214,15,13,0.00,74,218.70,,23.6,16.6,0.06,0.09,10.2,25.4,28.6,31.1,,31,32,34,36,
2017-01-06 11:00,2214,16,14,0.00,73,226.10,,22.1,15.9,0.06,0.09,9.8,25.1,28.6,31.1,,32,32,34,36,
2017-01-06 12:00,2214,18,16,0.00,73,251.80,,18.6,13.6,0.07,0.09,9.9,25.0,28.6,31.1,,31,32,34,36,
2017-01-06 13:00,2214,18,17,0.00,72,247.80,,21.6,14.9,0.07,0.10,9.9,25.2,28.0,31.1,,31,32,34,36,
2017-01-06 14:00,2214,18,17,0.00,72,211.70,,20.1,14.7,0.07,0.10,9.9,25.4,28.6,31.1,,32,32,34,36,
2017-01-06 15:00,2214,17,16,0.00,75,86.90,,20.3,14.0,0.07,0.09,9.9,25.0,28.6,31.1,,31,32,34,36,
2017-01-06 16:00,2214,16,16,0.00,76,29.68,,18.0,11.1,0.07,0.09,9.9,25.2,28.5,31.1,,31,32,34,36,
2017-01-06 17:00,2214,16,15,0.00,77,0.12,,18.4,12.9,0.07,0.09,9.9,25.2,28.5,31.4,,31,32,34,36,
2017-01-06 18:00,2214,15,15,0.00,78,0.03,,20.2,14.6,0.07,0.09,9.9,24.6,28.6,31.3,,32,32,34,36,
2017-01-06 19:00,2214,17,15,0.00,79,0.03,,22.4,15.2,0.07,0.09,9.9,24.7,28.5,31.3,,31,32,34,36,
2017-01-06 20:00,2214,17,15,0.00,79,0.06,,20.4,15.1,0.07,0.09,9.9,24.6,28.5,31.2,,31,32,34,36,
2017-01-06 21:00,2214,16,15,0.00,81,0.04,,18.2,14.0,0.07,0.09,10.1,25.3,27.9,31.2,,32,32,34,36,
2017-01-06 22:00,2214,16,16,0.00,80,0.06,,22.5,14.9,0.07,0.09,10.0,25.3,28.5,31.1,,32,32,34,36,
2017-01-06 23:00,2214,17,16,0.00,79,0.05,,22.5,13.7,0.07,0.09,10.0,24.6,28.5,31.1,,32,32,34,36,
2017-01-07 00:00,2214,19,17,0.00,79,0.06,,16.5,9.7,0.08,0.10,10.1,25.4,27.9,30.8,,31,32,34,36,
2017-01-07 01:00,2214,21,18,0.00,82,0.04,,15.0,3.0,0.09,0.11,10.0,24.9,28.5,31.1,,32,32,34,36,
2017-01-07 02:00,2214,22,21,0.00,83,0.03,,21.1,10.5,0.09,0.12,10.1,24.8,28.5,31.1,,31,32,34,36,
2017-01-07 03:00,2214,21,20,0.00,78,0.05,,27.4,17.9,0.09,0.11,9.6,24.9,28.5,31.1,,31,32,34,36,
2017-01-07 04:00,2214,20,19,0.00,78,0.04,,25.8,18.0,0.09,0.11,9.6,24.8,28.5,31.1,,31,32,34,36,
2017-01-07 05:00,2214,20,19,0.00,79,0.05,,24.9,17.4,0.09,0.11,10.1,24.6,28.3,31.1,,31,32,34,36,
2017-01-07 06:00,2214,20,19,0.00,81,0.04,,27.0,16.5,0.09,0.11,9.6,25.1,28.6,31.1,,31,32,34,36,
2017-01-07 07:00,2214,20,20,0.00,83,4.55,,30.4,20.1,0.09,0.11,10.1,24.9,28.9,31.1,,31,32,34,36,
2017-01-07 08:00,2214,23,20,0.00,84,39.72,,22.7,12.0,0.09,0.12,9.6,24.9,28.6,31.1,,32,32,34,36,
2017-01-07 09:00,2214,25,22,0.00,84,135.60,,21.6,9.2,0.10,0.12,9.6,24.9,28.6,31.1,,31,32,34,36,
2017-01-07 10:00,2214,25,24,0.00,78,292.50,,20.2,9.7,0.10,0.13,9.8,24.6,28.6,31.2,,31,32,34,36,
2017-01-07 11:00,2214,31,24,0.00,78,293.50,,23.6,13.6,0.11,0.14,9.8,25.3,28.6,31.3,,31,32,34,36,
2017-01-07 12:00,2214,32,31,0.00,78,309.00,,17.2,9.9,0.14,0.18,9.6,25.1,28.0,31.0,,32,32,34,36,
2017-01-07 13:00,2214,38,32,0.01,82,339.40,,19.3,13.6,0.16,0.20,10.1,24.7,28.6,31.3,,32,32,34,36,
2017-01-07 14:00,2214,39,38,0.03,82,198.50,,20.4,13.2,0.19,0.23,9.5,24.7,28.6,31.0,,31,32,34,36,
2017-01-07 15:00,2214,41,39,0.00,83,87.40,,16.2,12.0,0.21,0.25,10.3,25.3,28.6,31.1,,31,32,34,36,
2017-01-07 16:00,2214,41,40,0.00,86,28.22,,16.5,10.8,0.22,0.25,9.8,24.6,28.6,31.1,,32,32,34,36,
2017-01-07 17:00,2214,41,39,0.00,87,0.06,,12.5,7.0,0.22,0.25,9.8,24.7,28.6,31.0,,31,32,34,36,
2017-01-07 18:00,2214,41,39,0.00,88,0.00,,11.8,6.6,0.21,0.25,9.9,24.6,27.9,30.9,,32,32,34,36,
2017-01-07 19:00,2214,41,34,0.00,83,0.00,,8.4,4.0,0.20,0.24,10.2,25.1,28.6,31.1,,31,32,34,36,
2017-01-07 20:00,2214,43,33,0.00,96,0.00,,10.2,4.8,0.19,0.21,10.0,24.8,28.6,31.1,,31,32,34,36,
2017-01-07 21:00,2214,41,39,0.01,87,0.00,,12.4,7.2,0.22,0.25,10.0,24.8,28.6,31.1,,32,32,34,36,
2017-01-07 22:00,2214,40,39,0.00,92,0.00,,7.1,4.1,0.22,0.24,10.0,24.8,28.6,31.1,,31,32,34,36,
2017-01-07 23:00,2214,41,40,0.00,90,0.00,,11.6,7.0,0.22,0.25,10.2,25.0,28.6,31.1,,32,32,34,36,
2017-01-08 00:00,2214,40,40,0.00,89,0.00,,12.4,8.9,0.22,0.25,10.4,24.6,27.6,30.8,,32,32,34,36,
2017-01-08 01:00,2214,40,38,0.00,92,0.00,,14.3,8.1,0.22,0.24,10.4,24.6,28.6,31.1,,31,32,34,36,
2017-01-08 02:00,2214,39,38,0.00,93,0.00,,13.6,8.4,0.22,0.23,10.4,24.8,28.1,30.8,,32,32,34,36,
2017-01-08 03:00,2214,39,38,0.01,94,0.00,,20.1,11.3,0.22,0.23,10.2,24.7,28.1,31.0,,31,32,34,36,
2017-01-08 04:00,2214,39,38,0.04,93,0.00,,19.0,12.5,0.22,0.24,10.6,24.4,28.7,30.8,,32,32,34,36,
2017-01-08 05:00,2214,39,38,0.04,93,0.00,,21.3,14.7,0.22,0.23,10.3,25.4,28.7,30.8,,32,32,34,36,
2017-01-08 06:00,2214,38,38,0.03,92,0.00,,19.6,11.8,0.21,0.23,10.6,25.1,28.2,30.8,,32,32,34,36,
2017-01-08 07:00,2214,38,38,0.02,93,3.90,,16.7,8.3,0.21,0.23,10.6,25.0,28.7,30.8,,32,32,34,36,
2017-01-08 08:00,2214,39,38,0.01,92,34.45,,22.7,12.2,0.21,0.23,10.4,25.5,28.6,30.8,,32,32,34,36,
2017-01-08 09:00,2214,39,38,0.16,90,43.99,,26.6,15.8,0.21,0.23,10.6,26.1,28.7,31.1,,32,32,34,36,
2017-01-08 10:00,2214,40,38,0.14,92,68.84,,18.8,11.8,0.22,0.24,10.8,25.8,29.6,31.0,,32,32,34,36,
2017-01-08 11:00,2214,44,40,0.09,92,85.60,,23.4,14.4,0.24,0.26,10.8,26.9,33.4,39.8,,32,32,34,36,
2017-01-08 12:00,2214,46,41,0.11,92,63.34,,21.9,14.4,0.26,0.29,10.9,27.7,34.6,45.6,,32,32,34,36,
2017-01-08 13:00,2214,42,41,0.08,93,76.40,,21.5,14.2,0.25,0.26,10.9,26.9,36.0,53.2,,32,32,34,36,
2017-01-08 14:00,2214,43,41,0.12,94,53.76,,20.8,13.7,0.25,0.27,10.8,28.4,39.3,53.5,,32,32,34,35,
2017-01-08 15:00,2214,44,42,0.19,94,12.92,,19.4,9.4,0.25,0.27,11.1,29.1,51.2,53.5,,32,32,33,35,
2017-01-08 16:00,2214,44,41,0.02,91,6.20,,13.9,9.5,0.26,0.28,11.0,29.5,55.8,53.5,,32,32,33,35,
2017-01-08 17:00,2214,44,41,0.00,95,0.00,,16.6,8.9,0.25,0.27,11.5,29.6,55.0,53.5,,32,32,32,35,
2017-01-08 18:00,2214,44,43,0.02,88,0.00,,17.4,10.9,0.25,0.29,11.6,29.7,51.1,53.5,,32,32,33,35,
2017-01-08 19:00,2214,43,42,0.10,91,0.00,,14.6,8.2,0.25,0.27,11.9,29.7,51.0,53.6,,32,32,33,35,
2017-01-08 20:00,2214,43,42,0.03,90,0.00,,12.6,7.3,0.24,0.27,12.2,29.5,55.4,53.5,,32,32,33,35,
2017-01-08 21:00,2214,44,42,0.00,88,0.00,,23.8,10.6,0.22,0.27,12.9,29.5,51.6,53.5,,32,32,33,35,
2017-01-08 22:00,2214,43,41,0.00,75,0.00,,32.2,11.8,0.21,0.27,13.6,29.8,50.6,53.6,,32,32,33,35,
2017-01-08 23:00,2214,42,41,0.04,82,0.00,,16.2,10.5,0.22,0.26,13.9,30.0,48.8,53.8,,32,32,33,35,
2017-01-09 00:00,2214,43,40,0.00,87,0.00,,19.0,9.5,0.22,0.26,14.4,29.8,48.3,53.6,,32,32,33,35,
2017-01-09 01:00,2214,42,39,0.00,91,0.00,,20.4,9.4,0.22,0.25,14.8,29.7,48.5,53.5,,32,32,33,35,
2017-01-09 02:00,2214,41,39,0.00,82,0.00,,20.8,9.2,0.20,0.25,15.1,29.3,47.4,53.6,,32,32,33,35,
2017-01-09 03:00,2214,39,39,0.00,79,0.00,,17.6,8.1,0.18,0.24,15.6,30.0,47.1,53.6,,32,32,33,35,
2017-01-09 04:00,2214,40,39,0.00,67,0.00,,14.4,7.3,0.16,0.24,16.0,30.1,46.6,53.6,,32,32,33,35,
2017-01-09 05:00,2214,39,38,0.00,67,0.00,,17.3,8.3,0.16,0.23,16.1,29.3,45.9,53.7,,32,32,33,35,
2017-01-09 06:00,2214,38,37,0.00,71,0.00,,11.5,4.7,0.16,0.23,16.3,29.9,45.2,53.6,,32,32,33,35,
2017-01-09 07:00,2214,38,34,0.00,75,6.63,,22.2,11.2,0.17,0.22,16.5,30.0,44.1,53.6,,32,32,33,35,
2017-01-09 08:00,2214,34,34,0.00,89,53.15,,16.2,8.8,0.16,0.19,16.6,29.4,43.2,53.6,,32,32,34,35,
2017-01-09 09:00,2214,34,33,0.00,84,130.60,,11.9,4.9,0.17,0.19,16.7,29.6,42.5,53.7,,32,32,33,35,
2017-01-09 10:00,2214,39,34,0.00,87,218.70,,17.8,7.9,0.16,0.21,17.2,29.8,42.0,53.7,,32,32,33,35,
2017-01-09 11:00,2214,40,39,0.00,57,289.20,,23.5,11.7,0.14,0.24,17.2,29.2,42.1,53.7,,32,32,34,35,
2017-01-09 12:00,2214,39,37,0.00,56,198.20,,24.2,14.3,0.14,0.23,17.5,29.2,42.1,53.7,,32,32,34,35,
2017-01-09 13:00,2214,37,36,0.00,72,167.30,,14.3,6.4,0.16,0.22,17.5,29.3,42.1,53.7,,32,32,34,35,
2017-01-09 14:00,2214,37,36,0.00,72,89.20,,18.4,8.5,0.15,0.22,17.4,29.3,41.8,53.7,,32,32,34,35,
2017-01-09 15:00,2214,37,35,0.00,68,58.53,,24.2,10.7,0.15,0.21,17.7,29.5,41.9,53.7,,32,32,34,35,
2017-01-09 16:00,2214,36,35,0.00,69,14.91,,21.2,9.9,0.15,0.21,17.9,29.5,41.7,53.7,,32,32,34,35,
2017-01-09 17:00,2214,36,34,0.00,72,0.08,,18.2,8.9,0.15,0.20,17.8,29.5,41.7,53.7,,32,32,34,35,
2017-01-09 18:00,2214,37,35,0.00,77,0.00,,21.1,10.6,0.15,0.21,18.0,29.3,41.7,53.8,,32,32,34,35,
2017-01-09 19:00,2214,36,36,0.00,74,0.00,,22.3,10.2,0.16,0.21,17.9,29.5,41.3,53.7,,32,32,34,35,
2017-01-09 20:00,2214,37,36,0.00,76,0.00,,18.7,11.3,0.17,0.22,17.9,29.0,41.1,53.9,,32,32,34,35,
2017-01-09 21:00,2214,37,36,0.00,73,0.00,,17.6,8.6,0.17,0.22,18.1,29.0,41.1,53.7,,32,32,34,35,
2017-01-09 22:00,2214,37,36,0.00,83,0.00,,20.3,9.7,0.17,0.22,18.2,29.1,41.4,53.7,,32,32,34,35,
2017-01-09 23:00,2214,37,36,0.00,78,0.00,,18.5,10.1,0.17,0.22,18.3,29.5,41.0,53.8,,32,32,34,35,
2017-01-10 00:00,2214,38,36,0.00,82,0.00,,20.3,10.8,0.17,0.22,18.4,29.2,41.0,53.8,,32,32,34,35,
2017-01-10 01:00,2214,40,38,0.00,75,0.00,,23.2,12.0,0.17,0.24,18.4,29.1,41.0,53.8,,32,32,34,35,
2017-01-10 02:00,2214,40,39,0.00,73,0.00,,21.2,12.4,0.18,0.24,18.6,29.3,40.7,53.8,,32,32,34,35,
2017-01-10 03:00,2214,40,39,0.00,73,0.00,,18.8,11.2,0.17,0.24,18.6,29.3,40.7,53.8,,32,32,34,35,
2017-01-10 04:00,2214,40,39,0.00,71,0.00,,26.2,13.5,0.17,0.24,18.5,29.2,40.5,53.8,,32,32,34,35,
2017-01-10 05:00,2214,40,36,0.00,72,0.00,,23.1,9.0,0.18,0.23,18.9,29.3,40.3,54.0,,32,32,34,35,
2017-01-10 06:00,2214,37,36,0.01,87,0.00,,11.4,4.4,0.18,0.22,18.8,29.1,40.3,53.8,,32,32,34,35,
2017-01-10 07:00,2214,36,36,0.03,90,3.70,,14.0,6.3,0.19,0.21,18.7,29.3,40.0,54.0,,32,32,34,35,
2017-01-10 08:00,2214,37,36,0.00,89,34.03,,15.5,9.7,0.19,0.22,19.0,29.2,40.3,53.8,,32,32,34,35,
2017-01-10 09:00,2214,37,36,0.02,86,49.35,,15.1,9.0,0.19,0.22,18.9,29.3,40.0,54.0,,32,32,34,35,
2017-01-10 10:00,2214,36,36,0.05,91,63.12,,14.9,8.7,0.19,0.21,19.0,29.2,40.1,54.0,,32,32,34,35,
2017-01-10 11:00,2214,36,36,0.04,90,65.64,,17.2,10.0,0.19,0.21,19.2,29.3,40.5,54.0,,32,32,34,35,
2017-01-10 12:00,2214,36,36,0.01,91,98.60,,22.4,14.8,0.19,0.21,19.1,29.3,41.3,54.0,,32,32,34,35,
2017-01-10 13:00,2214,36,35,0.02,90,49.01,,20.4,14.0,0.19,0.21,19.2,29.2,42.4,54.0,,32,32,34,35,
2017-01-10 14:00,2214,36,35,0.03,90,26.33,,23.8,16.0,0.19,0.21,19.4,29.8,43.2,54.0,,32,32,34,35,
2017-01-10 15:00,2214,36,35,0.04,92,16.50,,26.2,17.8,0.19,0.21,19.5,29.5,43.6,54.0,,32,32,34,35,
2017-01-10 16:00,2214,36,35,0.03,91,3.86,,21.8,14.2,0.19,0.20,19.6,29.9,44.8,54.0,,32,32,34,35,
2017-01-10 17:00,2214,37,35,0.04,93,0.06,,24.3,15.2,0.19,0.21,19.6,30.0,45.4,54.0,,32,32,34,35,
2017-01-10 18:00,2214,37,36,0.00,89,0.00,,23.3,16.0,0.19,0.21,19.7,29.5,45.7,54.0,,32,32,34,35,
2017-01-10 19:00,2214,36,35,0.04,89,0.00,,24.7,11.6,0.19,0.21,20.0,29.8,45.2,54.0,,32,32,34,35,
2017-01-10 20:00,2214,41,36,0.00,91,0.00,,23.8,11.8,0.19,0.25,20.1,30.0,45.2,54.1,,32,32,34,35,
2017-01-10 21:00,2214,41,38,0.00,67,0.00,,21.0,10.6,0.18,0.25,19.9,29.7,45.2,54.0,,32,32,34,35,
2017-01-10 22:00,2214,38,37,0.00,82,0.00,,17.8,8.5,0.17,0.23,20.2,29.8,44.1,53.8,,32,32,34,35,
2017-01-10 23:00,2214,38,35,0.00,73,0.00,,17.3,8.0,0.19,0.21,20.3,29.5,44.5,54.1,,32,32,34,35,
2017-01-11 00:00,2214,35,34,0.00,96,0.00,,4.9,1.4,0.19,0.20,20.3,29.3,43.8,54.0,,32,32,34,35,
2017-01-11 01:00,2214,34,34,0.00,98,0.00,,9.3,0.4,0.19,0.20,20.2,29.6,43.4,54.4,,32,32,34,35,
2017-01-11 02:00,2214,35,34,0.00,98,0.00,,20.9,8.3,0.19,0.20,20.4,29.9,42.1,54.4,,32,32,34,35,
2017-01-11 03:00,2214,35,35,0.00,86,0.00,,22.1,11.8,0.18,0.20,20.3,29.4,42.7,54.0,,32,32,34,35,
2017-01-11 04:00,2214,35,34,0.00,85,0.00,,24.1,12.0,0.17,0.20,20.3,29.4,42.1,54.4,,32,32,34,35,
2017-01-11 05:00,2214,34,33,0.00,82,0.00,,17.2,10.2,0.16,0.19,20.5,29.8,42.1,53.8,,32,32,34,35,
2017-01-11 06:00,2214,34,33,0.00,81,0.01,,18.8,7.5,0.16,0.19,20.5,29.4,41.8,54.4,,32,32,34,35,
2017-01-11 07:00,2214,33,32,0.00,84,4.75,,7.9,5.0,0.16,0.18,20.5,29.5,41.8,54.5,,32,32,34,35,
2017-01-11 08:00,2214,33,32,0.00,94,47.99,,14.0,7.6,0.17,0.18,20.5,29.6,41.5,54.3,,32,32,34,35,
2017-01-11 09:00,2214,33,33,0.00,87,136.60,,10.0,7.3,0.17,0.19,20.5,29.6,41.3,53.8,,32,32,34,35,
2017-01-11 10:00,2214,34,32,0.00,92,176.00,,11.8,7.9,0.17,0.19,20.5,29.8,41.3,54.5,,32,32,34,35,
2017-01-11 11:00,2214,36,34,0.15,84,259.30,,13.4,6.3,0.16,0.20,20.4,29.4,41.3,54.2,,32,32,34,35,
2017-01-11 12:00,2214,37,34,0.00,70,453.10,,14.0,7.3,0.14,0.21,20.2,29.1,41.3,54.4,,32,32,34,35,
2017-01-11 13:00,2214,35,34,0.00,74,424.40,,15.7,8.0,0.14,0.20,20.5,29.2,41.1,54.2,,32,32,34,35,
2017-01-11 14:00,2214,34,33,0.00,76,358.10,,14.0,8.2,0.15,0.19,20.6,29.2,41.1,54.2,,32,32,34,35,
2017-01-11 15:00,2214,34,31,0.00,74,125.40,,9.9,5.9,0.14,0.19,20.6,29.8,41.3,54.5,,32,32,34,35,
2017-01-11 16:00,2214,32,31,0.00,82,37.18,,4.1,2.3,0.14,0.17,20.8,29.8,41.3,54.5,,32,32,34,35,
2017-01-11 17:00,2214,31,28,0.00,87,0.11,,5.1,2.0,0.15,0.17,20.7,29.4,41.3,54.3,,32,32,34,35,
2017-01-11 18:00,2214,29,27,0.00,92,0.01,,6.6,3.0,0.14,0.15,21.0,29.5,41.3,54.5,,32,32,34,35,
2017-01-11 19:00,2214,29,29,0.00,93,0.00,,6.3,1.7,0.15,0.16,20.7,29.5,41.3,54.5,,32,32,34,35,
2017-01-11 20:00,2214,30,27,0.00,92,0.00,,13.4,5.6,0.14,0.16,21.0,29.0,41.1,54.2,,32,32,34,35,
2017-01-11 21:00,2214,27,25,0.00,95,0.01,,3.3,1.7,0.14,0.14,20.9,29.2,41.1,54.3,,32,32,34,35,
2017-01-11 22:00,2214,26,26,0.00,96,0.01,,4.2,2.1,0.14,0.14,20.8,29.0,41.1,54.3,,32,32,34,35,
2017-01-11 23:00,2214,26,23,0.00,94,0.02,,4.3,1.9,0.12,0.13,21.1,29.0,41.3,54.3,,32,32,34,35,
2017-01-12 00:00,2214,24,17,0.00,96,0.04,,5.3,2.6,0.11,0.12,20.9,29.2,41.3,54.3,,32,32,34,35,
2017-01-12 01:00,2214,21,17,0.00,92,0.06,,4.9,2.6,0.10,0.11,20.9,29.2,41.4,54.3,,32,32,34,35,
2017-01-12 02:00,2214,18,15,0.00,93,0.06,,3.8,1.7,0.09,0.09,20.9,29.8,41.0,54.3,,32,32,34,35,
2017-01-12 03:00,2214,18,16,0.00,91,0.07,,3.8,1.9,0.09,0.10,21.2,29.4,40.7,54.3,,32,32,34,35,
2017-01-12 04:00,2214,18,12,0.00,92,0.09,,4.6,1.5,0.08,0.09,21.2,29.2,41.0,54.3,,32,32,34,35,
2017-01-12 05:00,2214,15,9,0.00,90,0.08,,4.1,1.8,0.07,0.08,21.1,29.2,40.7,54.3,,32,32,34,35,
2017-01-12 06:00,2214,13,7,0.00,91,0.09,,4.3,1.4,0.06,0.07,21.3,29.4,40.7,54.6,,32,32,34,35,
2017-01-12 07:00,2214,10,7,0.00,88,3.82,,3.4,1.3,0.06,0.06,21.2,29.2,40.7,54.3,,32,32,34,35,
2017-01-12 08:00,2214,10,8,0.00,87,45.87,,2.5,0.7,0.06,0.06,21.0,29.5,40.4,54.3,,32,32,34,35,
2017-01-12 09:00,2214,16,10,0.00,86,128.30,,1.9,0.5,0.07,0.08,21.6,29.3,40.5,54.3,,32,32,34,35,
2017-01-12 10:00,2214,20,15,0.00,87,189.70,,1.9,0.6,0.08,0.09,21.3,29.5,40.6,54.8,,32,32,34,35,
2017-01-12 11:00,2214,22,20,0.00,89,258.10,,3.0,1.2,0.10,0.11,21.3,29.1,40.3,54.8,,32,32,34,35,
2017-01-12 12:00,2214,27,22,0.04,90,233.80,,2.4,0.5,0.11,0.12,21.2,29.0,40.0,54.8,,32,32,34,35,
2017-01-12 13:00,2214,30,27,0.00,87,219.40,,3.3,0.6,0.13,0.15,21.4,29.2,40.3,54.3,,32,32,34,35,
2017-01-12 14:00,2214,30,30,0.00,72,155.40,,8.6,4.2,0.12,0.17,21.2,29.2,40.3,54.8,,32,32,34,35,
2017-01-12 15:00,2214,30,30,0.00,77,141.70,,8.5,5.8,0.13,0.17,21.6,29.0,40.3,54.5,,32,32,34,35,
2017-01-12 16:00,2214,30,28,0.00,78,52.88,,8.1,4.4,0.13,0.16,21.8,29.2,40.3,54.9,,32,32,34,35,
2017-01-12 17:00,2214,28,25,0.00,81,0.35,,9.9,5.5,0.12,0.15,21.4,29.0,40.3,54.6,,32,32,34,35,
2017-01-12 18:00,2214,25,21,0.00,83,0.02,,9.4,4.1,0.11,0.13,21.7,29.2,40.3,54.6,,32,32,34,35,
2017-01-12 19:00,2214,22,19,0.00,86,0.05,,8.4,2.1,0.10,0.12,21.9,29.2,40.4,54.6,,32,32,34,35,
2017-01-12 20:00,2214,21,15,0.00,88,0.03,,4.5,2.7,0.09,0.10,21.8,29.2,40.0,54.6,,32,32,34,35,
2017-01-12 21:00,2214,15,13,0.00,90,0.06,,5.9,3.9,0.08,0.09,21.9,29.0,40.0,54.6,,32,32,34,35,
2017-01-12 22:00,2214,16,14,0.00,90,0.07,,5.8,3.4,0.08,0.09,22.1,29.0,40.0,54.6,,32,32,34,35,
2017-01-12 23:00,2214,15,11,0.00,88,0.09,,5.3,2.1,0.07,0.08,22.0,29.2,40.0,54.6,,32,32,34,35,
2017-01-13 00:00,2214,12,7,0.00,89,0.11,,5.1,2.2,0.06,0.07,22.0,29.2,39.0,54.6,,32,32,34,35,
2017-01-13 01:00,2214,11,7,0.00,90,0.13,,4.4,2.3,0.06,0.07,22.0,29.5,39.0,54.6,,32,32,34,35,
2017-01-13 02:00,2214,9,5,0.00,89,0.15,,4.2,2.1,0.06,0.06,22.2,29.2,40.0,54.6,,32,32,34,35,
2017-01-13 03:00,2214,11,5,0.00,87,0.15,,4.6,1.9,0.06,0.06,22.0,29.5,39.7,54.6,,32,32,34,35,
2017-01-13 04:00,2214,11,3,0.00,90,0.15,,5.1,2.6,0.05,0.06,22.1,29.5,39.0,54.6,,32,32,34,35,
2017-01-13 05:00,2214,11,5,0.00,88,0.16,,4.2,2.3,0.06,0.06,22.1,29.5,39.9,54.6,,32,32,34,35,
2017-01-13 06:00,2214,9,2,0.00,86,0.18,,4.4,2.0,0.05,0.06,21.9,28.6,39.9,54.6,,32,32,34,35,
2017-01-13 07:00,2214,8,2,0.00,85,8.77,,3.4,1.7,0.05,0.06,22.1,28.9,39.5,54.7,,32,32,34,35,
2017-01-13 08:00,2214,12,7,0.00,87,164.10,,2.3,0.6,0.06,0.07,22.2,29.2,39.5,54.6,,32,32,34,35,
2017-01-13 09:00,2214,21,12,0.00,85,316.20,,3.8,1.0,0.08,0.10,22.2,28.9,39.3,54.7,,32,32,34,35,
2017-01-13 10:00,2214,28,19,0.00,79,381.40,,5.7,2.1,0.09,0.13,22.2,28.9,39.3,54.9,,32,32,34,35,
2017-01-13 11:00,2214,35,28,0.00,63,463.00,,11.7,3.6,0.10,0.17,22.2,29.3,38.9,54.9,,32,32,34,35,
2017-01-13 12:00,2214,33,31,0.00,57,501.40,,10.3,6.9,0.11,0.18,22.1,28.9,39.3,54.7,,32,32,34,35,
2017-01-13 13:00,2214,35,33,0.00,58,450.80,,8.6,5.5,0.11,0.19,22.1,29.4,39.0,54.9,,32,32,34,35,
2017-01-13 14:00,2214,35,34,0.00,55,348.90,,11.6,7.9,0.11,0.20,22.1,29.2,39.0,54.9,,32,32,34,35,
2017-01-13 15:00,2214,34,32,0.00,58,208.80,,12.4,8.8,0.11,0.19,22.4,28.7,39.0,54.7,,32,32,34,35,
2017-01-13 16:00,2214,32,28,0.00,59,44.57,,13.7,8.2,0.10,0.17,22.3,29.0,38.3,54.9,,32,32,34,35,
2017-01-13 17:00,2214,28,25,0.00,66,0.30,,9.2,4.2,0.10,0.15,22.4,28.7,38.7,54.9,,32,32,34,35,
2017-01-13 18:00,2214,27,24,0.00,65,0.02,,7.2,3.1,0.10,0.14,21.9,29.4,38.3,55.0,,32,32,34,35,
2017-01-13 19:00,2214,26,24,0.00,74,0.02,,16.3,8.9,0.10,0.14,22.3,28.7,39.1,54.9,,32,32,34,35,
2017-01-13 20:00,2214,26,25,0.00,71,0.02,,17.8,12.3,0.10,0.14,22.3,29.4,38.9,55.0,,32,32,34,35,
2017-01-13 21:00,2214,26,24,0.00,70,0.02,,15.0,9.8,0.09,0.14,22.4,29.1,38.7,55.0,,32,32,34,35,
2017-01-13 22:00,2214,25,23,0.00,70,0.02,,9.0,4.0,0.09,0.13,22.1,29.4,38.9,54.9,,32,32,34,35,
2017-01-13 23:00,2214,26,23,0.00,72,0.04,,8.0,3.2,0.09,0.13,22.1,29.1,38.9,54.9,,32,32,34,35,
2017-01-14 00:00,2214,27,26,0.00,70,0.02,,14.2,5.6,0.10,0.14,22.1,28.7,38.9,55.0,,32,32,34,35,
2017-01-14 01:00,2214,26,25,0.00,73,0.04,,11.6,3.5,0.10,0.14,22.1,28.7,38.9,55.0,,32,32,34,35,
2017-01-14 02:00,2214,27,26,0.00,72,0.03,,13.0,5.4,0.10,0.14,22.4,29.2,38.5,54.9,,32,32,34,35,
2017-01-14 03:00,2214,26,26,0.00,76,0.02,,15.6,7.7,0.11,0.14,22.0,29.1,38.5,55.0,,32,32,34,35,
2017-01-14 04:00,2214,26,25,0.00,79,0.02,,17.5,8.3,0.11,0.14,22.1,28.9,38.6,54.8,,32,32,34,35,
2017-01-14 05:00,2214,26,26,0.00,78,0.01,,17.9,9.1,0.11,0.14,21.9,28.8,38.9,54.9,,32,32,34,35,
2017-01-14 06:00,2214,27,26,0.00,80,0.02,,23.5,12.2,0.12,0.14,21.8,28.9,38.6,55.0,,32,32,34,35,
2017-01-14 07:00,2214,28,27,0.00,81,7.67,,19.9,11.1,0.12,0.15,21.9,28.9,38.6,54.9,,32,32,34,35,
2017-01-14 08:00,2214,28,28,0.00,80,102.70,,22.3,12.7,0.12,0.15,21.6,29.0,37.9,54.9,,32,32,34,35,
2017-01-14 09:00,2214,30,28,0.00,79,193.90,,18.5,9.5,0.13,0.16,21.7,28.5,37.9,55.0,,32,32,34,35,
2017-01-14 10:00,2214,31,30,0.00,78,315.10,,22.5,12.3,0.13,0.17,21.8,28.7,38.4,54.9,,32,32,34,35,
2017-01-14 11:00,2214,31,30,0.00,77,382.40,,22.6,12.0,0.13,0.17,21.8,28.9,38.0,54.9,,32,32,34,35,
2017-01-14 12:00,2214,32,31,0.00,77,470.20,,21.9,14.2,0.14,0.18,21.7,28.9,38.1,54.9,,32,32,34,35,
2017-01-14 13:00,2214,33,31,0.00,75,514.70,,23.3,13.2,0.14,0.18,21.7,28.9,38.2,54.9,,32,32,34,35,
2017-01-14 14:00,2214,31,30,0.00,76,222.20,,23.4,15.7,0.13,0.17,21.9,28.6,38.2,55.0,,32,33,34,35,
2017-01-14 15:00,2214,31,30,0.00,78,130.70,,19.2,12.0,0.13,0.17,21.8,28.6,37.3,55.3,,32,33,34,35,
2017-01-14 16:00,2214,30,29,0.00,80,36.84,,19.2,12.2,0.13,0.16,21.6,28.5,38.0,54.9,,32,32,34,35,
2017-01-14 17:00,2214,29,29,0.00,82,0.18,,22.0,13.0,0.13,0.16,21.6,28.7,38.0,55.3,,32,32,34,35,
2017-01-14 18:00,2214,29,28,0.00,85,0.01,,22.6,13.7,0.13,0.15,21.9,28.9,38.0,55.0,,32,32,34,35,
2017-01-14 19:00,2214,28,28,0.00,85,0.01,,22.5,13.4,0.13,0.15,21.8,28.7,37.4,55.3,,32,32,34,35,
2017-01-14 20:00,2214,28,27,0.00,85,0.01,,23.3,13.1,0.13,0.15,22.1,28.6,38.0,55.3,,32,32,34,35,
2017-01-14 21:00,2214,28,27,0.00,85,0.01,,22.4,12.9,0.13,0.15,22.0,28.7,38.0,54.9,,32,32,34,35,
2017-01-14 22:00,2214,28,27,0.00,85,0.02,,22.2,14.0,0.13,0.15,21.9,28.9,38.0,55.3,,32,32,34,35,
2017-01-14 23:00,2214,27,27,0.00,85,0.02,,22.2,14.0,0.13,0.15,21.9,28.8,38.0,55.3,,32,32,34,35,
2017-01-15 00:00,2214,27,27,0.00,89,0.02,,23.8,12.5,0.13,0.15,21.9,28.6,38.0,55.3,,32,32,34,35,
2017-01-15 01:00,2214,28,27,0.00,89,0.01,,18.5,11.0,0.13,0.15,22.0,28.5,37.2,55.4,,32,32,34,35,
2017-01-15 02:00,2214,28,27,0.00,90,0.02,,17.0,10.5,0.14,0.15,22.1,28.8,37.6,55.3,,32,32,34,35,
2017-01-15 03:00,2214,27,27,0.00,92,0.01,,14.4,9.5,0.14,0.15,21.8,28.6,37.3,55.4,,32,32,34,35,
2017-01-15 04:00,2214,27,26,0.00,91,0.01,,17.4,9.7,0.13,0.14,21.9,28.9,37.6,55.4,,32,33,34,35,
2017-01-15 05:00,2214,26,26,0.00,93,0.02,,15.9,10.3,0.13,0.14,21.8,29.0,37.6,55.4,,32,32,34,35,
2017-01-15 06:00,2214,26,26,0.00,93,0.01,,16.6,10.7,0.13,0.14,21.9,28.2,37.4,55.4,,32,32,34,35,
2017-01-15 07:00,2214,26,25,0.00,93,13.09,,16.2,10.8,0.13,0.14,21.6,28.8,37.3,55.4,,32,32,34,35,
2017-01-15 08:00,2214,26,25,0.00,92,126.50,,17.2,11.2,0.13,0.14,21.6,28.4,37.3,55.4,,32,32,34,35,
2017-01-15 09:00,2214,27,26,0.00,90,139.10,,19.6,11.9,0.13,0.14,21.7,28.7,36.7,55.1,,32,32,34,35,
2017-01-15 10:00,2214,29,27,0.00,90,314.70,,16.6,9.1,0.13,0.15,21.7,28.4,37.0,55.4,,32,32,34,35,
2017-01-15 11:00,2214,30,28,0.00,82,380.80,,15.2,8.7,0.13,0.16,21.8,28.5,37.2,55.4,,32,32,34,35,
2017-01-15 12:00,2214,31,30,0.00,78,529.10,,12.2,7.8,0.13,0.17,21.7,28.4,37.3,55.4,,32,32,34,35,
2017-01-15 13:00,2214,32,31,0.00,75,470.10,,10.9,7.7,0.13,0.17,21.7,28.7,37.1,55.5,,32,32,34,35,
2017-01-15 14:00,2214,32,31,0.00,76,354.70,,10.3,7.2,0.13,0.18,21.6,28.9,36.3,55.3,,32,32,34,36,
2017-01-15 15:00,2214,31,29,0.00,77,214.70,,11.8,7.9,0.13,0.17,21.8,28.7,37.1,55.5,,32,32,34,35,
2017-01-15 16:00,2214,29,26,0.00,81,50.51,,12.9,8.1,0.12,0.15,21.8,28.4,37.3,55.3,,32,32,34,35,
2017-01-15 17:00,2214,26,23,0.00,89,0.43,,12.1,5.7,0.12,0.14,21.6,28.7,37.1,55.5,,32,32,34,35,
2017-01-15 18:00,2214,24,23,0.00,94,0.02,,8.2,4.8,0.12,0.12,21.9,28.2,37.3,55.5,,32,33,34,35,
2017-01-15 19:00,2214,23,22,0.00,95,0.02,,5.8,3.7,0.11,0.12,21.8,28.7,37.3,55.5,,32,32,34,35,
2017-01-15 20:00,2214,22,20,0.00,94,0.03,,4.1,1.4,0.11,0.11,22.0,28.4,36.8,55.6,,32,32,34,35,
2017-01-15 21:00,2214,20,17,0.00,94,0.05,,4.8,2.0,0.10,0.11,22.0,28.7,37.3,55.5,,32,32,34,35,
2017-01-15 22:00,2214,20,19,0.00,94,0.04,,5.9,1.7,0.10,0.11,21.9,28.7,37.0,55.3,,32,32,34,35,
2017-01-15 23:00,2214,20,18,0.00,94,0.04,,9.4,2.4,0.10,0.11,21.8,28.2,37.0,55.6,,32,33,34,35,
2017-01-16 00:00,2214,21,17,0.00,92,0.06,,4.1,2.1,0.10,0.10,21.9,28.2,37.0,55.1,,32,33,34,35,
2017-01-16 01:00,2214,18,15,0.00,93,0.06,,4.2,2.2,0.09,0.10,21.9,28.9,37.0,55.3,,32,32,34,35,
2017-01-16 02:00,2214,16,13,0.00,92,0.10,,4.6,2.0,0.08,0.09,21.6,28.5,36.6,55.7,,32,32,34,35,
2017-01-16 03:00,2214,15,13,0.00,91,0.09,,3.5,1.1,0.08,0.09,21.4,28.9,36.7,55.6,,32,32,34,35,
2017-01-16 04:00,2214,14,11,0.00,90,0.12,,3.5,1.9,0.07,0.08,21.2,28.5,36.9,55.7,,32,32,34,35,
2017-01-16 05:00,2214,13,9,0.00,89,0.11,,4.6,1.8,0.06,0.07,20.9,28.0,36.4,55.5,,32,33,34,35,
2017-01-16 06:00,2214,13,12,0.00,90,0.14,,4.7,1.8,0.07,0.08,20.9,28.5,36.7,55.6,,32,32,34,35,
2017-01-16 07:00,2214,15,10,0.00,90,7.60,,2.9,1.2,0.07,0.08,20.7,28.6,36.3,53.1,,32,32,34,35,
2017-01-16 08:00,2214,22,15,0.00,89,115.00,,2.9,1.2,0.09,0.10,20.3,28.2,35.7,53.0,,32,32,34,35,
2017-01-16 09:00,2214,24,22,0.00,91,292.40,,6.1,1.8,0.11,0.12,19.9,28.5,36.3,52.8,,32,32,34,35,
2017-01-16 10:00,2214,27,24,0.00,82,400.90,,14.4,6.6,0.10,0.14,19.3,28.3,36.0,52.4,,32,32,34,35,
2017-01-16 11:00,2214,28,26,0.00,69,492.00,,17.7,12.1,0.10,0.15,19.1,27.9,36.0,52.4,,32,32,34,35,
2017-01-16 12:00,2214,28,26,0.00,75,505.30,,17.0,12.0,0.11,0.15,19.1,28.5,36.1,52.4,,32,32,34,35,
2017-01-16 13:00,2214,31,28,0.00,74,447.10,,16.8,10.4,0.11,0.16,18.8,28.0,35.4,51.9,,32,32,34,35,
2017-01-16 14:00,2214,31,29,0.00,67,353.90,,15.0,10.0,0.12,0.17,18.9,28.3,35.1,52.3,,32,32,34,35,
2017-01-16 15:00,2214,29,27,0.00,69,214.90,,17.9,12.4,0.11,0.16,18.9,28.3,35.5,52.0,,32,32,34,35,
2017-01-16 16:00,2214,27,25,0.00,77,51.42,,19.4,12.4,0.11,0.14,18.9,28.3,35.5,52.0,,32,32,34,35,
2017-01-16 17:00,2214,25,24,0.00,81,0.48,,20.2,14.0,0.11,0.13,18.8,28.2,35.6,51.9,,32,32,34,35,
2017-01-16 18:00,2214,24,23,0.00,85,0.01,,21.6,12.5,0.11,0.13,18.8,28.1,35.3,52.0,,32,32,34,35,
2017-01-16 19:00,2214,23,23,0.00,88,0.02,,18.7,12.2,0.11,0.13,19.3,28.3,35.3,52.0,,32,32,34,35,
2017-01-16 20:00,2214,23,23,0.00,88,0.02,,23.9,15.3,0.11,0.12,19.2,28.1,35.5,52.0,,32,32,34,35,
2017-01-16 21:00,2214,23,23,0.00,89,0.02,,22.1,15.8,0.11,0.12,19.3,28.2,35.5,51.9,,32,32,34,35,
2017-01-16 22:00,2214,23,23,0.00,89,0.01,,24.1,16.3,0.11,0.12,18.9,28.5,34.9,52.0,,32,32,34,35,
2017-01-16 23:00,2214,23,22,0.00,89,0.02,,25.3,16.7,0.11,0.12,18.6,28.5,35.5,52.0,,32,32,34,35,
2017-01-17 00:00,2214,23,22,0.00,90,0.02,,24.3,17.3,0.11,0.12,18.3,28.3,35.1,51.7,,32,32,34,35,
2017-01-17 01:00,2214,22,22,0.00,87,0.02,,23.4,14.0,0.11,0.12,17.9,27.5,35.2,51.7,,32,32,34,35,
2017-01-17 02:00,2214,23,22,0.00,83,0.02,,15.5,10.3,0.10,0.12,17.2,27.7,34.5,51.7,,32,32,34,35,
2017-01-17 03:00,2214,22,22,0.00,85,0.03,,15.8,10.6,0.10,0.12,16.4,28.1,35.0,51.7,,32,32,34,35,
2017-01-17 04:00,2214,22,22,0.00,85,0.03,,20.0,12.4,0.10,0.12,16.1,28.1,34.7,51.7,,32,32,34,35,
2017-01-17 05:00,2214,22,21,0.00,86,0.03,,21.7,12.3,0.10,0.12,15.4,27.7,33.9,51.7,,32,32,34,35,
2017-01-17 06:00,2214,22,21,0.00,88,0.02,,20.9,14.9,0.10,0.12,14.9,27.7,34.5,51.3,,32,32,34,35,
2017-01-17 07:00,2214,22,21,0.00,89,23.99,,27.8,14.4,0.10,0.12,14.3,27.7,34.6,51.3,,32,32,34,35,
2017-01-17 08:00,2214,24,22,0.00,88,143.90,,24.6,15.7,0.11,0.13,13.3,27.3,34.5,51.2,,32,32,34,35,
2017-01-17 09:00,2214,27,24,0.00,86,268.50,,21.2,12.8,0.11,0.13,12.8,27.8,34.3,51.3,,32,32,34,35,
2017-01-17 10:00,2214,29,26,0.00,80,371.70,,19.4,12.2,0.12,0.15,12.7,27.8,34.4,51.2,,32,32,34,35,
2017-01-17 11:00,2214,31,27,0.00,78,521.10,,20.8,14.5,0.12,0.15,12.7,27.4,34.0,51.2,,32,32,34,35,
2017-01-17 12:00,2214,33,30,0.00,74,360.50,,16.1,10.5,0.13,0.17,12.4,27.8,34.0,51.2,,32,32,34,36,
2017-01-17 13:00,2214,33,31,0.00,71,407.80,,17.3,11.6,0.13,0.18,12.6,27.6,34.0,51.2,,32,32,34,35,
2017-01-17 14:00,2214,33,30,0.00,73,309.30,,16.9,11.6,0.13,0.18,12.9,27.8,34.0,51.2,,32,32,34,35,
2017-01-17 15:00,2214,30,29,0.00,78,120.00,,19.9,12.7,0.13,0.17,12.8,27.6,34.0,50.8,,32,32,34,35,
2017-01-17 16:00,2214,29,28,0.00,80,27.86,,20.7,14.3,0.13,0.16,13.0,27.3,34.0,50.9,,32,32,34,35,
2017-01-17 17:00,2214,28,28,0.00,81,0.18,,20.0,13.0,0.12,0.15,13.3,27.6,33.7,50.9,,32,32,34,35,
2017-01-17 18:00,2214,28,28,0.00,83,0.00,,15.0,10.7,0.13,0.15,13.5,27.3,33.8,50.9,,32,32,34,35,
2017-01-17 19:00,2214,33,28,0.00,80,0.01,,15.9,9.0,0.13,0.16,13.4,27.6,33.8,50.9,,32,32,34,35,
2017-01-17 20:00,2214,35,33,0.00,66,0.00,,17.0,10.1,0.13,0.20,13.7,28.2,33.8,50.7,,32,32,34,35,
2017-01-17 21:00,2214,35,34,0.00,64,0.00,,17.7,12.3,0.13,0.20,13.7,27.8,33.9,50.5,,32,32,34,35,
2017-01-17 22:00,2214,36,34,0.00,73,0.00,,17.0,9.4,0.14,0.20,13.7,27.6,33.4,50.6,,32,32,34,35,
2017-01-17 23:00,2214,36,35,0.00,68,0.00,,15.5,8.6,0.14,0.20,14.0,27.8,33.4,50.6,,32,32,34,35,
2017-01-18 00:00,2214,36,36,0.00,66,0.00,,12.6,7.0,0.14,0.21,13.9,27.8,33.4,50.6,,32,32,34,35,
2017-01-18 01:00,2214,36,36,0.00,65,0.00,,18.2,9.5,0.13,0.21,13.9,27.6,33.4,50.6,,32,32,34,35,
2017-01-18 02:00,2214,36,35,0.00,64,0.00,,16.0,8.6,0.13,0.21,14.2,27.3,33.4,50.6,,32,32,34,35,
2017-01-18 03:00,2214,38,36,0.00,62,0.01,,10.7,4.8,0.13,0.22,14.1,27.3,33.4,50.7,,32,32,34,35,
2017-01-18 04:00,2214,38,37,0.00,58,0.00,,14.4,6.4,0.14,0.23,14.2,27.5,33.1,50.6,,32,32,34,35,
2017-01-18 05:00,2214,37,36,0.00,62,0.00,,19.6,8.8,0.14,0.22,14.4,27.3,33.7,50.6,,32,32,34,35,
2017-01-18 06:00,2214,36,35,0.00,67,0.00,,21.1,11.1,0.15,0.21,14.4,27.3,33.4,50.6,,32,32,34,35,
2017-01-18 07:00,2214,35,34,0.00,76,8.08,,20.9,11.9,0.16,0.20,14.6,27.3,33.8,50.6,,32,32,34,35,
2017-01-18 08:00,2214,37,34,0.00,79,117.10,,22.8,15.0,0.16,0.21,14.3,27.8,33.4,50.6,,32,32,34,35,
2017-01-18 09:00,2214,38,37,0.00,72,118.00,,19.8,11.7,0.16,0.22,14.2,27.6,33.8,50.6,,32,32,34,35,
2017-01-18 10:00,2214,38,35,0.04,75,78.85,,20.1,11.2,0.18,0.21,14.6,27.6,33.5,50.6,,32,32,34,35,
2017-01-18 11:00,2214,37,35,0.00,90,230.20,,29.5,16.2,0.18,0.21,14.5,28.2,33.7,50.6,,32,32,34,35,
2017-01-18 12:00,2214,37,37,0.00,76,201.70,,29.9,17.8,0.17,0.22,14.6,27.8,33.8,50.7,,32,32,34,35,
2017-01-18 13:00,2214,37,36,0.01,72,122.00,,33.1,19.6,0.16,0.22,14.5,27.3,33.1,50.6,,32,32,34,35,
2017-01-18 14:00,2214,36,36,0.00,76,82.30,,31.6,19.6,0.16,0.21,14.6,28.2,33.8,50.6,,32,32,34,35,
2017-01-18 15:00,2214,36,35,0.00,80,66.84,,29.7,17.3,0.17,0.21,14.7,28.2,33.4,50.6,,32,32,34,35,
2017-01-18 16:00,2214,37,36,0.00,80,13.24,,29.8,19.5,0.17,0.22,14.8,27.9,33.4,50.9,,32,32,34,35,
2017-01-18 17:00,2214,37,36,0.00,83,0.12,,32.7,19.8,0.18,0.22,15.1,27.6,33.4,50.9,,32,32,34,35,
2017-01-18 18:00,2214,37,36,0.00,80,0.00,,32.6,17.8,0.17,0.22,14.8,27.9,33.9,50.9,,32,32,34,35,
2017-01-18 19:00,2214,36,34,0.02,82,0.00,,22.6,8.4,0.18,0.21,15.4,27.7,33.6,50.9,,32,32,34,35,
2017-01-18 20:00,2214,34,33,0.00,94,0.00,,4.0,1.6,0.18,0.19,15.1,27.9,33.8,50.8,,32,32,34,35,
2017-01-18 21:00,2214,35,33,0.00,97,0.00,,7.9,2.8,0.18,0.19,15.2,28.5,33.5,51.2,,32,32,34,35,
2017-01-18 22:00,2214,37,35,0.01,87,0.00,,15.3,5.0,0.18,0.21,15.4,28.5,34.1,51.2,,32,32,34,35,
2017-01-18 23:00,2214,37,36,0.00,75,0.00,,25.8,14.9,0.16,0.22,15.4,28.2,34.0,51.0,,32,32,34,35,
2017-01-19 00:00,2214,36,36,0.01,75,0.00,,23.4,12.5,0.16,0.21,15.7,28.2,34.0,51.3,,32,32,34,35,
2017-01-19 01:00,2214,36,35,0.00,72,0.00,,15.0,8.2,0.15,0.21,16.0,28.2,34.4,51.3,,32,32,34,35,
2017-01-19 02:00,2214,35,33,0.00,79,0.00,,14.2,4.2,0.16,0.19,15.8,28.2,34.4,51.7,,32,32,34,35,
2017-01-19 03:00,2214,34,31,0.00,85,0.00,,9.9,5.4,0.17,0.18,15.9,28.2,34.3,51.7,,32,32,34,35,
2017-01-19 04:00,2214,31,30,0.00,96,0.00,,9.6,3.9,0.16,0.17,16.0,27.9,34.3,51.9,,32,32,34,35,
2017-01-19 05:00,2214,30,29,0.00,95,0.01,,5.2,3.0,0.16,0.17,15.9,27.9,34.3,52.0,,32,32,34,35,
2017-01-19 06:00,2214,29,28,0.00,94,0.00,,8.6,3.4,0.15,0.16,16.2,28.4,34.3,52.0,,32,32,34,35,
2017-01-19 07:00,2214,29,28,0.00,93,11.30,,4.8,1.9,0.14,0.16,16.3,28.2,34.6,52.0,,32,32,34,35,
2017-01-19 08:00,2214,28,27,0.00,87,99.40,,6.4,2.8,0.14,0.15,16.4,28.2,34.6,52.1,,32,32,34,35,
2017-01-19 09:00,2214,33,28,0.00,90,155.80,,6.8,2.3,0.14,0.17,16.5,28.3,34.6,52.1,,32,32,34,35,
2017-01-19 10:00,2214,37,33,0.01,79,395.60,,12.6,4.9,0.14,0.21,16.6,28.3,34.6,52.1,,32,32,34,35,
2017-01-19 11:00,2214,37,35,0.00,72,466.70,,13.2,8.6,0.15,0.21,16.6,28.3,34.6,52.3,,32,32,34,35,
2017-01-19 12:00,2214,35,33,0.00,76,191.80,,10.9,5.5,0.16,0.19,16.9,28.3,34.6,52.1,,32,32,34,35,
2017-01-19 13:00,2214,36,34,0.00,89,322.50,,9.5,6.2,0.17,0.20,16.6,28.1,34.9,52.4,,32,32,34,35,
2017-01-19 14:00,2214,39,35,0.00,77,349.70,,9.2,5.9,0.16,0.22,16.7,28.3,34.5,52.2,,32,32,34,35,
2017-01-19 15:00,2214,35,32,0.00,80,60.31,,10.3,6.0,0.17,0.19,17.0,28.6,34.8,52.2,,32,32,34,35,
2017-01-19 16:00,2214,33,32,0.02,94,49.79,,5.7,1.9,0.17,0.18,17.2,28.6,35.1,52.7,,32,32,34,35,
2017-01-19 17:00,2214,32,31,0.00,90,0.36,,6.5,2.5,0.16,0.18,17.3,28.4,34.9,53.0,,32,32,34,35,
2017-01-19 18:00,2214,31,27,0.00,91,0.00,,5.8,2.4,0.15,0.17,17.4,28.2,35.2,53.1,,32,32,34,35,
2017-01-19 19:00,2214,29,27,0.00,92,0.02,,7.6,5.5,0.14,0.15,17.1,28.8,35.1,53.6,,32,32,34,35,
2017-01-19 20:00,2214,30,29,0.00,86,0.02,,9.7,5.9,0.14,0.17,17.4,28.4,34.9,54.0,,32,32,34,35,
2017-01-19 21:00,2214,31,29,0.00,87,0.01,,6.9,3.8,0.14,0.17,17.5,28.3,35.3,54.5,,32,32,34,35,
2017-01-19 22:00,2214,31,29,0.00,82,0.01,,12.8,5.1,0.14,0.17,17.6,28.7,35.3,54.7,,32,32,34,35,
2017-01-19 23:00,2214,31,30,0.00,87,0.00,,13.6,8.9,0.15,0.17,17.7,28.1,35.6,55.0,,32,32,34,35,
2017-01-20 00:00,2214,31,30,0.00,87,0.01,,16.0,10.7,0.15,0.17,17.5,28.3,35.5,55.4,,32,32,34,35,
2017-01-20 01:00,2214,30,30,0.00,88,0.01,,18.9,12.2,0.15,0.17,17.6,28.3,35.5,55.5,,32,32,34,35,
2017-01-20 02:00,2214,30,30,0.00,92,0.00,,19.8,12.3,0.15,0.17,17.9,28.6,35.8,55.7,,32,32,34,35,
2017-01-20 03:00,2214,30,30,0.00,88,0.01,,24.9,15.7,0.15,0.17,17.8,28.3,35.7,55.7,,32,32,34,35,
2017-01-20 04:00,2214,31,30,0.00,86,0.01,,23.0,15.0,0.14,0.17,18.1,28.1,35.7,55.6,,32,32,34,35,
2017-01-20 05:00,2214,31,30,0.00,84,0.01,,20.7,13.2,0.14,0.17,17.9,28.6,35.7,55.6,,32,32,34,35,
2017-01-20 06:00,2214,30,30,0.00,87,0.00,,23.0,13.5,0.14,0.17,18.0,28.3,35.4,55.6,,32,32,34,35,
2017-01-20 07:00,2214,31,30,0.00,88,28.18,,22.6,12.4,0.15,0.17,18.2,28.2,35.8,55.7,,32,32,34,35,
2017-01-20 08:00,2214,31,31,0.00,89,60.05,,22.4,13.8,0.15,0.17,18.3,28.8,35.8,55.7,,32,32,34,35,
2017-01-20 09:00,2214,33,31,0.00,88,172.80,,20.2,12.8,0.16,0.18,18.3,28.3,35.8,55.8,,32,32,34,35,
2017-01-20 10:00,2214,35,33,0.00,86,406.20,,23.9,13.2,0.16,0.20,18.1,28.5,36.0,55.8,,32,32,34,35,
2017-01-20 11:00,2214,35,35,0.00,76,467.50,,19.1,12.8,0.15,0.20,18.3,28.9,36.1,55.7,,32,32,34,35,
2017-01-20 12:00,2214,36,34,0.00,75,438.90,,18.0,10.8,0.15,0.20,18.4,28.3,36.1,55.8,,32,32,34,35,
2017-01-20 13:00,2214,37,35,0.00,67,494.40,,23.3,13.2,0.13,0.22,18.7,28.5,36.0,55.7,,32,32,34,35,
2017-01-20 14:00,2214,37,35,0.00,63,301.60,,19.4,10.2,0.13,0.22,18.6,28.1,36.0,55.7,,32,32,34,35,
2017-01-20 15:00,2214,35,34,0.00,62,145.50,,17.2,9.8,0.13,0.20,18.6,28.9,36.0,55.7,,32,32,34,35,
2017-01-20 16:00,2214,34,32,0.00,67,42.52,,16.4,8.2,0.13,0.19,18.9,28.8,36.0,55.7,,32,32,34,35,
2017-01-20 17:00,2214,32,31,0.00,70,0.60,,9.7,5.2,0.14,0.17,18.8,28.1,36.4,55.7,,32,32,34,35,
2017-01-20 18:00,2214,31,29,0.00,81,0.00,,12.4,6.3,0.14,0.17,18.7,28.8,35.8,55.7,,32,32,34,35,
2017-01-20 19:00,2214,29,27,0.00,80,0.00,,6.8,4.5,0.12,0.15,19.0,28.5,35.8,55.7,,32,32,34,35,
2017-01-20 20:00,2214,29,26,0.00,80,0.01,,12.1,6.1,0.12,0.15,19.0,28.1,36.2,55.7,,32,32,34,35,
2017-01-20 21:00,2214,28,25,0.00,82,0.01,,8.8,5.1,0.12,0.14,18.9,28.8,36.1,55.7,,32,32,34,35,
2017-01-20 22:00,2214,28,28,0.00,84,0.01,,10.1,4.9,0.13,0.15,19.2,28.8,36.1,55.7,,32,32,34,35,
2017-01-20 23:00,2214,29,27,0.00,81,0.01,,11.6,6.2,0.12,0.15,19.3,28.5,36.1,55.7,,32,32,34,35,
2017-01-21 00:00,2214,29,28,0.00,81,0.02,,11.2,5.9,0.12,0.16,19.0,28.2,36.1,55.7,,32,32,34,35,
2017-01-21 01:00,2214,28,24,0.00,81,0.01,,5.7,2.7,0.12,0.14,19.2,28.5,36.1,55.7,,32,32,34,35,
2017-01-21 02:00,2214,25,23,0.00,89,0.02,,3.9,2.0,0.12,0.13,19.3,28.8,36.1,55.5,,32,32,34,35,
2017-01-21 03:00,2214,27,25,0.00,88,0.03,,5.9,2.2,0.12,0.14,19.2,28.2,36.1,55.7,,32,32,34,35,
2017-01-21 04:00,2214,26,23,0.00,88,0.02,,4.4,1.8,0.12,0.14,19.4,28.8,36.4,55.7,,32,32,34,35,
2017-01-21 05:00,2214,27,23,0.00,86,0.01,,4.8,2.5,0.12,0.14,19.7,28.5,36.1,56.1,,32,32,34,35,
2017-01-21 06:00,2214,24,23,0.00,91,0.03,,5.0,2.2,0.12,0.13,19.4,28.5,36.4,56.1,,32,32,34,35,
2017-01-21 07:00,2214,23,22,0.00,92,10.04,,6.1,2.1,0.12,0.12,19.3,28.7,36.4,56.1,,32,32,34,35,
2017-01-21 08:00,2214,32,23,0.00,91,167.60,,5.9,2.2,0.12,0.14,19.6,28.4,36.1,56.1,,32,32,34,35,
2017-01-21 09:00,2214,36,32,0.00,68,357.60,,15.2,6.4,0.12,0.20,19.5,28.9,36.1,56.1,,32,32,34,35,
2017-01-21 10:00,2214,38,35,0.00,58,414.30,,23.7,12.7,0.12,0.22,19.5,28.4,36.3,56.2,,32,32,34,35,
2017-01-21 11:00,2214,39,35,0.00,66,427.50,,17.6,8.4,0.14,0.21,19.5,28.8,36.1,56.1,,32,32,34,35,
2017-01-21 12:00,2214,40,37,0.00,55,412.00,,18.5,11.0,0.12,0.24,19.5,28.3,36.2,56.2,,32,32,34,35,
2017-01-21 13:00,2214,39,36,0.00,56,261.00,,17.0,8.5,0.13,0.22,19.5,28.5,36.4,56.2,,32,32,34,35,
2017-01-21 14:00,2214,40,37,0.00,50,303.70,,20.0,11.4,0.12,0.23,19.6,28.8,36.1,56.2,,32,32,34,35,
2017-01-21 15:00,2214,38,35,0.00,55,111.60,,14.4,7.7,0.12,0.22,19.6,28.8,36.1,56.2,,32,32,34,35,
2017-01-21 16:00,2214,35,32,0.00,66,26.93,,15.2,7.9,0.14,0.19,19.6,28.8,36.1,56.2,,32,32,34,35,
2017-01-21 17:00,2214,33,32,0.00,77,0.52,,12.7,7.1,0.14,0.18,19.3,28.8,36.1,56.2,,32,32,34,35,
2017-01-21 18:00,2214,33,31,0.00,73,0.00,,13.5,8.2,0.14,0.18,19.5,28.8,36.1,56.2,,32,32,34,35,
2017-01-21 19:00,2214,32,31,0.00,76,0.01,,13.2,7.5,0.13,0.18,19.6,28.8,36.1,56.2,,32,32,34,35,
2017-01-21 20:00,2214,33,32,0.00,77,0.01,,15.3,8.2,0.14,0.19,19.3,28.8,35.7,56.2,,32,32,34,35,
2017-01-21 21:00,2214,34,33,0.00,71,0.00,,22.0,10.6,0.14,0.19,19.6,28.3,35.7,56.2,,32,32,34,35,
2017-01-21 22:00,2214,33,31,0.00,72,0.00,,22.2,9.8,0.14,0.18,19.5,28.5,36.4,56.2,,32,32,34,35,
2017-01-21 23:00,2214,31,30,0.00,86,0.00,,18.2,10.8,0.15,0.17,19.5,28.2,36.4,56.2,,32,32,34,35,
2017-01-22 00:00,2214,31,30,0.00,90,0.00,,21.6,15.3,0.14,0.17,19.7,28.5,36.4,56.2,,32,32,34,35,
2017-01-22 01:00,2214,31,30,0.00,83,0.00,,25.0,13.6,0.14,0.17,19.7,28.8,35.7,56.2,,32,32,34,35,
2017-01-22 02:00,2214,31,31,0.00,82,0.00,,25.0,12.5,0.14,0.17,19.5,28.6,36.4,56.2,,32,32,34,35,
2017-01-22 03:00,2214,31,30,0.00,82,0.00,,34.7,21.9,0.14,0.17,19.8,28.4,36.4,56.2,,32,32,34,35,
2017-01-22 04:00,2214,31,31,0.00,89,0.01,,34.2,25.4,0.15,0.17,19.8,28.5,36.1,56.2,,32,32,34,35,
2017-01-22 05:00,2214,31,31,0.00,88,0.00,,32.5,20.0,0.16,0.17,19.8,28.8,35.8,56.2,,32,32,34,35,
2017-01-22 06:00,2214,32,31,0.00,92,0.01,,17.3,11.1,0.16,0.17,19.8,29.1,36.4,56.2,,32,32,34,35,
2017-01-22 07:00,2214,33,32,0.00,87,7.64,,18.9,10.0,0.16,0.18,19.9,28.2,36.4,56.2,,32,32,34,35,
2017-01-22 08:00,2214,34,31,0.00,84,91.40,,25.3,13.3,0.16,0.19,19.7,28.2,36.4,56.2,,32,32,34,35,
2017-01-22 09:00,2214,33,31,0.00,89,113.00,,24.5,13.8,0.14,0.18,19.7,28.2,36.4,56.5,,32,32,34,35,
2017-01-22 10:00,2214,35,33,0.00,76,321.20,,17.3,7.4,0.14,0.19,19.6,28.7,36.4,56.1,,32,32,34,35,
2017-01-22 11:00,2214,37,35,0.00,59,601.40,,15.2,8.5,0.12,0.21,19.7,28.8,36.1,56.5,,32,32,34,35,
2017-01-22 12:00,2214,35,34,0.00,74,603.60,,14.7,8.9,0.14,0.20,19.7,28.6,36.1,56.5,,32,32,34,35,
2017-01-22 13:00,2214,35,33,0.00,66,369.60,,7.1,2.7,0.13,0.20,19.4,28.8,36.4,56.5,,32,32,34,35,
2017-01-22 14:00,2214,37,34,0.00,65,340.60,,17.2,10.6,0.12,0.21,19.7,28.5,35.8,56.5,,32,32,34,35,
2017-01-22 15:00,2214,35,34,0.00,52,196.30,,16.0,10.4,0.11,0.20,19.7,29.1,36.4,56.5,,32,32,34,35,
2017-01-22 16:00,2214,34,29,0.00,55,45.37,,16.0,8.3,0.11,0.18,19.7,28.8,36.4,56.1,,32,32,34,35,
2017-01-22 17:00,2214,29,29,0.00,74,0.53,,9.4,4.1,0.12,0.16,19.7,29.1,36.4,56.5,,32,32,34,35,
2017-01-22 18:00,2214,30,29,0.00,74,0.01,,14.0,6.0,0.11,0.16,19.7,28.3,35.8,56.3,,32,32,34,35,
2017-01-22 19:00,2214,29,27,0.00,75,0.01,,12.9,7.0,0.13,0.15,19.8,28.6,36.7,56.3,,32,32,34,35,
2017-01-22 20:00,2214,27,27,0.00,92,0.00,,9.9,5.0,0.13,0.15,19.9,28.9,36.7,56.3,,32,32,34,35,
2017-01-22 21:00,2214,27,27,0.00,92,0.01,,7.5,3.6,0.14,0.14,19.9,28.9,36.7,56.3,,32,32,34,35,
2017-01-22 22:00,2214,27,26,0.00,94,0.01,,8.0,2.3,0.13,0.14,19.8,28.2,36.7,56.3,,32,32,34,35,
2017-01-22 23:00,2214,27,26,0.00,87,0.01,,10.6,4.6,0.13,0.15,19.7,28.2,36.0,56.6,,32,32,34,35,
2017-01-23 00:00,2214,26,23,0.00,91,0.01,,5.4,2.4,0.12,0.13,19.6,28.9,36.7,56.5,,32,32,34,35,
2017-01-23 01:00,2214,25,20,0.00,88,0.03,,5.7,3.1,0.11,0.13,19.6,29.1,36.7,56.4,,32,32,34,35,
2017-01-23 02:00,2214,25,24,0.00,90,0.03,,4.7,1.6,0.12,0.13,19.6,28.9,36.1,56.4,,32,32,34,35,
2017-01-23 03:00,2214,24,24,0.00,92,0.02,,2.7,0.9,0.12,0.13,19.6,28.8,36.7,56.4,,32,32,34,35,
2017-01-23 04:00,2214,24,21,0.00,93,0.01,,4.0,1.9,0.12,0.12,19.5,29.1,36.7,56.6,,32,32,34,35,
2017-01-23 05:00,2214,21,19,0.00,93,0.04,,4.2,1.8,0.10,0.11,19.9,28.9,36.5,56.6,,32,32,34,35,
2017-01-23 06:00,2214,22,20,0.00,92,0.05,,5.4,3.0,0.10,0.11,19.9,28.8,36.7,56.4,,32,32,34,35,
2017-01-23 07:00,2214,20,15,0.00,90,11.14,,5.5,2.1,0.09,0.10,19.9,28.8,36.7,56.4,,32,32,34,35,
2017-01-23 08:00,2214,19,15,0.00,87,149.10,,5.5,3.1,0.08,0.09,19.9,28.8,36.5,56.4,,32,32,34,35,
2017-01-23 09:00,2214,23,18,0.00,80,218.70,,5.2,2.5,0.09,0.11,19.5,29.1,36.7,56.6,,32,32,34,35,
2017-01-23 10:00,2214,31,22,0.04,78,447.70,,4.9,2.0,0.10,0.15,19.5,28.2,36.7,56.6,,32,32,34,35,
2017-01-23 11:00,2214,33,30,0.00,65,431.80,,5.1,2.4,0.11,0.17,19.6,29.1,36.7,56.6,,32,32,34,35,
2017-01-23 12:00,2214,31,29,0.00,61,251.80,,9.7,5.5,0.12,0.17,19.9,28.4,36.7,56.4,,32,32,34,35,
2017-01-23 13:00,2214,31,29,0.00,77,337.40,,6.4,4.1,0.12,0.16,19.7,28.2,36.3,56.5,,32,32,34,35,
2017-01-23 14:00,2214,32,29,0.00,72,222.20,,5.6,2.7,0.12,0.17,19.7,28.9,36.3,56.4,,32,32,34,35,
2017-01-23 15:00,2214,29,29,0.00,79,89.10,,4.2,2.5,0.12,0.16,19.7,28.4,36.7,56.6,,32,32,34,35,
2017-01-23 16:00,2214,29,28,0.00,77,30.77,,5.0,2.3,0.12,0.16,19.7,28.2,36.3,56.6,,32,32,34,35,
2017-01-23 17:00,2214,28,27,0.00,78,0.63,,7.8,3.2,0.12,0.15,19.5,29.1,36.3,56.4,,32,32,34,35,
2017-01-23 18:00,2214,27,24,0.00,82,0.01,,4.2,1.1,0.12,0.14,19.5,28.2,36.3,56.8,,32,32,34,35,
2017-01-23 19:00,2214,24,20,0.00,89,0.01,,3.9,2.3,0.10,0.12,19.5,28.2,36.3,56.8,,32,32,34,35,
2017-01-23 20:00,2214,21,16,0.00,91,0.03,,4.4,2.3,0.09,0.10,19.5,28.2,36.0,56.8,,32,32,34,35,
2017-01-23 21:00,2214,17,14,0.00,92,0.04,,3.2,1.1,0.08,0.09,19.6,29.1,36.3,56.8,,32,32,34,35,
2017-01-23 22:00,2214,17,15,0.00,92,0.06,,4.9,2.0,0.08,0.09,19.5,28.2,36.3,56.8,,32,32,34,35,
2017-01-23 23:00,2214,18,17,0.00,92,0.03,,3.6,1.6,0.09,0.10,19.7,28.4,36.4,56.8,,32,32,34,35,
2017-01-24 00:00,2214,18,18,0.00,92,0.03,,2.8,1.2,0.09,0.10,19.3,28.2,36.4,56.8,,32,32,34,35,
2017-01-24 01:00,2214,19,18,0.00,92,0.03,,2.5,0.8,0.09,0.10,19.3,28.4,36.4,56.8,,32,32,34,35,
2017-01-24 02:00,2214,19,18,0.00,92,0.03,,2.1,0.7,0.09,0.10,19.3,28.9,36.4,56.8,,32,32,34,35,
2017-01-24 03:00,2214,18,17,0.00,92,0.03,,5.2,1.8,0.09,0.10,19.5,29.1,36.4,56.8,,32,32,34,35,
2017-01-24 04:00,2214,18,14,0.00,92,0.03,,3.7,1.4,0.09,0.09,19.2,28.2,36.1,56.8,,32,32,34,35,
2017-01-24 05:00,2214,18,16,0.00,92,0.04,,5.6,1.9,0.09,0.10,18.9,28.5,36.4,56.8,,32,32,34,35,
2017-01-24 06:00,2214,19,17,0.00,92,0.03,,5.7,1.6,0.09,0.10,19.3,28.4,36.4,57.0,,32,32,34,35,
2017-01-24 07:00,2214,19,18,0.00,92,4.52,,3.5,0.8,0.09,0.10,18.9,28.7,36.1,56.8,,32,32,34,35,
2017-01-24 08:00,2214,22,18,0.00,93,57.99,,4.1,1.3,0.10,0.11,19.0,28.7,36.1,56.8,,32,32,34,35,
2017-01-24 09:00,2214,24,22,0.00,93,143.30,,3.0,0.9,0.11,0.12,19.1,28.8,36.4,56.9,,32,32,34,35,
2017-01-24 10:00,2214,26,22,0.02,91,219.60,,7.3,2.9,0.11,0.12,19.1,28.8,36.4,56.8,,32,32,34,35,
2017-01-24 11:00,2214,28,25,0.00,79,496.10,,5.3,1.9,0.11,0.14,19.2,28.8,35.5,56.8,,32,32,34,35,
2017-01-24 12:00,2214,30,27,0.00,73,544.00,,7.7,2.1,0.11,0.16,19.3,28.9,36.0,57.1,,32,32,34,35,
2017-01-24 13:00,2214,32,29,0.00,66,501.70,,10.4,5.2,0.11,0.17,19.1,28.7,36.0,57.1,,32,32,34,35,
2017-01-24 14:00,2214,32,31,0.00,63,403.50,,11.8,8.2,0.11,0.18,19.2,28.0,36.0,56.8,,32,32,34,35,
2017-01-24 15:00,2214,32,30,0.00,62,254.40,,15.1,9.8,0.11,0.18,19.2,28.9,36.0,56.8,,32,32,34,35,
2017-01-24 16:00,2214,30,26,0.00,61,80.10,,13.4,8.2,0.10,0.16,19.1,28.5,36.0,57.1,,32,32,34,35,
2017-01-24 17:00,2214,26,19,0.00,67,1.54,,7.3,3.6,0.09,0.13,19.1,28.2,36.0,57.1,,32,32,34,35,
2017-01-24 18:00,2214,20,18,0.00,82,0.02,,3.6,1.6,0.09,0.11,19.0,28.6,36.0,57.1,,32,32,34,35,
2017-01-24 19:00,2214,19,13,0.00,91,0.06,,4.3,2.2,0.08,0.09,19.3,28.4,36.0,57.2,,32,32,34,35,
2017-01-24 20:00,2214,13,7,0.00,89,0.09,,3.7,1.9,0.07,0.08,19.3,28.5,35.7,57.1,,32,32,34,35,
2017-01-24 21:00,2214,8,7,0.00,89,0.14,,4.0,1.5,0.06,0.06,19.3,28.7,36.0,57.1,,32,32,34,35,
2017-01-24 22:00,2214,8,3,0.00,88,0.13,,2.2,0.8,0.05,0.06,19.3,28.5,35.1,57.1,,32,32,34,35,
2017-01-24 23:00,2214,8,5,0.00,88,0.13,,2.3,0.8,0.05,0.06,19.3,28.4,36.0,57.2,,32,32,34,35,
2017-01-25 00:00,2214,8,6,0.00,86,0.17,,2.3,1.1,0.05,0.06,19.2,28.0,35.7,57.1,,32,32,34,35,
2017-01-25 01:00,2214,7,6,0.00,86,0.13,,1.9,0.5,0.05,0.06,18.9,28.4,35.8,57.3,,32,32,34,35,
2017-01-25 02:00,2214,9,6,0.00,86,0.12,,3.0,0.7,0.06,0.06,18.7,28.8,35.8,57.1,,32,32,34,35,
2017-01-25 03:00,2214,10,9,0.00,87,0.11,,1.5,0.4,0.06,0.07,18.9,28.9,36.1,57.1,,32,32,34,35,
2017-01-25 04:00,2214,10,10,0.00,88,0.08,,1.6,0.4,0.06,0.07,19.1,28.4,36.1,57.1,,32,32,34,35,
2017-01-25 05:00,2214,11,10,0.00,88,0.09,,1.4,0.4,0.06,0.07,19.2,28.7,35.7,57.3,,32,32,34,35,
2017-01-25 06:00,2214,11,11,0.00,88,0.17,,1.9,0.5,0.06,0.07,19.3,28.6,35.7,57.3,,32,32,34,35,
2017-01-25 07:00,2214,13,11,0.00,88,10.56,,2.7,0.9,0.07,0.08,19.2,28.3,35.5,55.8,,32,32,34,35,
2017-01-25 08:00,2214,16,13,0.00,88,83.30,,2.5,0.7,0.07,0.08,19.2,28.3,35.1,54.7,,32,32,34,35,
2017-01-25 09:00,2214,19,16,0.00,89,169.50,,4.0,1.0,0.08,0.09,19.1,28.6,35.3,54.2,,32,32,34,35,
2017-01-25 10:00,2214,23,19,0.00,80,255.00,,2.7,0.5,0.09,0.11,19.1,28.4,35.5,54.2,,32,32,34,35,
2017-01-25 11:00,2214,30,23,0.00,73,340.10,,2.5,0.5,0.09,0.14,19.1,28.6,34.6,54.1,,32,32,34,35,
2017-01-25 12:00,2214,30,27,0.00,61,339.50,,4.1,1.2,0.10,0.16,19.2,28.6,35.1,54.0,,32,32,34,35,
2017-01-25 13:00,2214,32,29,0.00,63,251.70,,9.1,2.5,0.11,0.17,19.2,28.4,35.1,54.0,,32,32,34,35,
2017-01-25 14:00,2214,32,31,0.00,60,185.40,,13.8,7.8,0.10,0.17,18.9,28.6,35.1,54.0,,32,32,34,35,
2017-01-25 15:00,2214,31,29,0.00,58,131.50,,12.6,8.3,0.11,0.17,18.9,28.6,34.9,53.5,,32,32,34,35,
2017-01-25 16:00,2214,29,26,0.00,71,40.15,,10.2,4.7,0.12,0.15,18.9,27.9,34.9,53.5,,32,32,34,35,
2017-01-25 17:00,2214,26,25,0.00,85,1.38,,4.0,2.2,0.12,0.14,18.9,28.5,34.9,53.5,,32,32,34,35,
2017-01-25 18:00,2214,25,24,0.00,89,0.01,,3.4,1.2,0.12,0.13,18.9,28.6,34.9,53.5,,32,32,34,35,
2017-01-25 19:00,2214,25,22,0.00,92,0.01,,2.7,1.2,0.12,0.13,18.8,27.9,34.9,53.5,,32,32,34,35,
2017-01-25 20:00,2214,22,20,0.00,93,0.02,,3.4,2.2,0.11,0.12,18.9,28.4,34.9,53.5,,32,32,34,35,
2017-01-25 21:00,2214,23,21,0.00,93,0.02,,3.5,1.4,0.11,0.12,18.9,27.9,34.9,53.5,,32,32,34,35,
2017-01-25 22:00,2214,23,23,0.00,92,0.02,,2.6,1.3,0.12,0.12,19.0,28.6,34.9,53.5,,32,32,34,35,
2017-01-25 23:00,2214,24,23,0.00,92,0.02,,2.9,1.3,0.12,0.12,18.9,28.5,35.1,53.5,,32,32,34,35,
2017-01-26 00:00,2214,24,19,0.00,92,0.02,,3.4,2.1,0.11,0.12,18.9,27.9,34.9,53.5,,32,32,34,35,
2017-01-26 01:00,2214,22,19,0.00,92,0.03,,3.9,2.2,0.10,0.11,19.0,28.4,34.9,53.5,,32,32,34,35,
2017-01-26 02:00,2214,22,20,0.00,92,0.02,,2.4,0.9,0.11,0.12,18.7,28.2,35.0,53.5,,32,32,34,35,
2017-01-26 03:00,2214,20,19,0.00,94,0.03,,4.8,2.4,0.10,0.11,18.4,28.0,34.5,53.5,,32,32,34,35,
2017-01-26 04:00,2214,21,20,0.00,92,0.03,,4.0,1.3,0.10,0.11,18.4,28.0,35.0,53.5,,32,32,34,35,
2017-01-26 05:00,2214,22,21,0.00,93,0.03,,2.9,1.1,0.11,0.12,18.1,28.0,34.5,53.5,,32,32,34,35,
2017-01-26 06:00,2214,22,20,0.00,93,0.03,,3.2,1.3,0.11,0.12,18.2,28.5,34.8,53.5,,32,32,34,35,
2017-01-26 07:00,2214,21,20,0.00,94,9.47,,2.5,1.1,0.10,0.11,18.0,28.3,34.3,53.5,,32,32,34,35,
2017-01-26 08:00,2214,24,20,0.00,92,61.47,,2.0,0.6,0.10,0.11,18.1,28.3,34.8,53.5,,32,32,34,35,
2017-01-26 09:00,2214,29,24,0.00,90,128.10,,1.6,0.2,0.12,0.14,17.9,28.3,34.5,53.5,,32,32,34,35,
2017-01-26 10:00,2214,32,28,0.02,79,288.00,,2.2,0.8,0.13,0.17,17.6,28.5,34.8,53.2,,32,32,34,35,
2017-01-26 11:00,2214,39,32,0.00,70,512.60,,3.4,1.3,0.13,0.19,17.9,27.8,34.8,53.2,,32,32,34,35,
2017-01-26 12:00,2214,39,34,0.00,54,487.30,,6.4,2.1,0.13,0.22,17.5,27.8,33.8,53.5,,32,32,34,35,
2017-01-26 13:00,2214,36,35,0.00,58,502.00,,8.0,4.0,0.12,0.21,17.7,28.5,34.6,53.7,,32,32,34,35,
2017-01-26 14:00,2214,36,34,0.00,57,401.00,,9.0,5.5,0.12,0.21,17.6,28.0,33.8,53.5,,32,32,34,35,
2017-01-26 15:00,2214,35,33,0.00,56,255.90,,10.5,6.9,0.12,0.20,17.5,27.7,34.6,53.7,,32,32,34,35,
2017-01-26 16:00,2214,33,31,0.00,62,77.09,,5.9,3.2,0.12,0.18,17.7,28.0,34.8,53.2,,32,32,34,35,
2017-01-26 17:00,2214,31,24,0.00,66,1.67,,3.9,1.7,0.11,0.16,17.6,28.1,34.6,53.5,,32,32,34,35,
2017-01-26 18:00,2214,24,20,0.00,78,0.01,,4.0,2.5,0.10,0.12,17.6,28.5,34.6,53.5,,32,32,34,35,
2017-01-26 19:00,2214,22,17,0.00,82,0.02,,5.8,3.0,0.09,0.11,17.9,28.2,34.6,53.5,,32,32,34,35,
2017-01-26 20:00,2214,18,14,0.00,87,0.02,,5.2,2.4,0.09,0.09,17.7,28.0,34.5,53.5,,32,32,34,35,
2017-01-26 21:00,2214,15,13,0.00,92,0.06,,4.8,1.1,0.08,0.09,17.8,28.8,34.6,53.5,,32,32,34,35,
2017-01-26 22:00,2214,14,11,0.00,93,0.06,,4.2,1.9,0.08,0.08,17.8,28.2,34.6,53.5,,32,32,34,35,
2017-01-26 23:00,2214,12,9,0.00,90,0.10,,6.2,2.3,0.06,0.07,18.1,28.5,34.6,53.5,,32,32,34,35,
2017-01-27 00:00,2214,9,7,0.00,89,0.09,,5.7,2.9,0.06,0.06,18.1,28.2,34.0,53.5,,32,32,34,35,
2017-01-27 01:00,2214,9,7,0.00,87,0.11,,3.2,1.2,0.06,0.06,17.6,28.2,34.6,53.5,,32,32,34,35,
2017-01-27 02:00,2214,7,4,0.00,86,0.14,,3.7,1.6,0.05,0.06,17.4,28.0,34.6,53.5,,32,32,34,35,
2017-01-27 03:00,2214,10,4,0.00,85,0.13,,3.4,1.5,0.05,0.06,16.8,27.8,34.6,53.5,,32,32,34,35,
2017-01-27 04:00,2214,15,5,0.00,85,0.10,,6.3,2.8,0.06,0.07,15.8,28.3,34.2,53.5,,32,32,34,35,
2017-01-27 05:00,2214,11,9,0.00,87,0.11,,5.5,1.9,0.06,0.07,14.8,27.5,34.4,53.2,,32,32,34,35,
2017-01-27 06:00,2214,13,9,0.00,88,0.17,,4.5,1.8,0.06,0.07,13.7,28.2,34.2,53.2,,32,32,34,35,
2017-01-27 07:00,2214,22,12,0.00,89,24.18,,8.3,2.3,0.07,0.08,12.6,27.8,34.3,53.1,,32,32,34,35,
2017-01-27 08:00,2214,26,22,0.00,86,145.00,,19.0,6.1,0.10,0.12,11.3,28.1,33.9,53.4,,32,32,34,35,
2017-01-27 09:00,2214,29,26,0.00,72,351.50,,20.3,15.8,0.10,0.15,10.6,27.7,34.0,53.0,,31,32,34,35,
2017-01-27 10:00,2214,30,29,0.00,67,472.30,,22.9,15.4,0.11,0.16,10.0,27.8,33.9,53.0,,31,32,34,35,
2017-01-27 11:00,2214,33,30,0.00,66,544.20,,22.1,14.4,0.11,0.17,9.9,27.8,34.0,53.0,,32,32,34,35,
2017-01-27 12:00,2214,33,32,0.00,62,557.00,,20.4,13.6,0.11,0.19,9.9,27.8,33.7,52.9,,31,32,34,35,
2017-01-27 13:00,2214,33,33,0.00,60,509.40,,24.4,15.9,0.11,0.19,10.0,27.5,34.0,52.7,,31,32,34,35,
2017-01-27 14:00,2214,33,33,0.00,60,403.70,,24.1,16.3,0.11,0.19,10.3,27.8,33.6,52.7,,32,32,34,35,
2017-01-27 15:00,2214,33,33,0.00,61,253.00,,21.8,14.9,0.11,0.19,10.6,27.8,33.7,52.4,,32,32,34,35,
2017-01-27 16:00,2214,33,30,0.00,61,86.90,,20.6,13.2,0.12,0.18,10.7,27.3,32.8,52.4,,32,32,34,35,
2017-01-27 17:00,2214,31,29,0.00,70,3.28,,19.4,11.1,0.12,0.17,10.9,27.7,33.4,52.4,,32,32,34,35,
2017-01-27 18:00,2214,29,29,0.00,71,0.01,,18.1,12.6,0.11,0.16,10.3,27.3,33.5,52.2,,32,32,34,35,
2017-01-27 19:00,2214,29,28,0.00,69,0.00,,18.0,12.3,0.11,0.16,11.0,27.3,33.5,52.3,,32,32,34,35,
2017-01-27 20:00,2214,28,28,0.00,70,0.01,,20.0,13.6,0.11,0.15,10.8,27.3,33.5,52.3,,32,32,34,35,
2017-01-27 21:00,2214,28,27,0.00,71,0.01,,18.3,13.1,0.11,0.15,11.2,27.8,33.5,52.3,,32,32,34,35,
2017-01-27 22:00,2214,28,27,0.00,73,0.01,,18.5,9.5,0.11,0.15,10.6,27.0,33.3,52.3,,32,32,34,35,
2017-01-27 23:00,2214,28,27,0.00,72,0.01,,16.3,9.4,0.11,0.15,10.4,27.7,33.3,52.3,,32,32,34,35,
2017-01-28 00:00,2214,27,26,0.00,74,0.01,,16.7,9.3,0.11,0.14,10.2,27.4,33.1,52.0,,32,32,34,35,
2017-01-28 01:00,2214,27,26,0.00,75,0.01,,14.7,8.9,0.11,0.14,10.3,27.6,33.3,52.0,,32,32,34,35,
2017-01-28 02:00,2214,27,26,0.00,76,0.01,,14.1,8.2,0.11,0.14,9.8,27.4,33.3,52.0,,31,32,34,35,
2017-01-28 03:00,2214,28,27,0.00,70,0.03,,21.8,9.4,0.11,0.15,10.0,27.2,33.1,51.9,,31,32,34,35,
2017-01-28 04:00,2214,28,25,0.00,72,0.01,,13.1,6.7,0.11,0.14,10.1,27.0,32.3,52.3,,32,32,34,35,
2017-01-28 05:00,2214,26,24,0.00,75,0.02,,16.6,7.0,0.11,0.14,10.0,27.1,32.8,47.1,,32,32,34,35,
2017-01-28 06:00,2214,25,20,0.00,80,0.06,,10.0,4.2,0.10,0.13,9.6,26.9,32.8,47.1,,31,32,34,35,
2017-01-28 07:00,2214,26,22,0.00,86,24.06,,15.1,4.8,0.11,0.13,9.4,27.1,32.9,46.7,,31,32,34,35,
2017-01-28 08:00,2214,30,26,0.00,79,198.70,,14.4,5.4,0.11,0.15,9.8,26.9,32.9,45.3,,31,32,34,35,
2017-01-28 09:00,2214,33,30,0.00,69,343.30,,23.0,13.9,0.12,0.17,9.2,27.4,32.9,44.7,,31,32,34,35,
2017-01-28 10:00,2214,35,33,0.00,64,470.30,,20.7,15.2,0.12,0.19,9.2,27.4,32.5,44.2,,31,32,34,35,
2017-01-28 11:00,2214,36,35,0.00,58,544.90,,24.3,14.5,0.11,0.21,9.6,27.5,32.2,44.0,,31,32,34,35,
2017-01-28 12:00,2214,38,36,0.00,54,549.70,,20.3,14.3,0.11,0.22,9.4,27.4,32.6,43.8,,32,32,34,35,
2017-01-28 13:00,2214,39,38,0.00,46,514.80,,20.7,13.4,0.10,0.23,9.5,26.9,32.4,43.5,,31,32,34,35,
2017-01-28 14:00,2214,39,37,0.00,43,342.60,,16.8,11.2,0.11,0.23,9.4,27.4,32.2,43.5,,31,32,34,35,
2017-01-28 15:00,2214,38,36,0.00,46,239.00,,19.2,12.5,0.11,0.23,10.0,26.9,32.5,43.1,,32,32,34,35,
2017-01-28 16:00,2214,36,35,0.00,51,71.00,,19.7,13.4,0.10,0.21,10.1,27.6,32.3,42.9,,32,32,34,35,
2017-01-28 17:00,2214,35,34,0.00,53,2.18,,20.6,14.0,0.10,0.20,9.9,27.6,31.9,43.1,,32,32,34,35,
2017-01-28 18:00,2214,35,34,0.00,52,0.00,,22.9,16.3,0.10,0.20,10.0,27.6,31.9,42.9,,32,32,34,35,
2017-01-28 19:00,2214,34,32,0.00,53,0.00,,20.8,12.2,0.10,0.19,9.9,27.0,32.3,42.7,,32,32,34,35,
2017-01-28 20:00,2214,34,32,0.00,60,0.00,,19.2,9.7,0.10,0.19,10.0,27.0,32.3,42.7,,32,32,34,35,
2017-01-28 21:00,2214,32,32,0.00,60,0.01,,20.9,13.7,0.11,0.18,10.5,27.1,32.4,42.7,,32,32,34,35,
2017-01-28 22:00,2214,32,31,0.00,61,0.00,,24.5,16.4,0.11,0.18,10.0,27.1,32.4,42.7,,32,32,34,35,
2017-01-28 23:00,2214,31,31,0.00,64,0.01,,23.0,14.3,0.11,0.17,9.9,27.1,32.4,42.7,,32,32,34,35,
2017-01-29 00:00,2214,31,30,0.00,65,0.00,,16.0,9.3,0.11,0.17,9.7,27.0,32.0,42.5,,32,32,34,35,
2017-01-29 01:00,2214,32,30,0.00,67,0.00,,18.8,11.7,0.11,0.17,9.8,27.1,32.0,42.5,,32,32,34,35,
2017-01-29 02:00,2214,32,31,0.00,64,0.00,,21.2,14.3,0.11,0.17,9.4,27.4,32.1,42.5,,32,32,34,35,
2017-01-29 03:00,2214,31,30,0.00,63,0.00,,22.2,14.2,0.11,0.17,9.1,27.6,32.1,42.5,,31,32,34,35,
2017-01-29 04:00,2214,31,30,0.00,66,0.00,,22.3,12.3,0.11,0.17,9.3,27.6,32.1,42.1,,31,32,34,35,
2017-01-29 05:00,2214,30,30,0.00,65,0.00,,21.9,15.2,0.11,0.17,9.2,27.0,32.3,42.1,,31,32,34,35,
2017-01-29 06:00,2214,30,28,0.00,69,0.06,,22.1,14.4,0.11,0.16,9.4,27.0,32.1,42.1,,31,32,34,35,
2017-01-29 07:00,2214,30,28,0.00,74,29.46,,20.8,13.4,0.12,0.16,9.4,27.3,31.8,42.1,,31,32,34,35,
2017-01-29 08:00,2214,33,29,0.00,68,173.50,,16.6,9.2,0.12,0.17,9.2,26.9,32.0,42.1,,31,32,34,35,
2017-01-29 09:00,2214,35,32,0.00,62,306.90,,21.3,14.8,0.12,0.19,9.2,27.1,32.0,41.8,,31,32,34,35,
2017-01-29 10:00,2214,38,35,0.00,60,419.50,,19.5,13.7,0.12,0.21,9.2,27.1,32.1,41.9,,31,32,34,35,
2017-01-29 11:00,2214,39,37,0.00,53,437.20,,15.9,10.6,0.12,0.23,9.4,26.7,31.7,41.7,,31,32,34,35,
2017-01-29 12:00,2214,41,37,0.00,55,462.10,,13.4,8.8,0.12,0.24,9.0,27.1,31.7,41.7,,31,32,34,35,
2017-01-29 13:00,2214,41,40,0.00,49,410.30,,12.8,8.7,0.12,0.25,9.6,27.0,31.7,41.5,,31,32,34,35,
2017-01-29 14:00,2214,41,39,0.00,50,316.20,,11.6,7.9,0.12,0.25,9.3,27.1,31.4,41.5,,32,32,34,35,
2017-01-29 15:00,2214,40,38,0.00,50,211.40,,11.6,7.2,0.12,0.24,9.3,27.1,31.8,41.7,,31,32,34,35,
2017-01-29 16:00,2214,38,36,0.00,52,71.84,,11.6,6.9,0.12,0.22,9.6,27.5,31.5,41.7,,32,32,34,35,
2017-01-29 17:00,2214,36,33,0.00,59,1.76,,11.2,4.7,0.12,0.20,9.6,27.5,31.0,41.4,,32,32,34,35,
2017-01-29 18:00,2214,34,33,0.00,66,0.00,,10.0,5.5,0.12,0.19,9.9,27.5,31.0,41.1,,32,32,34,35,
2017-01-29 19:00,2214,34,33,0.00,66,0.00,,12.0,4.8,0.13,0.19,10.1,26.6,31.0,41.4,,32,32,34,35,
2017-01-29 20:00,2214,33,31,0.00,66,0.00,,6.4,1.4,0.12,0.18,10.2,26.6,31.9,41.4,,32,32,34,35,
2017-01-29 21:00,2214,33,30,0.00,65,0.00,,6.2,2.1,0.12,0.18,10.0,27.4,31.0,41.1,,32,32,34,35,
2017-01-29 22:00,2214,30,27,0.00,72,0.00,,7.3,2.9,0.12,0.15,10.2,27.2,31.6,41.4,,32,32,34,35,
2017-01-29 23:00,2214,28,26,0.00,77,0.00,,4.1,1.7,0.11,0.15,10.0,27.2,31.6,41.4,,32,32,34,35,
2017-01-30 00:00,2214,26,20,0.00,74,0.01,,5.2,2.8,0.10,0.12,10.2,27.6,31.6,41.1,,32,32,34,35,
2017-01-30 01:00,2214,20,19,0.00,82,0.02,,4.9,1.7,0.09,0.11,10.2,27.2,31.9,41.4,,32,32,34,35,
2017-01-30 02:00,2214,20,17,0.00,87,0.05,,4.2,1.4,0.09,0.10,9.8,26.9,31.6,41.4,,32,32,34,35,
2017-01-30 03:00,2214,19,15,0.00,87,0.03,,4.1,2.3,0.09,0.09,9.4,26.9,31.6,41.1,,32,32,34,35,
2017-01-30 04:00,2214,19,14,0.00,92,0.07,,3.5,1.6,0.08,0.09,9.3,27.5,31.2,41.4,,31,32,34,35,
2017-01-30 05:00,2214,15,13,0.00,92,0.08,,3.4,1.1,0.08,0.08,8.6,27.5,31.6,41.4,,31,32,34,35,
2017-01-30 06:00,2214,14,12,0.00,92,0.18,,4.1,1.5,0.08,0.08,8.9,27.0,31.9,41.1,,31,32,34,35,
2017-01-30 07:00,2214,14,12,0.00,92,21.77,,3.4,1.4,0.07,0.08,8.4,26.9,30.7,41.1,,31,32,34,35,
2017-01-30 08:00,2214,20,13,0.00,89,144.80,,2.1,0.4,0.09,0.10,8.0,26.7,31.4,41.1,,31,32,34,35,
2017-01-30 09:00,2214,29,20,0.00,83,350.20,,3.0,1.2,0.10,0.14,8.3,27.0,31.5,40.9,,31,32,34,35,
2017-01-30 10:00,2214,37,25,0.00,74,480.80,,2.3,0.4,0.11,0.17,8.5,26.6,31.5,40.9,,31,32,34,35,
2017-01-30 11:00,2214,43,37,0.00,54,559.20,,2.9,1.3,0.13,0.25,8.5,27.0,31.3,40.7,,31,32,34,35,
2017-01-30 12:00,2214,51,43,0.00,49,571.80,,1.6,0.2,0.14,0.34,8.0,26.4,30.9,40.4,,31,32,34,35,
2017-01-30 13:00,2214,52,48,0.00,36,512.20,,3.2,1.3,0.13,0.36,8.5,26.8,31.4,40.4,,31,32,34,35,
2017-01-30 14:00,2214,52,47,0.00,35,408.30,,9.1,4.3,0.14,0.35,8.4,27.0,30.6,40.4,,31,32,34,35,
2017-01-30 15:00,2214,47,46,0.00,42,257.60,,8.3,4.3,0.14,0.32,8.6,26.5,31.2,40.4,,31,32,34,35,
2017-01-30 16:00,2214,46,40,0.00,44,85.40,,5.9,2.5,0.13,0.30,8.9,26.6,31.2,39.8,,32,32,34,35,
2017-01-30 17:00,2214,40,37,0.00,50,2.20,,6.1,3.9,0.12,0.24,9.1,26.9,31.3,40.0,,31,32,34,35,
2017-01-30 18:00,2214,37,30,0.00,57,0.00,,4.8,2.0,0.12,0.19,8.6,26.9,31.2,40.0,,31,32,34,35,
2017-01-30 19:00,2214,31,25,0.00,66,0.01,,4.5,2.4,0.11,0.16,9.0,26.4,31.3,40.0,,31,32,34,35,
2017-01-30 20:00,2214,27,25,0.00,75,0.02,,2.9,1.3,0.11,0.14,9.0,27.0,31.4,40.0,,31,32,34,35,
2017-01-30 21:00,2214,28,23,0.00,79,0.03,,3.4,1.6,0.10,0.14,9.1,27.0,31.3,40.0,,32,32,34,35,
2017-01-30 22:00,2214,24,19,0.00,86,0.05,,3.3,1.5,0.09,0.12,9.2,26.9,31.3,40.0,,31,32,34,35,
2017-01-30 23:00,2214,20,17,0.00,81,0.04,,3.5,1.2,0.09,0.10,9.1,26.7,31.2,40.0,,32,32,34,35,
2017-01-31 00:00,2214,17,16,0.00,90,0.06,,4.0,1.3,0.09,0.09,9.6,27.2,30.6,40.0,,32,32,34,35,
2017-01-31 01:00,2214,16,15,0.00,88,0.09,,3.9,1.1,0.08,0.09,9.1,27.2,31.3,40.0,,31,32,34,35,
2017-01-31 02:00,2214,17,14,0.00,90,0.08,,3.9,1.4,0.08,0.09,8.8,27.0,31.2,40.0,,31,32,34,35,
2017-01-31 03:00,2214,16,13,0.00,89,0.08,,4.6,1.4,0.08,0.09,8.5,26.7,30.7,39.8,,31,32,34,35,
2017-01-31 04:00,2214,16,13,0.00,92,0.10,,3.7,1.0,0.08,0.09,8.5,26.7,31.2,40.4,,31,32,34,35,
2017-01-31 05:00,2214,15,13,0.00,88,0.12,,5.0,1.1,0.08,0.08,8.3,26.8,31.3,39.8,,31,32,34,35,
2017-01-31 06:00,2214,14,12,0.00,87,0.21,,4.4,1.3,0.07,0.08,8.2,27.2,30.6,40.0,,31,32,34,35,
2017-01-31 07:00,2214,18,14,0.00,90,43.18,,4.8,1.1,0.08,0.09,7.8,26.7,31.3,39.8,,31,32,34,35,
2017-01-31 08:00,2214,21,18,0.00,84,104.10,,3.3,1.0,0.09,0.11,7.4,26.7,30.5,40.0,,30,32,34,35,
2017-01-31 09:00,2214,25,21,0.00,85,176.60,,5.5,1.5,0.10,0.12,7.7,26.5,31.0,39.8,,30,32,34,35,
2017-01-31 10:00,2214,35,25,0.00,81,337.20,,3.0,0.8,0.12,0.16,7.5,25.9,30.2,39.5,,31,32,34,35,
2017-01-31 11:00,2214,35,33,0.00,63,265.40,,5.0,2.0,0.12,0.19,7.6,26.2,31.1,39.4,,31,32,34,35,
2017-01-31 12:00,2214,46,34,0.00,66,282.20,,6.0,1.1,0.13,0.23,7.8,26.4,30.8,39.4,,31,32,34,35,
2017-01-31 13:00,2214,46,42,0.00,50,244.60,,5.4,1.7,0.16,0.30,8.2,26.4,30.8,39.1,,31,32,34,35,
2017-01-31 14:00,2214,45,42,0.00,57,165.20,,5.8,2.2,0.17,0.28,8.2,26.6,30.9,39.1,,31,32,34,35,
2017-01-31 15:00,2214,45,42,0.00,54,114.00,,10.7,3.4,0.16,0.28,8.1,26.3,30.5,38.7,,31,32,34,35,
2017-01-31 16:00,2214,44,39,0.00,53,39.44,,5.7,2.3,0.16,0.27,8.3,26.4,30.5,38.8,,31,32,34,35,
2017-01-31 17:00,2214,41,38,0.00,65,1.38,,6.1,2.7,0.15,0.24,8.0,26.1,30.4,38.5,,31,32,34,35,
2017-01-31 18:00,2214,39,33,0.00,57,0.00,,5.6,2.5,0.14,0.21,8.4,26.7,30.5,38.6,,32,32,34,35,
2017-01-31 19:00,2214,35,31,0.00,64,0.00,,5.4,1.5,0.13,0.19,8.7,26.6,30.5,38.4,,31,32,34,35,
2017-01-31 20:00,2214,33,30,0.00,74,0.01,,3.4,1.1,0.13,0.17,8.9,26.2,30.6,38.4,,32,32,34,35,
2017-01-31 21:00,2214,30,25,0.00,77,0.01,,5.0,2.0,0.12,0.15,8.6,27.0,30.6,38.0,,31,32,34,35,
2017-01-31 22:00,2214,26,22,0.00,74,0.02,,4.2,1.4,0.10,0.13,8.4,26.8,30.6,38.0,,32,32,34,35,
2017-01-31 23:00,2214,25,23,0.00,79,0.02,,4.1,2.0,0.10,0.13,8.6,27.0,30.1,38.2,,31,32,33,35,
