Date,Station Id,Air Temperature Maximum (degF),Air Temperature Minimum (degF),Precipitation Increment (in),Relative Humidity (pct),Solar Radiation Average (watt/m2),Solar Radiation/langley Total (langley),Wind Speed Maximum (mph),Wind Speed Average (mph),Vapor Pressure - Partial (inch_Hg),Vapor Pressure - Saturated (inch_Hg),Soil Moisture Percent -2in (pct),Soil Moisture Percent -4in (pct),Soil Moisture Percent -8in (pct),Soil Moisture Percent -20in (pct),Soil Moisture Percent -40in (pct),Soil Temperature Observed -2in (degF),Soil Temperature Observed -4in (degF),Soil Temperature Observed -8in (degF),Soil Temperature Observed -20in (degF),Soil Temperature Observed -40in (degF)
2017-01-01 00:00,2186,40,40,0.00,89,0.00,,10.3,3.8,0.23,0.25,11.6,8.8,11.0,4.8,7.9,45,42,45,46,53
2017-01-01 01:00,2186,40,40,0.00,94,0.00,,6.8,3.3,0.23,0.25,11.6,8.8,11.2,4.8,7.9,45,42,44,46,53
2017-01-01 02:00,2186,40,38,0.00,94,0.00,,9.2,4.3,0.22,0.24,11.7,8.8,11.2,4.8,7.9,44,42,44,46,53
2017-01-01 03:00,2186,38,38,0.00,90,0.00,,7.0,4.3,0.21,0.23,11.7,8.2,11.2,4.8,7.9,44,42,44,46,53
2017-01-01 04:00,2186,39,38,0.00,90,0.00,,5.7,1.4,0.21,0.23,11.4,8.2,11.2,4.6,7.6,44,42,44,46,53
2017-01-01 05:00,2186,39,37,0.00,90,0.01,,3.4,1.7,0.21,0.23,11.4,8.3,11.2,4.6,7.9,44,42,44,46,53
2017-01-01 06:00,2186,37,34,0.00,92,1.22,,4.4,1.5,0.20,0.21,11.6,8.6,11.2,4.6,7.9,44,41,43,46,53
2017-01-01 07:00,2186,37,34,0.00,95,87.40,,5.7,2.7,0.19,0.20,11.6,8.3,11.2,4.6,8.3,44,40,43,46,53
2017-01-01 08:00,2186,43,37,0.00,95,264.60,,5.8,3.7,0.22,0.24,11.3,8.9,11.4,4.8,7.9,43,40,43,46,53
2017-01-01 09:00,2186,46,43,0.00,83,409.40,,7.1,2.9,0.24,0.30,11.3,8.9,10.9,4.8,7.9,43,40,43,46,53
2017-01-01 10:00,2186,48,45,0.00,77,295.00,,10.7,6.5,0.25,0.32,11.3,8.6,10.9,4.8,7.9,43,40,42,46,53
2017-01-01 11:00,2186,45,43,0.00,83,412.40,,13.1,8.3,0.24,0.29,11.3,8.5,10.9,4.8,8.3,44,42,42,45,53
2017-01-01 12:00,2186,48,45,0.00,82,502.30,,9.0,5.0,0.25,0.32,11.6,9.1,11.4,4.4,8.3,45,44,43,45,53
2017-01-01 13:00,2186,48,47,0.00,74,292.90,,13.0,6.0,0.24,0.33,11.4,8.9,11.4,4.4,8.3,46,45,44,45,53
2017-01-01 14:00,2186,49,48,0.00,71,364.90,,13.8,7.0,0.24,0.34,11.3,8.7,11.2,4.8,8.3,47,46,44,45,53
2017-01-01 15:00,2186,49,48,0.00,67,178.70,,13.7,7.8,0.22,0.34,11.6,8.7,11.2,4.4,8.3,47,47,45,45,53
2017-01-01 16:00,2186,48,44,0.00,64,23.67,,9.7,5.3,0.21,0.31,11.6,8.9,11.1,4.8,8.3,47,46,45,45,53
2017-01-01 17:00,2186,44,43,0.00,70,0.00,,10.0,6.6,0.20,0.29,11.6,8.9,11.4,4.8,7.9,47,46,46,46,53
2017-01-01 18:00,2186,44,42,0.00,74,0.00,,10.4,6.0,0.21,0.28,11.3,8.5,11.1,4.8,8.3,46,44,46,46,53
2017-01-01 19:00,2186,45,44,0.00,75,0.00,,16.6,6.7,0.21,0.29,11.4,8.7,11.1,4.8,7.9,46,43,45,46,53
2017-01-01 20:00,2186,45,43,0.00,65,0.00,,15.4,7.9,0.19,0.29,11.4,8.5,11.2,4.6,7.9,45,43,45,46,53
2017-01-01 21:00,2186,43,42,0.00,70,0.00,,23.7,11.3,0.19,0.27,11.2,8.5,11.2,4.6,7.9,45,42,45,46,53
2017-01-01 22:00,2186,42,42,0.00,71,0.00,,19.5,10.5,0.19,0.27,11.3,8.7,11.4,4.4,7.9,45,41,44,46,53
2017-01-01 23:00,2186,42,41,0.00,77,0.00,,18.2,8.6,0.20,0.26,11.3,8.7,10.9,4.4,7.9,44,41,44,46,53
2017-01-02 00:00,2186,42,41,0.00,75,0.00,,15.3,6.9,0.20,0.27,11.2,8.1,10.9,4.4,7.6,44,41,44,46,53
2017-01-02 01:00,2186,42,41,0.00,83,0.00,,10.4,6.4,0.22,0.26,11.3,8.6,10.9,4.4,7.9,44,40,43,46,53
2017-01-02 02:00,2186,41,40,0.00,79,0.00,,13.6,8.1,0.21,0.26,11.3,8.3,11.0,4.6,7.9,44,40,43,46,53
2017-01-02 03:00,2186,42,40,0.00,81,0.00,,11.5,5.4,0.21,0.25,11.3,8.3,11.0,4.4,7.6,44,40,43,46,53
2017-01-02 04:00,2186,42,42,0.00,76,0.00,,11.7,5.2,0.20,0.27,11.4,8.3,11.0,4.4,8.0,43,40,43,46,53
2017-01-02 05:00,2186,42,42,0.00,76,0.00,,15.8,7.4,0.20,0.27,11.0,8.5,11.0,4.4,7.9,43,40,42,46,53
2017-01-02 06:00,2186,42,42,0.00,74,0.32,,11.6,6.2,0.20,0.27,11.0,8.5,10.9,4.4,7.6,43,40,42,46,53
2017-01-02 07:00,2186,42,40,0.00,76,29.53,,9.6,3.6,0.20,0.26,11.2,8.5,10.9,4.4,7.6,43,39,42,45,53
2017-01-02 08:00,2186,42,40,0.00,85,91.20,,8.5,3.8,0.21,0.26,11.2,8.5,11.0,4.4,7.6,43,40,42,45,53
2017-01-02 09:00,2186,46,42,0.00,75,141.40,,21.4,11.6,0.19,0.29,10.9,8.5,11.2,4.4,7.9,43,40,42,45,53
2017-01-02 10:00,2186,48,46,0.00,54,233.70,,21.0,11.4,0.16,0.32,11.1,8.5,11.2,4.6,7.6,43,40,42,45,53
2017-01-02 11:00,2186,48,47,0.00,43,260.80,,24.1,15.2,0.15,0.33,11.4,8.5,11.2,4.4,7.6,43,41,42,45,53
2017-01-02 12:00,2186,49,47,0.00,56,387.60,,24.7,13.9,0.18,0.33,11.4,8.3,11.2,4.4,7.6,44,42,42,45,53
2017-01-02 13:00,2186,49,48,0.00,45,352.50,,25.6,17.0,0.16,0.35,11.2,8.3,11.1,4.4,7.6,44,43,43,45,53
2017-01-02 14:00,2186,50,49,0.00,44,329.60,,26.2,15.6,0.15,0.36,11.0,8.3,11.1,4.6,7.9,45,44,43,45,53
2017-01-02 15:00,2186,49,48,0.00,43,198.10,,21.7,13.1,0.17,0.35,11.0,8.3,11.1,4.4,7.9,45,44,43,45,53
2017-01-02 16:00,2186,48,44,0.00,58,15.98,,19.5,10.8,0.19,0.32,11.0,8.3,11.1,4.4,8.3,45,44,44,45,53
2017-01-02 17:00,2186,44,43,0.00,69,0.00,,12.6,5.5,0.19,0.28,11.0,8.3,11.1,4.4,7.9,45,44,44,45,53
2017-01-02 18:00,2186,43,42,0.00,69,0.00,,13.8,9.7,0.19,0.27,11.0,8.5,11.1,4.4,7.6,45,43,44,45,53
2017-01-02 19:00,2186,44,41,0.00,70,0.00,,18.9,9.0,0.19,0.27,11.1,8.6,11.1,4.8,7.6,44,42,44,45,53
2017-01-02 20:00,2186,44,40,0.00,68,0.00,,26.4,12.0,0.19,0.28,11.1,8.3,11.1,4.8,7.6,44,41,44,45,53
2017-01-02 21:00,2186,42,40,0.00,74,0.00,,20.1,10.2,0.19,0.26,11.2,8.5,11.1,4.8,7.6,44,41,43,45,53
2017-01-02 22:00,2186,42,41,0.00,77,0.00,,10.5,4.9,0.20,0.26,11.2,8.0,11.2,4.5,7.6,44,41,43,45,53
2017-01-02 23:00,2186,42,40,0.00,77,0.00,,13.0,4.9,0.20,0.26,11.2,8.3,11.2,4.5,7.6,43,40,43,45,53
2017-01-03 00:00,2186,41,40,0.00,79,0.00,,14.2,6.8,0.22,0.25,11.1,8.4,10.7,4.5,7.6,43,40,43,45,53
2017-01-03 01:00,2186,40,40,0.00,91,0.00,,14.8,8.5,0.22,0.25,11.1,8.4,10.9,4.5,7.6,43,40,42,45,53
2017-01-03 02:00,2186,40,38,0.00,86,0.00,,13.0,4.1,0.21,0.25,11.1,8.4,10.9,4.5,7.6,43,39,42,45,53
2017-01-03 03:00,2186,40,38,0.00,89,0.00,,13.3,8.2,0.20,0.23,11.2,8.4,10.9,4.5,7.6,43,39,42,45,53
2017-01-03 04:00,2186,40,40,0.00,82,0.01,,11.4,7.2,0.20,0.25,10.8,8.4,10.9,4.5,7.6,43,39,42,45,53
2017-01-03 05:00,2186,41,39,0.00,82,0.00,,11.3,4.8,0.20,0.25,11.0,8.6,11.0,4.5,7.6,42,39,42,45,53
2017-01-03 06:00,2186,40,39,0.00,83,0.33,,7.9,3.3,0.21,0.25,11.1,8.2,10.7,4.5,7.6,42,39,42,45,53
2017-01-03 07:00,2186,40,38,0.00,89,32.21,,8.7,4.3,0.21,0.24,11.1,8.2,10.7,4.5,7.6,42,39,42,45,53
2017-01-03 08:00,2186,44,40,0.00,88,107.60,,9.4,4.4,0.21,0.27,11.1,8.2,10.9,4.5,7.6,42,39,41,45,53
2017-01-03 09:00,2186,47,44,0.00,67,176.30,,8.6,4.2,0.20,0.30,11.1,8.2,10.7,4.5,7.6,42,39,41,45,53
2017-01-03 10:00,2186,48,47,0.00,61,263.80,,9.6,5.6,0.19,0.33,11.1,8.0,11.1,4.5,7.6,43,40,41,45,53
2017-01-03 11:00,2186,49,48,0.00,53,311.30,,11.9,6.3,0.18,0.34,11.1,8.4,11.1,4.5,7.6,43,42,42,45,53
2017-01-03 12:00,2186,50,49,0.00,51,328.00,,14.3,7.7,0.18,0.35,11.0,8.3,11.1,4.5,8.3,44,43,42,44,53
2017-01-03 13:00,2186,51,50,0.00,48,307.30,,13.0,7.6,0.17,0.37,11.0,8.1,11.0,4.5,8.3,44,44,42,44,53
2017-01-03 14:00,2186,51,50,0.00,43,214.30,,12.4,5.7,0.16,0.38,10.9,8.1,11.0,5.2,7.6,45,45,43,44,53
2017-01-03 15:00,2186,50,48,0.00,55,76.49,,8.0,4.6,0.21,0.35,11.3,8.1,10.8,4.5,7.6,45,45,44,45,53
2017-01-03 16:00,2186,48,46,0.00,64,12.80,,7.5,2.9,0.22,0.33,11.1,8.1,10.8,4.3,7.6,46,46,44,45,53
2017-01-03 17:00,2186,46,44,0.00,70,0.00,,9.6,4.0,0.23,0.30,11.1,8.3,11.2,5.0,7.6,45,45,44,45,53
2017-01-03 18:00,2186,46,46,0.00,68,0.00,,8.2,3.6,0.20,0.31,10.9,8.3,11.2,5.0,7.6,45,44,45,45,53
2017-01-03 19:00,2186,46,45,0.00,66,0.00,,9.9,5.8,0.20,0.31,10.9,8.3,11.2,5.0,7.6,45,44,45,45,53
2017-01-03 20:00,2186,45,40,0.00,60,0.00,,6.9,3.7,0.18,0.28,11.0,8.3,11.2,5.0,7.6,45,43,44,45,53
2017-01-03 21:00,2186,44,39,0.00,72,0.00,,7.0,3.7,0.18,0.27,11.0,8.4,10.8,5.0,7.6,44,42,44,45,53
2017-01-03 22:00,2186,41,37,0.00,72,0.00,,8.9,3.5,0.17,0.24,11.1,8.2,10.8,4.7,8.3,44,41,44,45,53
2017-01-03 23:00,2186,43,39,0.00,74,0.01,,9.9,5.2,0.17,0.25,10.8,8.1,11.0,4.3,7.6,44,41,44,45,53
2017-01-04 00:00,2186,42,39,0.00,70,0.01,,8.1,5.1,0.17,0.25,11.0,8.1,11.0,4.3,8.3,43,40,43,45,53
2017-01-04 01:00,2186,41,39,0.00,72,0.00,,8.2,5.4,0.18,0.25,11.0,8.1,11.1,4.8,7.6,43,40,43,45,53
2017-01-04 02:00,2186,40,39,0.00,72,0.01,,10.0,4.9,0.18,0.24,11.2,8.1,10.6,4.8,8.0,43,40,43,45,53
2017-01-04 03:00,2186,40,39,0.00,78,0.00,,9.6,4.1,0.18,0.24,10.9,8.1,10.6,4.6,7.6,43,39,42,45,53
2017-01-04 04:00,2186,39,36,0.00,75,0.01,,11.6,6.6,0.18,0.23,10.9,8.2,10.8,4.8,7.6,43,39,42,45,53
2017-01-04 05:00,2186,43,36,0.00,81,0.01,,11.6,7.1,0.18,0.24,10.9,7.8,10.8,4.6,7.6,42,39,42,45,53
2017-01-04 06:00,2186,44,37,0.00,78,1.74,,8.7,6.1,0.18,0.25,11.0,8.2,10.8,4.6,7.6,42,38,42,45,53
2017-01-04 07:00,2186,43,40,0.00,69,60.94,,8.5,5.3,0.18,0.25,10.8,8.1,10.8,4.6,7.6,42,38,42,45,53
2017-01-04 08:00,2186,50,43,0.00,68,170.00,,10.4,6.0,0.19,0.33,10.8,8.1,10.6,4.6,7.6,42,38,41,45,53
2017-01-04 09:00,2186,53,50,0.00,55,249.10,,10.9,5.1,0.21,0.37,10.8,7.8,10.8,4.6,8.3,42,39,41,45,53
2017-01-04 10:00,2186,53,52,0.00,53,357.50,,12.7,6.2,0.21,0.40,10.8,8.2,10.6,4.6,7.6,42,40,41,45,53
2017-01-04 11:00,2186,54,53,0.00,58,481.00,,16.5,9.2,0.23,0.41,10.8,8.1,10.8,4.6,7.6,43,42,41,44,53
2017-01-04 12:00,2186,55,54,0.00,56,719.40,,15.1,9.1,0.24,0.43,10.9,8.4,10.8,4.6,7.6,44,44,42,44,53
2017-01-04 13:00,2186,56,55,0.00,59,534.20,,17.1,10.0,0.26,0.44,10.8,8.1,10.6,4.6,7.9,46,46,43,44,53
2017-01-04 14:00,2186,56,55,0.00,62,339.40,,15.9,9.2,0.27,0.44,11.0,8.3,10.6,4.6,8.3,47,49,44,44,53
2017-01-04 15:00,2186,55,54,0.00,63,184.00,,14.0,7.6,0.28,0.43,11.0,8.3,10.6,5.3,8.0,47,49,45,44,53
2017-01-04 16:00,2186,55,53,0.00,66,27.10,,10.3,5.6,0.28,0.42,10.9,8.3,11.0,5.0,7.6,48,49,46,45,53
2017-01-04 17:00,2186,53,52,0.00,70,0.00,,12.8,5.0,0.29,0.40,10.9,8.1,10.9,5.0,7.6,48,49,46,45,53
2017-01-04 18:00,2186,52,52,0.00,74,0.00,,11.3,4.2,0.29,0.39,10.9,8.4,10.9,4.8,7.6,48,48,47,45,53
2017-01-04 19:00,2186,52,51,0.00,76,0.00,,10.7,6.0,0.30,0.38,10.9,8.5,10.9,5.2,7.6,47,48,47,46,53
2017-01-04 20:00,2186,51,50,0.00,78,0.00,,19.0,9.0,0.29,0.37,11.0,8.5,11.0,5.0,7.6,47,47,47,46,53
2017-01-04 21:00,2186,50,49,0.00,79,0.00,,17.6,6.7,0.29,0.36,11.0,7.9,10.9,4.8,7.6,47,47,47,46,53
2017-01-04 22:00,2186,50,49,0.00,80,0.00,,16.3,7.3,0.28,0.36,11.0,8.1,10.9,4.8,7.9,47,47,47,46,53
2017-01-04 23:00,2186,51,50,0.00,78,0.00,,14.6,7.1,0.28,0.37,10.7,8.1,11.2,4.8,7.6,47,46,47,46,53
2017-01-05 00:00,2186,51,51,0.00,77,0.00,,16.1,8.3,0.28,0.37,10.8,8.1,11.2,5.2,7.6,47,46,47,47,53
2017-01-05 01:00,2186,51,51,0.00,76,0.00,,18.6,7.8,0.29,0.38,11.1,8.1,10.7,5.2,7.6,47,46,46,47,53
2017-01-05 02:00,2186,51,51,0.00,80,0.00,,23.8,14.5,0.30,0.38,11.1,7.7,10.7,5.0,7.6,47,46,46,47,53
2017-01-05 03:00,2186,51,51,0.00,80,0.00,,23.6,12.8,0.30,0.38,11.1,7.9,10.7,5.0,7.6,47,46,46,47,53
2017-01-05 04:00,2186,51,49,0.00,82,0.00,,23.6,9.8,0.31,0.36,11.1,7.9,10.7,5.0,7.6,47,46,46,47,53
2017-01-05 05:00,2186,50,49,0.00,85,0.00,,12.6,6.7,0.30,0.36,11.1,7.9,10.8,5.0,7.6,47,46,46,47,53
2017-01-05 06:00,2186,50,50,0.00,83,1.20,,20.6,8.2,0.30,0.36,11.1,7.9,10.8,5.2,7.6,47,45,46,47,53
2017-01-05 07:00,2186,51,50,0.00,83,25.84,,22.4,13.6,0.31,0.37,10.8,7.9,10.8,5.2,7.6,47,45,46,47,53
2017-01-05 08:00,2186,53,51,0.00,82,199.20,,24.8,15.0,0.31,0.39,10.8,8.1,10.8,5.2,7.6,47,45,46,47,53
2017-01-05 09:00,2186,52,51,0.01,81,80.70,,22.3,12.1,0.32,0.38,10.8,7.9,10.8,5.2,7.9,47,46,46,47,53
2017-01-05 10:00,2186,52,51,0.00,88,121.10,,22.3,12.3,0.32,0.38,10.8,7.9,10.8,5.2,7.6,47,46,46,47,53
2017-01-05 11:00,2186,54,52,0.00,80,250.50,,20.6,11.2,0.32,0.41,10.8,7.9,10.5,5.0,7.6,47,47,46,47,53
2017-01-05 12:00,2186,55,54,0.00,77,227.30,,22.4,8.3,0.30,0.42,10.8,7.7,10.8,5.3,7.6,47,47,47,47,53
2017-01-05 13:00,2186,58,55,0.00,66,507.60,,23.6,9.8,0.29,0.47,10.6,8.1,10.8,5.3,7.6,48,48,47,47,53
2017-01-05 14:00,2186,58,55,0.01,57,277.50,,30.7,15.0,0.27,0.46,11.1,8.0,10.8,5.3,7.6,49,49,47,47,53
2017-01-05 15:00,2186,56,55,0.00,55,155.60,,32.6,18.1,0.25,0.45,11.0,8.0,10.7,5.0,7.6,49,49,47,47,53
2017-01-05 16:00,2186,55,53,0.00,59,16.24,,25.6,14.1,0.26,0.43,11.0,8.0,10.7,5.0,7.6,49,49,48,47,53
2017-01-05 17:00,2186,53,52,0.00,64,0.01,,24.3,12.1,0.26,0.40,11.0,7.9,10.7,5.0,7.6,49,49,48,47,53
2017-01-05 18:00,2186,52,50,0.00,64,0.00,,23.8,14.5,0.25,0.38,11.1,8.1,10.7,5.3,7.6,49,48,48,47,53
2017-01-05 19:00,2186,50,49,0.00,68,0.00,,26.1,17.2,0.24,0.36,10.6,8.1,10.7,5.0,8.0,48,47,48,47,53
2017-01-05 20:00,2186,49,47,0.00,65,0.00,,25.7,13.7,0.22,0.34,10.6,7.9,10.7,5.0,8.0,48,47,48,48,53
2017-01-05 21:00,2186,47,45,0.00,70,0.00,,11.6,7.0,0.22,0.31,10.8,7.9,10.8,5.2,7.6,48,46,47,48,53
2017-01-05 22:00,2186,45,44,0.00,71,0.00,,9.0,4.4,0.20,0.30,10.8,8.0,10.5,5.2,7.6,47,45,47,48,53
2017-01-05 23:00,2186,45,43,0.00,48,0.00,,13.4,6.1,0.13,0.29,10.6,8.0,10.5,5.0,7.6,47,45,47,48,53
2017-01-06 00:00,2186,43,41,0.00,35,0.00,,18.5,9.0,0.10,0.28,10.6,8.0,10.7,5.0,7.6,47,44,47,48,53
2017-01-06 01:00,2186,41,37,0.00,39,0.00,,10.8,6.3,0.10,0.24,10.6,8.3,10.7,5.0,8.3,47,44,46,48,53
2017-01-06 02:00,2186,37,35,0.00,47,0.00,,10.8,6.4,0.09,0.22,10.4,8.2,10.9,5.0,7.6,46,42,46,48,53
2017-01-06 03:00,2186,37,35,0.00,46,0.01,,13.4,6.9,0.08,0.22,10.6,7.8,11.1,5.0,7.6,46,41,46,48,53
2017-01-06 04:00,2186,36,33,0.00,34,0.02,,15.5,8.0,0.06,0.20,10.6,8.0,10.6,5.0,7.6,45,40,45,47,53
2017-01-06 05:00,2186,33,32,0.00,35,0.06,,15.4,4.1,0.06,0.18,10.5,8.0,10.8,5.5,7.6,44,39,45,47,53
2017-01-06 06:00,2186,33,30,0.00,30,1.69,,7.5,3.4,0.06,0.17,10.2,8.2,10.8,5.5,7.6,44,39,44,47,53
2017-01-06 07:00,2186,33,30,0.00,41,89.20,,13.8,6.5,0.06,0.17,10.5,7.8,10.9,5.5,7.6,43,38,43,47,53
2017-01-06 08:00,2186,37,33,0.00,35,282.30,,12.2,5.7,0.07,0.20,10.5,8.0,10.7,5.5,7.6,43,37,43,47,53
2017-01-06 09:00,2186,39,37,0.00,32,430.10,,9.3,3.9,0.06,0.23,10.4,7.7,10.7,5.5,8.3,42,37,42,47,53
2017-01-06 10:00,2186,41,39,0.00,26,540.50,,13.1,6.2,0.06,0.24,10.4,8.0,10.9,5.4,7.6,42,37,42,47,53
2017-01-06 11:00,2186,43,41,0.00,21,595.10,,10.4,3.7,0.05,0.27,10.4,7.8,10.5,5.4,7.6,43,38,42,46,53
2017-01-06 12:00,2186,45,43,0.00,19,576.80,,10.4,3.4,0.05,0.28,10.5,8.0,10.5,5.4,7.6,44,40,42,46,53
2017-01-06 13:00,2186,44,43,0.00,14,490.90,,12.1,6.4,0.04,0.29,10.4,7.8,10.5,5.4,8.3,45,42,42,46,53
2017-01-06 14:00,2186,45,44,0.00,13,321.20,,7.3,3.2,0.04,0.29,10.5,7.8,10.6,5.4,7.6,46,43,43,46,53
2017-01-06 15:00,2186,45,44,0.00,14,202.40,,6.5,3.1,0.04,0.30,10.5,7.8,10.8,5.4,8.3,46,44,43,46,53
2017-01-06 16:00,2186,44,39,0.00,15,29.44,,5.4,2.1,0.05,0.28,10.5,7.8,10.8,5.2,7.6,46,44,44,46,53
2017-01-06 17:00,2186,39,35,0.00,23,0.06,,9.2,4.4,0.05,0.22,10.5,7.8,10.6,5.4,7.6,46,43,44,46,53
2017-01-06 18:00,2186,38,32,0.00,31,0.01,,10.8,5.0,0.05,0.22,10.3,8.1,10.6,5.4,7.6,46,42,44,46,53
2017-01-06 19:00,2186,35,30,0.00,41,0.04,,10.2,2.3,0.08,0.17,10.4,7.8,10.8,5.4,7.6,45,41,44,46,53
2017-01-06 20:00,2186,36,33,0.00,28,0.03,,17.9,6.5,0.05,0.20,10.5,8.1,10.8,5.2,8.3,44,40,44,46,53
2017-01-06 21:00,2186,34,31,0.00,32,0.03,,8.0,4.7,0.06,0.18,10.3,8.1,10.8,5.2,7.6,44,39,43,46,53
2017-01-06 22:00,2186,35,31,0.00,30,0.04,,13.0,7.4,0.06,0.19,10.4,7.6,10.6,5.8,7.6,43,38,43,46,53
2017-01-06 23:00,2186,35,32,0.00,28,0.03,,9.1,5.5,0.06,0.19,10.2,7.6,10.5,5.5,8.3,43,38,42,46,53
2017-01-07 00:00,2186,34,31,0.00,29,0.02,,5.5,2.9,0.06,0.19,10.2,7.6,10.7,5.5,8.3,42,37,42,46,53
2017-01-07 01:00,2186,33,31,0.00,37,0.01,,5.2,2.3,0.08,0.18,10.6,7.8,10.7,5.5,8.3,42,37,42,46,53
2017-01-07 02:00,2186,35,32,0.00,50,0.01,,7.4,2.8,0.08,0.20,10.1,7.8,10.6,5.5,8.3,42,36,41,46,53
2017-01-07 03:00,2186,35,33,0.00,36,0.00,,8.3,3.6,0.09,0.19,10.1,7.8,10.6,5.5,8.1,42,37,41,45,53
2017-01-07 04:00,2186,36,34,0.00,48,0.00,,7.9,4.7,0.09,0.20,10.5,7.8,10.5,5.5,8.3,42,37,41,45,53
2017-01-07 05:00,2186,37,35,0.00,38,0.01,,8.8,5.2,0.09,0.21,10.3,7.8,10.7,5.4,8.3,42,37,40,45,53
2017-01-07 06:00,2186,39,37,0.00,43,0.24,,10.0,3.5,0.09,0.22,10.3,7.4,10.7,5.4,8.3,42,37,40,45,53
2017-01-07 07:00,2186,41,38,0.00,40,30.18,,8.1,3.3,0.10,0.24,10.7,7.8,10.7,5.4,7.6,41,37,40,45,53
2017-01-07 08:00,2186,45,41,0.00,37,84.80,,9.6,6.2,0.11,0.27,10.4,7.4,10.3,5.4,8.3,41,37,40,45,53
2017-01-07 09:00,2186,47,43,0.00,52,114.80,,9.9,4.6,0.16,0.31,10.4,8.0,10.7,5.4,7.6,42,38,40,44,53
2017-01-07 10:00,2186,45,43,0.00,37,137.00,,7.5,4.2,0.10,0.28,10.4,7.8,10.3,5.4,7.6,42,39,40,44,53
2017-01-07 11:00,2186,47,45,0.00,32,189.40,,4.9,2.1,0.11,0.31,10.2,7.8,10.4,5.4,7.6,42,40,40,44,53
2017-01-07 12:00,2186,47,46,0.00,35,184.10,,6.3,3.7,0.11,0.32,10.5,7.7,10.4,5.4,8.3,43,41,41,44,53
2017-01-07 13:00,2186,48,47,0.00,36,151.10,,6.2,3.3,0.12,0.33,10.5,7.7,10.4,5.1,7.6,43,42,41,44,53
2017-01-07 14:00,2186,48,47,0.00,31,129.20,,9.4,5.2,0.11,0.33,10.4,7.5,10.7,5.1,8.3,44,43,42,44,53
2017-01-07 15:00,2186,48,45,0.00,38,52.59,,7.5,3.9,0.12,0.32,10.2,7.5,10.6,5.1,8.3,44,44,42,44,53
2017-01-07 16:00,2186,45,44,0.00,36,8.15,,5.7,2.6,0.11,0.29,10.2,7.5,10.6,5.6,8.3,45,44,43,44,53
2017-01-07 17:00,2186,44,42,0.00,42,0.00,,2.6,1.1,0.12,0.28,10.2,7.5,10.4,5.6,7.6,45,44,43,44,53
2017-01-07 18:00,2186,42,40,0.00,45,0.00,,8.6,4.0,0.13,0.26,10.2,7.7,10.4,5.6,7.6,44,43,43,44,53
2017-01-07 19:00,2186,45,40,0.00,57,0.00,,9.2,4.9,0.14,0.27,10.4,7.7,10.4,5.8,7.6,44,43,44,45,53
2017-01-07 20:00,2186,45,41,0.00,51,0.00,,6.9,3.7,0.16,0.27,10.4,7.5,10.4,5.8,8.3,44,42,43,45,53
2017-01-07 21:00,2186,43,42,0.00,69,0.00,,7.6,3.5,0.19,0.27,10.5,7.5,10.6,5.3,8.3,44,42,43,45,53
2017-01-07 22:00,2186,43,42,0.00,71,0.00,,10.6,3.0,0.20,0.27,10.5,7.5,10.6,5.3,8.3,44,42,43,45,53
2017-01-07 23:00,2186,42,41,0.00,79,0.00,,13.9,4.1,0.21,0.27,10.5,7.5,10.6,5.6,7.6,44,42,43,45,53
2017-01-08 00:00,2186,41,40,0.00,84,0.00,,5.4,2.2,0.21,0.26,10.5,7.5,10.6,5.6,8.3,44,42,43,45,53
2017-01-08 01:00,2186,41,38,0.00,81,0.00,,5.7,2.0,0.21,0.24,10.2,7.6,10.6,5.6,8.3,43,41,43,45,53
2017-01-08 02:00,2186,41,39,0.00,87,0.00,,10.1,3.3,0.21,0.25,10.2,7.6,10.6,5.3,8.3,43,41,43,45,53
2017-01-08 03:00,2186,44,41,0.00,83,0.00,,8.6,4.1,0.22,0.28,10.4,7.6,10.6,6.0,8.3,43,41,43,45,53
2017-01-08 04:00,2186,44,41,0.00,82,0.00,,4.3,1.4,0.23,0.27,10.4,7.6,10.4,5.6,8.3,43,41,42,45,53
2017-01-08 05:00,2186,44,42,0.00,89,0.00,,5.4,2.9,0.23,0.27,10.4,7.6,10.4,5.4,8.3,43,41,42,45,53
2017-01-08 06:00,2186,43,40,0.00,84,1.06,,10.4,6.7,0.23,0.27,10.4,7.6,10.4,5.4,8.1,43,41,42,45,53
2017-01-08 07:00,2186,48,41,0.00,87,75.14,,10.8,6.1,0.22,0.29,10.4,7.6,10.4,5.4,7.6,43,40,42,45,53
2017-01-08 08:00,2186,48,46,0.00,66,163.40,,5.0,1.3,0.24,0.32,10.1,7.6,10.4,5.4,8.3,43,40,42,45,53
2017-01-08 09:00,2186,53,47,0.00,77,315.10,,2.9,0.8,0.25,0.36,10.1,7.6,10.6,5.1,8.3,43,41,42,45,53
2017-01-08 10:00,2186,56,53,0.00,65,383.40,,6.2,2.6,0.26,0.44,10.0,7.5,10.6,5.6,8.3,44,42,42,45,53
2017-01-08 11:00,2186,61,56,0.00,52,431.50,,6.3,2.6,0.25,0.49,10.4,7.7,10.6,5.6,8.3,44,44,43,45,53
2017-01-08 12:00,2186,63,61,0.01,47,545.70,,8.9,5.1,0.23,0.55,10.2,7.8,10.4,5.6,7.6,45,46,43,45,53
2017-01-08 13:00,2186,68,63,0.00,38,438.30,,14.1,5.3,0.22,0.61,10.4,7.9,10.2,5.4,8.3,47,48,44,45,53
2017-01-08 14:00,2186,69,68,0.00,30,422.70,,16.9,10.6,0.20,0.71,10.6,8.2,10.9,6.1,8.3,48,50,45,45,53
2017-01-08 15:00,2186,68,65,0.00,29,197.00,,14.9,7.1,0.21,0.67,10.3,7.9,10.7,5.8,8.3,49,51,46,45,53
2017-01-08 16:00,2186,65,58,0.00,34,31.85,,7.6,3.6,0.21,0.57,10.3,7.9,10.5,5.8,7.6,49,52,47,45,53
2017-01-08 17:00,2186,58,51,0.00,45,0.02,,3.8,1.4,0.22,0.42,10.3,7.9,10.6,6.0,7.6,49,51,48,46,53
2017-01-08 18:00,2186,54,50,0.00,53,0.00,,6.8,3.2,0.22,0.38,10.3,8.0,10.9,5.6,8.3,49,50,48,46,53
2017-01-08 19:00,2186,50,49,0.00,60,0.00,,8.0,6.2,0.21,0.36,10.4,7.7,10.6,5.6,7.6,49,49,48,46,53
2017-01-08 20:00,2186,51,50,0.00,59,0.00,,7.7,5.3,0.21,0.37,10.2,7.8,10.6,6.0,7.6,48,48,48,46,53
2017-01-08 21:00,2186,51,49,0.00,53,0.00,,7.2,5.0,0.20,0.37,10.3,7.8,10.6,5.8,8.3,48,47,48,47,53
2017-01-08 22:00,2186,51,49,0.00,56,0.00,,8.6,5.5,0.20,0.36,10.3,7.7,10.8,6.2,7.6,47,47,47,47,53
2017-01-08 23:00,2186,53,50,0.00,55,0.00,,6.8,3.4,0.20,0.39,10.7,8.1,10.5,5.6,7.6,47,46,47,47,53
2017-01-09 00:00,2186,54,51,0.00,50,0.00,,10.1,5.0,0.19,0.40,10.2,7.7,10.3,6.1,8.3,47,46,47,47,53
2017-01-09 01:00,2186,54,52,0.00,43,0.00,,12.1,3.7,0.19,0.41,10.7,7.7,10.5,6.1,8.3,47,46,47,47,53
2017-01-09 02:00,2186,56,51,0.00,51,0.00,,10.9,4.9,0.19,0.40,10.2,7.7,10.7,6.1,8.3,47,46,47,47,53
2017-01-09 03:00,2186,56,51,0.00,43,0.00,,10.3,3.6,0.19,0.42,10.2,7.7,10.7,5.8,8.3,47,46,47,47,53
2017-01-09 04:00,2186,52,51,0.00,52,0.00,,9.8,2.1,0.19,0.38,10.2,7.7,10.7,6.2,7.6,47,46,47,47,53
2017-01-09 05:00,2186,52,49,0.00,50,0.00,,10.5,6.3,0.21,0.38,10.4,7.8,10.7,6.0,8.1,47,46,47,47,53
2017-01-09 06:00,2186,50,49,0.06,72,0.05,,15.9,7.9,0.28,0.36,10.4,7.8,10.7,6.0,8.3,47,46,47,47,53
2017-01-09 07:00,2186,51,48,0.06,84,6.74,,11.6,5.2,0.30,0.35,10.4,7.8,10.7,6.0,7.6,47,46,47,47,53
2017-01-09 08:00,2186,52,51,0.00,83,48.67,,8.7,4.3,0.32,0.38,10.4,7.8,10.7,6.2,8.3,47,46,46,47,53
2017-01-09 09:00,2186,54,51,0.00,86,126.30,,18.0,8.9,0.33,0.40,10.4,8.0,10.9,6.0,8.3,47,46,46,47,52
2017-01-09 10:00,2186,56,54,0.00,76,456.40,,22.1,12.0,0.32,0.44,10.4,7.9,10.5,6.0,8.3,47,47,47,47,53
2017-01-09 11:00,2186,55,54,0.00,76,421.90,,19.0,12.1,0.32,0.43,10.2,7.9,10.5,5.8,8.3,48,48,47,47,53
2017-01-09 12:00,2186,55,54,0.00,74,355.90,,20.6,12.8,0.32,0.43,10.3,7.9,10.7,5.8,7.6,49,49,47,47,53
2017-01-09 13:00,2186,56,54,0.00,71,406.50,,24.0,14.1,0.30,0.44,10.3,8.1,10.7,6.3,7.6,49,50,47,47,53
2017-01-09 14:00,2186,57,56,0.00,66,395.10,,17.6,9.9,0.30,0.46,10.2,8.3,10.7,6.3,7.6,50,51,48,47,53
2017-01-09 15:00,2186,56,54,0.00,64,133.40,,18.9,12.3,0.28,0.43,10.5,8.3,10.6,6.3,8.3,50,51,49,47,53
2017-01-09 16:00,2186,54,52,0.00,66,23.79,,16.4,8.8,0.26,0.41,10.2,8.1,10.6,6.4,7.6,50,51,49,48,53
2017-01-09 17:00,2186,52,50,0.00,67,0.01,,19.1,10.9,0.25,0.38,10.2,8.3,10.9,6.1,7.6,50,50,49,48,53
2017-01-09 18:00,2186,51,50,0.00,62,0.00,,20.4,13.4,0.23,0.36,10.3,8.4,10.9,5.9,8.3,49,49,49,48,53
2017-01-09 19:00,2186,50,49,0.00,64,0.00,,18.2,11.4,0.24,0.35,10.4,8.0,10.9,6.2,8.3,49,48,49,48,53
2017-01-09 20:00,2186,49,47,0.00,67,0.00,,21.2,9.8,0.23,0.34,10.4,7.9,11.0,6.3,8.1,49,47,49,48,53
2017-01-09 21:00,2186,48,45,0.00,74,0.00,,19.4,9.7,0.24,0.32,10.2,7.9,11.0,6.5,8.1,48,46,48,48,53
2017-01-09 22:00,2186,46,44,0.00,79,0.00,,15.3,8.1,0.25,0.30,10.1,8.4,10.5,6.5,8.1,48,46,48,48,53
2017-01-09 23:00,2186,46,44,0.00,85,0.00,,22.3,12.2,0.24,0.31,10.6,8.0,10.5,6.5,8.3,47,45,47,48,53
2017-01-10 00:00,2186,46,44,0.00,72,0.00,,15.2,8.7,0.22,0.30,10.3,8.0,10.7,6.2,8.1,47,44,47,48,53
2017-01-10 01:00,2186,44,42,0.00,76,0.00,,11.9,7.0,0.22,0.28,10.3,8.3,10.7,6.6,8.1,47,44,47,48,53
2017-01-10 02:00,2186,43,42,0.00,84,0.00,,12.9,8.1,0.22,0.27,10.4,7.9,10.7,6.9,8.1,46,43,47,48,53
2017-01-10 03:00,2186,44,42,0.00,77,0.00,,15.1,9.4,0.21,0.28,10.0,8.1,10.7,6.5,7.8,46,43,46,48,53
2017-01-10 04:00,2186,43,42,0.00,76,0.00,,14.8,8.8,0.21,0.27,10.2,8.4,10.9,6.5,8.1,46,42,46,48,53
2017-01-10 05:00,2186,44,42,0.00,76,0.00,,18.1,10.6,0.19,0.28,10.4,7.8,10.5,6.5,8.1,46,42,45,48,53
2017-01-10 06:00,2186,44,42,0.00,65,1.18,,14.5,9.5,0.19,0.28,10.4,7.8,10.5,6.9,8.1,45,41,45,48,53
2017-01-10 07:00,2186,46,44,0.00,66,89.30,,15.4,10.2,0.19,0.30,10.1,8.1,10.2,6.9,8.1,45,41,45,48,53
2017-01-10 08:00,2186,49,46,0.00,60,228.90,,16.9,10.5,0.19,0.33,10.2,8.1,10.6,6.4,8.1,45,41,44,47,53
2017-01-10 09:00,2186,50,49,0.00,55,344.30,,20.1,12.2,0.19,0.35,10.2,7.8,10.6,6.6,8.1,45,41,44,47,53
2017-01-10 10:00,2186,52,50,0.00,55,496.10,,21.9,12.0,0.20,0.37,10.2,7.8,10.6,6.6,8.1,45,42,44,47,53
2017-01-10 11:00,2186,52,51,0.00,54,532.10,,25.2,14.2,0.21,0.39,10.1,8.3,10.6,6.6,8.1,46,43,44,47,53
2017-01-10 12:00,2186,54,51,0.00,54,557.50,,24.4,14.5,0.21,0.40,10.2,8.0,10.7,6.6,8.1,47,45,45,47,53
2017-01-10 13:00,2186,56,54,0.00,50,505.60,,22.8,13.9,0.19,0.43,10.6,8.0,10.5,6.6,8.1,48,47,45,47,53
2017-01-10 14:00,2186,56,54,0.00,40,326.00,,26.4,16.0,0.18,0.43,10.2,8.3,10.5,6.4,8.1,49,48,46,47,53
2017-01-10 15:00,2186,54,53,0.00,43,133.40,,22.4,14.6,0.19,0.42,10.0,8.3,10.7,6.2,8.1,49,48,47,47,53
2017-01-10 16:00,2186,53,51,0.00,45,19.95,,21.3,12.5,0.20,0.40,10.2,8.3,10.7,6.8,8.1,49,48,47,47,53
2017-01-10 17:00,2186,51,50,0.00,57,0.01,,24.2,12.3,0.23,0.37,10.0,8.3,10.5,6.9,8.1,49,48,47,47,53
2017-01-10 18:00,2186,50,48,0.00,66,0.00,,18.6,6.7,0.24,0.35,10.2,8.0,10.5,6.7,8.1,48,47,47,47,53
2017-01-10 19:00,2186,48,48,0.00,71,0.00,,14.5,6.9,0.24,0.34,10.1,8.3,10.5,6.8,8.1,48,47,47,47,53
2017-01-10 20:00,2186,48,47,0.00,71,0.00,,13.7,6.7,0.24,0.33,10.3,7.7,10.5,6.8,8.1,48,46,47,47,53
2017-01-10 21:00,2186,48,47,0.00,75,0.00,,12.7,5.4,0.25,0.33,10.6,7.7,10.3,6.8,8.1,47,46,47,48,53
2017-01-10 22:00,2186,49,47,0.00,73,0.00,,16.5,4.6,0.25,0.34,10.3,7.7,10.5,6.6,8.1,47,46,47,48,53
2017-01-10 23:00,2186,47,47,0.00,75,0.00,,12.7,4.8,0.25,0.33,10.6,7.8,10.5,7.1,8.1,47,46,47,48,53
2017-01-11 00:00,2186,48,47,0.00,76,0.00,,25.0,9.8,0.25,0.33,10.3,8.1,10.7,6.8,8.1,47,45,47,48,53
2017-01-11 01:00,2186,48,47,0.00,74,0.00,,26.4,15.8,0.25,0.34,10.4,7.8,10.7,6.8,8.1,47,45,47,48,53
2017-01-11 02:00,2186,47,46,0.00,75,0.00,,17.2,6.3,0.24,0.32,10.0,8.3,10.7,7.1,8.1,47,45,47,48,53
2017-01-11 03:00,2186,49,47,0.00,75,0.00,,16.4,5.9,0.24,0.33,10.2,7.9,10.7,6.9,8.1,47,44,46,48,53
2017-01-11 04:00,2186,47,46,0.00,74,0.00,,15.8,6.6,0.24,0.32,10.4,7.9,10.7,6.9,8.1,47,44,46,48,53
2017-01-11 05:00,2186,48,46,0.00,74,0.00,,13.2,4.7,0.24,0.33,10.4,7.9,10.7,6.9,8.1,47,44,46,48,53
2017-01-11 06:00,2186,48,47,0.00,72,0.88,,19.2,9.2,0.24,0.33,10.4,7.9,10.7,6.6,8.1,46,44,46,47,53
2017-01-11 07:00,2186,49,47,0.00,73,18.62,,16.8,7.4,0.25,0.34,10.1,8.1,10.9,7.1,8.1,46,43,46,47,53
2017-01-11 08:00,2186,50,49,0.00,75,170.30,,19.5,8.9,0.26,0.35,10.1,8.1,10.9,7.1,8.1,46,43,46,47,53
2017-01-11 09:00,2186,49,49,0.00,82,376.40,,19.7,9.2,0.29,0.35,10.2,8.1,10.5,7.1,8.1,46,44,45,47,53
2017-01-11 10:00,2186,51,48,0.00,84,510.40,,25.5,15.2,0.30,0.35,10.2,7.9,10.5,6.9,8.1,46,45,45,47,53
2017-01-11 11:00,2186,53,51,0.00,76,574.60,,28.1,17.2,0.28,0.39,10.4,7.7,10.5,6.9,8.1,47,46,46,47,53
2017-01-11 12:00,2186,54,53,0.00,69,578.40,,25.4,16.6,0.27,0.42,10.2,8.1,10.5,6.9,8.1,48,47,46,47,53
2017-01-11 13:00,2186,55,54,0.00,64,501.50,,27.5,17.2,0.25,0.43,10.6,7.9,10.7,6.9,8.1,49,48,47,47,53
2017-01-11 14:00,2186,56,55,0.00,55,374.20,,26.2,17.4,0.22,0.44,10.6,7.9,10.7,7.2,8.1,50,49,47,47,53
2017-01-11 15:00,2186,56,54,0.00,39,204.00,,25.8,16.3,0.17,0.44,10.2,7.9,10.5,7.2,8.1,50,50,48,47,53
2017-01-11 16:00,2186,54,51,0.00,36,36.02,,21.7,9.3,0.16,0.40,10.4,7.9,10.6,7.0,8.1,50,49,48,47,53
2017-01-11 17:00,2186,51,47,0.00,46,0.06,,9.5,4.5,0.18,0.36,10.2,7.9,10.6,6.8,8.1,49,49,48,48,53
2017-01-11 18:00,2186,49,47,0.00,57,0.00,,11.4,3.9,0.18,0.33,10.6,8.1,10.6,7.1,8.1,49,48,48,48,53
2017-01-11 19:00,2186,49,46,0.00,57,0.00,,16.5,7.7,0.19,0.34,10.6,7.9,10.6,7.1,8.1,49,47,48,48,53
2017-01-11 20:00,2186,48,46,0.00,64,0.00,,17.2,8.3,0.20,0.32,10.2,7.9,10.5,7.7,8.1,48,46,48,48,53
2017-01-11 21:00,2186,47,42,0.00,64,0.00,,10.8,6.1,0.20,0.30,10.2,7.5,10.7,7.4,8.1,48,45,47,48,53
2017-01-11 22:00,2186,46,42,0.00,74,0.00,,17.0,8.7,0.21,0.30,10.4,7.5,10.7,7.4,8.1,47,45,47,48,53
2017-01-11 23:00,2186,46,45,0.00,69,0.00,,11.5,6.2,0.22,0.31,10.1,7.7,10.7,7.3,8.1,47,44,47,48,53
2017-01-12 00:00,2186,46,44,0.00,73,0.00,,16.8,7.8,0.22,0.31,10.1,7.7,10.7,6.9,8.1,47,44,47,48,53
2017-01-12 01:00,2186,46,43,0.00,73,0.00,,11.5,5.8,0.21,0.29,10.2,7.7,10.5,7.3,8.1,47,44,46,48,53
2017-01-12 02:00,2186,46,44,0.00,67,0.00,,9.0,3.8,0.21,0.30,10.2,7.5,10.5,7.1,8.1,47,43,46,48,53
2017-01-12 03:00,2186,44,42,0.00,73,0.00,,9.2,4.9,0.21,0.28,10.2,7.5,10.5,7.1,7.8,46,43,46,48,53
2017-01-12 04:00,2186,44,42,0.00,79,0.00,,6.6,3.2,0.21,0.27,10.0,7.5,10.7,7.1,8.1,46,43,46,48,53
2017-01-12 05:00,2186,44,42,0.00,73,0.00,,5.7,3.2,0.21,0.28,10.0,7.8,10.7,7.1,7.8,46,43,46,48,53
2017-01-12 06:00,2186,43,42,0.00,78,0.57,,10.3,5.0,0.21,0.27,10.0,7.8,10.7,7.1,7.8,46,42,45,48,53
2017-01-12 07:00,2186,43,41,0.00,76,17.43,,9.7,6.4,0.21,0.27,10.0,8.0,10.7,7.1,7.8,46,42,45,48,53
2017-01-12 08:00,2186,46,42,0.00,77,82.70,,11.9,7.3,0.21,0.28,9.8,8.0,10.2,7.1,7.8,46,42,45,47,53
2017-01-12 09:00,2186,50,46,0.00,67,205.50,,8.5,5.1,0.21,0.34,9.9,7.8,10.4,7.1,8.1,46,42,45,47,53
2017-01-12 10:00,2186,52,50,0.00,60,100.80,,9.3,4.0,0.20,0.38,9.8,7.8,10.4,7.5,8.1,46,43,45,47,53
2017-01-12 11:00,2186,52,49,0.00,51,187.20,,16.5,8.1,0.21,0.36,10.0,7.8,10.4,7.5,7.8,46,44,45,47,53
2017-01-12 12:00,2186,51,51,0.00,52,297.40,,16.4,8.5,0.20,0.38,10.1,8.0,10.4,7.5,7.8,47,45,45,47,53
2017-01-12 13:00,2186,51,51,0.00,56,151.40,,11.5,6.4,0.21,0.37,10.0,8.1,10.2,7.5,7.8,47,46,45,47,53
2017-01-12 14:00,2186,51,48,0.00,55,93.60,,10.0,5.5,0.24,0.36,10.0,7.8,10.2,7.5,8.1,47,47,46,47,53
2017-01-12 15:00,2186,48,48,0.00,75,55.92,,5.1,2.5,0.25,0.33,10.0,7.8,10.7,7.5,7.8,48,47,46,47,53
2017-01-12 16:00,2186,48,47,0.00,74,14.43,,7.8,2.3,0.25,0.33,10.0,7.8,10.7,7.0,7.8,48,47,47,47,53
2017-01-12 17:00,2186,47,46,0.03,79,0.00,,4.2,2.4,0.26,0.31,10.0,8.1,10.7,7.3,7.8,47,47,47,47,53
2017-01-12 18:00,2186,46,44,0.00,87,0.00,,7.3,3.3,0.26,0.30,10.0,7.7,10.7,7.3,8.3,47,47,47,47,53
2017-01-12 19:00,2186,44,43,0.00,89,0.00,,4.1,1.7,0.26,0.29,10.0,7.7,10.7,7.3,7.8,47,46,47,47,53
2017-01-12 20:00,2186,44,43,0.00,93,0.00,,5.1,2.8,0.26,0.28,10.0,7.8,10.7,7.3,7.8,47,46,47,47,53
2017-01-12 21:00,2186,44,44,0.00,92,0.00,,5.6,1.7,0.26,0.29,10.0,7.7,10.7,7.3,7.8,47,45,47,47,53
2017-01-12 22:00,2186,44,43,0.00,92,0.00,,2.6,0.8,0.26,0.28,9.8,7.7,10.2,7.4,7.8,47,45,47,47,53
2017-01-12 23:00,2186,43,43,0.00,93,0.00,,2.5,1.0,0.26,0.28,10.0,7.7,10.2,7.4,7.8,47,45,46,47,53
2017-01-13 00:00,2186,43,43,0.00,93,0.00,,3.6,1.7,0.26,0.27,9.8,7.7,10.2,7.2,7.8,47,45,46,47,53
2017-01-13 01:00,2186,43,42,0.00,94,0.00,,4.1,1.2,0.26,0.27,10.0,7.7,10.2,7.2,8.3,47,44,46,47,53
2017-01-13 02:00,2186,43,42,0.00,94,0.00,,4.4,1.9,0.25,0.27,10.0,7.7,10.4,7.2,7.8,46,44,46,47,53
2017-01-13 03:00,2186,43,42,0.01,96,0.00,,3.6,1.1,0.26,0.27,10.1,7.7,10.4,7.2,7.8,46,44,46,47,53
2017-01-13 04:00,2186,43,42,0.02,95,0.00,,1.9,0.1,0.26,0.27,10.1,7.7,10.4,7.9,8.3,46,44,46,47,53
2017-01-13 05:00,2186,42,42,0.04,96,0.00,,2.5,0.6,0.26,0.27,9.7,7.7,10.4,7.7,7.8,46,44,46,47,53
2017-01-13 06:00,2186,42,42,0.01,98,0.09,,4.9,1.0,0.27,0.27,9.7,7.7,10.4,7.4,8.3,46,44,45,47,53
2017-01-13 07:00,2186,42,42,0.05,99,9.09,,7.7,3.6,0.27,0.27,9.7,8.1,10.4,7.4,8.3,46,43,45,47,53
2017-01-13 08:00,2186,42,42,0.08,99,29.07,,5.5,2.3,0.27,0.27,9.8,7.8,10.5,7.4,8.3,46,43,45,47,53
2017-01-13 09:00,2186,43,42,0.07,99,79.31,,6.9,1.9,0.27,0.27,9.8,8.3,10.4,7.7,7.8,46,43,45,47,53
2017-01-13 10:00,2186,44,43,0.00,100,112.40,,6.9,3.8,0.28,0.28,9.8,9.3,10.3,7.4,8.3,46,44,45,47,53
2017-01-13 11:00,2186,45,43,0.03,95,141.60,,6.1,2.4,0.27,0.29,9.8,9.9,10.7,7.5,7.8,46,44,45,47,53
2017-01-13 12:00,2186,46,45,0.01,95,201.40,,7.6,3.4,0.28,0.30,9.7,9.7,10.5,7.5,7.8,46,45,45,47,53
2017-01-13 13:00,2186,48,46,0.00,87,233.90,,10.8,4.4,0.27,0.32,10.0,10.3,10.4,7.5,8.3,47,46,45,47,53
2017-01-13 14:00,2186,49,47,0.00,82,154.40,,14.7,6.6,0.27,0.34,10.0,10.1,10.4,7.5,8.3,47,47,46,47,53
2017-01-13 15:00,2186,49,49,0.00,74,98.20,,13.3,5.6,0.26,0.35,10.4,10.2,10.5,7.5,7.8,47,47,46,47,53
2017-01-13 16:00,2186,49,48,0.00,73,27.33,,14.4,4.4,0.25,0.34,10.3,10.0,10.7,7.3,7.8,47,47,46,47,53
2017-01-13 17:00,2186,48,46,0.00,75,0.11,,10.5,3.9,0.25,0.32,10.5,10.2,10.6,7.3,7.8,47,47,47,47,53
2017-01-13 18:00,2186,47,45,0.00,84,0.00,,10.5,4.1,0.25,0.31,10.5,9.7,10.8,7.3,8.3,47,46,47,47,53
2017-01-13 19:00,2186,47,44,0.00,77,0.00,,6.5,3.1,0.25,0.30,10.5,9.8,10.8,7.7,7.8,47,45,47,47,53
2017-01-13 20:00,2186,47,44,0.00,82,0.00,,7.5,3.0,0.24,0.29,10.8,9.9,10.9,7.7,8.3,47,44,46,47,53
2017-01-13 21:00,2186,47,45,0.00,73,0.00,,11.3,2.2,0.24,0.32,10.6,9.9,10.8,7.5,8.3,46,44,46,47,53
2017-01-13 22:00,2186,46,44,0.00,76,0.00,,7.3,2.7,0.23,0.30,10.8,10.0,10.7,7.5,8.3,46,43,46,47,53
2017-01-13 23:00,2186,46,44,0.00,79,0.00,,15.0,6.7,0.23,0.30,10.8,9.5,11.0,7.3,7.8,46,43,45,47,53
2017-01-14 00:00,2186,46,44,0.00,73,0.00,,13.9,7.0,0.23,0.30,11.2,9.6,10.8,7.7,8.3,45,42,45,47,53
2017-01-14 01:00,2186,45,44,0.00,78,0.00,,9.6,4.3,0.23,0.30,10.8,9.6,11.0,7.7,8.3,45,42,45,47,53
2017-01-14 02:00,2186,44,43,0.00,78,0.00,,12.5,5.2,0.22,0.29,10.8,9.6,11.0,7.7,8.3,45,42,45,47,53
2017-01-14 03:00,2186,45,43,0.00,77,0.00,,14.0,5.8,0.22,0.30,11.1,9.5,10.8,7.7,8.3,45,42,44,47,53
2017-01-14 04:00,2186,46,43,0.00,79,0.00,,20.1,11.5,0.22,0.30,11.0,9.5,11.1,7.7,8.3,45,41,44,47,53
2017-01-14 05:00,2186,48,45,0.00,72,0.00,,17.6,7.8,0.21,0.31,11.0,9.5,11.1,7.4,8.3,44,41,44,47,53
2017-01-14 06:00,2186,47,42,0.00,63,1.51,,9.0,3.8,0.21,0.29,11.0,9.6,11.2,7.7,8.3,44,41,44,47,53
2017-01-14 07:00,2186,45,43,0.00,68,28.90,,11.0,4.6,0.21,0.29,11.0,9.9,11.0,7.4,7.8,44,41,44,47,53
2017-01-14 08:00,2186,48,44,0.00,71,128.20,,9.7,5.5,0.21,0.31,11.0,9.6,11.0,7.4,8.3,44,40,43,47,53
2017-01-14 09:00,2186,50,48,0.00,67,144.20,,8.4,5.6,0.22,0.34,11.0,9.4,11.2,7.4,8.3,44,41,43,46,53
2017-01-14 10:00,2186,54,50,0.00,62,388.60,,9.6,4.7,0.23,0.39,11.1,9.4,10.9,7.4,7.8,44,42,43,46,53
2017-01-14 11:00,2186,55,53,0.00,54,519.00,,10.0,4.7,0.22,0.42,11.0,9.4,10.9,7.4,7.8,45,43,43,46,53
2017-01-14 12:00,2186,56,55,0.00,52,622.10,,15.8,7.0,0.23,0.44,11.2,9.6,11.2,7.4,8.3,46,45,44,46,53
2017-01-14 13:00,2186,57,55,0.00,50,562.00,,16.7,7.4,0.23,0.45,11.0,9.6,11.2,7.4,7.8,47,47,45,46,53
2017-01-14 14:00,2186,56,53,0.00,53,313.20,,23.7,13.6,0.24,0.42,11.2,9.8,11.2,7.4,7.8,48,49,45,46,53
2017-01-14 15:00,2186,53,51,0.00,57,149.00,,21.4,12.0,0.23,0.39,11.4,9.8,11.1,7.4,7.8,49,49,46,46,53
2017-01-14 16:00,2186,51,50,0.00,64,28.57,,10.8,6.3,0.24,0.37,11.4,9.5,11.4,7.9,7.8,49,49,47,46,53
2017-01-14 17:00,2186,50,49,0.00,65,0.08,,9.6,6.6,0.24,0.36,11.4,9.6,11.3,7.9,8.3,49,48,47,47,53
2017-01-14 18:00,2186,50,48,0.00,65,0.00,,10.2,5.2,0.23,0.35,11.4,9.8,11.1,8.1,8.3,48,47,47,47,53
2017-01-14 19:00,2186,48,47,0.00,70,0.00,,6.3,2.7,0.24,0.34,11.4,9.5,11.6,7.8,8.3,48,47,47,47,53
2017-01-14 20:00,2186,48,47,0.00,77,0.00,,6.0,2.9,0.23,0.33,11.4,9.5,11.6,7.5,8.3,48,47,47,47,53
2017-01-14 21:00,2186,47,45,0.00,65,0.00,,5.7,1.8,0.21,0.32,11.4,9.8,11.1,7.5,8.3,47,46,47,47,53
2017-01-14 22:00,2186,45,42,0.00,67,0.00,,5.2,1.7,0.20,0.30,11.4,9.2,11.1,7.5,7.8,47,46,47,47,53
2017-01-14 23:00,2186,42,41,0.00,78,0.00,,5.7,3.3,0.21,0.27,11.2,9.4,11.1,7.8,8.3,47,45,47,47,53
2017-01-15 00:00,2186,41,39,0.00,80,0.00,,9.4,4.2,0.21,0.25,11.2,9.6,11.1,7.8,8.3,47,44,47,47,53
2017-01-15 01:00,2186,41,40,0.00,82,0.00,,6.5,3.4,0.20,0.25,11.2,9.2,11.1,7.8,7.8,46,43,46,47,53
2017-01-15 02:00,2186,41,36,0.00,82,0.00,,5.8,2.4,0.20,0.24,11.3,9.3,11.2,7.8,8.3,46,43,46,47,53
2017-01-15 03:00,2186,39,36,0.00,87,0.01,,7.2,4.6,0.19,0.22,11.4,9.3,11.2,7.5,8.3,46,42,46,47,53
2017-01-15 04:00,2186,37,36,0.00,88,0.01,,9.6,6.9,0.19,0.22,11.0,9.3,11.2,7.5,8.3,45,41,45,47,53
2017-01-15 05:00,2186,37,35,0.00,88,0.02,,8.0,5.7,0.19,0.22,11.3,8.9,11.3,7.5,8.3,45,41,45,47,53
2017-01-15 06:00,2186,35,34,0.00,90,1.64,,9.5,5.9,0.18,0.20,11.1,8.9,11.0,7.5,8.3,44,40,44,47,53
2017-01-15 07:00,2186,40,35,0.00,91,87.90,,7.7,4.3,0.18,0.21,11.2,9.1,11.4,8.2,8.3,44,39,44,47,53
2017-01-15 08:00,2186,45,40,0.00,79,271.00,,5.0,2.0,0.20,0.27,11.2,9.1,11.2,7.5,7.8,44,39,43,47,53
2017-01-15 09:00,2186,47,45,0.00,70,425.00,,4.9,1.7,0.20,0.31,11.2,9.1,11.3,7.5,8.3,43,39,43,47,53
2017-01-15 10:00,2186,49,47,0.00,63,533.40,,7.8,3.3,0.21,0.33,11.2,8.9,11.2,8.1,7.8,44,40,43,47,53
2017-01-15 11:00,2186,51,49,0.00,61,584.70,,7.4,3.8,0.22,0.35,11.2,9.5,11.2,7.5,7.8,45,42,43,46,53
2017-01-15 12:00,2186,52,51,0.00,61,574.50,,9.2,4.8,0.22,0.38,11.0,9.4,11.4,7.5,8.3,46,44,43,46,53
2017-01-15 13:00,2186,52,51,0.00,61,503.80,,11.9,6.4,0.22,0.38,11.2,9.6,11.4,7.5,8.3,47,46,44,46,53
2017-01-15 14:00,2186,52,51,0.00,55,378.70,,9.2,4.9,0.21,0.38,11.4,9.2,11.0,7.5,8.3,49,47,45,46,53
2017-01-15 15:00,2186,52,51,0.00,54,216.10,,6.9,3.0,0.21,0.38,11.4,9.2,11.2,7.5,8.3,49,48,46,46,53
2017-01-15 16:00,2186,52,47,0.00,56,45.25,,4.6,1.8,0.21,0.37,11.0,9.4,11.4,8.0,8.3,49,48,47,46,53
2017-01-15 17:00,2186,47,44,0.00,67,0.16,,3.7,1.1,0.22,0.32,11.0,9.4,11.1,8.0,8.3,49,47,47,47,53
2017-01-15 18:00,2186,44,41,0.00,71,0.00,,4.0,1.6,0.21,0.28,11.4,9.2,11.1,7.7,7.8,48,47,47,47,53
2017-01-15 19:00,2186,41,39,0.00,79,0.01,,6.3,4.4,0.20,0.25,11.4,9.0,11.1,7.9,8.3,48,46,47,47,53
2017-01-15 20:00,2186,39,36,0.00,83,0.01,,8.9,6.3,0.19,0.23,11.2,9.2,11.1,7.9,8.3,47,45,47,47,53
2017-01-15 21:00,2186,37,36,0.00,86,0.01,,10.7,8.4,0.19,0.22,11.2,9.3,11.2,7.7,8.3,47,44,46,47,53
2017-01-15 22:00,2186,38,36,0.00,86,0.00,,10.0,6.9,0.19,0.22,11.3,8.8,11.4,8.4,8.3,46,43,46,47,53
2017-01-15 23:00,2186,37,36,0.00,86,0.02,,8.1,5.4,0.18,0.22,11.0,9.0,10.9,8.4,8.3,46,42,46,47,53
2017-01-16 00:00,2186,37,35,0.00,86,0.02,,9.3,4.9,0.18,0.21,11.0,9.0,11.0,8.4,8.3,45,41,45,47,53
2017-01-16 01:00,2186,36,35,0.00,88,0.02,,9.1,6.2,0.18,0.21,11.1,9.0,11.2,8.1,8.3,45,41,45,47,53
2017-01-16 02:00,2186,35,34,0.00,87,0.03,,8.4,6.2,0.18,0.20,11.1,8.8,11.4,8.1,8.3,45,40,44,47,53
2017-01-16 03:00,2186,35,34,0.00,88,0.03,,7.0,5.1,0.18,0.20,11.2,8.8,11.4,8.1,8.3,44,40,44,47,53
2017-01-16 04:00,2186,35,33,0.00,88,0.04,,6.5,3.5,0.18,0.20,11.2,8.8,11.2,8.1,8.3,44,39,43,47,53
2017-01-16 05:00,2186,35,33,0.00,91,0.05,,7.0,2.2,0.17,0.19,11.1,9.0,11.2,8.1,8.3,44,39,43,47,53
2017-01-16 06:00,2186,35,32,0.00,85,1.59,,5.5,2.4,0.17,0.19,11.1,9.0,11.4,8.1,8.3,43,38,42,47,53
2017-01-16 07:00,2186,34,32,0.00,89,27.98,,4.7,3.2,0.17,0.19,11.2,8.4,11.4,8.1,8.3,43,38,42,46,53
2017-01-16 08:00,2186,38,34,0.00,83,220.70,,6.8,3.4,0.17,0.21,11.1,9.1,11.4,8.1,8.3,42,37,42,46,53
2017-01-16 09:00,2186,42,38,0.00,73,443.50,,4.9,1.9,0.17,0.24,11.1,8.6,11.0,8.1,7.8,42,37,42,46,53
2017-01-16 10:00,2186,45,42,0.00,66,551.30,,6.7,2.8,0.17,0.28,11.1,8.4,11.0,8.1,8.3,42,38,41,46,53
2017-01-16 11:00,2186,47,45,0.00,55,603.90,,10.3,4.8,0.16,0.31,11.0,9.0,11.0,8.1,7.8,43,40,41,46,53
2017-01-16 12:00,2186,49,47,0.00,50,592.70,,11.4,6.9,0.17,0.33,11.1,8.6,11.0,8.1,8.3,45,42,42,45,53
2017-01-16 13:00,2186,49,48,0.00,50,519.00,,15.6,8.8,0.16,0.35,11.3,9.0,10.9,8.1,7.8,46,44,42,45,53
2017-01-16 14:00,2186,49,49,0.00,42,391.40,,14.6,9.9,0.14,0.35,11.3,9.1,10.9,8.1,8.3,47,45,43,45,53
2017-01-16 15:00,2186,49,48,0.00,36,225.50,,13.1,8.5,0.12,0.35,11.3,9.1,11.2,8.1,8.3,47,45,44,45,53
2017-01-16 16:00,2186,48,44,0.00,36,49.08,,11.5,6.0,0.14,0.32,11.3,8.7,11.2,8.1,8.3,47,45,45,45,53
2017-01-16 17:00,2186,44,41,0.00,50,0.32,,3.5,0.6,0.14,0.27,11.3,9.0,11.1,7.9,8.3,47,44,45,46,53
2017-01-16 18:00,2186,42,38,0.00,53,0.03,,6.1,2.4,0.14,0.25,11.2,8.5,11.1,8.1,8.3,46,43,45,46,53
2017-01-16 19:00,2186,39,37,0.00,60,0.02,,6.7,2.3,0.14,0.23,11.1,8.8,11.1,7.9,8.3,46,42,45,46,53
2017-01-16 20:00,2186,40,37,0.00,55,0.06,,9.5,3.4,0.13,0.23,11.3,8.5,11.2,7.9,8.3,45,41,45,46,53
2017-01-16 21:00,2186,40,33,0.00,46,0.04,,6.8,2.9,0.12,0.22,11.1,8.8,11.2,8.6,8.3,45,40,44,46,53
2017-01-16 22:00,2186,34,32,0.00,69,0.10,,6.7,2.5,0.13,0.19,11.1,8.8,11.2,8.3,8.3,44,40,44,46,53
2017-01-16 23:00,2186,34,33,0.00,65,0.07,,6.4,3.3,0.13,0.19,10.8,8.9,10.9,8.3,8.3,44,39,43,46,53
2017-01-17 00:00,2186,35,32,0.00,65,0.10,,4.7,1.8,0.12,0.19,11.0,8.5,10.9,8.3,8.3,43,38,43,46,53
2017-01-17 01:00,2186,34,31,0.00,60,0.08,,8.3,4.9,0.12,0.18,11.1,8.7,11.0,8.3,8.3,43,37,42,46,53
2017-01-17 02:00,2186,34,32,0.00,66,0.08,,6.1,3.6,0.12,0.19,11.0,8.7,11.0,8.3,7.8,42,37,42,46,53
2017-01-17 03:00,2186,34,32,0.00,66,0.08,,6.5,2.5,0.12,0.19,11.0,8.9,11.0,7.9,8.3,42,37,41,46,53
2017-01-17 04:00,2186,36,33,0.00,58,0.08,,9.0,4.9,0.11,0.20,11.1,8.3,10.9,8.1,8.3,42,36,41,45,53
2017-01-17 05:00,2186,36,33,0.00,53,0.09,,7.6,3.9,0.11,0.19,10.6,8.3,11.0,7.8,8.3,41,36,41,45,53
2017-01-17 06:00,2186,34,33,0.00,55,1.75,,5.7,3.1,0.11,0.19,11.0,8.5,11.0,7.9,8.3,41,36,40,45,53
2017-01-17 07:00,2186,39,32,0.00,58,97.30,,5.9,2.1,0.11,0.19,11.0,8.7,11.2,7.9,8.3,41,35,40,45,53
2017-01-17 08:00,2186,41,39,0.00,43,290.50,,6.0,3.1,0.10,0.25,10.9,8.3,10.9,8.3,7.8,40,35,40,45,53
2017-01-17 09:00,2186,45,41,0.00,42,447.80,,6.0,2.9,0.11,0.27,10.9,8.5,10.9,8.2,8.3,40,35,39,44,53
2017-01-17 10:00,2186,48,45,0.00,36,558.60,,7.3,3.8,0.10,0.31,10.9,8.5,10.9,7.9,7.8,40,35,39,44,53
2017-01-17 11:00,2186,51,48,0.00,32,611.50,,4.7,2.1,0.10,0.35,11.0,8.3,11.0,8.3,8.3,41,37,39,44,53
2017-01-17 12:00,2186,53,51,0.00,29,601.00,,8.0,4.0,0.10,0.38,10.7,8.3,11.0,8.4,8.3,43,39,39,44,53
2017-01-17 13:00,2186,54,53,0.00,25,529.00,,13.7,5.5,0.09,0.41,10.8,8.8,10.9,8.4,8.3,45,42,40,44,53
2017-01-17 14:00,2186,55,54,0.00,21,399.10,,7.3,3.2,0.09,0.43,11.0,8.6,10.7,7.7,8.3,46,43,41,44,53
2017-01-17 15:00,2186,55,52,0.00,23,230.30,,10.8,5.5,0.10,0.42,11.0,9.1,11.2,8.2,7.8,46,44,42,44,53
2017-01-17 16:00,2186,52,45,0.00,33,50.22,,9.8,5.4,0.14,0.35,10.9,8.4,11.1,8.2,7.8,46,45,43,44,53
2017-01-17 17:00,2186,45,41,0.00,48,0.21,,3.2,1.4,0.14,0.27,10.7,8.9,10.9,7.9,7.8,46,44,43,44,53
2017-01-17 18:00,2186,41,37,0.00,54,0.02,,7.3,4.3,0.14,0.24,11.0,9.1,11.2,8.5,7.8,46,43,44,44,53
2017-01-17 19:00,2186,38,36,0.00,60,0.03,,8.9,5.7,0.14,0.22,11.0,8.7,10.9,8.4,7.8,45,42,44,44,53
2017-01-17 20:00,2186,36,35,0.00,68,0.05,,8.5,2.8,0.14,0.21,11.1,8.9,10.9,8.4,7.8,45,41,44,45,53
2017-01-17 21:00,2186,35,34,0.00,65,0.05,,10.1,6.2,0.13,0.20,11.0,8.5,11.1,8.5,7.8,44,40,43,45,53
2017-01-17 22:00,2186,34,31,0.00,68,0.05,,9.8,6.8,0.13,0.19,11.0,8.6,11.1,8.5,7.8,44,39,43,45,53
2017-01-17 23:00,2186,34,32,0.00,66,0.05,,10.0,7.1,0.12,0.19,10.9,8.6,11.1,8.5,8.3,43,38,42,45,53
2017-01-18 00:00,2186,33,31,0.00,65,0.07,,10.5,7.5,0.12,0.18,10.9,8.5,10.7,8.1,7.8,42,38,42,45,52
2017-01-18 01:00,2186,33,31,0.00,70,0.10,,10.1,4.4,0.12,0.18,11.0,8.3,10.7,8.5,7.8,42,37,41,45,52
2017-01-18 02:00,2186,33,31,0.00,64,0.09,,12.2,6.6,0.11,0.18,10.9,8.4,10.9,8.1,8.3,42,36,41,45,53
2017-01-18 03:00,2186,33,29,0.00,56,0.07,,11.9,7.4,0.11,0.17,10.9,8.4,10.9,8.1,8.3,41,36,41,45,52
2017-01-18 04:00,2186,31,29,0.00,67,0.08,,12.9,8.2,0.11,0.17,10.6,8.4,10.7,8.5,7.8,41,36,40,44,52
2017-01-18 05:00,2186,31,30,0.00,63,0.08,,11.6,8.6,0.11,0.17,10.6,8.7,10.7,8.5,7.8,40,35,40,44,52
2017-01-18 06:00,2186,30,29,0.00,64,2.53,,14.0,11.1,0.11,0.17,10.7,8.3,10.8,8.3,7.8,40,35,40,44,52
2017-01-18 07:00,2186,38,29,0.00,67,102.80,,11.4,8.1,0.11,0.19,10.6,8.3,10.8,8.3,7.8,40,35,39,44,52
2017-01-18 08:00,2186,48,38,0.00,52,301.40,,7.4,4.5,0.12,0.27,10.7,8.4,10.8,8.5,7.8,39,35,39,44,52
2017-01-18 09:00,2186,53,48,0.00,37,451.60,,9.1,3.4,0.12,0.36,10.7,8.4,10.5,8.3,7.8,39,35,39,44,52
2017-01-18 10:00,2186,55,53,0.00,26,561.80,,9.5,5.8,0.11,0.41,10.7,8.1,10.8,8.3,7.8,40,35,39,43,52
2017-01-18 11:00,2186,56,55,0.00,25,614.10,,14.4,6.2,0.10,0.45,10.6,8.5,10.8,8.5,7.8,41,37,39,43,52
2017-01-18 12:00,2186,57,56,0.00,21,600.10,,13.7,7.0,0.10,0.46,10.6,8.7,10.8,8.3,7.8,43,39,39,43,52
2017-01-18 13:00,2186,57,56,0.00,21,425.10,,12.7,7.0,0.10,0.46,11.1,8.3,11.1,8.3,7.8,44,42,40,43,52
2017-01-18 14:00,2186,57,56,0.00,22,371.20,,13.2,7.0,0.10,0.46,10.9,8.7,11.1,8.3,8.1,46,44,41,43,52
2017-01-18 15:00,2186,56,53,0.00,28,196.00,,12.5,6.9,0.13,0.43,11.2,8.5,11.0,8.3,7.8,46,45,42,43,52
2017-01-18 16:00,2186,53,51,0.00,31,22.16,,8.7,4.6,0.13,0.39,11.2,8.5,11.2,8.1,8.1,46,46,43,43,52
2017-01-18 17:00,2186,51,49,0.00,37,0.09,,12.5,5.9,0.14,0.36,11.0,8.5,11.0,8.4,7.8,46,46,44,43,52
2017-01-18 18:00,2186,49,48,0.00,40,0.00,,14.2,8.7,0.14,0.35,11.2,8.7,10.7,8.6,8.1,46,45,44,44,52
2017-01-18 19:00,2186,49,47,0.00,42,0.00,,12.4,5.7,0.15,0.34,11.2,8.2,10.7,8.6,7.8,46,44,44,44,52
2017-01-18 20:00,2186,47,44,0.00,46,0.00,,15.7,9.0,0.16,0.32,10.8,8.3,10.7,8.4,7.8,46,44,44,44,52
2017-01-18 21:00,2186,44,40,0.00,73,0.00,,11.6,6.1,0.21,0.27,10.8,8.3,11.0,8.4,8.1,45,44,44,44,52
2017-01-18 22:00,2186,40,40,0.01,89,0.00,,14.0,7.4,0.22,0.25,10.9,8.5,11.0,8.2,7.8,45,43,44,45,52
2017-01-18 23:00,2186,41,40,0.00,90,0.00,,13.1,8.2,0.22,0.25,10.9,8.5,11.0,8.8,8.1,45,43,44,45,52
2017-01-19 00:00,2186,42,40,0.00,89,0.00,,10.2,6.2,0.23,0.26,10.9,8.2,10.7,8.6,8.1,45,42,44,45,52
2017-01-19 01:00,2186,46,42,0.00,84,0.00,,12.1,5.2,0.23,0.29,11.1,8.5,11.0,8.6,8.1,45,42,44,45,52
2017-01-19 02:00,2186,46,45,0.00,74,0.00,,9.8,4.8,0.23,0.31,10.8,8.2,10.9,8.8,8.1,44,42,44,45,52
2017-01-19 03:00,2186,46,45,0.00,73,0.00,,11.0,5.2,0.22,0.30,10.8,8.5,11.2,8.8,8.1,44,42,44,45,52
2017-01-19 04:00,2186,45,44,0.00,76,0.00,,8.1,4.1,0.23,0.30,10.8,8.5,11.2,8.8,8.1,44,42,43,45,52
2017-01-19 05:00,2186,45,42,0.02,78,0.00,,6.6,1.6,0.23,0.28,10.8,8.5,10.8,8.5,8.1,44,42,43,45,52
2017-01-19 06:00,2186,42,42,0.01,87,0.34,,6.7,2.8,0.24,0.27,10.9,8.2,10.8,8.5,8.1,44,42,43,45,52
2017-01-19 07:00,2186,42,42,0.00,90,25.73,,8.5,5.0,0.24,0.27,10.8,8.5,10.8,8.5,8.1,44,42,43,45,52
2017-01-19 08:00,2186,44,42,0.02,89,110.80,,12.0,7.3,0.25,0.28,10.9,8.5,10.8,9.2,8.1,44,42,43,45,52
2017-01-19 09:00,2186,45,43,0.10,84,60.79,,12.4,3.9,0.25,0.29,10.5,8.3,11.0,9.2,8.1,44,42,43,45,52
2017-01-19 10:00,2186,44,41,0.12,90,150.60,,15.9,7.6,0.24,0.27,10.9,8.5,11.0,9.0,8.1,44,43,43,45,52
2017-01-19 11:00,2186,46,44,0.00,86,237.20,,14.1,5.6,0.25,0.30,10.9,9.3,11.0,8.8,8.1,44,43,43,45,52
2017-01-19 12:00,2186,46,45,0.00,78,233.30,,16.7,10.0,0.25,0.31,10.9,9.6,11.0,8.8,8.1,45,44,43,45,52
2017-01-19 13:00,2186,48,46,0.00,75,367.60,,16.5,10.2,0.24,0.32,11.1,10.0,11.2,8.8,8.1,45,44,44,45,52
2017-01-19 14:00,2186,48,47,0.00,71,203.90,,18.4,10.1,0.24,0.33,11.4,9.9,10.6,8.8,8.1,45,45,44,45,52
2017-01-19 15:00,2186,48,47,0.00,73,129.20,,16.5,9.2,0.24,0.33,11.6,9.9,11.2,8.9,8.1,46,46,45,45,52
2017-01-19 16:00,2186,47,47,0.00,70,33.90,,16.9,8.4,0.22,0.32,11.8,9.5,11.2,8.9,8.1,46,46,45,45,52
2017-01-19 17:00,2186,47,46,0.00,68,0.30,,10.7,3.8,0.21,0.32,11.9,9.6,11.4,8.9,8.1,46,45,45,45,52
2017-01-19 18:00,2186,46,44,0.00,64,0.00,,7.1,2.0,0.20,0.30,11.8,9.6,11.3,8.8,8.1,45,44,45,45,52
2017-01-19 19:00,2186,44,43,0.00,69,0.01,,10.1,4.3,0.20,0.28,11.7,9.5,11.2,8.4,8.1,45,43,45,45,52
2017-01-19 20:00,2186,44,42,0.00,69,0.01,,13.5,6.6,0.20,0.28,12.0,9.9,11.1,8.9,8.1,45,43,45,46,52
2017-01-19 21:00,2186,43,40,0.00,71,0.01,,14.0,7.2,0.20,0.27,11.9,9.4,11.3,8.9,8.1,44,42,44,46,52
2017-01-19 22:00,2186,42,38,0.00,79,0.01,,9.5,5.1,0.19,0.25,11.8,9.6,11.3,8.9,8.1,44,41,44,46,52
2017-01-19 23:00,2186,42,38,0.00,85,0.00,,8.8,4.1,0.20,0.25,11.9,9.6,11.1,8.9,8.1,44,40,44,46,52
2017-01-20 00:00,2186,41,39,0.00,82,0.01,,8.7,5.2,0.21,0.25,11.8,9.6,11.4,8.9,8.1,43,40,43,46,52
2017-01-20 01:00,2186,43,41,0.00,83,0.00,,14.7,6.5,0.22,0.27,12.0,9.7,11.4,8.9,8.1,43,40,43,45,52
2017-01-20 02:00,2186,42,42,0.00,82,0.00,,14.5,5.7,0.22,0.27,11.8,9.7,11.4,8.6,8.1,43,40,43,45,52
2017-01-20 03:00,2186,42,42,0.00,80,0.00,,16.3,9.7,,,11.9,9.7,11.2,9.0,8.1,43,40,42,45,52
2017-01-20 04:00,2186,42,41,0.00,82,0.00,,11.5,6.6,0.22,0.27,11.8,9.4,11.2,9.0,8.1,43,40,42,45,52
2017-01-20 05:00,2186,41,41,0.00,84,0.00,,9.7,4.9,0.22,0.26,11.8,9.4,11.2,9.0,8.1,43,40,42,45,52
2017-01-20 06:00,2186,42,41,0.00,85,0.52,,11.0,4.9,0.22,0.26,11.8,9.4,11.4,9.0,8.1,43,40,42,45,52
2017-01-20 07:00,2186,41,40,0.05,88,10.93,,12.3,6.3,0.22,0.25,11.8,9.7,11.2,9.0,8.1,43,40,42,45,52
2017-01-20 08:00,2186,41,40,0.01,92,28.45,,10.2,5.9,0.23,0.25,11.8,9.8,11.2,9.0,8.1,43,40,42,45,52
2017-01-20 09:00,2186,42,41,0.04,90,60.51,,11.4,5.6,0.23,0.26,11.8,9.8,11.6,9.0,8.1,43,40,42,45,52
2017-01-20 10:00,2186,44,42,0.00,88,105.10,,14.6,8.4,0.24,0.28,12.1,9.9,11.6,9.0,8.1,43,40,42,45,52
2017-01-20 11:00,2186,44,42,0.07,84,106.40,,18.2,10.1,0.23,0.27,12.1,10.1,11.6,9.0,8.1,43,41,42,45,52
2017-01-20 12:00,2186,46,44,0.00,86,220.40,,20.4,12.2,0.24,0.30,12.2,10.6,11.4,9.0,8.1,43,41,42,45,52
2017-01-20 13:00,2186,46,44,0.02,75,110.00,,19.9,12.4,0.24,0.31,12.0,10.5,11.6,9.0,8.1,43,42,42,44,52
2017-01-20 14:00,2186,44,43,0.08,86,39.89,,18.4,10.5,0.25,0.28,12.5,10.5,11.5,9.0,8.1,44,43,43,44,52
2017-01-20 15:00,2186,43,42,0.14,86,34.47,,23.1,10.0,0.24,0.27,12.5,11.1,11.7,9.0,8.1,44,43,43,45,52
2017-01-20 16:00,2186,43,42,0.01,87,25.93,,22.8,14.6,0.24,0.27,13.2,12.3,11.8,8.8,8.1,44,42,43,44,52
2017-01-20 17:00,2186,43,41,0.02,88,0.17,,22.5,13.8,0.23,0.27,14.1,11.9,12.4,8.8,8.1,44,42,43,45,52
2017-01-20 18:00,2186,42,41,0.01,87,0.00,,25.4,16.8,0.22,0.27,14.5,12.3,13.1,9.3,8.1,43,42,43,45,52
2017-01-20 19:00,2186,42,42,0.00,83,0.00,,24.9,14.7,0.22,0.27,14.8,11.9,13.4,9.3,8.1,43,41,43,45,52
2017-01-20 20:00,2186,42,41,0.00,85,0.01,,24.4,13.9,0.22,0.26,15.0,11.6,13.5,9.3,8.1,43,41,43,45,52
2017-01-20 21:00,2186,41,41,0.00,85,0.00,,25.2,16.3,0.22,0.26,15.0,11.7,13.1,9.0,8.1,43,40,42,45,52
2017-01-20 22:00,2186,41,39,0.00,84,0.01,,22.9,14.0,0.21,0.25,15.0,11.6,13.1,9.0,8.1,42,40,42,45,52
2017-01-20 23:00,2186,39,39,0.00,83,0.00,,24.6,13.9,0.20,0.24,15.0,11.5,13.2,9.0,8.1,42,40,42,44,52
2017-01-21 00:00,2186,39,39,0.00,83,0.00,,21.2,11.5,0.19,0.24,15.1,11.3,13.2,9.0,8.1,42,39,42,44,52
2017-01-21 01:00,2186,39,38,0.00,77,0.01,,19.0,11.5,0.18,0.24,14.9,11.5,13.4,8.8,8.1,42,39,42,44,52
2017-01-21 02:00,2186,38,37,0.00,78,0.01,,15.9,7.9,0.18,0.23,15.0,11.1,13.4,8.8,8.1,42,38,41,44,52
2017-01-21 03:00,2186,37,37,0.00,82,0.01,,16.0,9.7,0.18,0.22,14.6,11.0,13.1,9.0,8.1,41,38,41,44,52
2017-01-21 04:00,2186,37,36,0.00,80,0.03,,15.0,9.3,0.17,0.21,14.7,11.0,13.2,9.4,8.1,41,38,41,44,52
2017-01-21 05:00,2186,36,35,0.00,82,0.02,,13.7,8.6,0.17,0.21,14.8,10.9,13.2,8.8,8.1,41,37,41,44,52
2017-01-21 06:00,2186,35,33,0.00,82,1.94,,11.8,6.1,0.17,0.20,14.7,10.9,13.4,8.8,8.1,40,37,40,44,52
2017-01-21 07:00,2186,37,34,0.00,86,102.50,,10.5,6.7,0.17,0.20,14.7,11.1,13.6,9.4,8.1,40,36,40,44,52
2017-01-21 08:00,2186,40,37,0.00,82,295.50,,11.0,6.8,0.18,0.23,14.4,10.9,13.3,8.8,8.1,40,36,40,44,52
2017-01-21 09:00,2186,43,40,0.00,69,456.00,,11.6,5.1,0.17,0.25,14.4,10.9,13.3,8.8,8.1,40,36,39,43,52
2017-01-21 10:00,2186,45,43,0.00,59,569.00,,8.8,3.1,0.16,0.29,14.4,10.7,13.3,9.4,8.1,40,37,39,43,52
2017-01-21 11:00,2186,46,45,0.00,51,621.50,,12.8,6.0,0.15,0.30,14.4,10.9,13.3,9.2,8.1,41,39,39,43,52
2017-01-21 12:00,2186,46,45,0.00,55,612.40,,15.8,8.6,0.17,0.31,14.7,11.0,13.3,9.2,8.1,43,41,40,43,52
2017-01-21 13:00,2186,47,45,0.00,58,530.80,,16.0,8.3,0.18,0.31,14.8,11.1,13.3,9.0,8.1,44,43,41,43,52
2017-01-21 14:00,2186,48,47,0.00,55,410.50,,12.9,6.7,0.18,0.33,14.8,10.9,13.2,9.4,8.1,45,44,42,43,52
2017-01-21 15:00,2186,48,48,0.00,53,236.30,,10.2,6.1,0.18,0.34,14.8,11.0,13.4,9.4,8.1,45,44,42,43,52
2017-01-21 16:00,2186,48,45,0.00,54,56.63,,8.6,4.7,0.18,0.32,14.6,10.7,13.4,9.2,8.1,45,44,43,43,52
2017-01-21 17:00,2186,45,40,0.00,61,0.38,,6.1,3.8,0.19,0.28,14.6,10.9,13.4,9.8,8.1,45,44,43,43,52
2017-01-21 18:00,2186,41,37,0.00,75,0.01,,7.8,5.0,0.18,0.25,14.7,10.7,13.1,9.7,8.1,44,43,43,44,52
2017-01-21 19:00,2186,38,37,0.00,80,0.01,,9.7,6.4,0.18,0.22,14.5,10.8,13.1,9.4,8.1,44,42,43,44,52
2017-01-21 20:00,2186,39,37,0.00,80,0.00,,8.9,5.6,0.18,0.22,14.7,10.3,13.2,9.9,8.1,43,41,43,44,52
2017-01-21 21:00,2186,40,39,0.00,78,0.01,,6.8,4.6,0.18,0.24,14.5,10.8,13.2,9.8,8.1,43,40,43,44,52
2017-01-21 22:00,2186,42,40,0.00,77,0.00,,9.6,5.6,0.19,0.26,14.6,10.5,12.8,9.9,8.1,43,40,42,44,52
2017-01-21 23:00,2186,43,41,0.00,70,0.00,,11.4,6.7,0.19,0.27,14.3,10.8,12.8,10.3,8.1,43,40,42,44,52
2017-01-22 00:00,2186,43,41,0.00,73,0.00,,15.4,6.6,0.19,0.27,14.5,10.3,13.0,9.9,8.1,43,40,42,44,52
2017-01-22 01:00,2186,43,43,0.00,67,0.00,,17.4,10.7,0.19,0.28,14.5,10.6,13.0,10.2,8.1,42,40,42,44,52
2017-01-22 02:00,2186,43,43,0.00,71,0.00,,12.6,6.8,0.20,0.28,14.4,10.6,13.0,10.8,8.1,42,40,42,44,52
2017-01-22 03:00,2186,43,41,0.00,72,0.00,,10.4,4.4,0.20,0.27,14.4,10.6,12.9,10.5,7.6,42,40,42,44,51
2017-01-22 04:00,2186,42,41,0.00,76,0.00,,10.4,3.9,0.20,0.26,14.4,10.6,13.1,10.4,8.1,42,40,42,44,51
2017-01-22 05:00,2186,44,42,0.00,71,0.00,,15.0,5.5,0.19,0.27,14.4,10.6,13.1,10.6,8.1,42,40,42,44,51
2017-01-22 06:00,2186,42,41,0.00,75,0.36,,9.1,4.3,0.20,0.26,14.3,10.6,13.1,10.8,7.6,42,40,42,44,51
2017-01-22 07:00,2186,41,40,0.04,79,20.13,,11.2,6.2,0.21,0.25,14.3,10.6,13.1,10.9,8.1,42,40,42,44,51
2017-01-22 08:00,2186,40,39,0.02,88,50.17,,6.3,3.1,0.22,0.24,14.3,10.8,13.1,10.9,8.1,42,40,41,44,51
2017-01-22 09:00,2186,41,40,0.03,90,58.08,,16.0,8.4,0.22,0.25,14.6,11.0,13.0,11.3,8.1,42,40,41,44,51
2017-01-22 10:00,2186,40,40,0.10,89,56.69,,17.9,8.8,0.22,0.25,14.6,11.0,13.2,11.5,8.3,42,40,41,44,51
2017-01-22 11:00,2186,41,40,0.03,89,80.90,,17.4,9.8,0.22,0.25,14.7,11.9,13.6,11.7,8.3,42,40,42,44,51
2017-01-22 12:00,2186,41,40,0.19,87,69.73,,14.8,7.9,0.22,0.25,14.9,12.1,13.5,11.4,8.1,42,40,42,44,51
2017-01-22 13:00,2186,44,41,0.00,90,110.80,,16.4,9.2,0.23,0.27,16.9,14.2,14.4,11.6,8.1,42,40,42,44,51
2017-01-22 14:00,2186,45,43,0.01,85,113.90,,17.9,11.2,0.25,0.29,17.0,13.2,15.5,11.6,7.6,42,41,42,44,51
2017-01-22 15:00,2186,45,44,0.00,84,89.60,,21.6,11.9,0.24,0.29,17.0,13.2,15.2,11.8,8.1,42,41,42,44,51
2017-01-22 16:00,2186,45,44,0.00,81,35.58,,16.9,10.9,0.24,0.29,16.9,12.8,15.3,11.2,7.4,43,42,42,43,51
2017-01-22 17:00,2186,45,43,0.02,82,0.20,,17.2,8.6,0.25,0.29,17.0,12.8,15.5,11.6,8.1,43,42,42,43,51
2017-01-22 18:00,2186,44,43,0.00,88,0.00,,13.9,6.8,0.25,0.28,16.8,12.9,15.5,12.0,8.1,43,42,42,44,51
2017-01-22 19:00,2186,47,44,0.00,84,0.00,,18.2,10.7,0.25,0.31,16.8,12.8,15.5,12.4,8.1,43,42,42,44,51
2017-01-22 20:00,2186,47,46,0.00,78,0.00,,20.7,12.8,0.25,0.32,16.7,12.7,15.6,12.4,8.3,43,41,42,44,51
2017-01-22 21:00,2186,48,47,0.00,80,0.00,,21.7,13.5,0.26,0.33,16.8,12.7,15.2,13.0,8.3,43,42,42,44,51
2017-01-22 22:00,2186,48,47,0.00,80,0.00,,22.2,11.8,0.27,0.33,16.6,12.5,15.3,13.3,8.3,43,42,42,44,51
2017-01-22 23:00,2186,47,46,0.08,84,0.00,,25.8,13.8,0.28,0.32,16.5,12.5,15.1,13.7,8.1,43,42,42,44,51
2017-01-23 00:00,2186,47,46,0.01,87,0.00,,20.6,11.8,0.28,0.31,16.8,13.0,15.5,13.3,8.1,43,42,42,44,51
2017-01-23 01:00,2186,46,46,0.00,89,0.02,,20.6,12.3,0.27,0.31,16.8,12.9,15.4,14.1,7.4,43,42,42,44,51
2017-01-23 02:00,2186,46,45,0.02,84,0.00,,26.6,13.3,0.26,0.31,16.8,12.8,15.5,13.7,8.1,43,42,43,44,51
2017-01-23 03:00,2186,45,42,0.02,85,0.00,,21.9,14.1,0.26,0.29,16.7,12.8,15.5,14.2,7.4,43,42,43,44,51
2017-01-23 04:00,2186,42,41,0.02,91,0.00,,26.4,16.1,0.23,0.26,16.8,12.9,15.5,14.3,7.6,43,42,43,44,51
2017-01-23 05:00,2186,41,40,0.00,86,0.00,,20.5,13.1,0.22,0.25,16.8,12.8,15.8,13.9,8.1,43,41,43,44,51
2017-01-23 06:00,2186,40,39,0.00,83,1.85,,22.1,12.9,0.21,0.25,16.9,12.6,15.8,13.8,8.3,43,41,42,44,51
2017-01-23 07:00,2186,40,39,0.00,85,86.60,,21.4,12.4,0.20,0.24,16.8,12.7,15.4,14.1,8.3,42,40,42,44,51
2017-01-23 08:00,2186,42,40,0.00,79,270.60,,23.8,14.6,0.19,0.25,16.7,12.4,15.6,14.2,7.6,42,40,42,44,51
2017-01-23 09:00,2186,43,40,0.00,73,340.90,,18.7,12.6,0.19,0.27,16.6,12.5,15.5,14.0,7.6,42,40,42,44,51
2017-01-23 10:00,2186,41,40,0.00,76,218.40,,19.0,10.8,0.19,0.25,16.7,12.3,15.2,14.5,7.6,42,41,42,44,51
2017-01-23 11:00,2186,43,41,0.00,78,411.40,,15.2,10.2,0.20,0.27,16.8,12.3,15.2,14.0,8.3,43,42,42,44,51
2017-01-23 12:00,2186,43,40,0.00,71,383.20,,19.9,10.3,0.20,0.26,16.9,12.5,15.2,14.2,8.3,43,43,42,44,51
2017-01-23 13:00,2186,43,37,0.03,71,174.40,,18.6,10.7,0.19,0.26,16.6,12.2,15.3,14.2,7.6,44,43,43,44,51
2017-01-23 14:00,2186,40,37,0.00,89,212.20,,10.3,4.3,0.20,0.24,16.6,12.5,15.2,14.4,7.6,44,44,43,44,51
2017-01-23 15:00,2186,40,39,0.00,83,104.40,,12.5,6.5,0.20,0.25,16.6,12.0,15.4,14.1,7.6,44,44,43,44,51
2017-01-23 16:00,2186,39,38,0.00,81,21.99,,13.6,8.0,0.19,0.24,16.6,12.5,15.4,14.1,7.6,44,44,43,44,51
2017-01-23 17:00,2186,38,37,0.00,83,0.43,,16.1,7.0,0.19,0.23,16.6,12.3,15.1,14.3,7.6,44,43,43,44,51
2017-01-23 18:00,2186,38,37,0.00,84,0.01,,13.6,6.9,0.19,0.22,16.5,12.1,15.2,14.3,8.3,44,42,43,44,51
2017-01-23 19:00,2186,38,37,0.00,83,0.01,,12.9,8.5,0.19,0.22,16.7,12.1,15.3,14.4,7.6,43,41,43,44,51
2017-01-23 20:00,2186,37,36,0.00,82,0.01,,13.7,7.7,0.18,0.22,16.5,11.9,15.0,14.3,8.3,43,40,43,44,51
2017-01-23 21:00,2186,36,35,0.00,84,0.02,,10.1,5.7,,,16.3,12.1,15.2,14.3,8.3,42,39,42,44,51
2017-01-23 22:00,2186,35,34,0.00,88,0.02,,11.1,5.1,0.17,0.19,16.6,11.7,14.8,14.5,7.6,42,39,42,44,51
2017-01-23 23:00,2186,34,34,0.00,88,0.01,,7.6,3.6,0.17,0.19,16.5,12.1,14.9,14.1,8.3,42,38,42,44,51
2017-01-24 00:00,2186,34,33,0.00,92,0.02,,4.8,2.2,0.18,0.19,16.3,11.9,14.8,14.0,7.6,41,38,41,44,51
2017-01-24 01:00,2186,34,33,0.00,94,0.03,,5.2,2.7,0.18,0.19,16.1,11.9,14.7,14.3,7.6,41,38,41,44,51
2017-01-24 02:00,2186,34,33,0.00,92,0.03,,4.4,1.6,0.17,0.19,16.2,11.5,14.8,14.1,7.6,41,37,41,44,51
2017-01-24 03:00,2186,33,32,0.00,91,0.07,,3.2,0.8,0.17,0.19,16.3,11.9,14.8,14.2,8.3,41,37,40,44,51
2017-01-24 04:00,2186,32,31,0.00,91,0.04,,3.9,2.4,0.17,0.18,16.3,11.6,14.6,14.1,7.6,40,37,40,44,51
2017-01-24 05:00,2186,32,31,0.00,94,0.04,,5.5,2.9,0.17,0.18,16.3,11.7,14.7,14.2,7.6,40,36,40,43,51
2017-01-24 06:00,2186,31,31,0.00,92,1.88,,5.7,2.7,0.16,0.17,16.3,11.3,14.9,14.0,8.3,40,36,40,43,51
2017-01-24 07:00,2186,35,31,0.00,93,90.10,,6.1,4.2,0.16,0.18,16.1,11.8,14.6,14.2,7.6,40,36,39,43,51
2017-01-24 08:00,2186,38,34,0.00,82,299.60,,6.0,3.3,0.16,0.21,16.2,11.5,14.4,13.9,8.0,39,36,39,43,51
2017-01-24 09:00,2186,38,37,0.00,72,416.70,,6.9,1.9,0.16,0.23,16.1,11.8,14.6,14.0,7.6,39,36,39,43,51
2017-01-24 10:00,2186,40,38,0.00,67,595.90,,7.6,3.3,0.15,0.24,16.1,11.5,14.6,13.8,7.6,39,36,39,43,51
2017-01-24 11:00,2186,42,40,0.00,61,642.60,,9.4,4.3,0.15,0.25,16.1,11.5,14.6,14.1,7.6,40,38,39,43,51
2017-01-24 12:00,2186,43,40,0.00,60,422.20,,9.0,3.8,0.15,0.26,16.3,11.5,14.6,14.1,7.6,42,40,39,42,51
2017-01-24 13:00,2186,43,42,0.00,52,423.70,,8.8,4.0,0.14,0.27,16.0,11.5,14.4,13.8,7.6,43,41,40,42,51
2017-01-24 14:00,2186,43,42,0.00,58,417.70,,12.2,6.9,0.15,0.27,16.2,11.7,14.4,14.0,7.6,44,42,41,42,51
2017-01-24 15:00,2186,43,42,0.01,54,259.40,,12.2,7.7,0.14,0.27,16.2,11.4,14.7,14.0,7.6,44,43,42,42,51
2017-01-24 16:00,2186,42,39,0.00,51,65.76,,11.8,6.8,0.14,0.26,16.0,11.5,14.4,13.8,7.6,44,43,42,43,51
2017-01-24 17:00,2186,39,36,0.00,62,0.69,,8.2,3.6,0.15,0.22,16.1,11.6,14.6,13.8,7.6,44,42,42,43,51
2017-01-24 18:00,2186,36,34,0.00,72,0.03,,6.0,2.1,0.15,0.21,15.8,11.0,14.6,14.0,7.6,43,41,42,43,51
2017-01-24 19:00,2186,35,32,0.00,76,0.05,,5.3,3.3,0.15,0.19,16.0,11.4,14.4,14.2,7.6,43,40,42,43,51
2017-01-24 20:00,2186,33,32,0.00,83,0.06,,6.6,3.9,0.15,0.18,15.8,11.1,14.5,14.2,7.6,42,39,42,43,51
2017-01-24 21:00,2186,32,31,0.00,84,0.09,,6.9,5.0,0.15,0.17,15.9,11.0,14.7,13.9,7.6,42,38,42,43,51
2017-01-24 22:00,2186,31,31,0.00,85,0.07,,5.7,4.4,0.15,0.17,15.8,11.4,14.3,13.9,7.6,41,37,41,43,51
2017-01-24 23:00,2186,31,30,0.00,87,0.09,,4.3,2.1,0.15,0.17,15.7,11.1,14.4,13.7,7.6,41,37,41,43,51
2017-01-25 00:00,2186,30,28,0.00,88,0.10,,6.5,4.1,0.14,0.16,15.7,10.9,14.2,13.7,7.6,40,36,40,43,51
2017-01-25 01:00,2186,29,28,0.00,90,0.13,,8.2,4.9,0.14,0.16,15.5,10.3,14.3,13.7,7.6,40,36,40,43,51
2017-01-25 02:00,2186,29,27,0.00,90,0.10,,6.0,3.6,0.14,0.16,15.6,10.9,14.0,13.8,7.6,40,36,40,43,51
2017-01-25 03:00,2186,32,27,0.00,90,0.15,,4.3,1.8,0.13,0.16,15.6,10.7,14.2,13.7,7.6,39,35,39,43,51
2017-01-25 04:00,2186,32,30,0.00,68,0.14,,4.5,1.9,0.12,0.17,15.4,10.5,14.1,13.7,7.6,39,35,39,43,51
2017-01-25 05:00,2186,31,30,0.00,71,0.14,,8.8,4.6,0.11,0.17,15.2,10.4,13.8,13.5,7.6,39,35,39,43,51
2017-01-25 06:00,2186,32,31,0.00,63,2.42,,7.8,3.7,0.11,0.17,15.5,10.5,13.9,13.6,7.6,39,35,39,42,51
2017-01-25 07:00,2186,33,29,0.00,62,108.00,,6.6,2.4,0.12,0.17,15.4,10.1,13.9,13.6,7.6,38,35,38,42,51
2017-01-25 08:00,2186,36,33,0.00,62,308.30,,2.8,0.8,0.12,0.20,15.2,10.4,13.6,13.5,7.9,38,35,38,42,51
2017-01-25 09:00,2186,38,36,0.00,50,471.50,,6.4,2.6,0.11,0.22,15.2,10.4,13.7,13.9,7.6,38,34,38,42,51
2017-01-25 10:00,2186,39,38,0.00,45,585.60,,7.5,3.3,0.11,0.23,15.1,10.2,13.9,13.6,7.6,38,34,38,42,51
2017-01-25 11:00,2186,41,39,0.00,43,642.10,,10.0,3.7,0.11,0.25,15.0,10.5,13.6,13.6,7.6,39,35,38,42,51
2017-01-25 12:00,2186,42,40,0.00,46,631.80,,11.6,5.4,0.12,0.26,15.3,10.9,13.7,13.4,7.6,40,36,38,42,51
2017-01-25 13:00,2186,42,41,0.00,44,561.00,,11.0,5.9,0.11,0.26,15.3,10.9,13.9,13.4,7.6,42,38,38,42,51
2017-01-25 14:00,2186,43,42,0.00,40,431.70,,11.1,5.3,0.11,0.27,15.2,10.4,14.1,13.4,7.9,43,40,39,42,51
2017-01-25 15:00,2186,44,43,0.00,38,260.90,,10.3,4.3,0.11,0.28,15.2,10.9,14.1,13.6,7.9,43,41,40,42,51
2017-01-25 16:00,2186,43,39,0.00,42,75.41,,9.7,5.8,0.11,0.27,15.2,10.5,14.0,13.4,7.9,43,41,40,42,51
2017-01-25 17:00,2186,39,36,0.00,54,1.07,,6.2,2.9,0.13,0.22,15.4,10.7,14.1,13.4,7.6,43,40,41,42,51
2017-01-25 18:00,2186,36,34,0.00,60,0.05,,3.8,1.3,0.13,0.20,15.1,10.7,14.1,13.4,7.9,42,40,41,42,51
2017-01-25 19:00,2186,34,32,0.00,67,0.10,,2.4,0.5,0.13,0.19,15.2,10.8,13.8,13.6,7.9,42,39,41,42,51
2017-01-25 20:00,2186,33,30,0.00,74,0.11,,5.9,2.7,0.13,0.18,15.2,11.0,13.8,13.6,7.9,41,38,41,42,51
2017-01-25 21:00,2186,31,29,0.00,82,0.11,,7.4,4.7,0.14,0.17,15.2,10.6,14.2,13.6,7.9,41,37,40,42,51
2017-01-25 22:00,2186,29,29,0.00,83,0.13,,9.0,6.4,0.13,0.16,15.1,10.5,13.7,13.6,7.6,40,36,40,42,51
2017-01-25 23:00,2186,29,28,0.00,81,0.14,,10.4,7.1,0.13,0.16,15.1,10.6,13.9,13.6,7.6,40,36,40,42,51
2017-01-26 00:00,2186,29,27,0.00,82,0.15,,9.4,6.2,0.12,0.15,15.0,10.2,13.7,13.6,7.9,40,36,39,42,51
2017-01-26 01:00,2186,28,27,0.00,85,0.15,,8.2,6.2,0.12,0.15,14.9,10.4,13.9,13.2,7.9,39,35,39,42,51
2017-01-26 02:00,2186,27,27,0.00,83,0.14,,10.2,7.2,0.12,0.15,15.0,10.5,13.6,13.4,7.9,39,35,39,42,51
2017-01-26 03:00,2186,27,27,0.00,80,0.15,,7.3,4.2,0.12,0.15,14.8,10.4,13.8,13.6,7.9,39,35,38,42,51
2017-01-26 04:00,2186,27,25,0.00,77,0.18,,7.5,5.2,0.11,0.14,14.9,10.2,13.5,13.6,,,,,,
2017-01-26 05:00,2186,26,25,0.00,80,0.18,,9.2,6.4,0.11,0.14,14.8,9.9,13.7,13.3,7.9,38,34,38,42,51
2017-01-26 06:00,2186,26,25,0.00,76,2.59,,10.2,7.2,0.10,0.14,15.0,10.2,13.5,13.4,7.9,38,34,38,42,51
2017-01-26 07:00,2186,33,26,0.00,72,106.60,,7.8,4.1,0.11,0.15,14.7,10.1,13.6,13.4,7.9,38,34,38,42,51
2017-01-26 08:00,2186,37,33,0.00,61,305.00,,4.6,2.1,0.12,0.20,14.7,10.1,13.5,13.3,7.9,38,34,37,42,51
2017-01-26 09:00,2186,40,37,0.00,57,468.40,,4.5,1.7,0.11,0.23,14.6,9.7,13.2,13.3,7.9,37,34,37,41,51
2017-01-26 10:00,2186,41,40,0.00,39,580.00,,7.5,4.1,0.10,0.25,14.6,10.1,12.9,13.5,7.9,37,34,37,41,51
2017-01-26 11:00,2186,43,41,0.00,37,635.20,,10.5,5.1,0.09,0.27,14.6,9.8,12.9,13.3,7.9,38,34,37,41,50
2017-01-26 12:00,2186,44,43,0.00,33,567.90,,12.1,6.8,0.09,0.28,14.8,10.4,13.0,13.3,7.9,40,35,37,41,51
2017-01-26 13:00,2186,44,43,0.00,35,366.40,,13.2,6.8,0.10,0.28,14.6,10.4,13.3,13.4,7.9,41,37,37,41,50
2017-01-26 14:00,2186,44,43,0.00,34,396.20,,12.1,7.0,0.10,0.28,14.9,10.3,13.4,13.0,7.9,42,38,38,41,50
2017-01-26 15:00,2186,44,43,0.00,36,264.70,,13.6,8.2,0.10,0.28,14.8,10.4,13.2,13.0,8.2,42,39,39,41,50
2017-01-26 16:00,2186,43,40,0.00,41,77.75,,11.2,6.9,0.11,0.27,14.9,10.3,13.7,13.0,7.9,42,40,39,41,50
2017-01-26 17:00,2186,40,35,0.00,52,1.18,,5.4,2.3,0.14,0.22,14.9,10.4,13.6,13.0,7.9,42,39,40,41,50
2017-01-26 18:00,2186,35,34,0.00,67,0.05,,3.4,1.0,0.14,0.20,14.6,10.6,13.4,13.0,7.9,41,38,40,41,50
2017-01-26 19:00,2186,34,32,0.00,69,0.06,,4.7,1.9,0.14,0.19,14.6,10.1,13.4,13.0,7.9,41,38,40,41,50
2017-01-26 20:00,2186,33,31,0.00,75,0.06,,6.3,3.7,0.14,0.18,14.8,10.2,13.7,13.0,7.9,40,37,40,41,50
2017-01-26 21:00,2186,31,29,0.00,80,0.08,,5.3,2.2,0.14,0.17,14.5,10.1,13.2,13.0,7.9,40,36,39,42,50
2017-01-26 22:00,2186,29,28,0.00,83,0.09,,8.5,5.2,0.13,0.16,14.8,10.2,13.2,13.1,7.9,40,36,39,42,50
2017-01-26 23:00,2186,31,28,0.00,82,0.14,,5.7,2.3,0.12,0.16,14.6,9.9,13.4,13.1,7.9,39,35,39,42,50
2017-01-27 00:00,2186,33,31,0.00,71,0.13,,2.5,0.7,0.11,0.18,14.7,10.2,13.2,13.0,7.9,39,35,38,42,50
2017-01-27 01:00,2186,32,29,0.00,60,0.13,,2.6,0.5,0.11,0.17,14.4,9.9,13.2,13.0,7.9,39,35,38,42,50
2017-01-27 02:00,2186,31,29,0.00,65,0.17,,6.2,1.2,0.10,0.17,14.4,9.7,13.2,13.3,7.9,38,35,38,41,50
2017-01-27 03:00,2186,30,29,0.00,61,0.13,,5.7,1.7,0.10,0.17,14.5,10.1,13.3,13.3,7.9,38,34,38,41,50
2017-01-27 04:00,2186,30,29,0.00,66,0.14,,5.5,2.2,0.10,0.16,14.3,9.8,13.3,13.3,7.9,38,34,38,41,50
2017-01-27 05:00,2186,31,29,0.00,63,0.17,,4.8,2.0,0.10,0.17,14.2,9.6,13.1,13.1,7.9,38,34,37,41,50
2017-01-27 06:00,2186,34,31,0.00,55,2.72,,8.3,3.3,0.08,0.19,14.4,9.9,12.8,13.1,7.9,38,34,37,41,50
2017-01-27 07:00,2186,37,33,0.00,38,112.40,,13.0,3.0,0.07,0.20,14.1,9.4,12.9,13.1,7.9,37,34,37,41,50
2017-01-27 08:00,2186,38,36,0.00,34,314.10,,14.6,7.6,0.08,0.22,14.0,9.3,13.1,13.2,7.9,37,34,37,41,50
2017-01-27 09:00,2186,39,38,0.00,37,478.90,,19.6,11.2,0.08,0.23,14.0,9.7,12.9,12.9,7.9,37,34,37,41,50
2017-01-27 10:00,2186,41,39,0.00,35,595.60,,21.1,14.3,0.09,0.25,14.3,9.7,12.9,13.3,7.4,37,33,37,41,50
2017-01-27 11:00,2186,42,41,0.00,33,653.10,,21.4,14.8,0.08,0.26,14.2,9.3,12.7,13.3,7.9,38,34,37,40,50
2017-01-27 12:00,2186,43,42,0.00,31,646.90,,26.4,17.0,0.08,0.27,14.2,9.8,12.7,13.5,7.9,39,34,36,40,50
2017-01-27 13:00,2186,44,43,0.00,28,577.50,,26.3,19.0,0.08,0.28,14.0,10.1,12.7,13.0,7.9,40,35,37,40,50
2017-01-27 14:00,2186,45,44,0.00,29,447.30,,25.1,17.7,0.08,0.29,14.4,10.2,12.6,13.0,7.4,40,36,37,40,50
2017-01-27 15:00,2186,45,44,0.00,26,271.70,,25.4,14.5,0.08,0.29,14.0,10.2,12.9,13.0,7.9,40,37,37,40,50
2017-01-27 16:00,2186,44,41,0.00,29,81.80,,17.3,10.9,0.09,0.28,14.0,9.8,12.9,13.1,7.6,40,37,38,40,50
2017-01-27 17:00,2186,41,37,0.00,37,1.30,,10.1,6.0,0.10,0.24,14.0,10.0,12.8,13.1,7.4,40,37,38,40,50
2017-01-27 18:00,2186,38,34,0.00,47,0.01,,5.6,3.1,0.10,0.22,14.4,9.5,12.8,13.1,8.1,40,37,38,40,50
2017-01-27 19:00,2186,34,32,0.00,56,0.04,,4.5,2.6,0.11,0.19,14.2,9.6,12.8,13.1,,,,,,
2017-01-27 20:00,2186,38,32,0.00,62,0.03,,6.9,2.0,0.10,0.20,14.2,9.8,13.0,13.1,8.1,39,36,38,40,50
2017-01-27 21:00,2186,38,35,0.00,40,0.05,,5.2,1.7,0.09,0.22,14.0,9.6,12.9,12.8,8.1,39,35,38,40,50
2017-01-27 22:00,2186,37,35,0.00,48,0.04,,6.5,3.3,0.09,0.21,14.0,9.8,12.9,13.1,8.1,39,35,38,41,50
2017-01-27 23:00,2186,37,34,0.00,43,0.04,,8.0,3.6,0.09,0.21,13.8,9.4,13.1,12.8,7.6,38,35,38,40,50
2017-01-28 00:00,2186,35,32,0.00,49,0.05,,10.1,3.2,0.10,0.19,13.9,9.4,12.8,12.8,8.1,38,35,37,40,50
2017-01-28 01:00,2186,35,33,0.00,52,0.04,,8.7,3.8,0.10,0.19,13.9,9.6,13.2,13.2,8.1,38,34,37,40,50
2017-01-28 02:00,2186,34,33,0.00,51,0.08,,7.2,3.5,0.10,0.19,13.9,9.7,12.7,13.0,8.1,38,34,37,40,50
2017-01-28 03:00,2186,35,33,0.00,51,0.04,,10.1,4.6,0.09,0.20,14.0,9.7,12.7,13.0,8.1,37,34,37,40,50
2017-01-28 04:00,2186,34,31,0.00,51,0.08,,9.6,4.6,0.09,0.19,13.7,9.4,12.8,13.0,8.1,37,34,37,40,50
2017-01-28 05:00,2186,34,30,0.00,47,0.07,,7.5,3.3,0.09,0.19,13.8,9.4,12.8,13.2,7.6,37,34,37,40,50
2017-01-28 06:00,2186,31,29,0.00,56,2.91,,6.0,2.5,0.09,0.17,13.8,9.4,12.7,12.8,7.6,37,33,36,40,50
2017-01-28 07:00,2186,37,31,0.00,55,115.30,,7.3,2.1,0.09,0.19,14.0,9.6,12.7,13.0,7.6,37,33,36,40,50
2017-01-28 08:00,2186,39,37,0.00,42,321.90,,8.2,2.5,0.10,0.23,13.6,9.4,12.5,12.7,7.6,37,33,36,40,50
2017-01-28 09:00,2186,43,39,0.00,43,487.80,,8.5,4.2,0.10,0.25,13.7,9.1,12.5,12.7,7.6,36,33,36,40,50
2017-01-28 10:00,2186,50,43,0.00,37,606.60,,9.4,3.9,0.10,0.32,13.7,9.1,12.6,12.7,7.6,37,33,36,40,49
2017-01-28 11:00,2186,52,50,0.00,27,664.50,,18.1,9.8,0.09,0.38,13.6,9.4,12.3,13.0,7.6,37,33,36,40,49
2017-01-28 12:00,2186,52,51,0.00,26,653.90,,15.4,9.5,0.11,0.38,13.9,9.4,12.5,13.0,7.6,39,34,36,40,49
2017-01-28 13:00,2186,52,51,0.00,30,580.60,,14.6,9.7,0.12,0.38,13.7,9.6,12.3,12.7,7.6,41,37,36,40,49
2017-01-28 14:00,2186,52,51,0.00,28,451.50,,14.1,8.9,0.11,0.39,13.9,9.9,12.3,12.7,7.6,42,39,37,40,49
2017-01-28 15:00,2186,52,52,0.00,28,278.50,,15.6,9.6,0.10,0.39,13.8,9.8,12.5,12.7,8.0,42,40,38,40,49
2017-01-28 16:00,2186,52,48,0.00,25,86.90,,17.3,9.6,0.10,0.37,13.8,9.9,12.4,12.7,8.0,42,41,39,40,49
2017-01-28 17:00,2186,48,44,0.00,31,1.44,,8.4,2.6,0.11,0.32,13.8,9.4,12.9,12.7,7.6,42,41,40,40,49
2017-01-28 18:00,2186,44,42,0.00,40,0.00,,6.7,1.9,0.12,0.28,13.9,9.8,12.7,12.7,8.0,42,40,40,40,49
2017-01-28 19:00,2186,43,40,0.00,42,0.00,,4.4,1.6,0.12,0.26,13.7,9.6,12.7,12.7,7.6,41,39,40,40,49
2017-01-28 20:00,2186,41,39,0.00,45,0.01,,5.9,2.0,0.12,0.25,13.8,9.4,12.7,12.7,7.6,41,38,40,40,49
2017-01-28 21:00,2186,40,37,0.00,45,0.02,,5.0,2.0,0.12,0.24,13.9,9.6,12.4,12.7,7.6,40,37,40,41,49
2017-01-28 22:00,2186,40,38,0.00,46,0.01,,6.6,2.8,0.12,0.24,13.5,9.6,12.7,12.7,7.6,40,37,39,41,49
2017-01-28 23:00,2186,40,35,0.00,48,0.02,,7.1,3.1,0.12,0.23,13.8,9.4,12.4,12.7,7.6,40,36,39,41,49
2017-01-29 00:00,2186,38,34,0.00,60,0.02,,5.7,2.6,0.12,0.22,13.8,9.4,12.8,12.7,7.6,39,36,39,41,49
2017-01-29 01:00,2186,36,33,0.00,63,0.03,,9.8,5.7,0.12,0.20,13.6,9.2,12.5,12.7,7.6,39,36,38,41,49
2017-01-29 02:00,2186,36,33,0.00,65,0.03,,8.0,3.1,0.12,0.19,13.7,9.2,12.6,12.7,7.6,39,35,38,41,49
2017-01-29 03:00,2186,36,34,0.00,55,0.08,,6.5,3.7,0.12,0.20,13.4,9.4,12.3,12.4,7.9,39,35,38,41,49
2017-01-29 04:00,2186,37,31,0.00,62,0.07,,10.5,2.9,0.12,0.19,13.5,9.4,12.6,12.8,7.6,38,35,38,41,49
2017-01-29 05:00,2186,37,33,0.00,64,0.07,,8.7,5.1,0.12,0.20,13.5,9.6,12.8,12.5,7.9,38,35,38,41,49
2017-01-29 06:00,2186,36,30,0.00,54,2.89,,7.7,3.3,0.12,0.19,13.5,9.2,12.3,12.5,7.9,38,34,37,41,49
2017-01-29 07:00,2186,43,35,0.00,57,114.10,,7.7,2.3,0.12,0.22,13.5,9.7,12.4,12.5,7.9,38,34,37,40,49
2017-01-29 08:00,2186,50,43,0.00,41,316.80,,4.8,2.3,0.11,0.31,13.6,9.1,12.4,12.9,7.9,38,34,37,40,49
2017-01-29 09:00,2186,55,50,0.00,28,482.90,,8.0,2.6,0.11,0.39,13.3,9.3,12.4,12.9,7.9,38,34,37,40,49
2017-01-29 10:00,2186,58,55,0.00,22,599.60,,12.1,5.0,0.10,0.45,13.3,9.1,12.3,12.4,8.3,38,34,37,40,49
2017-01-29 11:00,2186,60,58,0.00,21,657.60,,12.3,5.5,0.11,0.50,13.7,9.4,12.3,12.4,7.9,39,36,37,40,49
2017-01-29 12:00,2186,62,59,0.00,20,651.70,,12.2,7.0,0.11,0.53,13.5,9.3,12.5,12.4,8.3,41,39,37,40,49
2017-01-29 13:00,2186,62,62,0.00,20,580.80,,12.6,7.2,0.11,0.56,13.6,9.5,12.5,12.6,7.9,42,41,38,40,49
2017-01-29 14:00,2186,63,62,0.00,17,451.90,,15.3,7.1,0.10,0.57,13.8,9.9,12.6,12.6,7.9,44,44,39,40,49
2017-01-29 15:00,2186,62,61,0.00,19,279.30,,9.8,4.3,0.11,0.56,13.8,9.9,12.5,12.6,7.9,44,45,40,40,49
2017-01-29 16:00,2186,62,56,0.00,18,88.60,,7.1,4.3,0.11,0.53,13.8,9.6,12.3,12.6,8.3,45,45,42,40,49
2017-01-29 17:00,2186,56,50,0.00,27,1.55,,8.7,4.8,0.11,0.42,13.6,9.8,12.7,12.6,7.9,45,45,42,41,49
2017-01-29 18:00,2186,51,47,0.00,32,0.00,,10.9,6.8,0.12,0.35,13.8,9.4,12.7,12.4,7.9,44,44,43,41,49
2017-01-29 19:00,2186,47,45,0.00,35,0.00,,8.1,5.6,0.12,0.32,13.8,9.6,12.7,12.4,7.9,44,43,43,41,49
2017-01-29 20:00,2186,46,46,0.00,38,0.00,,9.6,6.8,0.12,0.31,13.5,9.4,12.7,12.4,7.9,44,42,43,42,49
2017-01-29 21:00,2186,46,43,0.00,37,0.00,,8.7,5.3,0.12,0.31,13.6,9.4,12.4,12.4,7.9,43,41,42,42,49
2017-01-29 22:00,2186,45,42,0.00,43,0.00,,8.1,3.8,0.12,0.28,13.6,9.6,12.3,12.4,7.9,43,40,42,42,49
2017-01-29 23:00,2186,46,43,0.00,39,0.00,,8.9,3.8,0.12,0.30,13.5,9.2,12.3,12.4,7.9,42,40,42,42,49
2017-01-30 00:00,2186,45,42,0.00,40,0.00,,7.5,4.6,0.12,0.29,13.6,9.3,12.5,12.4,7.9,42,39,41,42,49
2017-01-30 01:00,2186,42,39,0.00,49,0.00,,11.8,5.0,0.13,0.26,13.3,9.3,12.2,12.4,7.9,42,38,41,42,49
2017-01-30 02:00,2186,40,35,0.00,54,0.00,,8.8,4.9,0.13,0.23,13.5,9.3,12.3,12.6,7.9,41,38,41,42,49
2017-01-30 03:00,2186,39,35,0.00,63,0.01,,8.8,5.0,0.13,0.22,13.2,9.6,12.3,12.6,8.3,41,37,40,42,49
2017-01-30 04:00,2186,38,36,0.00,60,0.01,,9.0,5.0,0.13,0.22,13.3,9.5,12.8,12.6,7.9,41,37,40,42,49
2017-01-30 05:00,2186,38,36,0.00,60,0.01,,9.6,6.8,0.13,0.22,13.3,9.5,12.0,12.6,7.9,40,36,40,42,49
2017-01-30 06:00,2186,38,36,0.00,60,4.44,,5.2,2.4,0.12,0.22,13.4,9.0,12.4,12.5,7.9,40,36,39,42,49
2017-01-30 07:00,2186,45,36,0.00,61,122.10,,8.7,3.0,0.13,0.24,13.2,9.1,12.4,12.5,8.3,40,36,39,42,49
2017-01-30 08:00,2186,52,45,0.00,44,322.90,,4.3,1.8,0.13,0.34,13.5,9.1,12.1,12.5,7.9,40,36,39,42,49
2017-01-30 09:00,2186,55,52,0.00,33,438.20,,7.0,4.6,0.13,0.40,13.1,9.1,12.3,12.5,7.9,40,36,39,42,49
2017-01-30 10:00,2186,59,55,0.00,29,606.60,,9.6,3.6,0.13,0.48,13.1,9.0,12.3,12.6,7.9,40,37,39,42,49
2017-01-30 11:00,2186,62,59,0.00,26,687.20,,9.3,5.6,0.13,0.54,13.4,9.5,12.3,12.6,7.9,41,39,39,42,49
2017-01-30 12:00,2186,63,62,0.00,24,689.30,,10.9,6.8,0.14,0.57,13.3,9.6,12.3,12.6,7.8,43,42,40,42,49
2017-01-30 13:00,2186,63,62,0.00,25,547.80,,12.6,6.0,0.14,0.57,13.1,9.6,12.1,12.3,8.3,45,45,41,42,49
2017-01-30 14:00,2186,64,63,0.00,24,445.50,,9.0,5.4,0.14,0.58,13.3,9.6,12.3,12.3,8.3,46,47,42,42,49
2017-01-30 15:00,2186,64,62,0.00,23,270.70,,9.8,5.8,0.14,0.58,13.2,9.5,12.1,12.3,7.9,47,48,43,42,49
2017-01-30 16:00,2186,62,56,0.00,26,69.75,,9.0,3.9,0.15,0.53,13.5,9.9,12.5,12.3,7.4,47,48,44,42,49
2017-01-30 17:00,2186,56,51,0.00,36,1.78,,2.9,1.4,0.17,0.42,13.5,9.6,12.5,12.3,8.3,47,48,45,42,49
2017-01-30 18:00,2186,52,46,0.00,45,0.00,,7.1,5.2,0.18,0.34,13.2,9.8,12.3,12.3,7.9,47,47,45,43,49
2017-01-30 19:00,2186,46,42,0.00,59,0.00,,11.8,7.0,0.17,0.29,13.3,9.5,12.3,12.3,7.9,46,46,45,43,49
2017-01-30 20:00,2186,42,40,0.00,65,0.00,,11.4,8.4,0.17,0.26,13.4,9.2,12.5,12.2,7.9,46,45,45,43,49
2017-01-30 21:00,2186,40,39,0.00,65,0.00,,11.1,8.3,0.16,0.25,13.1,9.3,12.5,12.2,7.9,45,44,45,44,49
2017-01-30 22:00,2186,39,38,0.00,67,0.00,,12.4,9.5,0.16,0.23,13.4,9.5,12.1,12.5,7.9,45,43,45,44,49
2017-01-30 23:00,2186,40,36,0.00,67,0.02,,12.5,8.5,0.15,0.23,13.3,9.3,12.1,12.5,7.9,44,42,44,44,49
2017-01-31 00:00,2186,36,35,0.00,70,0.01,,11.9,8.7,0.15,0.21,13.4,9.3,12.5,12.5,7.9,44,41,44,44,49
2017-01-31 01:00,2186,36,35,0.00,70,0.00,,13.2,9.9,0.14,0.21,13.0,9.5,12.3,12.2,8.1,43,40,43,44,49
2017-01-31 02:00,2186,36,34,0.00,64,0.03,,13.9,10.6,0.14,0.21,13.1,9.5,12.3,12.2,7.9,43,39,43,44,49
2017-01-31 03:00,2186,36,34,0.00,63,0.02,,13.6,10.6,0.13,0.20,13.0,9.1,12.5,12.4,7.9,42,39,42,44,49
2017-01-31 04:00,2186,36,34,0.00,62,0.01,,13.9,10.3,0.13,0.20,13.2,9.1,12.2,12.4,7.9,42,38,42,44,49
2017-01-31 05:00,2186,35,34,0.00,69,0.03,,13.7,10.1,0.13,0.19,13.2,9.1,12.3,12.6,7.9,42,38,41,44,49
2017-01-31 06:00,2186,35,34,0.00,66,6.07,,13.6,10.8,0.13,0.20,13.0,9.1,12.3,12.3,7.9,41,37,41,44,49
2017-01-31 07:00,2186,42,35,0.00,64,131.40,,13.7,10.3,0.13,0.22,13.0,9.1,12.0,12.3,7.9,41,37,40,43,49
2017-01-31 08:00,2186,54,42,0.00,52,332.70,,12.7,4.6,0.14,0.33,13.0,9.3,12.0,12.6,7.9,41,37,40,43,49
2017-01-31 09:00,2186,56,54,0.00,36,458.70,,4.6,2.6,0.14,0.43,13.0,9.3,12.3,12.3,7.9,41,37,40,43,49
2017-01-31 10:00,2186,61,56,0.00,30,618.50,,5.1,2.3,0.13,0.49,13.0,9.1,12.1,12.3,7.6,41,38,40,43,49
2017-01-31 11:00,2186,64,61,0.00,25,680.10,,6.8,2.7,0.13,0.57,12.9,9.3,12.1,12.3,7.9,42,41,40,43,49
2017-01-31 12:00,2186,66,64,0.00,22,669.10,,8.1,3.5,0.14,0.62,12.9,9.6,12.3,12.4,7.9,44,43,41,43,49
2017-01-31 13:00,2186,67,66,0.00,20,595.60,,9.9,3.2,0.13,0.66,13.0,9.2,12.2,12.4,7.2,46,46,42,43,49
2017-01-31 14:00,2186,67,65,0.00,20,466.90,,10.9,6.0,0.14,0.66,13.2,9.8,12.0,12.4,7.8,47,48,43,43,49
2017-01-31 15:00,2186,65,64,0.00,19,294.20,,11.6,7.9,0.12,0.61,12.9,9.6,12.4,12.6,7.9,48,50,44,43,49
2017-01-31 16:00,2186,64,59,0.00,21,98.40,,9.7,5.1,0.12,0.57,12.9,9.8,12.2,12.6,7.9,48,50,46,43,49
2017-01-31 17:00,2186,59,52,0.00,25,1.81,,7.1,2.7,0.13,0.46,12.9,9.2,12.5,12.6,7.8,48,49,46,44,49
2017-01-31 18:00,2186,52,46,0.00,36,0.00,,7.8,5.9,0.15,0.35,12.9,9.4,12.4,12.4,7.9,48,48,47,44,49
2017-01-31 19:00,2186,46,42,0.00,49,0.00,,10.5,6.4,0.15,0.30,13.1,9.2,12.4,12.4,7.9,47,47,47,44,49
2017-01-31 20:00,2186,43,40,0.00,58,0.00,,11.1,7.7,0.15,0.26,13.0,8.9,12.5,12.4,7.9,47,46,47,45,49
2017-01-31 21:00,2186,40,39,0.00,54,0.00,,12.6,9.3,0.13,0.24,13.1,9.0,12.2,12.5,7.9,47,45,46,45,49
2017-01-31 22:00,2186,40,39,0.00,52,0.00,,14.3,10.5,0.12,0.25,13.2,9.1,12.2,12.5,7.9,46,44,46,45,49
2017-01-31 23:00,2186,40,39,0.00,51,0.00,,14.1,10.7,0.13,0.25,13.0,9.0,12.4,12.5,7.9,46,43,45,45,49
