Date,Station Id,Air Temperature Maximum (degF),Air Temperature Minimum (degF),Precipitation Increment (in),Relative Humidity (pct),Solar Radiation Average (watt/m2),Solar Radiation/langley Total (langley),Wind Speed Maximum (mph),Wind Speed Average (mph),Vapor Pressure - Partial (inch_Hg),Vapor Pressure - Saturated (inch_Hg),Soil Moisture Percent -2in (pct),Soil Moisture Percent -4in (pct),Soil Moisture Percent -8in (pct),Soil Moisture Percent -20in (pct),Soil Moisture Percent -40in (pct),Soil Temperature Observed -2in (degF),Soil Temperature Observed -4in (degF),Soil Temperature Observed -8in (degF),Soil Temperature Observed -20in (degF),Soil Temperature Observed -40in (degF)
2017-07-01 00:00,2187,69,67,0.00,21,0.00,,4.4,2.2,0.16,0.71,4.9,5.7,8.8,7.4,8.7,85,87,85,78,71
2017-07-01 01:00,2187,71,67,0.00,24,0.00,,4.5,3.0,0.16,0.71,4.7,5.4,9.1,7.4,8.7,83,85,85,78,71
2017-07-01 02:00,2187,68,65,0.00,23,0.00,,4.8,3.2,0.16,0.67,4.9,5.9,9.0,7.8,9.1,81,82,84,78,71
2017-07-01 03:00,2187,66,65,0.00,26,0.00,,4.8,3.1,0.17,0.63,4.2,5.1,8.5,7.4,8.4,80,81,84,79,71
2017-07-01 04:00,2187,65,63,0.00,27,4.94,,4.7,3.2,0.17,0.61,4.4,5.3,9.0,7.6,8.8,78,80,83,79,71
2017-07-01 05:00,2187,75,63,0.00,30,103.40,,5.0,1.7,0.19,0.65,5.0,5.2,8.8,7.6,8.8,76,78,82,79,71
2017-07-01 06:00,2187,80,75,0.00,22,311.90,,3.0,0.9,0.18,0.98,4.5,5.4,8.8,7.6,8.8,75,76,82,79,71
2017-07-01 07:00,2187,85,77,0.00,21,517.50,,2.8,0.9,0.18,1.05,4.7,5.4,8.3,7.6,8.8,75,76,82,79,71
2017-07-01 08:00,2187,87,85,0.00,12,711.10,,8.4,3.1,0.15,1.24,4.7,5.4,8.5,7.8,8.8,76,76,81,79,71
2017-07-01 09:00,2187,88,87,0.00,11,869.00,,11.4,5.9,0.14,1.29,4.5,5.9,8.8,7.8,8.7,79,79,80,79,71
2017-07-01 10:00,2187,90,88,0.00,11,922.00,,16.4,6.1,0.14,1.38,4.5,5.1,8.4,7.4,8.4,82,82,80,78,71
2017-07-01 11:00,2187,93,89,0.00,9,1030.00,,18.2,8.3,0.12,1.46,4.7,5.7,8.4,7.4,8.7,87,85,80,79,71
2017-07-01 12:00,2187,94,92,0.00,8,997.00,,17.1,9.5,0.12,1.54,5.2,5.8,8.4,7.7,8.7,91,89,80,78,71
2017-07-01 13:00,2187,94,93,0.00,8,1011.00,,18.3,10.0,0.12,1.59,5.2,6.1,9.0,7.7,8.7,95,92,80,78,71
2017-07-01 14:00,2187,95,93,0.00,8,869.00,,19.2,8.5,0.12,1.62,5.1,6.3,8.8,7.4,8.7,98,96,81,78,71
2017-07-01 15:00,2187,94,93,0.00,7,683.50,,17.6,9.0,0.12,1.59,5.3,6.1,8.9,8.0,9.1,101,97,82,78,71
2017-07-01 16:00,2187,94,93,0.00,7,488.00,,14.8,7.9,0.11,1.58,5.0,6.3,8.6,8.0,9.1,102,98,82,78,71
2017-07-01 17:00,2187,93,90,0.00,7,274.10,,13.8,7.1,0.11,1.52,5.0,6.4,8.6,8.0,9.1,101,99,83,78,71
2017-07-01 18:00,2187,90,88,0.00,8,63.99,,12.8,6.7,0.12,1.40,5.3,6.3,8.4,8.0,9.1,99,98,84,78,71
2017-07-01 19:00,2187,88,86,0.00,8,2.89,,14.0,7.1,0.12,1.29,5.1,6.1,9.1,7.6,9.1,96,96,85,78,71
2017-07-01 20:00,2187,86,81,0.00,10,0.00,,8.0,3.1,0.12,1.16,5.1,6.1,9.1,8.0,9.1,94,94,85,78,71
2017-07-01 21:00,2187,82,76,0.00,12,0.00,,6.7,3.4,0.13,1.02,5.4,5.7,8.8,8.0,9.1,92,92,85,78,71
2017-07-01 22:00,2187,79,76,0.00,14,0.00,,8.9,3.5,0.14,0.94,5.1,6.1,8.8,7.7,8.9,89,90,85,78,71
2017-07-01 23:00,2187,78,76,0.00,16,0.00,,6.9,3.8,0.14,0.94,4.6,6.1,8.8,7.4,8.9,87,88,85,78,71
2017-07-02 00:00,2187,76,65,0.00,16,0.00,,4.9,1.7,0.15,0.76,5.2,5.7,9.1,7.4,8.7,85,86,85,78,71
2017-07-02 01:00,2187,67,65,0.00,24,0.00,,4.2,2.8,0.15,0.63,4.9,5.9,8.8,7.4,8.7,82,84,85,79,71
2017-07-02 02:00,2187,68,64,0.00,24,0.00,,4.9,3.1,0.15,0.64,5.2,5.6,9.1,7.4,8.7,81,82,84,79,71
2017-07-02 03:00,2187,66,62,0.00,24,0.00,,4.9,3.1,0.15,0.63,4.7,5.6,8.6,7.4,8.7,79,80,83,79,71
2017-07-02 04:00,2187,65,62,0.00,27,5.64,,5.3,3.9,0.16,0.58,5.0,5.2,9.3,7.4,8.7,77,79,83,79,71
2017-07-02 05:00,2187,71,65,0.00,26,103.20,,4.4,2.4,0.18,0.65,4.5,5.4,8.6,7.4,8.4,76,78,82,79,71
2017-07-02 06:00,2187,77,71,0.00,31,296.70,,3.5,0.9,0.21,0.87,4.7,5.7,8.9,7.4,8.4,75,76,82,79,71
2017-07-02 07:00,2187,82,77,0.00,19,498.30,,6.3,1.9,0.18,1.00,4.7,5.2,8.4,7.8,8.4,74,76,82,79,71
2017-07-02 08:00,2187,83,82,0.00,15,678.70,,9.2,4.6,0.17,1.11,4.7,5.2,8.6,7.4,8.8,75,76,81,79,71
2017-07-02 09:00,2187,84,83,0.00,16,844.00,,10.5,5.8,0.18,1.17,4.5,5.4,8.6,7.7,8.4,78,78,80,79,71
2017-07-02 10:00,2187,86,84,0.00,15,922.00,,12.3,5.4,0.18,1.22,4.7,5.9,8.8,7.7,8.7,82,80,80,79,71
2017-07-02 11:00,2187,89,86,0.00,13,1004.00,,15.5,4.5,0.18,1.32,4.9,5.9,8.8,7.7,8.7,86,84,80,79,71
2017-07-02 12:00,2187,90,89,0.00,13,1002.00,,13.7,5.8,0.18,1.39,4.7,6.1,8.8,8.0,8.7,90,88,80,79,71
2017-07-02 13:00,2187,91,89,0.00,13,947.00,,16.2,7.1,0.18,1.42,5.0,6.1,8.4,8.0,8.9,94,92,80,78,71
2017-07-02 14:00,2187,91,90,0.00,12,831.00,,15.8,8.1,0.18,1.47,5.4,6.3,8.8,8.0,8.9,98,95,81,78,71
2017-07-02 15:00,2187,92,90,0.00,12,673.10,,16.2,8.6,0.17,1.46,5.6,6.1,8.6,8.0,8.7,100,97,82,78,71
2017-07-02 16:00,2187,91,90,0.00,12,482.00,,15.1,6.2,0.17,1.44,5.3,6.1,8.6,8.0,8.9,102,98,82,78,71
2017-07-02 17:00,2187,91,89,0.00,12,273.90,,14.2,7.2,0.17,1.41,5.3,5.9,8.4,8.0,9.1,101,99,83,78,71
2017-07-02 18:00,2187,89,85,0.00,12,62.74,,12.3,6.0,0.17,1.31,5.8,6.3,8.4,7.3,9.1,99,98,84,78,71
2017-07-02 19:00,2187,85,82,0.00,13,2.51,,11.4,5.6,0.16,1.17,5.4,5.9,8.6,8.0,9.1,96,96,85,78,71
2017-07-02 20:00,2187,82,79,0.00,14,0.00,,10.7,5.3,0.15,1.10,5.1,6.6,8.6,8.0,8.9,94,94,85,78,71
2017-07-02 21:00,2187,80,70,0.00,13,0.00,,7.3,3.4,0.12,0.96,5.6,6.1,8.6,8.0,8.9,92,92,85,78,71
2017-07-02 22:00,2187,72,70,0.00,16,0.00,,5.2,3.2,0.12,0.75,5.3,5.9,8.6,8.0,8.7,89,90,85,78,71
2017-07-02 23:00,2187,70,67,0.00,16,0.00,,4.8,2.9,0.12,0.70,4.9,6.4,8.6,8.0,8.7,86,87,85,78,71
2017-07-03 00:00,2187,70,66,0.00,16,0.00,,5.2,3.5,0.12,0.70,4.7,5.9,8.6,8.0,8.7,84,85,85,79,71
2017-07-03 01:00,2187,66,64,0.00,19,0.00,,4.9,3.1,0.13,0.62,4.5,5.6,8.6,7.4,8.7,82,83,85,79,71
2017-07-03 02:00,2187,65,62,0.00,21,0.00,,5.1,3.7,0.13,0.59,4.7,5.6,8.9,7.4,8.7,80,82,84,79,71
2017-07-03 03:00,2187,63,62,0.00,23,0.00,,4.9,3.5,0.13,0.58,5.0,5.4,8.9,7.4,8.7,78,80,83,79,71
2017-07-03 04:00,2187,62,60,0.00,23,4.78,,5.1,3.5,0.14,0.55,4.5,5.4,9.1,7.4,8.4,76,78,83,79,72
2017-07-03 05:00,2187,73,62,0.00,24,102.50,,4.6,2.5,0.15,0.61,4.7,5.7,8.6,7.4,8.4,75,77,82,79,71
2017-07-03 06:00,2187,77,71,0.00,19,314.30,,3.7,1.4,0.15,0.83,4.9,5.4,8.6,7.4,8.8,73,76,82,79,72
2017-07-03 07:00,2187,81,77,0.00,16,520.50,,9.7,2.5,0.14,0.99,4.2,4.9,8.8,7.4,8.8,73,74,81,79,72
2017-07-03 08:00,2187,83,80,0.00,12,708.70,,9.7,5.9,0.13,1.07,4.2,5.4,8.0,7.7,8.8,74,76,81,79,72
2017-07-03 09:00,2187,85,83,0.00,13,865.00,,11.5,6.5,0.14,1.13,4.7,5.2,8.3,7.4,8.8,77,77,80,79,71
2017-07-03 10:00,2187,87,85,0.00,12,940.00,,12.4,6.3,0.15,1.22,4.5,5.2,8.7,7.4,8.4,81,80,80,79,72
2017-07-03 11:00,2187,88,87,0.00,12,1021.00,,12.6,6.1,0.15,1.30,4.5,5.6,7.8,8.0,8.4,85,83,80,79,72
2017-07-03 12:00,2187,89,87,0.00,11,1017.00,,14.0,6.5,0.15,1.36,5.2,5.7,8.5,8.0,8.7,90,87,80,79,72
2017-07-03 13:00,2187,91,89,0.00,11,958.00,,15.4,6.9,0.15,1.42,5.2,5.6,8.3,8.0,8.7,94,92,80,79,72
2017-07-03 14:00,2187,91,91,0.00,10,845.00,,14.2,6.7,0.15,1.46,5.0,5.9,8.3,7.3,8.9,97,94,81,78,72
2017-07-03 15:00,2187,92,91,0.00,10,686.10,,16.3,6.9,0.14,1.48,5.2,6.2,8.7,8.0,8.9,100,97,82,78,72
2017-07-03 16:00,2187,91,91,0.00,9,494.00,,13.6,6.5,0.14,1.47,5.3,6.3,8.8,7.3,8.9,101,98,82,78,72
2017-07-03 17:00,2187,91,89,0.00,10,288.30,,13.3,6.4,0.13,1.43,5.6,6.3,8.4,7.3,9.1,101,98,83,78,72
2017-07-03 18:00,2187,89,85,0.00,10,62.15,,13.5,7.0,0.13,1.32,5.1,6.6,7.8,7.3,9.1,99,98,83,78,72
2017-07-03 19:00,2187,85,83,0.00,10,2.31,,11.5,6.1,0.13,1.19,5.4,6.3,8.6,7.3,9.1,96,96,84,78,72
2017-07-03 20:00,2187,83,80,0.00,12,0.00,,8.9,4.6,0.13,1.07,5.4,5.9,8.6,8.0,8.9,94,94,85,78,72
2017-07-03 21:00,2187,81,78,0.00,12,0.00,,9.4,5.0,0.12,1.04,5.2,6.4,8.4,8.0,8.7,91,92,85,78,72
2017-07-03 22:00,2187,78,70,0.00,12,0.00,,5.5,3.4,0.12,0.85,4.7,6.1,8.4,7.3,8.7,89,89,85,78,72
2017-07-03 23:00,2187,71,68,0.00,14,0.00,,4.2,2.9,0.11,0.73,4.9,5.7,8.4,7.3,8.7,86,87,85,78,72
2017-07-04 00:00,2187,70,67,0.00,18,0.00,,3.9,2.4,0.13,0.70,4.9,5.4,8.4,7.3,8.7,84,85,85,78,72
2017-07-04 01:00,2187,67,62,0.00,20,0.00,,4.8,3.6,0.14,0.65,4.5,5.6,8.6,8.0,8.7,82,83,84,79,72
2017-07-04 02:00,2187,65,62,0.00,24,0.00,,5.0,3.1,0.14,0.58,4.7,5.2,8.6,8.0,8.7,80,82,84,79,72
2017-07-04 03:00,2187,64,61,0.00,23,0.00,,5.0,3.4,0.14,0.57,4.5,5.4,8.8,8.0,8.7,78,80,83,79,72
2017-07-04 04:00,2187,65,62,0.00,26,4.10,,4.7,3.1,0.14,0.57,4.5,5.7,8.1,7.6,8.8,76,78,83,79,72
2017-07-04 05:00,2187,71,63,0.00,25,99.60,,3.8,1.7,0.16,0.61,4.7,5.4,8.0,7.7,8.8,75,77,82,79,72
2017-07-04 06:00,2187,78,71,0.00,23,314.50,,5.2,1.4,0.16,0.87,4.2,5.4,8.4,7.7,8.8,73,76,82,79,72
2017-07-04 07:00,2187,81,76,0.00,17,520.10,,4.2,1.6,0.16,0.96,4.2,5.2,8.3,8.0,8.8,73,75,81,79,72
2017-07-04 08:00,2187,85,81,0.00,16,709.10,,8.1,3.2,0.15,1.13,4.2,5.2,8.1,8.0,8.8,74,75,80,79,72
2017-07-04 09:00,2187,86,84,0.00,10,865.00,,10.8,5.5,0.12,1.21,4.2,5.4,8.5,8.0,8.8,77,77,80,79,72
2017-07-04 10:00,2187,88,86,0.00,10,939.00,,12.3,7.0,0.13,1.28,4.5,5.4,8.7,8.0,8.8,81,80,80,79,72
2017-07-04 11:00,2187,91,88,0.00,10,1022.00,,13.8,6.8,0.13,1.38,4.5,5.6,8.7,8.0,8.7,85,83,80,79,72
2017-07-04 12:00,2187,92,90,0.00,9,1019.00,,14.1,7.3,0.13,1.46,5.2,5.7,8.8,8.0,8.9,90,88,80,79,72
2017-07-04 13:00,2187,93,91,0.00,9,960.00,,17.4,7.0,0.13,1.53,5.2,5.9,8.0,7.3,8.7,94,92,80,78,72
2017-07-04 14:00,2187,96,92,0.00,9,847.00,,18.5,7.7,0.13,1.56,5.2,5.9,8.8,7.3,8.7,97,95,80,78,72
2017-07-04 15:00,2187,96,94,0.00,8,690.60,,14.6,6.5,0.13,1.65,5.2,6.3,8.5,7.5,8.9,100,97,82,78,72
2017-07-04 16:00,2187,95,93,0.00,7,507.00,,13.0,6.4,0.11,1.63,5.6,6.6,8.5,7.5,9.1,101,99,82,78,72
2017-07-04 17:00,2187,93,92,0.00,7,300.40,,11.1,4.2,0.11,1.57,5.3,6.6,8.3,7.5,9.1,101,99,83,78,72
2017-07-04 18:00,2187,92,87,0.00,7,64.91,,9.9,4.5,0.11,1.44,5.1,6.2,8.8,7.5,9.1,99,98,83,78,72
2017-07-04 19:00,2187,87,85,0.00,9,2.60,,11.4,6.8,0.12,1.26,5.0,6.3,8.5,7.5,9.1,97,97,84,78,72
2017-07-04 20:00,2187,85,83,0.00,9,0.00,,13.2,6.5,0.12,1.19,5.4,6.1,8.1,7.5,9.1,94,94,85,78,72
2017-07-04 21:00,2187,83,71,0.00,11,0.00,,6.6,1.9,0.12,0.95,5.2,5.9,8.1,7.5,8.9,92,92,85,78,72
2017-07-04 22:00,2187,71,69,0.00,16,0.00,,4.3,2.0,0.12,0.77,4.7,6.1,8.8,7.5,8.7,89,90,85,78,72
2017-07-04 23:00,2187,72,69,0.00,17,0.00,,5.2,3.0,0.12,0.73,4.9,5.7,8.5,7.3,8.9,87,88,85,78,72
2017-07-05 00:00,2187,73,69,0.00,15,0.00,,5.9,3.2,0.12,0.78,4.9,5.6,8.1,7.5,8.7,84,86,85,79,72
2017-07-05 01:00,2187,71,67,0.00,17,0.00,,4.8,2.8,0.12,0.73,4.7,5.2,8.1,7.3,8.7,82,83,85,79,72
2017-07-05 02:00,2187,76,68,0.00,16,0.00,,7.5,3.1,0.12,0.80,4.7,5.4,8.5,7.3,8.7,80,82,84,79,72
2017-07-05 03:00,2187,73,64,0.00,14,0.00,,4.7,2.5,0.12,0.70,4.5,5.7,8.4,8.0,8.7,79,80,83,79,72
2017-07-05 04:00,2187,65,64,0.00,20,4.27,,4.4,2.7,0.13,0.61,4.7,5.2,8.3,8.0,8.7,77,79,83,79,72
2017-07-05 05:00,2187,72,63,0.00,21,94.30,,4.2,2.2,0.14,0.63,4.7,5.4,8.5,7.6,8.8,76,77,82,79,72
2017-07-05 06:00,2187,79,72,0.00,22,297.20,,5.2,1.2,0.17,0.91,4.2,5.2,8.5,8.0,8.8,74,76,82,79,72
2017-07-05 07:00,2187,81,77,0.00,15,503.00,,6.9,3.7,0.13,0.98,4.2,5.2,8.8,8.0,8.8,74,75,82,79,72
2017-07-05 08:00,2187,86,81,0.00,12,670.90,,4.5,2.1,0.13,1.15,4.2,5.2,8.0,8.0,8.8,75,76,81,79,72
2017-07-05 09:00,2187,90,86,0.00,10,837.00,,7.2,2.7,0.14,1.31,4.2,5.4,8.2,8.0,8.8,78,77,80,79,72
2017-07-05 10:00,2187,91,89,0.00,10,924.00,,9.4,4.5,0.14,1.39,4.5,5.7,8.2,8.0,8.8,81,80,80,79,72
2017-07-05 11:00,2187,92,91,0.00,10,1016.00,,11.5,5.3,0.14,1.48,4.5,5.2,8.2,7.3,8.8,86,84,80,79,72
2017-07-05 12:00,2187,93,91,0.00,10,976.00,,12.1,5.7,0.14,1.54,4.8,5.7,8.2,7.5,8.8,90,89,80,79,72
2017-07-05 13:00,2187,92,91,0.00,9,468.70,,13.4,4.8,0.14,1.51,5.4,5.9,8.2,7.5,8.4,95,92,80,79,72
2017-07-05 14:00,2187,94,91,0.00,10,637.00,,11.7,3.9,0.15,1.54,5.2,6.1,8.2,7.5,8.4,98,95,81,78,72
2017-07-05 15:00,2187,92,89,0.00,10,278.30,,20.1,7.3,0.15,1.46,5.0,5.9,8.0,7.5,8.7,98,97,82,79,72
2017-07-05 16:00,2187,92,90,0.00,11,317.00,,10.8,3.7,0.16,1.47,5.4,6.4,8.0,7.5,8.7,99,98,82,78,72
2017-07-05 17:00,2187,90,89,0.00,12,186.20,,15.2,5.1,0.17,1.41,5.0,5.9,8.0,7.5,8.7,98,97,83,78,72
2017-07-05 18:00,2187,90,85,0.00,13,90.40,,13.7,4.8,0.19,1.33,5.2,5.9,8.8,7.5,8.7,97,96,83,78,72
2017-07-05 19:00,2187,85,83,0.00,15,1.84,,6.4,2.3,0.18,1.20,5.4,6.1,8.5,7.5,8.7,95,95,84,78,72
2017-07-05 20:00,2187,83,80,0.00,15,0.00,,4.6,2.1,0.18,1.12,5.2,6.0,8.3,7.5,8.7,93,93,84,78,72
2017-07-05 21:00,2187,80,76,0.00,17,0.00,,3.9,2.1,0.18,0.97,5.4,6.1,8.5,7.5,8.7,91,91,85,78,72
2017-07-05 22:00,2187,77,71,0.00,20,0.00,,4.3,2.9,0.18,0.89,5.0,5.7,8.3,7.5,8.4,89,89,85,78,72
2017-07-05 23:00,2187,74,71,0.00,24,0.00,,3.7,1.5,0.18,0.82,4.9,5.4,8.3,7.5,8.8,87,87,85,79,72
2017-07-06 00:00,2187,80,74,0.00,22,0.00,,10.7,2.4,0.19,0.85,5.2,5.6,8.5,7.5,8.8,85,86,84,79,72
2017-07-06 01:00,2187,80,75,0.00,19,0.00,,12.5,3.5,0.20,0.97,4.7,5.2,8.5,7.5,8.4,82,84,84,79,72
2017-07-06 02:00,2187,76,72,0.00,23,0.00,,5.4,1.5,0.20,0.85,5.0,5.4,9.0,7.5,8.8,81,82,83,79,72
2017-07-06 03:00,2187,75,71,0.00,25,0.00,,5.4,2.5,0.21,0.82,4.5,5.2,8.8,7.3,8.8,80,80,83,79,72
2017-07-06 04:00,2187,75,69,0.00,23,3.54,,4.6,2.2,0.20,0.78,4.7,5.2,8.8,7.3,8.8,79,80,83,79,72
2017-07-06 05:00,2187,76,69,0.00,29,84.50,,3.9,2.1,0.22,0.76,4.7,5.4,8.0,7.3,8.8,78,79,82,79,72
2017-07-06 06:00,2187,81,76,0.00,24,290.20,,8.7,4.2,0.21,0.94,4.9,4.9,8.3,7.3,8.8,76,78,82,79,72
2017-07-06 07:00,2187,85,81,0.00,20,475.20,,6.3,2.5,0.21,1.10,4.2,5.2,8.2,7.3,8.8,76,77,82,79,72
2017-07-06 08:00,2187,86,85,0.00,18,561.40,,12.4,6.8,0.22,1.24,4.2,5.2,8.5,7.3,8.8,77,78,81,79,72
2017-07-06 09:00,2187,89,86,0.00,17,670.60,,13.0,7.2,0.21,1.32,4.7,5.4,8.5,7.3,8.7,80,80,81,79,72
2017-07-06 10:00,2187,91,89,0.00,14,982.00,,12.3,5.7,0.19,1.42,4.5,5.4,8.1,7.5,8.8,83,82,80,79,72
2017-07-06 11:00,2187,92,90,0.00,13,1003.00,,10.6,4.5,0.19,1.48,4.5,5.2,8.1,7.5,8.8,87,85,80,79,72
2017-07-06 12:00,2187,94,92,0.00,12,1003.00,,13.2,5.3,0.19,1.57,5.2,5.9,8.1,7.5,8.8,92,89,80,79,72
2017-07-06 13:00,2187,95,94,0.00,12,973.00,,16.2,5.7,0.19,1.61,5.2,6.1,8.5,7.5,8.8,96,93,81,79,72
2017-07-06 14:00,2187,96,94,0.00,12,731.00,,13.7,5.5,0.19,1.63,5.2,6.1,8.1,7.5,8.8,99,96,82,79,72
2017-07-06 15:00,2187,96,94,0.00,11,623.50,,16.0,5.3,0.19,1.69,5.2,6.4,8.6,7.5,8.8,102,98,82,79,72
2017-07-06 16:00,2187,95,92,0.00,12,344.20,,11.3,4.2,0.19,1.63,5.7,6.2,7.8,7.5,8.8,103,101,83,78,72
2017-07-06 17:00,2187,92,88,0.00,13,38.31,,27.4,7.5,0.18,1.46,5.7,6.2,8.3,7.5,8.8,103,101,83,78,72
2017-07-06 18:00,2187,88,85,0.00,14,11.23,,13.3,5.6,0.20,1.29,5.2,6.2,8.1,7.5,8.8,102,100,85,78,72
2017-07-06 19:00,2187,85,81,0.00,17,1.17,,13.0,6.0,0.24,1.13,5.4,6.0,8.8,7.5,8.8,98,98,85,78,72
2017-07-06 20:00,2187,83,80,0.00,20,0.00,,8.8,2.9,0.22,1.08,5.4,6.1,8.5,7.5,8.8,96,96,86,79,72
2017-07-06 21:00,2187,83,77,0.00,20,0.00,,6.0,2.2,0.22,1.04,5.2,6.2,8.5,7.5,8.8,93,93,86,79,72
2017-07-06 22:00,2187,81,75,0.00,21,0.00,,3.9,2.5,0.23,0.93,4.7,5.7,8.5,7.5,8.8,90,91,86,79,72
2017-07-06 23:00,2187,78,76,0.00,26,0.00,,5.5,3.2,0.23,0.93,5.2,5.5,8.5,7.5,8.8,89,89,86,79,72
2017-07-07 00:00,2187,80,74,0.00,23,0.00,,6.0,2.6,0.23,0.99,4.9,5.6,8.8,7.5,8.8,86,87,86,79,72
2017-07-07 01:00,2187,76,71,0.00,27,0.00,,5.0,2.5,0.23,0.85,4.5,5.2,8.1,7.5,8.7,85,86,85,79,72
2017-07-07 02:00,2187,77,72,0.00,26,0.00,,5.3,2.8,0.22,0.85,4.7,5.4,8.1,7.3,8.7,83,84,85,79,72
2017-07-07 03:00,2187,76,69,0.00,24,0.00,,4.8,2.9,0.22,0.82,5.0,5.4,8.1,7.3,8.7,82,82,85,79,72
2017-07-07 04:00,2187,69,66,0.00,30,4.09,,3.8,1.8,0.22,0.71,4.5,5.2,8.3,7.3,8.7,80,81,84,79,72
2017-07-07 05:00,2187,78,66,0.00,36,89.40,,3.5,2.1,0.24,0.69,4.7,5.4,8.3,8.0,8.7,79,80,83,79,72
2017-07-07 06:00,2187,83,78,0.00,24,292.10,,5.3,2.0,0.23,1.03,4.7,4.9,8.6,8.0,8.7,78,79,83,79,72
2017-07-07 07:00,2187,85,82,0.00,22,490.80,,6.4,2.1,0.25,1.15,4.2,5.6,8.1,7.3,9.3,77,78,82,79,72
2017-07-07 08:00,2187,89,85,0.00,20,674.90,,13.3,5.9,0.24,1.30,4.2,5.6,8.1,7.3,8.7,78,79,82,79,72
2017-07-07 09:00,2187,92,89,0.00,17,828.00,,12.4,5.8,0.22,1.41,4.7,5.8,8.5,7.3,9.3,81,80,82,79,72
2017-07-07 10:00,2187,93,92,0.00,14,912.00,,9.8,4.1,0.22,1.54,4.6,5.4,7.8,7.3,9.3,85,83,82,79,72
2017-07-07 11:00,2187,95,93,0.00,13,1001.00,,10.8,4.6,0.21,1.62,5.2,5.6,8.5,7.3,8.7,89,87,82,79,72
2017-07-07 12:00,2187,96,95,0.00,12,996.00,,11.4,4.0,0.20,1.69,4.9,5.7,8.0,7.3,8.7,94,91,82,79,72
2017-07-07 13:00,2187,98,96,0.00,12,884.00,,15.5,5.2,0.20,1.74,5.0,6.0,7.8,7.5,8.8,98,95,82,79,72
2017-07-07 14:00,2187,97,94,0.00,11,380.00,,15.2,6.1,0.20,1.70,5.5,6.0,8.5,7.5,8.8,102,98,82,79,72
2017-07-07 15:00,2187,98,93,0.00,13,427.70,,10.8,4.3,0.20,1.62,5.8,6.4,8.5,7.5,8.7,103,101,83,79,72
2017-07-07 16:00,2187,98,92,0.00,11,208.40,,13.7,6.7,0.18,1.65,5.8,6.2,8.3,7.5,8.8,102,100,84,79,72
2017-07-07 17:00,2187,92,90,0.00,10,89.90,,14.4,6.5,0.17,1.52,5.8,6.4,8.1,7.5,8.8,102,100,85,79,72
2017-07-07 18:00,2187,90,74,0.11,14,19.09,,17.8,5.2,0.30,1.14,5.4,6.0,8.1,7.5,8.8,100,98,85,79,72
2017-07-07 19:00,2187,76,73,0.00,41,2.00,,10.3,2.7,0.44,0.86,5.5,6.0,8.1,7.5,8.8,98,97,86,79,72
2017-07-07 20:00,2187,78,73,0.00,41,0.00,,9.1,2.8,0.34,0.94,5.4,6.0,8.1,7.5,8.8,93,93,86,79,72
2017-07-07 21:00,2187,75,71,0.00,46,0.00,,4.3,2.0,0.36,0.81,5.1,5.7,8.3,7.5,8.7,89,89,86,79,72
2017-07-07 22:00,2187,79,73,0.00,34,0.00,,8.5,2.6,0.29,0.90,5.2,5.6,8.1,7.3,8.7,86,87,86,79,72
2017-07-07 23:00,2187,76,72,0.00,35,0.00,,4.6,1.8,0.28,0.86,5.0,5.2,8.3,7.3,8.7,82,84,86,79,72
2017-07-08 00:00,2187,77,72,0.00,38,0.00,,6.3,2.0,0.29,0.87,4.5,5.4,8.3,7.3,8.7,80,82,85,79,72
2017-07-08 01:00,2187,76,72,0.00,31,0.00,,7.0,2.1,0.28,0.89,4.7,5.4,8.3,8.0,8.7,78,80,85,79,72
2017-07-08 02:00,2187,72,69,0.00,37,0.00,,4.9,2.2,0.30,0.77,4.9,4.9,8.1,8.0,8.7,76,78,84,79,72
2017-07-08 03:00,2187,69,66,0.00,45,0.00,,4.5,3.1,0.31,0.69,4.2,5.2,8.1,8.0,9.3,75,76,83,80,72
2017-07-08 04:00,2187,70,66,0.00,46,3.43,,4.6,2.2,0.31,0.67,4.5,5.4,8.1,8.0,9.3,73,75,82,80,73
2017-07-08 05:00,2187,73,65,0.00,39,85.50,,3.7,1.9,0.32,0.69,4.5,5.4,8.3,8.0,9.3,72,73,82,80,73
2017-07-08 06:00,2187,82,73,0.00,49,289.30,,2.5,0.8,0.31,0.94,4.2,4.9,8.4,7.6,9.3,71,73,82,80,72
2017-07-08 07:00,2187,87,82,0.00,26,491.20,,2.7,0.7,0.27,1.19,4.5,4.9,8.5,8.0,9.0,71,72,81,80,73
2017-07-08 08:00,2187,88,85,0.00,20,675.10,,4.7,2.1,0.27,1.27,4.5,5.4,7.8,8.0,9.0,73,73,80,79,72
2017-07-08 09:00,2187,92,88,0.00,18,831.00,,6.6,2.2,0.23,1.42,4.7,4.9,8.0,8.0,9.0,76,76,80,79,72
2017-07-08 10:00,2187,93,92,0.00,16,923.00,,8.0,4.3,0.24,1.54,4.7,5.4,8.0,7.3,9.3,81,80,80,79,72
2017-07-08 11:00,2187,95,93,0.00,14,1000.00,,11.0,6.3,0.22,1.61,4.9,5.9,8.0,7.3,9.3,86,85,80,79,72
2017-07-08 12:00,2187,95,94,0.00,13,648.50,,13.0,4.8,0.21,1.66,4.9,6.1,8.0,7.3,9.3,92,90,80,79,72
2017-07-08 13:00,2187,99,94,0.00,13,831.00,,11.5,3.7,0.20,1.75,5.4,5.9,8.0,7.3,9.3,96,94,80,79,73
2017-07-08 14:00,2187,99,95,0.00,11,604.50,,16.5,5.1,0.19,1.75,5.6,6.3,8.0,7.5,8.7,98,96,81,79,73
2017-07-08 15:00,2187,99,96,0.00,10,602.30,,15.8,5.5,0.19,1.81,6.1,6.8,7.8,7.5,8.7,99,98,82,79,73
2017-07-08 16:00,2187,98,96,0.00,10,529.20,,11.4,4.9,0.19,1.81,5.7,6.6,7.8,7.5,8.7,100,98,82,79,73
2017-07-08 17:00,2187,96,94,0.00,12,202.90,,9.8,3.6,0.20,1.68,5.9,6.3,8.4,7.5,8.7,99,99,83,79,73
2017-07-08 18:00,2187,94,91,0.00,12,54.11,,8.3,2.5,0.20,1.54,5.6,6.6,8.4,7.5,8.8,98,98,84,79,73
2017-07-08 19:00,2187,91,87,0.00,13,3.57,,6.2,3.3,0.19,1.38,5.9,6.3,8.6,7.5,8.7,96,96,85,79,73
2017-07-08 20:00,2187,88,86,0.00,14,0.01,,13.1,4.7,0.19,1.30,5.8,6.5,8.6,7.5,8.7,94,94,85,79,73
2017-07-08 21:00,2187,88,83,0.00,15,0.01,,11.7,5.4,0.21,1.26,5.3,6.0,8.6,7.5,8.7,91,92,85,79,73
2017-07-08 22:00,2187,83,82,0.00,19,0.00,,10.9,3.8,0.22,1.14,5.6,6.3,8.1,7.5,8.7,89,90,85,79,73
2017-07-08 23:00,2187,84,83,0.00,19,0.00,,6.7,2.5,0.22,1.15,5.1,6.5,8.1,7.5,8.7,87,88,85,79,73
2017-07-09 00:00,2187,83,80,0.00,20,0.00,,4.5,1.6,0.23,1.10,5.3,6.1,8.1,7.5,9.3,85,86,85,79,73
2017-07-09 01:00,2187,81,78,0.00,21,0.00,,6.2,2.1,0.24,1.01,5.6,6.1,8.6,7.5,9.3,84,85,85,79,73
2017-07-09 02:00,2187,82,79,0.00,22,0.00,,8.8,3.7,0.23,1.07,5.6,6.1,8.4,7.5,9.3,83,84,84,79,73
2017-07-09 03:00,2187,79,77,0.00,24,0.00,,5.5,2.0,0.24,0.99,5.1,6.3,8.4,7.5,9.3,82,83,84,79,73
2017-07-09 04:00,2187,77,72,0.00,27,4.48,,3.5,2.1,0.26,0.85,5.3,6.3,8.4,7.3,9.3,81,82,83,79,73
2017-07-09 05:00,2187,76,72,0.00,33,55.67,,4.0,1.9,0.27,0.84,5.3,6.3,8.6,7.3,9.3,80,82,83,79,73
2017-07-09 06:00,2187,79,76,0.00,29,102.80,,3.0,1.5,0.28,0.94,5.3,5.8,8.6,7.3,9.3,79,80,83,79,73
2017-07-09 07:00,2187,86,77,0.00,30,412.30,,7.3,2.1,0.28,1.09,5.3,6.1,8.8,7.5,9.0,79,80,82,79,73
2017-07-09 08:00,2187,89,86,0.00,22,660.20,,10.6,5.4,0.28,1.29,5.3,6.1,8.0,7.5,9.0,79,79,82,79,73
2017-07-09 09:00,2187,89,88,0.00,21,828.00,,12.5,6.0,0.28,1.36,5.1,6.1,8.4,7.5,9.0,81,80,82,79,73
2017-07-09 10:00,2187,91,89,0.00,20,780.60,,13.1,6.9,0.28,1.41,5.1,6.3,8.0,7.5,9.0,85,83,82,79,73
2017-07-09 11:00,2187,91,89,0.00,19,626.50,,12.6,6.7,0.27,1.39,5.6,6.7,7.9,7.5,9.3,89,87,82,79,73
2017-07-09 12:00,2187,92,90,0.00,20,460.20,,13.0,6.1,0.28,1.45,6.0,6.8,8.2,7.5,9.3,92,90,82,79,73
2017-07-09 13:00,2187,90,86,0.00,21,210.20,,16.1,7.2,0.31,1.32,6.0,6.8,8.3,7.5,8.7,94,92,82,79,73
2017-07-09 14:00,2187,92,88,0.00,22,468.80,,11.3,4.5,0.27,1.44,5.5,7.0,8.0,7.5,8.7,94,93,82,79,73
2017-07-09 15:00,2187,91,86,0.00,18,171.70,,16.4,8.8,0.28,1.34,5.5,7.0,8.4,7.5,8.7,93,92,83,79,73
2017-07-09 16:00,2187,86,85,0.00,22,100.80,,14.5,7.5,0.29,1.23,6.2,6.7,8.1,7.5,8.7,93,92,83,79,73
2017-07-09 17:00,2187,86,85,0.00,23,97.80,,8.1,4.3,0.28,1.23,5.5,6.7,8.1,7.5,8.7,92,92,83,79,73
2017-07-09 18:00,2187,85,82,0.00,22,11.37,,13.8,5.2,0.27,1.21,5.5,6.7,8.1,7.5,8.7,91,90,84,79,73
2017-07-09 19:00,2187,82,75,0.00,26,0.34,,16.1,5.5,0.32,1.04,5.7,7.0,8.1,7.5,8.7,90,90,84,79,73
2017-07-09 20:00,2187,76,72,0.00,48,0.00,,9.4,3.0,0.43,0.86,5.7,7.0,8.2,7.5,8.7,88,88,84,79,73
2017-07-09 21:00,2187,76,72,0.00,46,0.00,,6.7,3.0,0.41,0.84,6.0,6.5,8.1,7.5,8.7,86,87,84,79,73
2017-07-09 22:00,2187,76,68,0.00,43,0.00,,3.9,1.5,0.42,0.78,5.7,7.0,8.1,7.5,8.7,85,85,84,79,73
2017-07-09 23:00,2187,69,66,0.00,57,0.00,,3.4,2.1,0.41,0.69,5.5,6.7,8.4,7.5,9.3,83,83,84,79,73
2017-07-10 00:00,2187,67,66,0.00,59,0.00,,4.1,2.7,0.39,0.67,5.0,6.3,8.1,7.5,9.0,82,82,83,79,73
2017-07-10 01:00,2187,69,65,0.00,57,0.00,,4.1,2.7,0.38,0.69,5.3,6.3,8.4,7.5,9.0,80,81,83,79,73
2017-07-10 02:00,2187,67,65,0.00,60,0.00,,3.7,2.3,0.38,0.65,5.3,6.0,8.3,7.5,9.0,78,80,83,79,73
2017-07-10 03:00,2187,67,64,0.00,58,0.00,,3.8,2.3,0.38,0.64,5.1,6.2,8.3,7.5,9.0,77,78,82,79,73
2017-07-10 04:00,2187,67,63,0.00,61,3.00,,4.1,2.3,0.38,0.60,5.3,6.5,7.9,7.5,9.0,76,77,82,79,73
2017-07-10 05:00,2187,72,65,0.00,59,78.28,,4.0,1.3,0.40,0.65,5.6,5.8,8.4,7.5,9.0,75,76,82,79,73
2017-07-10 06:00,2187,76,72,0.00,52,276.80,,3.2,1.2,0.39,0.83,4.9,6.0,8.1,7.5,9.0,74,75,81,79,73
2017-07-10 07:00,2187,82,76,0.00,39,457.40,,10.1,3.6,0.34,1.00,5.1,6.3,8.0,7.5,9.0,74,74,81,79,73
2017-07-10 08:00,2187,85,82,0.00,30,631.60,,10.8,5.6,0.33,1.13,4.9,6.0,8.0,7.5,9.0,75,76,80,79,73
2017-07-10 09:00,2187,86,85,0.00,27,790.60,,9.4,5.5,0.33,1.21,4.6,6.5,8.0,7.5,9.0,78,77,80,79,73
2017-07-10 10:00,2187,88,86,0.00,27,843.00,,13.1,6.6,0.33,1.31,5.6,6.5,8.2,7.5,9.0,82,80,80,79,73
2017-07-10 11:00,2187,90,87,0.00,25,794.80,,12.2,6.5,0.32,1.35,5.3,6.5,7.7,7.5,9.0,86,83,80,79,73
2017-07-10 12:00,2187,89,87,0.00,23,316.70,,12.3,4.0,0.32,1.34,5.3,6.8,8.2,7.5,9.0,89,87,80,79,73
2017-07-10 13:00,2187,92,88,0.00,24,439.30,,11.6,4.8,0.31,1.34,6.0,6.7,8.2,7.5,9.0,92,90,80,79,73
2017-07-10 14:00,2187,93,90,0.00,22,724.00,,13.1,6.1,0.31,1.51,5.7,7.0,8.2,7.5,9.0,92,90,80,79,73
2017-07-10 15:00,2187,90,83,0.00,20,118.40,,13.4,7.1,0.29,1.36,5.8,6.8,8.0,7.8,9.3,94,92,81,79,73
2017-07-10 16:00,2187,83,82,0.00,29,67.59,,15.3,6.0,0.31,1.14,5.8,7.2,8.0,7.4,9.3,94,93,82,79,73
2017-07-10 17:00,2187,82,78,0.00,23,6.68,,18.4,6.6,0.27,1.05,6.0,7.2,7.7,7.8,9.3,93,92,82,79,73
2017-07-10 18:00,2187,79,74,0.00,38,2.67,,18.8,8.6,0.34,0.92,5.7,6.8,8.5,7.8,9.3,91,91,83,78,73
2017-07-10 19:00,2187,78,74,0.00,40,0.37,,14.2,5.3,0.31,0.91,5.5,6.7,8.5,7.8,9.0,89,89,83,78,73
2017-07-10 20:00,2187,77,75,0.00,35,0.00,,10.2,3.4,0.30,0.89,5.5,7.0,8.5,7.8,9.0,86,87,83,78,73
2017-07-10 21:00,2187,76,70,0.00,34,0.00,,8.3,1.9,0.31,0.84,5.3,6.7,8.5,7.8,9.3,84,85,83,78,73
2017-07-10 22:00,2187,72,69,0.00,42,0.00,,4.8,1.9,0.30,0.76,5.6,6.5,8.5,7.8,9.0,83,83,83,79,73
2017-07-10 23:00,2187,69,66,0.00,40,0.00,,4.6,2.0,0.30,0.69,5.3,6.7,8.5,7.8,9.0,82,82,83,79,73
2017-07-11 00:00,2187,70,66,0.00,42,0.00,,3.4,1.8,0.29,0.69,5.1,6.5,7.7,7.5,9.0,80,81,82,79,73
2017-07-11 01:00,2187,70,66,0.00,39,0.00,,4.2,1.6,0.30,0.70,5.3,6.1,8.7,7.5,9.0,78,80,82,79,73
2017-07-11 02:00,2187,68,65,0.00,46,0.00,,3.7,2.2,0.31,0.66,4.9,6.5,8.0,7.5,9.0,77,78,82,79,73
2017-07-11 03:00,2187,65,63,0.00,51,0.00,,3.8,2.2,0.31,0.61,4.6,6.2,8.0,7.5,9.0,76,77,82,79,73
2017-07-11 04:00,2187,65,63,0.00,52,2.31,,3.3,1.8,0.32,0.59,4.8,6.5,8.2,7.5,9.0,75,76,81,79,73
2017-07-11 05:00,2187,66,64,0.00,52,53.17,,3.7,1.8,0.33,0.63,5.2,6.0,8.2,7.5,9.0,74,75,80,79,73
2017-07-11 06:00,2187,71,64,0.00,56,122.80,,2.3,0.8,0.36,0.64,4.8,6.0,7.7,7.5,9.0,73,74,80,79,73
2017-07-11 07:00,2187,78,71,0.00,44,394.00,,3.9,0.8,0.32,0.86,5.0,6.3,8.0,7.5,9.0,73,74,80,79,73
2017-07-11 08:00,2187,81,78,0.00,34,648.90,,5.0,2.4,0.32,1.01,5.0,5.8,8.0,7.5,8.9,73,74,80,79,73
2017-07-11 09:00,2187,84,81,0.00,28,835.00,,9.7,4.4,0.29,1.14,4.8,6.0,8.2,7.8,9.0,76,75,79,79,73
2017-07-11 10:00,2187,86,84,0.00,25,947.00,,13.5,6.2,0.29,1.22,5.2,6.2,7.5,7.5,9.0,80,78,79,78,73
2017-07-11 11:00,2187,89,86,0.00,24,860.00,,15.1,7.8,0.30,1.27,5.7,6.3,8.2,7.4,9.0,84,82,79,78,73
2017-07-11 12:00,2187,89,88,0.00,22,1037.00,,16.8,8.3,0.29,1.36,5.2,6.7,7.5,7.4,9.0,88,86,79,78,73
2017-07-11 13:00,2187,90,89,0.00,20,891.00,,14.9,8.0,0.28,1.39,5.8,6.3,8.2,7.4,9.0,92,90,79,78,73
2017-07-11 14:00,2187,92,89,0.00,20,907.00,,14.2,8.3,0.28,1.44,5.6,7.0,8.2,7.4,9.0,95,93,80,78,73
2017-07-11 15:00,2187,91,90,0.00,19,632.40,,18.1,9.1,0.28,1.46,5.8,7.2,7.6,7.4,9.0,98,95,80,78,73
2017-07-11 16:00,2187,90,87,0.00,22,350.60,,16.7,8.7,0.30,1.40,5.8,7.2,8.1,7.4,9.3,99,97,81,78,73
2017-07-11 17:00,2187,87,86,0.00,23,154.80,,13.3,6.8,0.29,1.29,5.8,7.2,7.8,7.4,9.3,99,98,82,78,73
2017-07-11 18:00,2187,86,84,0.00,22,47.35,,12.8,6.9,0.28,1.23,5.8,7.0,8.2,7.4,8.7,97,96,83,78,73
2017-07-11 19:00,2187,84,82,0.00,22,4.22,,12.0,4.9,0.26,1.16,6.1,7.2,8.0,7.4,9.3,95,95,83,78,73
2017-07-11 20:00,2187,82,80,0.00,24,0.00,,7.9,3.6,0.28,1.08,5.5,7.0,8.1,7.4,9.3,92,93,84,78,73
2017-07-11 21:00,2187,81,80,0.00,27,0.00,,8.7,4.1,0.27,1.03,5.3,7.0,8.1,7.4,9.3,90,90,84,78,73
2017-07-11 22:00,2187,81,75,0.00,27,0.00,,8.0,2.7,0.28,1.03,5.6,6.8,8.8,7.4,9.0,88,89,84,78,73
2017-07-11 23:00,2187,75,71,0.00,32,0.00,,3.9,2.1,0.28,0.80,5.6,6.7,8.1,7.4,9.0,86,87,84,78,73
2017-07-12 00:00,2187,73,70,0.00,35,0.00,,3.2,1.7,0.28,0.78,5.4,6.7,8.1,7.4,9.0,84,85,84,78,73
2017-07-12 01:00,2187,71,66,0.00,37,0.00,,4.0,2.3,0.28,0.75,5.3,6.3,8.0,7.4,9.0,82,83,83,78,73
2017-07-12 02:00,2187,71,66,0.00,44,0.00,,4.3,2.6,0.28,0.70,5.5,6.5,8.0,7.4,9.0,80,82,83,78,73
2017-07-12 03:00,2187,69,67,0.00,43,0.00,,5.4,3.0,0.28,0.66,5.2,6.2,8.2,7.8,9.0,79,80,83,78,73
2017-07-12 04:00,2187,72,69,0.00,40,3.01,,5.4,3.2,0.28,0.76,4.8,6.0,8.2,7.8,9.0,78,79,82,79,73
2017-07-12 05:00,2187,73,65,0.00,39,78.45,,3.4,1.4,0.30,0.69,5.0,6.0,7.8,7.5,9.0,76,78,82,79,73
2017-07-12 06:00,2187,78,73,0.00,37,271.00,,3.3,1.1,0.29,0.89,4.9,6.0,8.1,7.5,9.0,76,76,82,79,73
2017-07-12 07:00,2187,81,78,0.00,30,471.70,,4.3,1.8,0.27,1.01,4.9,6.4,8.1,7.5,8.9,75,76,81,79,73
2017-07-12 08:00,2187,85,81,0.00,22,653.70,,6.8,2.4,0.24,1.13,4.9,6.4,7.3,7.8,9.0,76,76,81,79,73
2017-07-12 09:00,2187,86,85,0.00,20,805.00,,9.9,4.1,0.23,1.23,4.9,6.2,7.5,7.8,9.0,79,78,80,79,73
2017-07-12 10:00,2187,88,86,0.00,19,909.00,,12.6,5.3,0.24,1.30,4.9,6.2,7.5,7.4,9.0,82,82,80,79,73
2017-07-12 11:00,2187,89,88,0.00,19,971.00,,11.4,5.2,0.25,1.35,5.6,6.1,7.8,7.8,9.0,87,85,80,79,73
2017-07-12 12:00,2187,92,89,0.00,18,989.00,,12.2,5.5,0.25,1.42,5.8,6.8,7.5,7.4,9.0,91,89,80,79,73
2017-07-12 13:00,2187,92,89,0.00,16,743.90,,13.2,5.6,0.25,1.49,5.7,6.6,7.5,7.4,9.0,95,92,80,78,73
2017-07-12 14:00,2187,90,87,0.00,18,444.90,,14.7,6.5,0.26,1.38,5.9,6.6,8.3,7.4,9.0,98,96,81,78,73
2017-07-12 15:00,2187,90,87,0.00,18,473.60,,14.8,6.4,0.25,1.41,6.0,6.8,7.6,7.4,9.0,99,98,82,78,73
2017-07-12 16:00,2187,87,82,0.00,21,327.20,,21.7,11.0,0.30,1.20,5.6,6.8,8.1,7.4,8.7,99,97,82,78,73
2017-07-12 17:00,2187,84,82,0.00,22,117.10,,21.2,10.7,0.25,1.12,5.6,7.0,8.1,7.4,9.3,98,98,83,78,73
2017-07-12 18:00,2187,84,82,0.00,23,23.01,,21.1,7.6,0.23,1.14,5.9,6.6,8.3,7.4,9.3,97,96,84,78,73
2017-07-12 19:00,2187,83,81,0.00,20,1.00,,9.7,3.6,0.23,1.10,5.7,6.8,8.3,7.4,8.7,95,94,84,78,73
2017-07-12 20:00,2187,82,81,0.00,21,0.00,,9.6,5.9,0.25,1.09,5.4,6.8,8.1,7.4,9.0,92,92,85,78,73
2017-07-12 21:00,2187,81,78,0.00,24,0.00,,9.8,4.9,0.25,1.05,5.8,6.8,8.1,7.4,9.0,90,90,85,78,73
2017-07-12 22:00,2187,78,74,0.00,27,0.00,,3.2,1.6,0.26,0.90,5.4,6.4,8.1,7.4,9.0,89,89,85,79,73
2017-07-12 23:00,2187,76,74,0.00,29,0.00,,4.0,1.6,0.27,0.88,5.1,6.7,8.1,7.4,9.0,87,87,85,79,73
2017-07-13 00:00,2187,78,75,0.00,30,0.00,,6.2,2.3,0.26,0.94,5.3,6.9,8.1,7.4,9.0,85,86,85,79,73
2017-07-13 01:00,2187,79,77,0.00,27,0.00,,10.0,3.7,0.25,0.97,4.9,6.5,7.8,7.8,9.0,84,85,84,79,73
2017-07-13 02:00,2187,77,70,0.00,28,0.00,,5.4,2.1,0.26,0.88,5.1,6.3,7.8,7.8,9.0,83,83,84,79,73
2017-07-13 03:00,2187,73,69,0.00,34,0.00,,4.0,2.5,0.26,0.75,4.9,6.3,7.8,7.8,9.0,82,83,83,79,73
2017-07-13 04:00,2187,74,69,0.00,31,2.35,,4.6,2.2,0.25,0.80,4.9,6.5,7.8,7.5,9.0,81,82,83,79,73
2017-07-13 05:00,2187,76,68,0.00,35,67.24,,5.2,2.4,0.25,0.75,5.1,6.1,8.5,7.5,9.0,80,80,83,79,73
2017-07-13 06:00,2187,81,76,0.00,27,268.50,,5.8,2.7,0.25,0.97,4.6,6.2,8.1,7.5,8.9,79,79,82,79,73
2017-07-13 07:00,2187,84,81,0.00,24,466.70,,6.9,2.0,0.25,1.09,4.9,6.1,8.1,7.5,9.0,78,79,82,79,73
2017-07-13 08:00,2187,86,84,0.00,21,649.60,,10.0,4.2,0.25,1.19,4.9,6.1,7.5,7.5,9.0,79,79,82,79,73
2017-07-13 09:00,2187,87,85,0.00,22,805.00,,11.9,5.1,0.27,1.26,4.6,6.3,7.5,7.8,9.0,82,80,82,79,73
2017-07-13 10:00,2187,88,87,0.00,20,921.00,,11.4,5.1,0.26,1.32,5.2,5.8,7.5,7.5,9.0,85,83,81,79,73
2017-07-13 11:00,2187,90,88,0.00,18,994.00,,11.8,5.2,0.25,1.37,5.2,6.0,7.5,7.8,9.0,89,87,81,79,73
2017-07-13 12:00,2187,93,90,0.00,15,984.00,,13.6,5.5,0.21,1.49,5.1,6.7,7.5,7.8,9.0,93,90,82,79,73
2017-07-13 13:00,2187,93,92,0.00,12,937.00,,9.3,4.4,0.20,1.51,5.8,6.8,7.5,7.4,9.0,97,94,82,79,73
2017-07-13 14:00,2187,93,92,0.00,14,836.00,,12.8,4.9,0.21,1.54,5.8,7.0,7.5,7.8,9.0,100,97,82,79,73
2017-07-13 15:00,2187,94,90,0.00,13,448.80,,16.3,4.5,0.19,1.53,5.8,7.0,7.5,7.8,9.0,102,100,83,79,73
2017-07-13 16:00,2187,93,90,0.00,13,331.50,,10.0,3.2,0.19,1.49,5.9,7.2,7.3,7.4,9.3,104,102,84,79,73
2017-07-13 17:00,2187,91,88,0.00,13,63.75,,17.3,4.2,0.19,1.41,5.4,7.2,8.1,7.4,8.7,103,102,85,79,73
2017-07-13 18:00,2187,88,87,0.00,15,23.38,,17.1,7.8,0.19,1.31,6.1,7.0,7.8,7.8,9.3,101,100,85,79,73
2017-07-13 19:00,2187,87,84,0.00,15,0.79,,14.3,3.7,0.20,1.23,5.8,7.0,8.1,7.4,9.3,98,98,86,79,73
2017-07-13 20:00,2187,85,83,0.00,20,0.00,,15.2,9.0,0.25,1.17,5.8,6.8,7.6,7.4,9.3,96,96,86,79,73
2017-07-13 21:00,2187,83,81,0.00,22,0.00,,11.9,5.5,0.25,1.10,5.6,6.5,8.1,7.8,9.0,94,94,86,79,73
2017-07-13 22:00,2187,81,78,0.00,23,0.00,,9.8,4.7,0.25,1.00,5.3,7.0,8.1,7.4,9.0,92,92,86,79,73
2017-07-13 23:00,2187,78,78,0.00,26,0.00,,9.7,4.6,0.25,0.97,4.9,6.5,8.1,7.5,9.0,90,90,86,79,73
2017-07-14 00:00,2187,78,77,0.00,27,0.00,,7.5,2.9,0.26,0.95,4.9,6.5,8.1,7.5,9.0,87,88,86,79,73
2017-07-14 01:00,2187,78,75,0.00,27,0.00,,4.7,1.6,0.26,0.92,5.2,6.1,8.1,7.5,9.0,86,87,86,79,73
2017-07-14 02:00,2187,76,68,0.00,28,0.00,,5.2,2.2,0.25,0.83,4.7,5.8,7.6,7.5,9.0,85,86,86,80,73
2017-07-14 03:00,2187,68,65,0.00,37,0.00,,3.8,2.5,0.25,0.69,5.0,6.1,7.8,7.5,9.0,83,84,85,80,73
2017-07-14 04:00,2187,68,65,0.00,41,2.63,,4.1,2.9,0.26,0.65,4.7,5.6,7.8,7.5,9.0,82,82,85,80,73
2017-07-14 05:00,2187,75,66,0.00,40,79.42,,4.9,2.1,0.27,0.69,5.0,5.8,7.8,7.5,8.9,80,81,85,80,73
2017-07-14 06:00,2187,78,75,0.00,29,279.20,,6.7,2.0,0.26,0.95,4.7,5.9,8.1,7.5,8.9,79,80,84,80,73
2017-07-14 07:00,2187,83,78,0.00,27,478.30,,6.1,2.5,0.27,1.02,5.1,6.1,8.1,7.5,8.9,78,79,83,80,73
2017-07-14 08:00,2187,87,83,0.00,24,666.00,,6.5,2.3,0.27,1.18,5.1,6.1,7.8,7.5,8.9,79,79,83,80,73
2017-07-14 09:00,2187,89,87,0.00,21,826.00,,9.6,3.9,0.25,1.30,5.1,5.9,7.8,7.5,9.0,82,81,82,80,73
2017-07-14 10:00,2187,90,87,0.00,18,931.00,,12.8,5.0,0.23,1.36,5.1,5.9,7.8,7.5,9.0,85,83,82,80,73
2017-07-14 11:00,2187,91,89,0.00,16,979.00,,13.9,5.1,0.22,1.43,4.7,6.1,8.1,7.5,9.0,89,87,82,80,73
2017-07-14 12:00,2187,92,90,0.00,15,980.00,,11.7,4.9,0.21,1.49,4.9,5.8,7.8,7.5,9.0,94,91,82,80,73
2017-07-14 13:00,2187,94,91,0.00,14,929.00,,15.0,6.0,0.21,1.56,5.6,6.1,7.5,7.5,9.0,98,95,82,80,73
2017-07-14 14:00,2187,94,93,0.00,13,819.00,,13.7,6.0,0.20,1.62,5.5,6.8,7.8,7.5,9.0,101,98,83,80,73
2017-07-14 15:00,2187,95,94,0.00,12,659.10,,13.5,6.0,0.20,1.62,5.7,6.8,7.8,7.5,9.0,103,101,83,80,73
2017-07-14 16:00,2187,95,94,0.00,12,471.00,,15.0,5.4,0.20,1.62,5.8,6.6,7.6,7.5,9.0,105,102,85,80,73
2017-07-14 17:00,2187,94,92,0.00,12,270.10,,11.8,5.6,0.19,1.58,5.4,6.6,8.3,7.5,9.3,104,102,85,80,73
2017-07-14 18:00,2187,92,89,0.00,12,49.51,,11.0,5.3,0.19,1.46,5.8,6.8,8.4,7.5,9.3,102,102,86,80,73
2017-07-14 19:00,2187,89,87,0.00,13,1.72,,11.5,5.7,0.18,1.33,5.4,6.6,7.8,7.5,9.3,100,100,87,80,73
2017-07-14 20:00,2187,87,83,0.00,14,0.00,,9.0,4.5,0.18,1.25,5.4,6.4,7.8,7.5,9.3,97,97,87,80,73
2017-07-14 21:00,2187,84,82,0.00,16,0.00,,7.9,4.2,0.18,1.14,5.2,6.6,7.6,7.5,9.0,95,95,87,80,73
2017-07-14 22:00,2187,82,72,0.00,16,0.00,,5.1,2.8,0.18,0.98,5.2,6.4,8.1,7.5,9.0,92,93,87,80,73
2017-07-14 23:00,2187,72,71,0.00,23,0.00,,4.3,2.7,0.19,0.79,5.4,6.1,7.6,7.5,9.0,90,90,87,80,73
2017-07-15 00:00,2187,72,68,0.00,25,0.00,,4.5,2.9,0.19,0.74,5.0,5.9,7.8,7.5,9.0,87,88,87,80,73
2017-07-15 01:00,2187,72,69,0.00,27,0.00,,4.6,3.4,0.20,0.74,4.7,5.6,7.8,7.5,9.0,86,87,87,80,73
2017-07-15 02:00,2187,70,68,0.00,27,0.00,,5.1,3.3,0.20,0.73,5.1,6.3,7.8,7.5,9.0,83,85,86,80,73
2017-07-15 03:00,2187,70,67,0.00,29,0.00,,4.8,3.3,0.21,0.71,5.1,6.0,7.8,7.5,9.0,82,82,86,80,73
2017-07-15 04:00,2187,68,66,0.00,31,2.86,,4.5,3.1,0.21,0.67,4.6,6.3,8.1,7.5,9.0,80,82,85,80,73
2017-07-15 05:00,2187,74,66,0.00,34,77.54,,4.8,2.6,0.23,0.69,4.9,5.4,8.1,7.3,9.0,79,80,85,80,73
2017-07-15 06:00,2187,81,74,0.00,30,279.80,,3.0,1.1,0.24,0.98,5.1,6.1,7.8,7.3,8.9,78,79,84,80,73
2017-07-15 07:00,2187,84,79,0.00,24,480.10,,4.8,2.3,0.24,1.07,4.6,5.6,8.3,7.3,9.0,77,78,83,80,73
2017-07-15 08:00,2187,90,84,0.00,20,668.10,,5.3,2.0,0.25,1.25,4.6,6.1,8.1,7.3,9.0,78,79,83,80,73
2017-07-15 09:00,2187,91,89,0.00,18,820.00,,9.6,3.5,0.22,1.41,4.9,5.8,7.6,7.3,9.0,81,80,82,80,73
2017-07-15 10:00,2187,92,91,0.00,14,902.00,,9.8,4.8,0.20,1.47,4.6,5.6,7.8,7.5,9.0,85,83,82,80,73
2017-07-15 11:00,2187,94,91,0.00,13,979.00,,12.3,5.5,0.19,1.53,5.4,6.3,7.8,7.5,9.0,89,87,82,80,73
2017-07-15 12:00,2187,96,94,0.00,12,986.00,,16.3,5.6,0.19,1.64,5.4,6.3,7.8,7.5,9.0,94,91,82,80,73
2017-07-15 13:00,2187,97,96,0.00,12,932.00,,13.0,6.1,0.19,1.71,5.0,6.5,7.6,7.5,9.0,98,95,83,80,73
2017-07-15 14:00,2187,98,97,0.00,11,824.00,,16.2,7.6,0.19,1.78,5.6,6.6,7.6,7.5,9.0,101,98,83,80,73
2017-07-15 15:00,2187,98,98,0.00,10,665.00,,14.0,6.3,0.19,1.80,5.5,6.4,8.1,7.5,9.0,104,101,84,80,73
2017-07-15 16:00,2187,98,96,0.00,10,448.50,,11.1,5.8,0.19,1.79,5.7,7.0,7.8,7.5,9.0,105,102,85,80,73
2017-07-15 17:00,2187,97,96,0.00,11,264.20,,10.9,5.4,0.19,1.74,5.5,6.6,7.8,7.5,9.0,105,102,86,80,73
2017-07-15 18:00,2187,96,91,0.00,11,54.44,,8.7,4.9,0.19,1.62,5.5,7.0,7.6,7.5,8.7,103,102,86,80,73
2017-07-15 19:00,2187,91,88,0.00,14,1.13,,14.2,7.1,0.21,1.40,5.6,6.7,7.6,7.5,9.3,101,100,87,80,73
2017-07-15 20:00,2187,88,85,0.00,16,0.00,,15.6,6.9,0.22,1.28,5.2,6.5,8.4,7.5,9.3,98,98,87,80,73
2017-07-15 21:00,2187,85,84,0.00,18,0.01,,9.7,4.1,0.22,1.21,5.2,6.5,8.1,7.5,9.0,96,96,87,80,73
2017-07-15 22:00,2187,85,83,0.00,18,0.00,,11.9,5.7,0.20,1.17,5.1,6.1,8.1,7.5,9.0,94,94,88,80,73
2017-07-15 23:00,2187,83,83,0.00,16,0.00,,14.8,8.1,0.17,1.15,4.9,6.0,8.1,7.5,9.0,92,92,88,80,73
2017-07-16 00:00,2187,83,82,0.00,15,0.00,,16.0,7.7,0.17,1.13,5.4,6.3,8.1,7.5,9.0,90,90,87,80,73
2017-07-16 01:00,2187,82,79,0.00,16,0.00,,11.4,4.3,0.17,1.05,4.9,6.0,8.4,7.5,9.0,88,89,87,80,73
2017-07-16 02:00,2187,79,75,0.00,17,0.00,,6.3,2.7,0.17,0.95,5.1,6.3,8.4,7.5,9.0,86,87,87,80,73
2017-07-16 03:00,2187,77,70,0.00,19,0.00,,3.9,2.1,0.17,0.80,4.6,5.8,8.4,7.4,9.0,85,86,87,80,73
2017-07-16 04:00,2187,72,69,0.00,22,2.94,,3.6,1.7,0.18,0.74,4.9,6.1,7.6,7.4,9.0,83,85,86,80,73
2017-07-16 05:00,2187,80,71,0.00,23,79.92,,12.2,6.0,0.17,0.87,4.6,5.6,7.8,7.4,9.0,82,83,86,80,73
2017-07-16 06:00,2187,83,80,0.00,16,267.90,,14.3,8.2,0.16,1.08,4.6,5.8,7.8,7.4,9.0,80,82,85,80,73
2017-07-16 07:00,2187,84,83,0.00,14,450.40,,11.2,4.2,0.18,1.16,5.2,5.4,8.1,7.4,9.0,80,81,85,80,73
2017-07-16 08:00,2187,88,84,0.00,15,544.00,,14.9,6.5,0.17,1.25,4.5,5.4,7.6,7.4,8.9,80,82,85,80,73
2017-07-16 09:00,2187,90,88,0.00,12,814.00,,14.5,8.7,0.16,1.39,4.9,5.8,7.6,7.4,9.0,83,82,84,80,73
2017-07-16 10:00,2187,94,90,0.00,11,924.00,,12.2,4.6,0.16,1.50,4.9,5.6,7.8,7.4,9.0,86,85,83,80,73
2017-07-16 11:00,2187,94,92,0.00,11,966.00,,10.9,4.2,0.17,1.58,5.2,5.6,7.8,7.4,9.0,90,88,83,80,73
2017-07-16 12:00,2187,96,93,0.00,11,882.00,,13.4,5.1,0.18,1.66,5.2,6.3,7.8,7.4,9.0,94,92,83,80,73
2017-07-16 13:00,2187,97,93,0.00,11,1034.00,,15.4,5.4,0.18,1.70,5.1,6.3,7.8,7.5,9.0,98,96,84,80,73
2017-07-16 14:00,2187,97,96,0.00,10,695.40,,14.9,6.8,0.18,1.71,5.0,6.5,7.8,7.5,9.1,102,98,84,80,73
2017-07-16 15:00,2187,97,93,0.00,10,277.20,,13.4,6.5,0.18,1.65,5.3,6.4,7.6,7.5,9.0,104,101,85,80,73
2017-07-16 16:00,2187,95,93,0.00,12,258.10,,20.2,4.5,0.19,1.57,5.7,6.5,7.7,7.5,9.1,105,102,86,80,73
2017-07-16 17:00,2187,95,92,0.00,11,203.30,,11.4,3.9,0.19,1.61,5.3,6.8,8.1,7.5,9.1,104,102,86,80,73
2017-07-16 18:00,2187,93,88,0.00,13,62.89,,11.2,4.5,0.20,1.46,5.4,6.6,7.8,7.5,9.3,102,101,87,80,73
2017-07-16 19:00,2187,88,87,0.00,15,1.93,,6.4,2.3,0.21,1.32,5.3,6.6,7.8,7.5,9.3,100,99,87,80,73
2017-07-16 20:00,2187,87,81,0.00,17,0.01,,5.2,2.3,0.22,1.18,5.8,6.3,7.6,7.5,9.1,98,97,88,80,73
2017-07-16 21:00,2187,83,80,0.00,20,0.00,,7.3,1.7,0.23,1.08,5.4,6.1,7.6,7.5,9.1,96,96,88,80,73
2017-07-16 22:00,2187,81,78,0.00,22,0.00,,5.8,1.5,0.24,1.02,5.4,6.1,7.6,7.5,9.1,94,94,88,80,73
2017-07-16 23:00,2187,82,76,0.00,24,0.00,,6.5,2.2,0.24,1.04,5.2,5.7,7.6,7.5,9.1,91,92,88,80,73
2017-07-17 00:00,2187,79,76,0.00,27,0.00,,7.8,1.7,0.25,0.97,5.3,5.8,8.4,7.4,9.1,89,90,88,80,73
2017-07-17 01:00,2187,79,77,0.00,26,0.00,,9.2,3.6,0.23,0.98,4.9,5.7,7.9,7.4,9.1,87,88,87,80,73
2017-07-17 02:00,2187,78,76,0.00,23,0.00,,11.4,3.2,0.22,0.94,5.4,5.9,7.8,7.4,9.1,86,86,87,81,73
2017-07-17 03:00,2187,78,77,0.00,22,0.00,,15.7,7.5,0.19,0.95,4.9,5.7,7.8,7.4,9.1,84,85,87,81,73
2017-07-17 04:00,2187,77,76,0.00,20,1.84,,12.9,8.1,0.18,0.93,4.5,5.9,8.1,8.0,9.1,83,83,86,81,73
2017-07-17 05:00,2187,79,76,0.00,19,76.26,,11.3,5.9,0.18,0.92,4.5,5.9,7.7,8.0,9.1,82,83,86,81,73
2017-07-17 06:00,2187,82,79,0.00,18,279.60,,7.5,1.9,0.19,1.04,4.7,5.6,7.7,8.0,8.9,81,82,86,81,73
2017-07-17 07:00,2187,84,82,0.00,18,477.60,,12.2,6.5,0.18,1.13,4.7,5.6,7.9,8.0,8.9,80,82,85,81,73
2017-07-17 08:00,2187,87,84,0.00,15,665.80,,14.2,7.7,0.17,1.23,4.7,5.6,7.9,7.4,8.9,82,82,85,81,73
2017-07-17 09:00,2187,89,86,0.00,14,821.00,,13.0,5.1,0.19,1.30,4.7,5.4,7.3,7.4,9.1,84,83,84,81,74
2017-07-17 10:00,2187,91,89,0.00,15,930.00,,12.4,5.3,0.20,1.41,4.9,5.7,7.3,7.4,9.1,87,86,84,81,74
2017-07-17 11:00,2187,92,91,0.00,14,984.00,,13.4,6.3,0.21,1.49,5.2,5.9,7.3,7.4,9.1,91,89,84,81,73
2017-07-17 12:00,2187,93,92,0.00,14,989.00,,13.5,6.0,0.22,1.54,5.2,5.9,7.3,7.4,9.1,95,93,84,81,74
2017-07-17 13:00,2187,96,93,0.00,14,945.00,,15.6,5.6,0.19,1.62,5.0,6.1,7.7,7.4,9.1,99,96,84,81,74
2017-07-17 14:00,2187,96,95,0.00,10,840.00,,17.4,7.4,0.17,1.70,5.2,6.1,7.3,7.4,9.1,102,99,85,81,74
2017-07-17 15:00,2187,96,95,0.00,10,681.70,,15.3,5.7,0.16,1.71,5.7,6.2,7.5,7.4,9.1,104,102,85,81,74
2017-07-17 16:00,2187,96,94,0.00,9,489.50,,12.5,5.4,0.16,1.68,5.8,6.8,7.1,7.4,9.3,106,103,86,81,74
2017-07-17 17:00,2187,94,92,0.00,10,285.20,,12.2,3.5,0.17,1.59,5.5,6.8,7.9,7.5,9.1,106,104,87,80,74
2017-07-17 18:00,2187,92,87,0.00,11,51.24,,6.8,1.6,0.17,1.42,5.7,6.4,8.2,7.5,9.3,103,102,87,80,74
2017-07-17 19:00,2187,87,84,0.00,13,1.70,,10.2,3.4,0.17,1.25,5.2,5.9,7.7,7.4,9.3,101,101,88,80,74
2017-07-17 20:00,2187,84,83,0.00,14,0.00,,12.7,6.5,0.16,1.17,5.0,6.6,7.4,7.5,9.1,98,98,89,81,74
2017-07-17 21:00,2187,83,73,0.00,13,0.00,,8.8,3.1,0.16,1.02,5.4,6.3,7.9,7.4,9.1,96,96,89,81,74
2017-07-17 22:00,2187,78,71,0.00,19,0.00,,7.6,2.2,0.16,0.79,5.4,6.1,7.9,7.4,9.1,93,93,89,81,74
2017-07-17 23:00,2187,79,78,0.00,14,0.00,,10.8,4.6,0.14,0.97,4.7,5.9,7.9,7.4,9.1,90,92,89,81,74
2017-07-18 00:00,2187,79,77,0.00,13,0.00,,12.2,5.9,0.13,0.97,4.9,5.4,7.9,7.4,9.1,88,89,89,81,74
2017-07-18 01:00,2187,77,76,0.00,14,0.00,,10.2,4.2,0.13,0.92,5.2,5.9,8.2,8.0,9.1,86,87,88,82,74
2017-07-18 02:00,2187,76,73,0.00,15,0.00,,9.4,3.1,0.13,0.86,4.5,5.4,7.7,7.4,9.1,85,86,87,81,74
2017-07-18 03:00,2187,74,73,0.00,16,0.00,,10.9,4.1,0.13,0.82,4.7,5.6,7.7,8.0,9.1,83,85,87,82,74
2017-07-18 04:00,2187,73,72,0.00,16,2.23,,12.6,3.7,0.13,0.82,4.5,5.9,7.9,8.0,8.9,82,83,87,82,74
2017-07-18 05:00,2187,74,72,0.00,16,70.84,,9.4,3.2,0.13,0.83,4.5,5.4,7.1,8.0,9.1,80,82,86,82,74
2017-07-18 06:00,2187,80,74,0.00,17,279.50,,6.2,2.0,0.14,0.92,4.7,5.4,7.5,8.0,9.1,79,80,86,82,74
2017-07-18 07:00,2187,83,80,0.00,13,482.00,,6.5,2.0,0.14,1.04,4.7,5.7,7.3,8.0,9.1,78,80,85,82,74
2017-07-18 08:00,2187,85,83,0.00,13,670.50,,7.9,2.8,0.14,1.17,4.7,5.7,8.0,8.0,8.9,79,80,85,82,74
2017-07-18 09:00,2187,86,85,0.00,12,831.00,,9.5,4.5,0.15,1.24,5.1,5.4,7.5,7.4,9.1,82,82,84,82,74
2017-07-18 10:00,2187,89,86,0.00,13,939.00,,11.2,5.3,0.16,1.34,4.6,5.9,7.1,8.0,9.1,85,85,83,82,74
2017-07-18 11:00,2187,92,89,0.00,12,995.00,,11.4,6.0,0.17,1.43,5.2,5.9,7.5,8.0,9.1,89,88,83,82,74
2017-07-18 12:00,2187,93,92,0.00,11,994.00,,12.1,6.8,0.17,1.53,5.2,6.1,7.7,7.4,9.1,94,92,83,82,74
2017-07-18 13:00,2187,95,93,0.00,10,942.00,,14.1,5.7,0.17,1.59,5.4,6.1,7.7,7.4,9.1,98,95,84,81,74
2017-07-18 14:00,2187,96,95,0.00,11,828.00,,14.7,6.2,0.17,1.67,5.2,6.4,7.5,7.4,9.1,101,98,84,81,74
2017-07-18 15:00,2187,97,95,0.00,10,679.80,,15.5,6.2,0.15,1.70,5.5,6.6,8.0,7.4,9.3,103,101,85,81,74
2017-07-18 16:00,2187,96,96,0.00,8,488.70,,14.6,5.9,0.14,1.70,5.9,6.4,8.0,7.4,9.1,105,102,86,81,74
2017-07-18 17:00,2187,96,94,0.00,8,281.00,,12.1,5.3,0.14,1.66,5.7,6.2,7.7,7.5,8.7,105,103,86,81,74
2017-07-18 18:00,2187,94,89,0.00,9,50.65,,11.9,5.6,0.16,1.51,5.2,6.4,7.7,7.5,8.7,103,102,87,81,74
2017-07-18 19:00,2187,89,84,0.00,12,1.64,,10.3,5.0,0.16,1.33,5.4,6.2,7.1,7.5,9.3,101,101,88,81,74
2017-07-18 20:00,2187,84,83,0.00,13,0.00,,7.7,3.9,0.16,1.17,5.5,6.0,7.5,7.4,9.1,98,98,89,81,74
2017-07-18 21:00,2187,83,74,0.00,14,0.00,,4.3,2.1,0.16,0.98,5.2,6.1,7.9,7.4,9.1,96,96,89,81,74
2017-07-18 22:00,2187,74,72,0.00,19,0.00,,4.4,2.5,0.16,0.82,5.2,6.2,8.3,7.4,9.1,93,94,89,81,74
2017-07-18 23:00,2187,75,71,0.00,19,0.00,,4.4,2.7,0.15,0.83,4.9,5.7,8.3,7.4,9.1,90,91,89,81,74
2017-07-19 00:00,2187,78,74,0.00,18,0.00,,5.5,3.0,0.16,0.91,5.2,5.5,7.5,7.4,9.1,87,89,89,81,74
2017-07-19 01:00,2187,77,68,0.00,17,0.00,,7.0,2.9,0.15,0.87,4.7,5.6,7.9,7.4,9.1,86,87,88,82,74
2017-07-19 02:00,2187,71,68,0.00,22,0.00,,4.3,2.6,0.15,0.72,4.5,5.2,7.7,8.0,9.1,83,85,87,82,74
2017-07-19 03:00,2187,73,67,0.00,19,0.00,,5.9,1.8,0.14,0.78,4.7,5.8,7.7,8.0,9.1,82,83,87,82,74
2017-07-19 04:00,2187,73,67,0.00,22,1.50,,5.9,2.7,0.15,0.71,4.7,5.7,7.7,8.0,9.1,80,82,86,82,74
2017-07-19 05:00,2187,76,67,0.00,20,68.30,,5.1,2.0,0.15,0.73,4.2,5.4,7.6,7.4,9.1,79,80,86,82,74
2017-07-19 06:00,2187,78,76,0.00,15,271.90,,6.6,2.9,0.14,0.94,4.2,4.9,7.5,8.0,9.1,78,80,85,82,74
2017-07-19 07:00,2187,82,78,0.00,17,471.20,,5.2,2.3,0.15,1.02,4.5,5.6,7.7,8.0,9.1,77,79,85,82,74
2017-07-19 08:00,2187,84,82,0.00,14,661.20,,8.6,3.5,0.16,1.16,4.9,5.6,7.7,7.4,8.9,78,79,84,82,74
2017-07-19 09:00,2187,87,84,0.00,14,817.00,,10.3,4.1,0.17,1.23,4.6,5.8,7.6,8.0,9.1,81,80,83,82,74
2017-07-19 10:00,2187,88,85,0.00,13,919.00,,13.5,5.0,0.17,1.28,5.1,6.1,7.6,8.0,9.1,85,83,83,82,74
2017-07-19 11:00,2187,90,87,0.00,14,979.00,,11.8,5.2,0.17,1.34,4.8,5.6,8.0,7.4,9.1,89,87,83,82,74
2017-07-19 12:00,2187,92,90,0.00,12,974.00,,14.6,6.3,0.17,1.43,5.0,5.9,7.6,7.4,9.1,93,90,83,82,74
2017-07-19 13:00,2187,93,91,0.00,11,925.00,,14.7,7.0,0.17,1.49,5.0,6.2,7.6,7.4,9.1,97,95,83,82,74
2017-07-19 14:00,2187,93,92,0.00,11,815.00,,19.6,8.1,0.18,1.53,5.3,6.5,7.8,7.4,9.1,100,98,84,81,74
2017-07-19 15:00,2187,93,92,0.00,11,656.50,,18.8,8.8,0.18,1.52,5.2,6.0,7.6,7.5,9.3,102,100,85,81,74
2017-07-19 16:00,2187,92,91,0.00,12,467.00,,15.6,8.3,0.18,1.48,5.0,6.4,8.1,7.5,9.3,104,102,85,81,74
2017-07-19 17:00,2187,91,89,0.00,13,261.30,,15.2,8.2,0.19,1.43,5.0,6.4,7.8,7.5,9.3,103,102,86,81,74
2017-07-19 18:00,2187,89,85,0.00,15,49.27,,13.3,7.3,0.22,1.31,5.2,6.4,7.8,7.5,8.7,102,101,87,81,74
2017-07-19 19:00,2187,85,83,0.00,19,1.60,,16.4,8.2,0.24,1.20,5.0,6.0,7.6,7.5,8.7,99,98,87,81,74
2017-07-19 20:00,2187,83,82,0.00,21,0.00,,12.1,7.3,0.24,1.13,5.6,6.0,8.0,7.5,9.3,96,97,88,81,74
2017-07-19 21:00,2187,82,81,0.00,21,0.00,,12.5,6.0,0.24,1.10,5.2,5.5,8.1,7.5,9.3,94,95,88,81,74
2017-07-19 22:00,2187,81,74,0.00,22,0.00,,6.0,2.6,0.23,1.00,5.0,5.8,7.6,7.5,9.1,92,92,88,81,74
2017-07-19 23:00,2187,75,70,0.00,27,0.00,,4.2,2.3,0.24,0.84,5.2,5.5,8.1,7.5,9.1,90,91,88,81,74
2017-07-20 00:00,2187,71,68,0.00,33,0.00,,3.6,2.3,0.25,0.73,4.7,6.0,8.0,7.4,9.1,87,89,87,81,74
2017-07-20 01:00,2187,70,69,0.00,32,0.00,,3.8,2.4,0.25,0.73,4.6,5.2,7.6,7.4,9.1,86,87,87,82,74
2017-07-20 02:00,2187,70,65,0.00,38,0.00,,3.0,1.9,0.26,0.69,4.7,6.1,7.8,7.4,9.1,83,85,87,82,74
2017-07-20 03:00,2187,69,65,0.00,40,0.00,,4.0,2.2,0.24,0.65,5.3,5.8,7.8,7.4,9.1,82,83,86,82,74
2017-07-20 04:00,2187,67,63,0.00,39,1.88,,4.7,2.5,0.24,0.61,4.2,5.8,7.8,8.0,9.1,80,82,86,82,74
2017-07-20 05:00,2187,73,66,0.00,37,66.71,,3.9,1.7,0.25,0.66,4.9,5.6,8.1,7.4,9.1,79,80,86,82,74
2017-07-20 06:00,2187,78,73,0.00,32,272.80,,4.3,1.6,0.25,0.90,4.4,5.8,7.6,7.4,9.1,78,79,85,82,74
2017-07-20 07:00,2187,80,77,0.00,25,472.50,,8.2,3.1,0.23,1.00,4.6,5.1,8.2,7.4,9.1,77,78,85,82,74
2017-07-20 08:00,2187,82,80,0.00,22,657.10,,8.7,4.8,0.22,1.07,4.6,5.1,7.8,7.4,9.1,78,79,84,82,74
2017-07-20 09:00,2187,83,82,0.00,20,815.00,,10.5,5.2,0.21,1.13,4.5,5.6,7.8,7.4,9.1,80,80,83,82,74
2017-07-20 10:00,2187,85,83,0.00,17,925.00,,12.6,5.4,0.20,1.20,4.6,5.8,7.3,7.4,9.1,84,83,83,82,74
2017-07-20 11:00,2187,88,85,0.00,15,982.00,,12.6,5.8,0.18,1.29,5.0,5.8,7.6,7.4,9.1,88,86,83,82,74
2017-07-20 12:00,2187,90,87,0.00,14,985.00,,11.6,5.2,0.18,1.35,4.6,6.0,7.6,7.4,9.1,92,90,83,82,74
2017-07-20 13:00,2187,91,90,0.00,13,929.00,,16.8,5.3,0.18,1.43,4.8,6.1,7.3,7.5,9.1,96,93,83,81,74
2017-07-20 14:00,2187,92,91,0.00,13,813.00,,14.3,6.7,0.19,1.49,5.5,6.5,7.3,7.5,9.1,100,97,83,81,74
2017-07-20 15:00,2187,92,91,0.00,12,666.00,,15.4,6.7,0.18,1.50,5.5,6.5,7.4,7.5,9.3,102,99,84,81,74
2017-07-20 16:00,2187,92,91,0.00,12,482.50,,14.6,7.1,0.18,1.48,5.2,6.4,7.0,7.5,9.3,104,101,85,81,74
2017-07-20 17:00,2187,91,89,0.00,12,258.80,,11.6,6.6,0.17,1.44,5.2,6.4,7.8,7.5,9.3,104,102,86,81,74
2017-07-20 18:00,2187,89,85,0.00,13,54.61,,13.1,7.4,0.17,1.32,5.2,6.0,7.8,7.5,9.3,102,101,86,81,74
2017-07-20 19:00,2187,85,83,0.00,13,1.96,,12.8,7.1,0.16,1.19,5.0,6.2,7.6,7.5,9.3,99,99,87,81,75
2017-07-20 20:00,2187,83,81,0.00,13,0.00,,10.4,6.0,0.15,1.11,5.0,6.0,7.6,7.5,9.3,97,97,87,81,75
2017-07-20 21:00,2187,81,77,0.00,13,0.00,,11.1,4.3,0.13,1.05,5.2,6.1,7.6,7.5,9.3,94,94,88,81,75
2017-07-20 22:00,2187,77,70,0.00,14,0.00,,4.1,2.3,0.13,0.84,5.0,5.9,7.8,7.5,9.1,92,92,88,81,75
2017-07-20 23:00,2187,72,68,0.00,18,0.00,,3.9,2.1,0.13,0.73,4.5,5.3,7.8,7.5,9.1,89,90,88,81,75
2017-07-21 00:00,2187,72,69,0.00,17,0.00,,4.4,2.6,0.13,0.76,4.7,5.8,7.6,7.5,9.1,87,88,87,81,75
2017-07-21 01:00,2187,71,69,0.00,19,0.00,,4.5,2.3,0.14,0.76,4.6,5.6,7.6,7.5,9.1,85,86,87,82,75
2017-07-21 02:00,2187,69,64,0.00,19,0.00,,4.4,3.0,0.14,0.67,5.1,5.8,7.6,7.5,9.1,82,83,87,82,75
2017-07-21 03:00,2187,70,67,0.00,21,0.00,,5.5,3.2,0.14,0.69,4.2,5.7,7.8,7.5,9.1,81,82,86,82,75
2017-07-21 04:00,2187,68,62,0.00,22,1.88,,4.4,2.7,0.13,0.65,4.9,5.6,7.8,7.4,9.1,79,81,86,82,75
2017-07-21 05:00,2187,70,61,0.00,23,65.87,,4.3,2.6,0.14,0.57,4.6,5.1,7.8,7.4,9.1,78,79,85,82,75
2017-07-21 06:00,2187,77,70,0.00,22,270.60,,6.9,3.5,0.14,0.86,4.6,5.3,7.4,7.4,9.1,76,78,85,82,75
2017-07-21 07:00,2187,81,77,0.00,16,473.80,,6.7,2.7,0.14,0.98,4.2,5.3,7.3,7.4,9.1,76,77,84,82,74
2017-07-21 08:00,2187,84,81,0.00,13,667.10,,8.6,3.2,0.12,1.13,4.2,4.8,7.1,7.4,9.1,76,77,83,82,75
2017-07-21 09:00,2187,85,84,0.00,10,827.00,,10.5,5.5,0.12,1.19,4.6,5.3,7.3,7.5,9.1,79,79,83,82,75
2017-07-21 10:00,2187,88,85,0.00,10,941.00,,11.9,4.9,0.13,1.24,4.9,5.7,7.6,7.5,9.1,83,82,82,82,75
2017-07-21 11:00,2187,89,87,0.00,10,995.00,,13.8,4.8,0.12,1.33,5.1,5.8,7.6,7.5,9.1,87,85,82,82,75
2017-07-21 12:00,2187,91,89,0.00,9,994.00,,10.9,5.3,0.13,1.41,5.1,5.6,7.6,7.5,9.1,92,89,82,82,75
2017-07-21 13:00,2187,93,91,0.00,9,942.00,,17.2,6.0,0.14,1.49,5.0,5.9,7.6,7.5,9.1,96,93,83,81,75
2017-07-21 14:00,2187,93,92,0.00,9,829.00,,15.0,6.7,0.15,1.53,5.0,5.9,7.6,7.5,9.3,99,96,83,81,75
2017-07-21 15:00,2187,93,92,0.00,10,668.80,,13.3,6.6,0.15,1.54,5.5,6.4,7.3,7.5,9.3,102,99,84,81,75
2017-07-21 16:00,2187,92,92,0.00,10,476.30,,11.6,5.9,0.16,1.52,5.7,6.5,7.3,7.5,8.7,103,101,85,81,75
2017-07-21 17:00,2187,92,90,0.00,11,267.90,,13.5,6.0,0.17,1.47,5.7,6.4,7.8,7.5,8.7,103,102,85,81,75
2017-07-21 18:00,2187,90,87,0.00,12,47.15,,12.0,6.8,0.17,1.36,5.0,6.5,7.6,7.5,9.3,102,101,86,81,75
2017-07-21 19:00,2187,87,84,0.00,13,1.22,,10.5,5.8,0.17,1.23,5.5,6.4,7.6,7.5,9.3,99,99,87,81,75
2017-07-21 20:00,2187,84,82,0.00,14,0.00,,9.6,5.1,0.16,1.17,5.2,6.2,7.6,7.5,8.7,96,96,87,81,75
2017-07-21 21:00,2187,82,81,0.00,14,0.00,,7.8,3.9,0.15,1.08,5.0,5.9,7.1,7.5,9.3,94,94,87,81,75
2017-07-21 22:00,2187,81,70,0.00,14,0.00,,4.5,2.5,0.15,0.84,4.6,6.1,7.8,7.5,9.3,92,92,87,81,75
2017-07-21 23:00,2187,72,69,0.00,19,0.00,,4.6,2.7,0.15,0.76,4.7,5.6,7.3,7.5,9.1,89,90,87,81,75
2017-07-22 00:00,2187,71,68,0.00,20,0.00,,4.8,3.5,0.15,0.73,4.6,5.4,7.1,7.5,9.1,87,88,87,81,75
2017-07-22 01:00,2187,71,65,0.00,21,0.00,,4.7,3.1,0.16,0.69,4.8,5.8,7.4,7.5,9.1,85,86,87,81,75
2017-07-22 02:00,2187,69,67,0.00,22,0.00,,4.6,3.2,0.15,0.69,4.6,5.4,7.4,7.5,9.1,82,84,86,81,75
2017-07-22 03:00,2187,69,63,0.00,22,0.00,,5.0,3.1,0.15,0.67,4.9,5.7,7.6,7.5,9.1,81,82,86,82,75
2017-07-22 04:00,2187,66,62,0.00,26,1.71,,4.1,2.9,0.15,0.59,4.4,5.1,7.6,7.5,9.1,80,81,86,82,75
2017-07-22 05:00,2187,73,64,0.00,24,63.83,,4.2,2.6,0.16,0.64,4.6,5.3,7.3,7.5,9.1,78,80,85,82,75
2017-07-22 06:00,2187,76,73,0.00,21,268.50,,5.7,2.7,0.17,0.84,4.2,5.3,7.3,7.5,9.1,76,78,85,82,75
2017-07-22 07:00,2187,83,76,0.00,18,467.40,,3.9,1.5,0.16,1.01,4.2,5.2,7.6,7.5,9.1,76,78,84,82,75
2017-07-22 08:00,2187,86,83,0.00,14,655.80,,5.3,2.2,0.16,1.18,4.2,5.2,6.9,7.5,9.1,77,77,83,82,75
2017-07-22 09:00,2187,87,86,0.00,12,815.00,,10.1,4.0,0.15,1.29,3.9,5.3,7.1,7.5,9.1,80,80,83,82,75
2017-07-22 10:00,2187,89,87,0.00,11,922.00,,9.7,4.8,0.15,1.35,4.5,5.2,7.1,7.5,9.1,83,82,82,82,75
2017-07-22 11:00,2187,91,89,0.00,11,978.00,,12.0,5.3,0.14,1.42,4.5,5.8,7.1,7.5,9.1,88,86,82,81,75
2017-07-22 12:00,2187,92,91,0.00,10,979.00,,13.5,5.5,0.15,1.49,5.0,5.8,7.1,7.5,9.1,92,90,82,81,75
2017-07-22 13:00,2187,94,92,0.00,11,924.00,,12.1,5.1,0.17,1.56,5.0,6.1,7.3,7.5,9.1,96,94,83,81,75
2017-07-22 14:00,2187,95,94,0.00,11,813.00,,12.5,5.1,0.18,1.62,5.3,6.2,7.1,7.5,8.7,100,97,83,81,75
2017-07-22 15:00,2187,95,94,0.00,11,656.30,,12.5,5.0,0.19,1.64,4.8,6.4,7.1,7.5,8.7,102,100,84,81,75
2017-07-22 16:00,2187,95,93,0.00,12,466.10,,13.1,5.1,0.19,1.62,5.3,6.1,7.8,7.5,8.7,104,102,85,81,75
2017-07-22 17:00,2187,93,92,0.00,12,260.90,,9.7,4.3,0.19,1.57,5.7,6.1,7.7,7.8,8.7,105,102,86,81,75
2017-07-22 18:00,2187,93,89,0.00,13,43.35,,9.1,4.7,0.19,1.46,5.5,6.1,7.7,7.8,8.7,103,102,86,80,75
2017-07-22 19:00,2187,89,87,0.00,14,1.14,,9.5,5.2,0.19,1.33,5.7,6.4,7.4,7.5,8.7,101,100,87,81,75
2017-07-22 20:00,2187,87,83,0.00,15,0.00,,8.0,4.2,0.20,1.24,5.3,6.2,7.4,7.8,8.7,98,98,87,81,75
2017-07-22 21:00,2187,85,79,0.00,17,0.00,,7.8,4.3,0.20,1.16,5.0,5.9,7.8,7.5,8.7,95,96,88,81,75
2017-07-22 22:00,2187,79,77,0.00,20,0.00,,4.7,3.2,0.21,0.97,4.6,5.4,7.8,7.5,8.7,93,93,88,81,75
2017-07-22 23:00,2187,78,75,0.00,22,0.00,,4.8,2.5,0.21,0.93,4.8,5.9,7.4,7.5,9.3,90,91,88,81,75
2017-07-23 00:00,2187,76,72,0.00,24,0.00,,3.9,1.8,0.21,0.84,4.6,5.7,7.4,7.5,9.1,89,89,87,81,75
2017-07-23 01:00,2187,76,71,0.00,24,0.00,,4.6,2.3,0.22,0.82,5.1,5.4,7.4,7.5,9.1,87,87,87,81,75
2017-07-23 02:00,2187,75,71,0.00,29,0.00,,5.3,2.6,0.22,0.83,4.6,5.4,7.4,7.5,9.1,85,86,87,81,75
2017-07-23 03:00,2187,72,66,0.00,28,0.00,,3.7,2.2,0.21,0.70,4.9,5.7,7.4,7.5,9.1,83,85,87,82,75
2017-07-23 04:00,2187,68,66,0.00,31,1.49,,3.4,2.1,0.21,0.67,4.5,5.2,7.7,7.5,9.1,82,83,86,82,75
2017-07-23 05:00,2187,75,66,0.00,31,61.16,,3.2,1.9,0.22,0.69,4.6,5.4,7.7,7.5,9.1,80,82,86,82,75
2017-07-23 06:00,2187,79,75,0.00,27,265.70,,3.3,1.2,0.23,0.97,4.6,4.9,6.9,7.5,9.1,79,80,85,82,75
2017-07-23 07:00,2187,84,78,0.00,26,465.40,,4.5,1.7,0.23,1.06,4.2,5.2,7.1,7.5,9.1,78,80,85,82,75
2017-07-23 08:00,2187,88,84,0.00,19,651.30,,10.5,3.6,0.22,1.28,4.2,5.2,7.3,7.5,9.1,79,80,84,82,75
2017-07-23 09:00,2187,90,88,0.00,16,809.00,,12.6,6.1,0.20,1.39,3.9,4.9,7.3,7.5,9.1,82,81,84,82,75
2017-07-23 10:00,2187,92,90,0.00,13,919.00,,11.9,5.8,0.20,1.45,4.5,5.2,7.1,7.5,9.1,86,84,83,82,75
2017-07-23 11:00,2187,95,92,0.00,13,969.00,,10.9,5.1,0.21,1.55,4.5,5.4,6.8,7.5,9.3,90,88,83,82,75
2017-07-23 12:00,2187,96,95,0.00,13,983.00,,15.3,6.3,0.22,1.66,5.0,5.9,7.1,7.5,9.3,94,92,83,82,75
2017-07-23 13:00,2187,98,95,0.00,14,959.00,,14.6,6.0,0.22,1.69,5.3,5.4,7.1,7.5,8.7,98,96,84,81,75
2017-07-23 14:00,2187,98,94,0.00,12,711.00,,15.8,8.4,0.22,1.75,5.3,6.2,7.3,7.5,8.7,102,98,84,81,75
2017-07-23 15:00,2187,95,92,0.00,14,430.30,,17.9,8.0,0.22,1.58,5.5,5.7,7.1,7.5,8.7,104,102,85,81,75
2017-07-23 16:00,2187,95,91,0.00,19,549.00,,17.0,7.7,0.27,1.57,5.5,6.4,7.3,7.5,8.7,105,102,86,81,75
2017-07-23 17:00,2187,94,91,0.00,14,159.70,,14.0,5.4,0.22,1.54,5.5,6.4,7.4,7.5,8.7,104,102,86,81,75
2017-07-23 18:00,2187,91,84,0.00,15,37.90,,5.3,2.0,0.23,1.41,5.0,5.9,7.1,7.5,8.7,102,101,87,81,75
2017-07-23 19:00,2187,84,83,0.00,22,1.01,,3.9,2.3,0.25,1.17,5.3,6.2,7.7,7.5,8.7,99,98,87,81,75
2017-07-23 20:00,2187,85,79,0.00,21,0.00,,13.0,2.8,0.24,1.06,5.0,5.9,7.7,7.5,8.7,97,97,88,81,75
2017-07-23 21:00,2187,85,81,0.00,21,0.00,,19.6,11.2,0.27,1.15,4.6,5.4,7.7,7.5,9.3,94,95,88,81,75
2017-07-23 22:00,2187,81,80,0.00,28,0.00,,17.0,8.8,0.30,1.06,4.8,5.9,7.7,7.5,9.3,92,93,88,81,75
2017-07-23 23:00,2187,80,79,0.00,29,0.00,,11.8,5.9,0.29,1.02,5.0,5.9,7.7,7.5,8.7,90,91,88,82,75
2017-07-24 00:00,2187,79,78,0.00,29,0.00,,11.3,5.0,0.29,0.99,5.1,5.7,7.7,7.5,9.3,89,90,88,82,75
2017-07-24 01:00,2187,78,76,0.00,30,0.00,,7.7,3.8,0.29,0.94,5.3,5.4,6.9,7.5,9.3,87,88,87,82,75
2017-07-24 02:00,2187,77,73,0.00,32,0.00,,6.0,1.9,0.28,0.89,4.6,5.7,7.1,7.5,8.7,86,87,87,82,75
2017-07-24 03:00,2187,76,74,0.00,34,0.00,,6.9,2.4,0.28,0.87,4.9,5.9,7.4,7.5,9.3,84,86,87,82,75
2017-07-24 04:00,2187,74,73,0.00,34,1.38,,8.7,2.8,0.29,0.84,4.5,5.2,7.1,7.5,9.1,83,84,86,82,75
2017-07-24 05:00,2187,76,73,0.00,35,40.61,,6.2,2.9,0.29,0.85,4.7,5.4,7.3,7.5,9.1,82,83,86,82,75
2017-07-24 06:00,2187,80,76,0.00,32,247.60,,4.7,1.8,0.30,0.96,4.6,5.4,7.3,7.5,9.1,80,82,86,82,75
2017-07-24 07:00,2187,82,79,0.00,30,452.10,,6.6,2.6,0.30,1.05,3.9,4.9,7.3,7.5,9.1,80,81,85,82,75
2017-07-24 08:00,2187,83,82,0.00,27,637.20,,10.3,4.4,0.32,1.14,3.9,5.2,7.4,7.5,9.1,81,81,85,82,75
2017-07-24 09:00,2187,86,83,0.00,28,800.00,,14.8,6.7,0.31,1.20,4.7,5.4,7.4,7.5,9.1,83,83,85,82,75
2017-07-24 10:00,2187,87,86,0.00,24,893.00,,12.0,5.7,0.30,1.26,4.9,5.2,7.4,7.5,9.3,87,85,84,82,75
2017-07-24 11:00,2187,89,87,0.00,23,773.60,,13.1,6.0,0.31,1.34,5.2,5.4,6.7,7.5,8.7,90,89,84,82,75
2017-07-24 12:00,2187,90,87,0.00,23,380.40,,14.0,6.3,0.30,1.35,5.2,5.4,6.9,7.5,8.7,94,92,84,82,75
2017-07-24 13:00,2187,87,82,0.00,24,199.10,,19.5,10.2,0.32,1.17,5.3,5.7,7.6,7.5,8.7,97,95,84,82,75
2017-07-24 14:00,2187,82,81,0.00,30,212.80,,17.8,11.3,0.33,1.09,5.0,5.4,7.4,7.5,8.7,96,96,85,82,75
2017-07-24 15:00,2187,81,79,0.00,30,122.00,,19.8,11.1,0.32,1.05,5.3,5.4,7.4,7.5,8.7,95,95,85,82,75
2017-07-24 16:00,2187,79,78,0.00,33,54.88,,13.2,6.6,0.33,0.99,4.6,5.7,7.4,7.5,8.7,94,94,86,82,75
2017-07-24 17:00,2187,81,78,0.00,36,73.32,,9.7,4.2,0.34,0.99,4.8,5.9,7.4,7.5,8.7,92,92,86,82,75
2017-07-24 18:00,2187,81,77,0.00,30,43.72,,9.2,2.2,0.36,0.98,5.1,5.4,7.4,7.5,9.3,91,91,86,82,75
2017-07-24 19:00,2187,80,79,0.00,31,2.98,,9.5,5.2,0.32,1.02,5.0,5.7,7.9,7.5,9.3,89,90,86,82,75
2017-07-24 20:00,2187,79,76,0.00,33,0.00,,15.4,3.7,0.34,0.96,4.9,5.9,7.4,7.5,9.3,88,88,86,82,75
2017-07-24 21:00,2187,76,73,0.00,42,0.00,,19.7,11.8,0.40,0.87,5.1,5.4,7.4,7.5,8.7,87,87,86,82,75
2017-07-24 22:00,2187,73,72,0.00,49,0.00,,16.4,10.2,0.42,0.82,5.1,5.7,7.4,7.5,9.1,86,86,86,82,75
2017-07-24 23:00,2187,72,72,0.00,54,0.00,,14.5,7.4,0.43,0.79,4.6,5.7,7.4,7.5,9.1,85,86,86,82,75
2017-07-25 00:00,2187,72,70,0.00,55,0.00,,13.6,7.6,0.43,0.77,4.6,5.2,7.4,7.5,9.1,83,85,85,82,75
2017-07-25 01:00,2187,70,69,0.00,59,0.00,,11.2,6.6,0.44,0.73,4.9,5.2,6.9,7.5,9.1,82,83,85,82,75
2017-07-25 02:00,2187,70,69,0.00,61,0.00,,10.4,2.9,0.44,0.72,4.5,5.4,6.9,7.5,9.1,82,82,85,82,75
2017-07-25 03:00,2187,69,65,0.00,61,0.00,,7.0,2.2,0.43,0.68,4.4,5.4,6.9,7.5,9.1,80,82,85,82,75
2017-07-25 04:00,2187,67,65,0.00,66,0.89,,4.0,1.6,0.43,0.65,4.6,5.3,6.9,7.5,9.1,79,80,84,82,75
2017-07-25 05:00,2187,69,67,0.00,66,52.74,,5.1,3.3,0.44,0.67,4.6,5.2,7.2,7.5,9.1,78,80,83,82,75
2017-07-25 06:00,2187,73,69,0.00,61,247.00,,4.7,2.1,0.44,0.76,4.2,5.2,7.2,7.5,9.1,77,78,83,82,75
2017-07-25 07:00,2187,76,73,0.00,54,449.10,,7.3,2.0,0.45,0.85,4.2,5.2,6.7,7.5,9.1,77,78,83,82,75
2017-07-25 08:00,2187,78,76,0.00,51,635.20,,11.0,5.4,0.45,0.92,4.2,5.2,6.9,7.5,9.1,78,78,82,82,75
2017-07-25 09:00,2187,80,77,0.00,46,780.50,,12.6,5.4,0.44,0.97,3.9,5.2,6.9,7.5,9.1,80,80,82,81,75
2017-07-25 10:00,2187,82,79,0.00,41,925.00,,12.4,5.9,0.42,1.04,4.5,5.4,6.9,7.1,9.1,83,82,82,81,75
2017-07-25 11:00,2187,83,82,0.00,38,791.10,,13.0,6.0,0.41,1.11,4.5,5.7,7.2,7.4,9.1,87,85,82,81,75
2017-07-25 12:00,2187,82,77,0.02,38,466.00,,12.0,5.6,0.50,1.01,4.7,5.7,7.2,7.4,9.1,91,89,82,81,75
2017-07-25 13:00,2187,81,77,0.00,50,664.10,,9.8,4.5,0.48,1.00,4.6,5.7,6.9,7.4,9.1,93,92,82,81,75
2017-07-25 14:00,2187,86,81,0.00,43,652.00,,13.2,5.7,0.44,1.17,4.6,5.7,6.9,7.4,9.1,92,92,82,81,75
2017-07-25 15:00,2187,86,84,0.00,33,683.90,,15.0,7.4,0.37,1.23,5.3,5.7,6.9,7.4,9.1,93,92,83,81,75
2017-07-25 16:00,2187,86,85,0.00,26,490.30,,16.1,7.9,0.35,1.23,5.0,5.4,6.9,7.4,9.1,94,93,83,80,75
2017-07-25 17:00,2187,85,83,0.00,30,262.40,,11.0,5.4,0.35,1.20,5.2,6.1,6.9,7.4,9.1,95,94,84,80,75
2017-07-25 18:00,2187,83,75,0.00,31,26.21,,22.1,12.2,0.34,1.02,5.2,6.1,7.4,7.4,9.1,94,94,84,80,75
2017-07-25 19:00,2187,75,71,0.00,42,1.15,,22.9,13.5,0.39,0.81,5.2,6.1,6.7,7.4,9.1,92,92,85,80,75
2017-07-25 20:00,2187,71,70,0.00,53,0.00,,16.9,9.6,0.40,0.76,4.7,5.6,7.2,7.4,9.1,90,90,85,80,75
2017-07-25 21:00,2187,71,70,0.00,55,0.00,,16.8,9.0,0.40,0.75,4.9,5.8,7.2,7.4,9.1,88,89,85,80,75
2017-07-25 22:00,2187,71,69,0.00,50,0.00,,10.0,3.3,0.38,0.74,4.5,5.7,7.2,7.4,9.1,86,87,85,80,75
2017-07-25 23:00,2187,70,67,0.00,51,0.00,,4.4,2.3,0.39,0.72,4.7,5.6,6.7,7.4,9.1,84,85,85,80,75
2017-07-26 00:00,2187,67,62,0.00,59,0.00,,3.6,1.8,0.39,0.63,4.5,5.4,6.7,7.4,9.1,82,83,85,80,75
2017-07-26 01:00,2187,65,62,0.00,67,0.00,,3.9,2.1,0.39,0.61,4.5,5.7,6.9,7.4,9.1,80,82,85,80,75
2017-07-26 02:00,2187,64,61,0.00,64,0.00,,3.7,2.6,0.38,0.58,4.7,5.6,6.9,7.4,9.1,79,80,84,80,75
2017-07-26 03:00,2187,64,60,0.00,64,0.00,,3.3,2.1,0.38,0.56,4.7,5.1,6.9,7.4,9.1,78,79,83,80,75
2017-07-26 04:00,2187,63,61,0.00,66,1.26,,3.7,2.5,0.38,0.56,4.2,5.1,6.9,7.4,9.1,76,78,83,80,75
2017-07-26 05:00,2187,67,60,0.00,68,54.31,,2.7,1.7,0.39,0.55,4.2,5.3,7.2,7.4,9.1,75,76,83,80,75
2017-07-26 06:00,2187,73,67,0.00,62,274.60,,3.0,1.3,0.40,0.76,4.5,5.6,6.5,7.4,9.1,74,76,82,80,75
2017-07-26 07:00,2187,75,72,0.00,50,470.40,,6.2,2.4,0.40,0.83,4.0,5.1,6.7,7.4,9.1,73,75,82,80,75
2017-07-26 08:00,2187,78,75,0.00,46,697.90,,10.5,4.7,0.42,0.94,4.0,5.1,7.4,7.4,9.1,75,76,82,80,75
2017-07-26 09:00,2187,80,78,0.00,44,803.00,,11.3,6.4,0.43,0.99,4.6,5.3,6.7,7.4,9.1,78,77,81,80,75
2017-07-26 10:00,2187,82,80,0.00,42,893.00,,13.0,5.7,0.42,1.04,5.1,5.6,6.9,7.4,9.1,82,80,80,80,75
2017-07-26 11:00,2187,83,81,0.00,37,724.40,,12.5,5.8,0.40,1.10,4.7,5.6,6.4,7.4,9.1,86,83,80,80,75
2017-07-26 12:00,2187,83,80,0.00,39,550.60,,12.2,6.4,0.41,1.10,4.7,5.6,6.8,7.4,9.1,89,87,80,80,75
2017-07-26 13:00,2187,84,80,0.00,35,563.10,,14.1,6.3,0.43,1.09,4.7,5.8,6.8,7.4,9.1,91,90,81,80,75
2017-07-26 14:00,2187,87,84,0.00,35,891.00,,12.7,6.4,0.41,1.22,5.2,5.7,6.6,7.6,9.1,92,90,82,80,75
2017-07-26 15:00,2187,86,86,0.00,32,655.30,,13.1,6.9,0.40,1.25,5.0,5.4,6.7,7.8,9.1,94,92,82,80,75
2017-07-26 16:00,2187,86,84,0.00,31,399.20,,13.9,7.3,0.39,1.23,5.4,6.0,6.7,7.8,9.1,96,94,82,80,75
2017-07-26 17:00,2187,86,83,0.00,33,156.90,,11.2,5.7,0.38,1.22,5.1,6.1,6.7,7.6,9.3,97,95,83,80,75
2017-07-26 18:00,2187,83,83,0.00,32,27.84,,9.9,5.2,0.35,1.15,4.7,6.1,7.2,7.8,9.1,96,94,83,80,75
2017-07-26 19:00,2187,83,83,0.00,28,0.55,,12.8,6.0,0.31,1.15,5.4,6.0,7.2,7.6,9.1,94,94,84,80,75
2017-07-26 20:00,2187,83,80,0.00,30,0.00,,9.2,4.8,0.35,1.09,5.1,5.9,7.2,7.6,9.1,92,92,85,80,75
2017-07-26 21:00,2187,80,76,0.00,35,0.00,,7.9,3.9,0.36,0.98,5.4,5.4,6.9,7.8,9.1,90,90,85,80,75
2017-07-26 22:00,2187,76,73,0.00,42,0.00,,7.3,2.5,0.37,0.84,5.1,5.7,6.1,7.6,9.1,89,89,85,80,75
2017-07-26 23:00,2187,77,76,0.00,43,0.00,,11.3,6.4,0.39,0.92,4.6,5.4,6.9,7.6,9.1,87,87,85,80,75
2017-07-27 00:00,2187,77,76,0.00,44,0.00,,14.1,8.4,0.32,0.92,4.9,5.6,7.2,7.6,9.1,85,86,85,80,75
2017-07-27 01:00,2187,77,75,0.00,32,0.00,,17.1,9.1,0.31,0.91,4.9,5.2,6.9,7.6,9.1,84,85,85,80,75
2017-07-27 02:00,2187,75,74,0.00,39,0.00,,14.2,7.6,0.34,0.85,4.9,5.2,7.2,7.6,9.1,83,83,84,80,75
2017-07-27 03:00,2187,74,72,0.00,40,0.00,,13.0,6.7,0.33,0.82,5.2,5.4,7.2,7.8,9.1,82,83,84,80,75
2017-07-27 04:00,2187,72,71,0.00,43,1.23,,10.0,5.3,0.33,0.78,4.5,5.4,6.5,7.4,9.1,80,82,84,80,75
2017-07-27 05:00,2187,73,71,0.00,42,52.53,,12.3,6.7,0.32,0.77,4.7,5.7,6.7,7.4,9.1,80,80,83,80,75
2017-07-27 06:00,2187,75,73,0.00,39,251.30,,13.0,8.1,0.32,0.84,4.7,5.2,7.4,7.4,9.1,79,80,83,80,75
2017-07-27 07:00,2187,77,75,0.00,38,451.70,,14.7,9.6,0.33,0.91,5.0,5.4,6.7,7.6,9.1,78,79,83,80,75
2017-07-27 08:00,2187,80,77,0.00,36,642.50,,12.1,7.5,0.33,0.99,4.5,5.8,6.9,7.6,9.1,79,79,82,80,75
2017-07-27 09:00,2187,83,80,0.00,32,798.10,,13.0,5.9,0.34,1.06,4.7,5.6,6.8,7.6,9.1,81,80,82,80,75
2017-07-27 10:00,2187,84,82,0.00,32,910.00,,10.6,4.5,0.35,1.15,4.5,5.4,6.8,7.8,9.1,84,82,82,80,75
2017-07-27 11:00,2187,86,84,0.00,30,969.00,,10.5,4.6,0.35,1.20,4.7,6.0,6.8,7.6,9.1,88,86,82,80,75
2017-07-27 12:00,2187,88,86,0.00,26,973.00,,13.7,5.2,0.32,1.29,5.4,5.7,6.4,7.6,9.1,92,90,82,80,75
2017-07-27 13:00,2187,89,88,0.00,24,886.00,,12.1,4.9,0.31,1.36,5.2,6.0,6.8,7.6,8.7,96,93,82,80,75
2017-07-27 14:00,2187,91,89,0.00,20,818.00,,11.8,5.6,0.27,1.42,5.6,5.9,6.4,7.8,9.3,99,96,82,80,75
2017-07-27 15:00,2187,91,90,0.00,18,593.40,,14.0,4.6,0.25,1.43,5.4,6.2,6.8,7.6,8.7,102,99,83,80,75
2017-07-27 16:00,2187,91,88,0.00,17,268.40,,14.0,4.6,0.24,1.39,5.3,6.3,6.6,7.1,8.7,103,100,84,80,75
2017-07-27 17:00,2187,90,87,0.00,17,67.51,,10.2,3.3,0.24,1.34,5.3,6.3,7.1,7.8,8.7,102,101,85,80,75
2017-07-27 18:00,2187,87,86,0.00,18,24.87,,9.3,3.8,0.24,1.28,5.4,6.3,7.2,7.8,8.7,101,100,86,80,75
2017-07-27 19:00,2187,86,84,0.00,19,0.80,,6.2,3.3,0.20,1.22,5.3,6.4,6.9,7.8,8.7,98,98,86,80,75
2017-07-27 20:00,2187,84,82,0.00,15,0.00,,17.1,4.3,0.21,1.17,5.4,5.9,7.2,7.6,8.7,96,96,87,80,75
2017-07-27 21:00,2187,82,77,0.00,26,0.00,,17.0,9.8,0.29,1.00,5.1,6.1,6.9,7.8,8.7,94,94,87,80,75
2017-07-27 22:00,2187,77,76,0.00,30,0.00,,19.4,11.7,0.29,0.92,5.0,6.1,6.9,7.8,9.3,92,92,87,80,75
2017-07-27 23:00,2187,76,74,0.00,32,0.00,,15.8,9.9,0.29,0.88,5.2,5.7,6.9,7.6,9.3,90,90,87,80,75
2017-07-28 00:00,2187,74,73,0.00,35,0.00,,14.9,7.4,0.29,0.84,4.9,5.9,6.9,7.8,9.3,88,89,87,80,75
2017-07-28 01:00,2187,73,71,0.00,36,0.00,,11.8,7.1,0.31,0.79,4.7,5.6,7.2,7.6,9.3,86,86,86,80,75
2017-07-28 02:00,2187,71,71,0.00,42,0.00,,13.1,6.3,0.32,0.76,4.9,5.2,6.5,7.4,9.3,84,85,86,80,75
2017-07-28 03:00,2187,71,64,0.00,39,0.00,,5.4,2.7,0.30,0.70,4.5,5.8,6.5,7.4,9.1,82,83,86,80,75
2017-07-28 04:00,2187,65,62,0.00,50,1.03,,4.6,2.7,0.30,0.59,4.7,5.4,7.2,7.4,9.1,81,82,85,80,75
2017-07-28 05:00,2187,69,65,0.00,47,53.47,,5.7,2.0,0.29,0.67,5.0,5.2,7.1,7.4,9.1,80,81,85,81,75
2017-07-28 06:00,2187,75,69,0.00,42,265.50,,2.8,1.3,0.29,0.78,4.7,5.8,6.7,7.4,9.1,78,79,85,81,75
2017-07-28 07:00,2187,78,75,0.00,33,468.80,,5.1,2.3,0.29,0.91,4.7,5.6,6.2,7.4,9.1,77,79,84,81,75
2017-07-28 08:00,2187,82,78,0.00,30,658.60,,7.4,2.5,0.29,1.03,4.2,5.6,6.8,7.4,9.1,78,79,83,81,75
2017-07-28 09:00,2187,85,82,0.00,26,819.00,,9.4,3.6,0.29,1.17,4.7,5.8,6.8,7.4,9.3,80,80,83,81,75
2017-07-28 10:00,2187,86,85,0.00,22,930.00,,11.4,5.1,0.26,1.22,4.6,5.6,6.8,7.4,9.3,84,82,82,81,75
2017-07-28 11:00,2187,88,86,0.00,21,980.00,,11.6,5.8,0.23,1.28,4.5,5.6,7.1,7.4,9.3,88,86,82,81,75
2017-07-28 12:00,2187,90,88,0.00,16,978.00,,13.1,5.5,0.23,1.38,5.2,5.8,7.1,7.4,8.7,92,90,82,80,75
2017-07-28 13:00,2187,92,90,0.00,16,923.00,,12.7,6.2,0.22,1.46,5.2,6.5,7.1,7.6,8.7,96,93,83,80,75
2017-07-28 14:00,2187,93,91,0.00,14,814.00,,13.2,6.1,0.20,1.50,5.0,6.1,6.8,7.6,8.7,99,97,83,80,75
2017-07-28 15:00,2187,93,92,0.00,13,653.70,,12.5,5.9,0.19,1.54,5.2,5.7,6.8,7.6,8.7,102,99,84,80,75
2017-07-28 16:00,2187,93,92,0.00,13,461.50,,11.7,5.9,0.19,1.53,5.7,6.2,6.8,7.6,8.7,103,101,85,80,75
2017-07-28 17:00,2187,92,90,0.00,13,252.80,,12.1,5.7,0.19,1.48,5.7,6.2,7.1,7.8,8.7,103,102,86,80,75
2017-07-28 18:00,2187,90,87,0.00,13,31.39,,12.9,6.2,0.19,1.36,5.6,6.2,7.1,7.8,8.7,102,100,86,80,75
2017-07-28 19:00,2187,87,84,0.00,16,0.68,,8.8,4.6,0.20,1.24,5.4,6.0,6.9,7.6,8.7,99,98,87,80,75
2017-07-28 20:00,2187,84,82,0.00,17,0.00,,9.2,4.0,0.20,1.16,5.2,6.2,6.9,7.6,8.7,97,97,87,80,75
2017-07-28 21:00,2187,82,78,0.00,18,0.00,,6.4,3.5,0.18,1.06,5.2,6.0,7.6,7.8,8.7,94,95,87,80,75
2017-07-28 22:00,2187,78,72,0.00,16,0.00,,4.3,2.1,0.17,0.85,4.9,5.8,7.3,7.6,8.7,92,92,87,80,75
2017-07-28 23:00,2187,73,69,0.00,22,0.00,,4.2,2.5,0.18,0.79,5.2,5.5,7.3,7.6,8.7,89,90,87,81,75
2017-07-29 00:00,2187,73,71,0.00,24,0.00,,4.6,2.4,0.19,0.79,5.2,6.0,6.9,7.6,8.7,87,88,87,81,75
2017-07-29 01:00,2187,71,67,0.00,25,0.00,,4.7,2.6,0.19,0.71,4.7,5.8,7.3,7.4,8.7,85,86,87,81,75
2017-07-29 02:00,2187,69,65,0.00,26,0.00,,4.6,3.0,0.18,0.67,5.0,5.6,6.9,7.4,8.7,83,84,87,81,75
2017-07-29 03:00,2187,68,65,0.00,30,0.00,,3.2,2.2,0.19,0.66,4.5,5.8,7.1,7.4,8.7,81,82,86,81,75
2017-07-29 04:00,2187,66,64,0.00,29,1.00,,4.2,3.2,0.18,0.63,4.7,5.3,6.7,7.4,8.7,79,81,86,81,75
2017-07-29 05:00,2187,70,63,0.00,28,49.25,,4.4,2.7,0.19,0.63,4.2,5.6,7.1,7.4,8.7,78,80,85,81,75
2017-07-29 06:00,2187,78,70,0.00,29,260.50,,4.5,2.4,0.20,0.87,4.5,5.8,6.4,7.4,8.7,76,78,85,81,75
2017-07-29 07:00,2187,81,78,0.00,20,462.20,,6.1,2.1,0.20,1.01,4.0,5.1,6.8,7.4,9.3,76,77,84,82,75
2017-07-29 08:00,2187,86,81,0.00,18,652.10,,8.9,4.2,0.19,1.13,4.4,5.1,7.1,7.4,8.7,77,78,83,81,75
2017-07-29 09:00,2187,87,85,0.00,14,822.00,,9.4,4.2,0.18,1.25,4.9,5.1,6.6,7.4,8.7,80,79,83,81,75
2017-07-29 10:00,2187,89,87,0.00,13,935.00,,13.5,5.3,0.17,1.32,4.4,5.3,7.1,7.4,8.7,83,82,82,81,75
2017-07-29 11:00,2187,91,89,0.00,11,993.00,,18.5,7.6,0.16,1.41,4.6,5.6,6.8,7.4,8.7,87,85,82,81,75
2017-07-29 12:00,2187,92,89,0.00,11,986.00,,15.7,5.7,0.17,1.44,5.3,5.3,6.8,7.4,8.7,92,89,82,81,75
2017-07-29 13:00,2187,93,92,0.00,11,928.00,,16.2,6.7,0.16,1.52,5.0,5.7,6.8,7.6,8.9,96,93,83,81,75
2017-07-29 14:00,2187,93,92,0.00,11,815.00,,14.0,6.5,0.16,1.52,5.5,5.9,7.1,7.8,8.9,99,96,83,81,75
2017-07-29 15:00,2187,93,92,0.00,10,654.20,,14.6,6.6,0.17,1.57,5.2,6.1,7.1,7.6,8.9,102,99,84,81,75
2017-07-29 16:00,2187,93,92,0.00,11,461.60,,16.0,7.0,0.16,1.53,5.5,6.3,7.1,7.6,8.9,103,101,85,81,75
2017-07-29 17:00,2187,92,90,0.00,10,254.10,,12.1,6.2,0.16,1.49,5.5,6.4,6.8,7.8,8.9,103,101,85,81,75
2017-07-29 18:00,2187,90,86,0.00,11,28.26,,10.6,5.3,0.15,1.36,5.0,6.3,6.8,7.8,8.9,102,100,86,80,75
2017-07-29 19:00,2187,86,85,0.00,12,0.63,,8.6,4.8,0.16,1.23,5.5,5.7,7.1,7.6,8.9,99,98,87,80,75
2017-07-29 20:00,2187,85,81,0.00,13,0.00,,7.9,3.8,0.16,1.15,5.4,5.9,7.1,7.6,8.9,96,96,87,80,75
2017-07-29 21:00,2187,82,78,0.00,15,0.00,,12.5,3.9,0.17,1.05,5.2,6.1,7.1,7.6,8.9,94,94,87,80,75
2017-07-29 22:00,2187,80,80,0.00,19,0.00,,15.9,7.8,0.20,1.04,5.0,6.1,7.1,7.6,8.9,91,92,87,81,75
2017-07-29 23:00,2187,80,78,0.00,20,0.00,,17.5,10.0,0.23,1.01,4.5,5.6,7.1,7.6,8.9,89,89,87,81,75
2017-07-30 00:00,2187,78,76,0.00,26,0.00,,15.0,8.4,0.25,0.94,4.7,5.8,7.1,7.8,8.9,87,88,87,81,75
2017-07-30 01:00,2187,76,75,0.00,28,0.00,,14.8,7.5,0.26,0.90,4.6,5.7,7.1,7.4,8.9,86,87,87,81,75
2017-07-30 02:00,2187,75,72,0.00,30,0.00,,9.5,4.3,0.26,0.84,4.9,5.6,7.1,7.4,8.9,84,85,86,81,75
2017-07-30 03:00,2187,73,70,0.00,32,0.00,,5.8,2.7,0.26,0.80,5.1,5.4,7.3,7.4,8.7,83,83,86,81,75
2017-07-30 04:00,2187,70,64,0.00,33,0.94,,5.7,2.4,0.24,0.70,4.6,5.7,6.8,7.4,8.7,82,83,86,81,75
2017-07-30 05:00,2187,70,63,0.00,40,48.59,,3.7,2.4,0.24,0.60,4.2,5.8,6.8,7.4,8.7,80,81,85,82,75
2017-07-30 06:00,2187,77,70,0.00,36,254.60,,6.8,2.9,0.25,0.87,4.9,5.1,7.1,7.4,8.7,79,80,85,82,75
2017-07-30 07:00,2187,79,76,0.00,28,458.30,,8.8,5.2,0.25,0.92,4.6,5.3,7.1,7.4,8.7,78,79,85,81,75
2017-07-30 08:00,2187,85,79,0.00,24,650.90,,6.8,2.0,0.25,1.07,4.6,5.3,6.6,7.4,8.7,78,79,84,82,75
2017-07-30 09:00,2187,87,85,0.00,20,812.00,,9.2,2.8,0.24,1.23,4.5,5.1,6.8,7.4,8.7,80,80,83,82,75
2017-07-30 10:00,2187,89,87,0.00,18,929.00,,11.6,5.2,0.22,1.31,4.6,5.7,6.8,7.4,8.7,85,83,83,82,75
2017-07-30 11:00,2187,90,89,0.00,15,992.00,,12.5,4.2,0.19,1.40,5.0,5.8,6.8,7.4,8.9,89,86,83,82,75
2017-07-30 12:00,2187,92,90,0.00,12,999.00,,11.7,4.7,0.17,1.47,4.6,5.6,6.8,7.6,8.9,93,90,83,81,75
2017-07-30 13:00,2187,94,92,0.00,11,951.00,,12.1,5.3,0.16,1.56,4.8,5.9,6.8,7.4,8.9,97,94,83,81,75
2017-07-30 14:00,2187,94,93,0.00,10,809.00,,10.1,4.1,0.14,1.59,5.7,5.9,7.3,7.4,8.9,101,98,83,81,75
2017-07-30 15:00,2187,93,91,0.00,9,411.70,,11.9,4.5,0.14,1.52,5.3,6.4,6.6,7.8,8.9,103,100,85,81,75
2017-07-30 16:00,2187,94,91,0.00,12,528.20,,16.4,8.6,0.18,1.56,5.5,6.6,6.6,7.8,8.9,105,102,85,81,75
2017-07-30 17:00,2187,93,89,0.00,12,206.30,,11.7,6.3,0.18,1.49,5.5,6.6,7.1,7.8,9.1,104,102,86,81,75
2017-07-30 18:00,2187,89,85,0.00,13,20.01,,9.5,4.1,0.18,1.32,5.7,6.1,6.8,7.6,8.4,102,101,87,81,75
2017-07-30 19:00,2187,85,81,0.00,14,0.35,,2.9,1.1,0.17,1.14,5.5,6.4,6.8,7.6,8.9,100,100,87,81,75
2017-07-30 20:00,2187,83,80,0.00,16,0.00,,9.6,1.9,0.18,1.08,5.0,6.2,6.6,7.6,8.4,98,98,88,81,75
2017-07-30 21:00,2187,83,78,0.00,16,0.00,,9.6,3.9,0.19,1.10,5.0,5.9,6.6,7.8,8.9,95,95,88,81,75
2017-07-30 22:00,2187,81,77,0.00,21,0.00,,7.3,2.4,0.20,0.99,5.3,5.4,7.1,7.6,8.9,93,93,88,81,75
2017-07-30 23:00,2187,79,76,0.00,20,0.00,,5.5,1.2,0.21,0.99,4.8,5.7,7.1,7.6,8.9,90,91,88,81,76
2017-07-31 00:00,2187,79,76,0.00,23,0.00,,9.0,3.8,0.21,0.95,4.6,5.7,6.6,7.4,8.9,89,89,88,81,75
2017-07-31 01:00,2187,79,74,0.00,21,0.00,,9.0,2.1,0.21,0.91,5.1,5.9,6.6,7.4,8.9,86,87,87,82,75
2017-07-31 02:00,2187,76,70,0.00,24,0.00,,6.1,2.4,0.21,0.87,4.6,5.4,6.8,7.4,8.9,85,86,87,82,75
2017-07-31 03:00,2187,72,69,0.00,28,0.00,,4.8,3.1,0.20,0.73,4.6,5.7,6.8,7.4,8.9,83,84,87,82,75
2017-07-31 04:00,2187,74,69,0.00,26,0.70,,6.0,2.8,0.21,0.77,4.9,5.2,6.8,7.4,8.9,82,83,86,82,75
2017-07-31 05:00,2187,72,66,0.00,29,46.13,,3.9,1.8,0.21,0.69,4.6,5.2,7.1,7.4,8.9,80,82,86,82,75
2017-07-31 06:00,2187,81,72,0.00,28,250.60,,6.2,1.6,0.21,0.95,4.6,5.3,7.1,7.4,8.9,79,80,85,82,75
2017-07-31 07:00,2187,85,78,0.00,22,452.30,,7.1,2.3,0.22,1.07,4.2,5.2,7.1,7.4,8.7,78,80,85,82,76
2017-07-31 08:00,2187,86,85,0.00,18,640.50,,11.6,6.4,0.22,1.23,4.2,5.2,7.3,7.4,8.9,79,80,85,82,76
2017-07-31 09:00,2187,90,86,0.00,17,800.00,,15.1,7.7,0.22,1.32,3.9,4.9,6.8,7.4,8.9,82,81,84,82,76
2017-07-31 10:00,2187,90,90,0.00,15,912.00,,16.4,9.7,0.21,1.42,4.5,5.2,6.1,7.4,8.9,85,83,83,82,76
2017-07-31 11:00,2187,92,90,0.00,15,971.00,,16.9,9.4,0.21,1.48,4.5,5.7,6.4,7.4,8.9,89,87,83,82,76
2017-07-31 12:00,2187,94,91,0.00,13,843.00,,22.5,8.1,0.20,1.56,4.7,5.7,6.4,7.4,8.9,94,90,83,82,76
2017-07-31 13:00,2187,94,91,0.00,13,609.70,,15.5,5.9,0.20,1.51,5.0,5.7,6.4,7.4,8.9,97,94,84,82,76
2017-07-31 14:00,2187,95,93,0.00,13,858.00,,14.2,6.5,0.21,1.61,5.3,5.9,6.4,7.4,8.4,100,97,84,82,76
2017-07-31 15:00,2187,94,79,0.04,13,164.10,,20.0,7.6,0.37,1.19,5.0,5.7,6.1,7.4,8.4,102,98,85,82,76
2017-07-31 16:00,2187,85,80,0.01,40,133.90,,8.8,3.8,0.36,1.14,5.0,5.9,6.9,7.4,8.9,102,99,85,82,76
2017-07-31 17:00,2187,89,84,0.00,27,208.30,,6.8,2.9,0.31,1.28,5.0,5.9,6.6,7.6,9.1,98,96,86,81,76
2017-07-31 18:00,2187,86,79,0.00,22,18.04,,4.1,2.6,0.31,1.11,4.6,5.4,6.7,7.8,8.9,94,94,86,81,76
2017-07-31 19:00,2187,79,74,0.00,31,0.33,,5.0,2.7,0.30,0.94,4.8,5.9,7.1,7.8,9.1,91,92,87,81,76
2017-07-31 20:00,2187,75,73,0.00,36,0.00,,4.5,2.7,0.31,0.86,4.8,5.7,7.1,7.4,8.9,88,89,87,81,76
2017-07-31 21:00,2187,77,72,0.00,41,0.00,,6.3,3.3,0.32,0.85,5.3,5.4,6.7,7.6,8.9,86,86,87,82,76
2017-07-31 22:00,2187,74,70,0.00,37,0.00,,4.6,2.3,0.30,0.80,4.6,5.7,6.6,7.4,8.9,83,85,86,82,76
2017-07-31 23:00,2187,72,69,0.00,36,0.00,,5.1,3.2,0.30,0.75,4.5,5.2,7.1,7.4,8.9,82,83,86,82,76
