Date,Station Id,Air Temperature Maximum (degF),Air Temperature Minimum (degF),Precipitation Increment (in),Relative Humidity (pct),Solar Radiation Average (watt/m2),Solar Radiation/langley Total (langley),Wind Speed Maximum (mph),Wind Speed Average (mph),Vapor Pressure - Partial (inch_Hg),Vapor Pressure - Saturated (inch_Hg),Soil Moisture Percent -2in (pct),Soil Moisture Percent -4in (pct),Soil Moisture Percent -8in (pct),Soil Moisture Percent -20in (pct),Soil Moisture Percent -40in (pct),Soil Temperature Observed -2in (degF),Soil Temperature Observed -4in (degF),Soil Temperature Observed -8in (degF),Soil Temperature Observed -20in (degF),Soil Temperature Observed -40in (degF)
2017-07-01 00:00,2186,77,76,0.00,11,0.01,,11.5,7.0,0.11,0.92,4.6,2.8,5.6,6.1,9.3,94,95,96,91,83
2017-07-01 01:00,2186,77,69,0.00,13,0.02,,12.1,7.3,0.12,0.87,4.6,2.7,5.6,6.7,9.7,94,93,96,91,83
2017-07-01 02:00,2186,69,67,0.00,17,0.01,,12.8,9.7,0.13,0.69,4.6,2.2,5.8,6.7,9.0,92,91,95,91,83
2017-07-01 03:00,2186,68,67,0.00,20,0.00,,12.8,9.9,0.14,0.67,4.6,2.4,5.2,6.7,9.7,92,90,94,91,83
2017-07-01 04:00,2186,68,68,0.00,23,6.41,,12.8,9.7,0.16,0.69,4.3,2.4,5.4,6.7,9.7,91,89,94,91,83
2017-07-01 05:00,2186,75,68,0.00,23,145.80,,12.4,8.7,0.16,0.74,4.6,2.4,5.7,6.7,9.4,90,87,93,91,83
2017-07-01 06:00,2186,85,75,0.00,19,348.00,,8.2,5.0,0.17,1.03,4.7,2.4,5.6,6.1,9.4,90,86,92,91,83
2017-07-01 07:00,2186,89,85,0.00,13,553.10,,10.6,4.9,0.17,1.30,4.4,2.4,5.6,6.1,9.4,90,86,91,91,83
2017-07-01 08:00,2186,91,89,0.00,13,735.60,,12.3,7.3,0.18,1.40,4.6,2.4,5.7,6.1,9.4,90,87,90,90,83
2017-07-01 09:00,2186,93,91,0.00,11,886.00,,16.7,8.5,0.15,1.53,4.7,2.7,5.7,6.1,9.7,90,90,90,90,83
2017-07-01 10:00,2186,94,93,0.00,10,978.00,,18.5,10.6,0.16,1.60,4.5,2.5,5.7,6.2,9.7,92,94,90,90,84
2017-07-01 11:00,2186,96,94,0.00,10,1015.00,,21.6,11.2,0.17,1.63,4.6,3.3,5.6,6.2,9.7,94,98,91,90,83
2017-07-01 12:00,2186,98,95,0.00,10,1002.00,,22.2,11.0,0.16,1.73,4.6,3.5,5.6,6.2,9.7,96,102,92,90,84
2017-07-01 13:00,2186,98,98,0.00,8,939.00,,25.0,11.1,0.14,1.80,5.0,3.3,5.4,6.2,9.7,98,105,93,90,84
2017-07-01 14:00,2186,98,97,0.00,7,816.00,,19.8,10.8,0.12,1.78,4.8,3.0,5.2,6.2,9.7,99,108,94,90,83
2017-07-01 15:00,2186,98,97,0.00,7,646.90,,18.0,11.1,0.12,1.79,4.6,3.0,5.8,6.2,9.7,100,109,95,90,84
2017-07-01 16:00,2186,97,95,0.00,7,444.40,,19.4,10.5,0.12,1.71,5.0,3.7,5.6,6.2,9.7,100,109,96,90,83
2017-07-01 17:00,2186,95,93,0.00,7,238.50,,19.1,10.6,0.12,1.64,4.8,3.0,5.6,6.2,9.7,99,109,97,90,84
2017-07-01 18:00,2186,93,89,0.00,7,58.50,,16.0,9.1,0.10,1.50,4.8,3.0,5.8,6.2,9.7,99,108,98,90,84
2017-07-01 19:00,2186,89,82,0.00,6,0.94,,11.9,7.1,0.08,1.27,4.8,3.3,5.8,6.2,9.7,98,106,98,90,84
2017-07-01 20:00,2186,82,76,0.00,7,0.12,,11.0,6.7,0.09,1.02,5.0,3.0,5.8,6.3,9.7,98,103,98,90,83
2017-07-01 21:00,2186,76,73,0.00,10,0.02,,10.7,7.7,0.10,0.87,5.0,3.2,5.8,6.1,9.7,96,100,98,91,83
2017-07-01 22:00,2186,74,72,0.00,12,0.01,,9.5,6.5,0.11,0.82,4.4,2.5,5.6,6.1,9.7,96,98,98,91,84
2017-07-01 23:00,2186,76,72,0.00,14,0.00,,10.8,6.7,0.11,0.83,4.6,2.8,5.6,6.1,9.7,95,96,97,91,84
2017-07-02 00:00,2186,73,71,0.00,14,0.00,,10.3,6.6,0.14,0.78,4.6,2.2,5.8,6.1,9.7,94,94,96,91,84
2017-07-02 01:00,2186,72,66,0.00,22,0.01,,9.9,6.0,0.18,0.72,4.6,2.4,5.2,6.7,9.4,93,92,96,91,84
2017-07-02 02:00,2186,67,65,0.00,28,0.00,,10.6,7.7,0.18,0.65,4.8,2.4,5.2,6.1,9.7,92,90,94,91,84
2017-07-02 03:00,2186,65,63,0.00,29,0.00,,11.9,8.4,0.18,0.60,4.3,2.4,5.7,6.1,9.4,92,89,94,91,84
2017-07-02 04:00,2186,65,62,0.00,33,6.27,,12.6,9.6,0.19,0.58,4.4,2.4,5.3,6.1,9.7,91,87,93,91,84
2017-07-02 05:00,2186,73,65,0.00,33,137.50,,12.8,8.7,0.21,0.67,4.4,2.7,5.6,6.1,9.4,90,86,92,91,84
2017-07-02 06:00,2186,83,73,0.00,26,335.00,,10.5,6.9,0.22,0.96,4.4,2.2,5.6,6.1,9.4,89,85,91,91,84
2017-07-02 07:00,2186,86,83,0.00,17,545.70,,12.2,7.7,0.17,1.18,4.6,2.2,5.3,6.1,9.4,89,85,90,91,84
2017-07-02 08:00,2186,88,86,0.00,15,733.50,,17.7,8.6,0.18,1.26,4.6,2.4,5.3,6.3,9.4,89,86,90,90,84
2017-07-02 09:00,2186,90,88,0.00,14,887.00,,17.2,10.0,0.17,1.34,4.6,2.4,5.3,6.2,9.4,90,89,90,90,84
2017-07-02 10:00,2186,90,89,0.00,11,986.00,,18.5,10.1,0.15,1.40,4.4,,5.3,6.2,9.4,92,89,90,90,84
2017-07-02 11:00,2186,92,90,0.00,11,1028.00,,22.1,10.4,0.14,1.47,,,,,,93,96,90,90,84
2017-07-02 12:00,2186,92,91,0.00,7,1024.00,,18.3,10.2,0.10,1.51,4.4,2.6,5.6,6.2,9.7,95,100,91,90,84
2017-07-02 13:00,2186,94,92,0.00,6,954.00,,19.5,9.3,0.10,1.56,4.7,3.3,5.6,6.2,9.4,97,104,92,90,84
2017-07-02 14:00,2186,94,93,0.00,7,831.00,,20.1,11.5,0.10,1.61,5.0,3.3,5.4,6.2,9.7,98,106,94,90,84
2017-07-02 15:00,2186,94,93,0.00,6,660.10,,18.7,10.9,0.09,1.58,,,,,,99,107,94,90,84
2017-07-02 16:00,2186,94,93,0.00,6,455.90,,20.2,10.9,0.10,1.57,,,,,,99,108,96,90,84
2017-07-02 17:00,2186,93,91,0.00,6,247.60,,16.4,9.8,0.10,1.53,5.0,3.3,5.6,6.2,9.7,98,108,96,90,84
2017-07-02 18:00,2186,91,88,0.00,7,59.36,,12.3,6.8,0.10,1.44,5.0,3.3,5.6,6.2,9.3,98,107,97,90,84
2017-07-02 19:00,2186,88,82,0.00,8,0.96,,8.8,6.2,0.10,1.22,5.0,3.0,5.6,6.2,9.7,98,104,97,90,84
2017-07-02 20:00,2186,82,75,0.00,9,0.11,,8.8,5.9,0.10,0.99,4.4,3.0,5.6,6.2,9.7,97,102,98,90,84
2017-07-02 21:00,2186,75,73,0.00,12,0.03,,8.6,5.6,0.11,0.86,4.6,2.6,5.6,6.2,9.7,96,99,97,91,84
2017-07-02 22:00,2186,76,73,0.00,14,0.01,,11.2,6.4,0.13,0.88,,,,,,96,98,97,90,84
2017-07-02 23:00,2186,76,69,0.00,16,0.01,,10.4,6.8,0.14,0.84,4.6,2.2,5.8,6.3,9.7,94,95,96,91,84
2017-07-03 00:00,2186,69,67,0.00,19,0.01,,12.6,8.8,0.14,0.70,,,,,,94,94,96,91,84
2017-07-03 01:00,2186,71,66,0.00,20,0.00,,11.5,8.2,0.13,0.67,4.9,2.4,5.4,6.3,9.7,92,91,95,91,84
2017-07-03 02:00,2186,71,67,0.00,16,0.00,,10.6,7.8,0.12,0.72,5.0,2.4,5.4,,,92,89,94,91,84
2017-07-03 03:00,2186,68,65,0.00,17,0.00,,11.1,7.9,0.12,0.65,4.4,2.4,5.0,6.3,9.7,91,88,93,91,84
2017-07-03 04:00,2186,65,63,0.00,17,5.77,,12.9,9.5,0.10,0.60,4.4,2.8,5.6,6.3,,90,86,92,91,84
2017-07-03 05:00,2186,70,63,0.00,17,145.60,,12.0,9.1,0.09,0.62,4.6,2.2,5.6,6.3,,90,85,92,91,84
2017-07-03 06:00,2186,81,70,0.00,13,350.20,,9.5,5.5,0.12,0.86,4.6,2.7,5.7,6.3,,89,84,91,91,84
2017-07-03 07:00,2186,83,81,0.00,14,555.20,,10.6,5.1,0.17,1.10,4.4,2.2,5.3,6.2,,89,83,90,90,84
2017-07-03 08:00,2186,85,83,0.00,16,748.60,,13.0,5.4,0.16,1.19,4.8,2.4,5.6,6.2,,88,85,89,90,84
2017-07-03 09:00,2186,87,85,0.00,13,905.00,,19.0,6.0,0.15,1.26,4.8,2.4,5.6,6.2,,89,88,89,90,84
2017-07-03 10:00,2186,89,87,0.00,10,1009.00,,16.3,7.8,0.13,1.34,4.4,2.3,5.6,6.1,,91,92,89,90,84
2017-07-03 11:00,2186,89,88,0.00,9,1050.00,,16.0,8.7,0.12,1.38,4.8,2.5,5.6,6.1,,93,96,90,90,84
2017-07-03 12:00,2186,91,89,0.00,9,1039.00,,18.0,10.2,0.12,1.42,4.4,3.0,5.3,6.1,,95,100,90,90,84
2017-07-03 13:00,2186,92,91,0.00,7,972.00,,18.6,10.6,0.08,1.48,4.9,3.0,5.7,6.1,,97,103,92,90,84
2017-07-03 14:00,2186,92,91,0.00,6,842.00,,18.0,11.2,0.09,1.50,5.0,3.3,5.6,6.1,,98,106,93,89,84
2017-07-03 15:00,2186,93,91,0.00,5,665.40,,16.1,9.0,0.08,1.53,5.0,3.3,5.7,6.1,,99,107,94,90,84
2017-07-03 16:00,2186,93,92,0.00,5,468.40,,16.1,8.2,0.06,1.55,5.0,3.3,5.7,6.1,,98,107,95,90,84
2017-07-03 17:00,2186,92,91,0.00,4,257.50,,15.3,8.8,0.06,1.49,5.0,3.3,5.2,6.1,,98,107,96,90,84
2017-07-03 18:00,2186,91,87,0.00,4,63.31,,11.6,6.1,0.05,1.41,5.0,3.3,5.8,6.1,,98,107,97,90,84
2017-07-03 19:00,2186,87,82,0.00,4,0.97,,9.1,5.1,0.05,1.22,4.4,3.0,5.6,6.1,,97,104,97,90,84
2017-07-03 20:00,2186,82,71,0.00,5,0.10,,10.1,6.6,0.05,0.93,4.6,2.6,5.8,6.1,,96,102,97,90,84
2017-07-03 21:00,2186,71,69,0.00,7,0.02,,12.5,8.3,0.05,0.74,4.8,2.8,5.8,6.1,,96,98,97,90,84
2017-07-03 22:00,2186,72,67,0.00,7,0.01,,11.0,8.0,0.05,0.74,4.6,2.8,5.2,6.1,,95,96,96,90,84
2017-07-03 23:00,2186,67,65,0.00,8,0.00,,11.6,8.4,0.06,0.66,4.6,2.7,5.4,6.1,,94,94,96,90,84
2017-07-04 00:00,2186,67,64,0.00,10,0.00,,12.4,8.7,0.06,0.65,4.6,2.4,5.7,6.1,,92,92,95,91,84
2017-07-04 01:00,2186,64,62,0.00,11,0.00,,13.2,10.3,0.07,0.59,4.7,2.4,5.7,6.1,,92,89,94,91,84
2017-07-04 02:00,2186,64,61,0.00,13,0.00,,13.2,9.1,0.08,0.56,4.4,2.8,5.6,6.1,,91,87,94,91,84
2017-07-04 03:00,2186,68,64,0.00,16,0.00,,10.6,7.7,0.11,0.65,4.6,2.2,5.6,6.1,,90,86,92,91,84
2017-07-04 04:00,2186,68,65,0.00,17,5.32,,10.6,7.6,0.13,0.64,4.6,2.2,5.3,6.1,,89,85,92,91,84
2017-07-04 05:00,2186,74,65,0.00,23,152.50,,11.8,7.1,0.16,0.71,4.8,2.2,5.6,6.1,,89,83,90,90,84
2017-07-04 06:00,2186,82,74,0.00,20,359.50,,10.7,6.1,0.19,0.96,4.4,2.4,5.6,6.1,,88,82,90,90,84
2017-07-04 07:00,2186,83,82,0.00,19,565.80,,14.5,8.0,0.20,1.10,4.4,2.4,5.0,6.1,,87,82,89,90,84
2017-07-04 08:00,2186,85,83,0.00,16,750.70,,13.6,7.4,0.17,1.18,4.5,2.2,5.4,6.1,,87,84,89,90,84
2017-07-04 09:00,2186,88,85,0.00,13,903.00,,16.2,8.8,0.15,1.27,,,,,,88,86,88,90,84
2017-07-04 10:00,2186,90,87,0.00,11,1000.00,,16.2,8.4,0.14,1.36,4.6,2.7,5.1,6.1,,90,91,89,90,84
2017-07-04 11:00,2186,92,90,0.00,10,1036.00,,15.4,9.2,0.13,1.46,4.7,2.8,5.6,6.1,,92,95,89,89,84
2017-07-04 12:00,2186,94,92,0.00,8,1024.00,,17.1,8.5,0.12,1.56,4.9,3.3,5.6,6.3,,95,99,90,89,85
2017-07-04 13:00,2186,96,94,0.00,7,950.00,,16.6,7.7,0.12,1.65,4.4,3.0,,,,96,103,91,90,85
2017-07-04 14:00,2186,97,96,0.00,7,821.00,,16.4,8.8,0.12,1.73,4.7,3.3,5.6,6.3,,98,105,92,90,85
2017-07-04 15:00,2186,98,97,0.00,7,645.60,,18.9,10.2,0.12,1.80,4.4,3.3,5.6,6.0,,98,107,94,89,85
2017-07-04 16:00,2186,97,97,0.00,7,445.30,,18.7,8.3,0.12,1.78,5.0,3.3,5.7,6.6,,99,108,95,89,85
2017-07-04 17:00,2186,97,96,0.00,7,238.00,,13.7,7.5,0.13,1.76,5.0,3.3,5.7,5.6,,99,108,96,89,85
2017-07-04 18:00,2186,96,92,0.00,8,56.84,,12.5,6.9,0.13,1.66,5.0,3.3,5.2,6.3,,98,108,97,90,85
2017-07-04 19:00,2186,92,89,0.00,9,0.88,,12.0,7.8,0.14,1.45,4.4,3.0,5.8,6.3,,98,106,97,90,85
2017-07-04 20:00,2186,89,87,0.00,10,0.18,,11.9,8.0,0.14,1.36,4.6,3.3,5.8,6.3,,97,103,97,90,85
2017-07-04 21:00,2186,87,81,0.00,11,0.12,,10.8,6.5,0.14,1.22,4.6,2.6,5.8,6.1,,96,101,97,90,85
2017-07-04 22:00,2186,82,79,0.00,13,0.03,,10.5,6.5,0.14,1.05,4.4,3.0,5.2,6.1,,96,98,97,90,85
2017-07-04 23:00,2186,79,75,0.00,14,0.03,,12.6,8.3,0.14,0.94,4.6,2.5,5.2,6.1,,95,96,96,90,85
2017-07-05 00:00,2186,75,71,0.00,16,0.01,,13.5,9.9,0.15,0.83,4.6,2.7,5.4,6.1,,94,94,96,90,85
2017-07-05 01:00,2186,71,70,0.00,20,0.01,,13.6,10.6,0.16,0.76,4.3,2.5,5.7,6.1,,94,93,95,91,85
2017-07-05 02:00,2186,70,69,0.00,22,0.00,,12.1,9.0,0.16,0.73,4.5,2.4,5.4,6.1,,92,91,95,91,85
2017-07-05 03:00,2186,71,69,0.00,22,0.00,,11.4,7.6,0.16,0.74,4.8,2.4,5.6,6.1,,92,90,94,91,85
2017-07-05 04:00,2186,71,69,0.00,21,5.28,,12.2,8.7,0.16,0.75,4.4,3.0,5.7,6.1,,91,88,93,91,85
2017-07-05 05:00,2186,77,69,0.00,22,144.30,,12.7,9.3,0.16,0.78,,,,,,90,87,92,91,85
2017-07-05 06:00,2186,88,77,0.00,17,342.40,,11.6,6.3,0.15,1.12,4.6,2.2,5.3,6.1,,90,86,92,91,85
2017-07-05 07:00,2186,92,88,0.00,11,538.50,,10.6,5.6,0.15,1.43,4.6,2.8,5.6,6.1,,90,86,91,91,85
2017-07-05 08:00,2186,95,92,0.00,10,730.20,,11.6,6.5,0.16,1.54,4.8,2.8,5.6,6.1,,89,87,90,91,85
2017-07-05 09:00,2186,95,95,0.00,10,687.10,,13.8,5.9,0.17,1.65,4.8,2.4,5.6,6.3,,90,90,90,90,85
2017-07-05 10:00,2186,97,95,0.00,10,880.00,,14.5,7.1,0.17,1.71,4.6,2.7,5.6,6.3,,92,94,90,90,85
2017-07-05 11:00,2186,99,97,0.00,9,1008.00,,16.6,7.9,0.16,1.78,4.8,2.5,5.6,6.3,,94,97,91,90,85
2017-07-05 12:00,2186,99,98,0.00,9,1006.00,,16.9,9.4,0.16,1.86,4.6,3.0,5.3,6.6,,96,101,92,90,85
2017-07-05 13:00,2186,99,98,0.00,8,728.50,,19.3,10.4,0.15,1.85,4.5,3.0,5.3,5.6,,98,105,92,90,85
2017-07-05 14:00,2186,98,96,0.00,9,343.60,,20.2,10.4,0.16,1.77,4.4,3.3,5.6,5.6,,99,107,94,90,85
2017-07-05 15:00,2186,96,95,0.00,9,185.70,,19.1,11.4,0.15,1.68,5.0,3.3,5.7,6.3,,99,108,95,90,85
2017-07-05 16:00,2186,95,92,0.00,10,129.90,,16.6,10.5,0.17,1.62,5.0,2.8,5.7,6.6,,100,107,96,90,85
2017-07-05 17:00,2186,92,91,0.00,12,58.76,,16.4,8.9,0.19,1.52,5.0,3.0,5.6,6.0,,99,105,97,90,85
2017-07-05 18:00,2186,91,89,0.00,13,15.44,,10.2,2.8,0.19,1.44,5.0,3.0,5.2,6.0,,99,103,97,90,85
2017-07-05 19:00,2186,89,85,0.00,14,0.52,,6.1,4.0,0.19,1.26,4.4,2.6,5.2,6.3,,98,102,97,90,85
2017-07-05 20:00,2186,85,82,0.00,16,0.15,,8.8,5.5,0.19,1.17,4.6,2.6,5.2,6.6,,98,100,97,90,85
2017-07-05 21:00,2186,82,81,0.00,18,0.05,,9.8,7.1,0.19,1.09,4.6,2.8,5.2,5.6,,96,98,97,91,85
2017-07-05 22:00,2186,81,79,0.00,18,0.06,,10.4,7.6,0.20,1.03,4.8,3.0,5.4,6.1,,96,97,96,91,85
2017-07-05 23:00,2186,79,76,0.00,20,0.02,,10.8,8.4,0.21,0.96,4.6,3.0,5.7,6.3,,95,96,96,91,85
2017-07-06 00:00,2186,76,74,0.00,23,0.02,,11.4,8.3,0.20,0.88,4.6,2.7,5.7,6.4,,94,94,96,91,85
2017-07-06 01:00,2186,74,72,0.00,24,0.02,,12.7,9.2,0.21,0.84,4.9,2.5,5.6,6.1,,94,93,95,91,85
2017-07-06 02:00,2186,76,72,0.00,27,0.00,,12.1,9.4,0.22,0.84,4.6,2.4,5.6,6.4,,93,91,94,91,85
2017-07-06 03:00,2186,76,73,0.00,25,0.00,,10.9,8.4,0.22,0.88,4.8,2.4,5.6,6.1,,92,90,94,91,85
2017-07-06 04:00,2186,73,71,0.00,27,8.93,,10.3,6.0,0.22,0.79,4.8,2.4,5.7,6.1,,92,89,93,91,85
2017-07-06 05:00,2186,78,72,0.00,28,125.00,,9.3,6.0,0.22,0.83,4.7,2.8,5.3,6.1,,91,88,92,91,85
2017-07-06 06:00,2186,89,78,0.00,22,335.80,,8.2,4.5,0.22,1.16,4.6,2.8,5.6,6.1,,91,87,92,91,85
2017-07-06 07:00,2186,93,89,0.00,16,523.60,,9.1,4.5,0.22,1.44,4.6,2.8,5.6,6.6,,90,87,91,91,85
2017-07-06 08:00,2186,95,93,0.00,14,706.00,,11.0,5.0,0.21,1.59,4.6,2.4,5.6,6.0,,90,89,91,90,85
2017-07-06 09:00,2186,97,95,0.00,12,856.00,,10.8,4.1,0.20,1.72,4.6,2.2,5.8,6.3,,91,92,91,90,85
2017-07-06 10:00,2186,98,97,0.00,12,954.00,,13.2,5.4,0.21,1.78,4.8,2.8,5.6,6.0,,93,95,91,90,85
2017-07-06 11:00,2186,100,98,0.00,12,996.00,,15.7,6.7,0.19,1.87,4.9,3.0,5.6,6.0,,95,99,92,90,85
2017-07-06 12:00,2186,101,99,0.00,10,980.00,,14.2,6.8,0.19,1.92,4.6,2.8,5.3,5.6,,98,103,92,90,85
2017-07-06 13:00,2186,102,100,0.00,10,925.00,,17.9,8.2,0.20,1.99,4.4,3.3,5.6,6.0,,99,107,94,90,85
2017-07-06 14:00,2186,103,102,0.00,10,793.00,,16.2,7.8,0.20,2.06,4.8,3.7,5.6,6.0,,101,110,95,90,85
2017-07-06 15:00,2186,102,101,0.00,10,636.90,,18.2,7.2,0.20,2.03,4.8,3.7,5.7,6.0,,102,111,96,90,85
2017-07-06 16:00,2186,101,101,0.00,10,369.20,,13.4,6.3,0.20,2.00,5.0,3.7,5.2,6.0,,102,112,98,90,85
2017-07-06 17:00,2186,101,99,0.00,10,219.70,,13.6,6.3,0.20,1.95,5.0,3.7,5.8,6.0,,102,112,98,90,85
2017-07-06 18:00,2186,99,95,0.00,10,49.81,,11.0,5.6,0.19,1.82,4.6,3.0,5.6,6.0,,101,111,99,91,85
2017-07-06 19:00,2186,95,91,0.00,11,0.80,,6.4,3.9,0.19,1.57,4.8,3.3,5.6,6.0,,101,110,100,91,85
2017-07-06 20:00,2186,91,85,0.00,13,0.21,,9.3,4.3,0.18,1.38,4.8,2.8,5.6,6.6,,100,107,100,91,85
2017-07-06 21:00,2186,85,82,0.00,14,0.13,,11.8,8.2,0.18,1.14,5.0,3.0,5.6,6.6,,99,104,100,92,85
2017-07-06 22:00,2186,82,79,0.00,16,0.07,,13.3,8.9,0.18,1.04,5.0,2.8,5.6,6.6,,98,102,100,92,85
2017-07-06 23:00,2186,80,78,0.00,17,0.03,,14.6,8.9,0.18,0.99,4.6,2.8,5.8,6.4,,98,100,99,92,85
2017-07-07 00:00,2186,78,75,0.00,18,0.03,,11.6,9.0,0.18,0.91,4.6,2.8,6.1,6.4,,96,98,98,92,85
2017-07-07 01:00,2186,75,74,0.00,21,0.02,,11.9,9.2,0.18,0.85,4.6,3.0,5.6,6.1,,96,96,98,92,85
2017-07-07 02:00,2186,76,74,0.00,22,0.02,,11.7,8.4,0.18,0.86,4.6,2.5,5.7,6.4,,95,94,97,92,85
2017-07-07 03:00,2186,75,74,0.00,22,0.01,,11.7,8.5,0.19,0.85,4.6,2.5,5.7,6.4,,94,93,96,92,85
2017-07-07 04:00,2186,76,74,0.00,22,3.44,,12.2,9.2,0.19,0.88,4.6,2.4,5.6,6.1,,94,92,96,92,85
2017-07-07 05:00,2186,78,74,0.00,23,64.12,,12.7,8.9,0.20,0.89,4.3,2.4,5.6,6.1,,93,90,95,92,85
2017-07-07 06:00,2186,94,78,0.00,20,104.70,,23.9,7.9,0.20,1.22,4.8,2.4,5.7,6.4,,92,90,94,92,85
2017-07-07 07:00,2186,95,94,0.00,13,179.60,,9.7,4.6,0.19,1.61,4.8,2.4,5.3,6.4,,92,90,94,92,85
2017-07-07 08:00,2186,98,95,0.00,12,465.60,,10.9,7.1,0.19,1.70,4.4,2.4,5.3,6.4,,92,90,93,92,85
2017-07-07 09:00,2186,102,97,0.00,11,660.30,,11.0,5.4,0.19,1.84,4.4,2.4,5.6,6.6,,92,91,92,92,85
2017-07-07 10:00,2186,102,99,0.00,9,396.50,,13.5,5.5,0.19,1.95,4.4,2.7,5.6,6.6,,93,94,92,92,85
2017-07-07 11:00,2186,101,98,0.00,10,420.10,,29.8,6.0,0.20,1.83,4.5,2.5,5.6,6.6,,94,96,92,92,85
2017-07-07 12:00,2186,102,101,0.00,9,624.90,,17.2,8.8,0.19,2.01,4.9,2.5,5.3,6.0,,95,98,93,91,85
2017-07-07 13:00,2186,101,100,0.00,9,378.60,,18.5,9.4,0.18,1.97,4.6,3.3,5.3,6.0,,96,100,94,91,85
2017-07-07 14:00,2186,103,101,0.00,9,714.90,,17.8,8.8,0.18,2.04,4.6,3.0,5.3,6.0,,97,102,94,91,85
2017-07-07 15:00,2186,102,100,0.00,9,465.90,,16.7,10.0,0.18,2.00,4.5,3.0,5.6,6.0,,98,102,95,91,85
2017-07-07 16:00,2186,102,100,0.00,9,319.80,,15.5,8.8,0.18,2.01,4.9,3.0,5.6,6.0,,98,104,96,91,85
2017-07-07 17:00,2186,100,99,0.00,10,130.00,,12.4,7.4,0.18,1.90,4.9,3.0,5.3,6.0,,98,104,96,91,85
2017-07-07 18:00,2186,99,95,0.00,10,36.62,,5.9,2.3,0.19,1.81,4.7,3.0,5.7,6.0,,98,104,96,91,85
2017-07-07 19:00,2186,95,90,0.00,11,0.55,,4.0,2.1,0.18,1.59,4.9,3.0,5.7,6.0,,98,102,97,91,85
2017-07-07 20:00,2186,91,86,0.00,12,0.21,,9.6,6.4,0.17,1.38,4.6,3.0,5.7,6.0,,97,101,97,92,85
2017-07-07 21:00,2186,86,83,0.00,13,0.16,,10.0,5.8,0.16,1.18,4.6,2.6,5.7,6.0,,96,99,97,92,85
2017-07-07 22:00,2186,87,84,0.00,15,0.12,,9.0,4.9,0.18,1.26,4.6,2.5,5.7,6.0,,96,98,97,92,85
2017-07-07 23:00,2186,86,82,0.00,16,0.12,,8.8,5.5,0.20,1.19,4.6,2.8,5.7,6.6,,96,96,96,92,85
2017-07-08 00:00,2186,82,78,0.00,18,0.08,,11.4,7.9,0.20,1.03,4.9,2.8,5.6,6.0,,95,95,96,92,85
2017-07-08 01:00,2186,79,77,0.00,22,0.05,,11.0,8.2,0.22,0.97,4.6,2.7,5.6,6.0,,94,94,96,92,85
2017-07-08 02:00,2186,78,77,0.00,23,0.05,,12.5,8.7,0.22,0.94,4.6,2.2,5.6,6.0,,94,92,95,92,85
2017-07-08 03:00,2186,77,76,0.00,23,0.05,,12.3,8.9,0.22,0.92,4.8,2.2,5.3,6.0,,93,92,94,92,85
2017-07-08 04:00,2186,76,75,0.00,24,9.45,,12.6,9.4,0.22,0.90,4.8,2.4,5.3,6.0,,92,90,94,92,85
2017-07-08 05:00,2186,80,76,0.00,24,123.20,,11.6,8.3,0.22,0.94,4.8,2.4,5.3,6.0,,92,89,94,92,85
2017-07-08 06:00,2186,89,80,0.00,20,236.20,,8.8,6.2,0.21,1.19,4.4,2.4,5.6,6.6,,92,89,93,92,85
2017-07-08 07:00,2186,93,89,0.00,15,342.20,,9.6,5.8,0.20,1.44,4.6,2.4,5.8,6.0,,91,89,92,92,85
2017-07-08 08:00,2186,98,93,0.00,13,696.50,,7.5,3.2,0.20,1.70,4.6,2.4,5.0,6.0,,91,90,92,91,85
2017-07-08 09:00,2186,99,98,0.00,11,642.30,,10.3,4.1,0.21,1.84,4.6,2.7,5.2,6.0,,92,92,92,91,85
2017-07-08 10:00,2186,102,98,0.00,12,901.00,,12.7,4.5,0.21,1.88,4.8,2.5,5.2,6.3,,94,95,92,91,85
2017-07-08 11:00,2186,102,99,0.00,10,429.90,,14.9,7.2,0.21,1.93,4.5,3.0,5.0,6.3,,95,98,92,91,85
2017-07-08 12:00,2186,102,99,0.00,11,948.00,,17.7,10.0,0.21,1.98,4.6,3.5,5.6,6.3,,96,102,93,91,85
2017-07-08 13:00,2186,102,100,0.00,10,767.50,,18.7,10.9,0.20,2.01,5.0,3.3,5.3,6.3,,98,103,94,91,85
2017-07-08 14:00,2186,101,98,0.00,10,290.70,,22.7,9.3,0.20,1.91,4.9,3.0,5.7,6.3,,99,106,95,91,85
2017-07-08 15:00,2186,100,96,0.00,13,423.90,,21.1,12.8,0.22,1.78,5.0,3.0,5.6,6.3,,99,107,96,91,85
2017-07-08 16:00,2186,100,99,0.00,11,447.70,,14.3,7.2,0.20,1.93,4.4,3.3,5.3,6.3,,100,106,96,91,85
2017-07-08 17:00,2186,99,97,0.00,11,102.50,,8.9,4.2,0.20,1.82,4.4,3.3,5.7,6.3,,100,106,97,91,85
2017-07-08 18:00,2186,97,93,0.00,11,21.56,,3.9,1.4,0.20,1.68,4.4,3.3,5.7,6.3,,99,106,98,91,85
2017-07-08 19:00,2186,93,90,0.00,12,0.51,,3.9,1.7,0.19,1.51,4.4,2.8,5.7,6.3,,98,104,98,91,85
2017-07-08 20:00,2186,92,87,0.00,13,0.16,,8.4,4.3,0.19,1.40,4.9,3.0,5.7,6.3,,98,102,98,92,85
2017-07-08 21:00,2186,89,83,0.00,14,0.13,,29.0,14.4,0.28,1.30,4.6,3.0,5.7,6.3,,98,101,98,92,85
2017-07-08 22:00,2186,85,83,0.00,33,0.09,,21.6,12.0,0.37,1.16,4.8,2.6,5.7,6.0,,97,99,98,92,85
2017-07-08 23:00,2186,85,82,0.00,29,0.10,,23.3,12.6,0.36,1.15,4.6,2.5,5.7,6.0,,96,98,97,92,85
2017-07-09 00:00,2186,83,83,0.00,31,0.06,,16.0,9.7,0.33,1.14,4.6,2.5,6.0,6.0,,96,96,97,92,85
2017-07-09 01:00,2186,84,83,0.00,27,0.06,,18.8,9.6,0.31,1.15,4.6,2.8,5.6,6.0,,96,96,96,92,85
2017-07-09 02:00,2186,83,82,0.00,27,0.07,,9.0,5.5,0.30,1.11,4.9,2.7,5.6,6.0,,95,94,96,92,85
2017-07-09 03:00,2186,82,81,0.00,26,0.09,,12.0,5.7,0.30,1.08,4.6,2.7,5.6,6.0,,94,94,96,92,85
2017-07-09 04:00,2186,83,82,0.00,28,2.08,,12.8,7.3,0.30,1.12,4.6,2.7,5.7,6.0,,94,93,95,92,85
2017-07-09 05:00,2186,83,82,0.00,27,35.75,,10.5,3.8,0.30,1.09,4.8,2.7,5.3,6.0,,94,92,94,92,85
2017-07-09 06:00,2186,83,82,0.00,28,50.87,,12.0,5.8,0.32,1.10,4.8,2.7,5.3,6.0,,93,92,94,92,85
2017-07-09 07:00,2186,85,82,0.00,33,300.20,,17.2,8.7,0.35,1.16,4.8,2.7,5.6,6.0,,93,91,94,92,85
2017-07-09 08:00,2186,85,84,0.00,30,345.20,,12.6,7.8,0.37,1.20,4.4,2.7,5.6,6.3,,92,91,93,92,85
2017-07-09 09:00,2186,89,85,0.00,31,776.70,,14.0,7.9,0.38,1.27,4.4,2.7,5.6,6.3,,92,92,93,92,85
2017-07-09 10:00,2186,90,89,0.00,28,828.00,,15.9,8.2,0.37,1.39,4.4,2.5,5.8,6.3,,94,94,93,92,85
2017-07-09 11:00,2186,92,90,0.00,23,794.30,,16.1,10.5,0.34,1.45,4.8,3.0,5.6,6.3,,95,97,93,92,85
2017-07-09 12:00,2186,94,91,0.00,25,1035.00,,19.5,11.4,0.34,1.52,4.9,2.8,5.6,6.3,,96,100,94,92,85
2017-07-09 13:00,2186,94,93,0.00,20,821.00,,17.6,9.0,0.30,1.57,4.6,3.3,5.3,6.3,,97,103,94,91,85
2017-07-09 14:00,2186,95,94,0.00,17,816.00,,16.7,8.5,0.27,1.62,5.0,3.0,5.7,6.3,,98,105,95,92,85
2017-07-09 15:00,2186,95,94,0.00,17,607.80,,17.0,8.9,0.28,1.65,4.7,3.0,5.6,6.3,,99,107,96,92,85
2017-07-09 16:00,2186,94,94,0.00,18,419.30,,17.4,8.2,0.28,1.61,4.7,3.7,5.6,6.3,,99,108,96,91,85
2017-07-09 17:00,2186,94,92,0.00,18,208.10,,14.0,8.2,0.28,1.58,4.4,3.5,5.3,6.3,,100,108,98,91,85
2017-07-09 18:00,2186,92,89,0.00,19,31.18,,12.5,6.0,0.30,1.47,4.4,3.7,5.7,6.3,,99,107,98,92,85
2017-07-09 19:00,2186,89,86,0.00,23,0.55,,3.2,1.7,0.32,1.31,4.9,3.0,5.7,6.3,,99,106,98,92,85
2017-07-09 20:00,2186,86,82,0.00,25,0.12,,7.5,2.3,0.31,1.19,4.9,3.3,5.4,6.3,,98,103,98,92,85
2017-07-09 21:00,2186,82,79,0.00,27,0.08,,8.3,5.3,0.29,1.03,4.9,3.0,5.7,6.3,,98,101,98,92,85
2017-07-09 22:00,2186,80,78,0.00,29,0.04,,9.0,5.2,0.30,0.98,4.6,3.0,5.7,6.3,,96,99,98,92,85
2017-07-09 23:00,2186,82,77,0.00,31,0.05,,9.1,4.9,0.32,1.02,4.6,3.3,5.3,6.3,,96,97,98,92,85
2017-07-10 00:00,2186,77,75,0.00,35,0.04,,9.8,6.3,0.33,0.90,4.6,2.5,5.6,6.3,,96,96,97,92,85
2017-07-10 01:00,2186,77,75,0.00,38,0.02,,9.6,6.1,0.34,0.89,4.9,2.5,5.6,6.0,,94,94,96,92,85
2017-07-10 02:00,2186,77,75,0.00,37,0.01,,7.7,4.7,0.35,0.92,4.6,2.7,5.6,6.0,,94,93,96,92,85
2017-07-10 03:00,2186,76,73,0.00,40,0.02,,10.4,6.1,0.34,0.89,4.8,2.5,5.4,6.0,,94,92,95,92,85
2017-07-10 04:00,2186,74,72,0.00,41,3.89,,10.4,7.8,0.34,0.82,4.8,2.7,5.3,6.3,,93,90,95,92,85
2017-07-10 05:00,2186,78,72,0.00,43,116.30,,11.5,7.1,0.34,0.83,4.4,2.7,5.6,6.3,,92,90,94,92,85
2017-07-10 06:00,2186,85,78,0.00,36,260.10,,8.4,4.8,0.34,1.07,4.6,2.7,5.8,6.3,,92,89,93,92,85
2017-07-10 07:00,2186,90,85,0.00,29,526.00,,7.8,3.6,0.34,1.28,4.6,2.7,5.8,6.3,,92,89,93,92,85
2017-07-10 08:00,2186,90,90,0.00,23,696.80,,13.7,6.7,0.34,1.44,4.6,2.7,5.4,6.3,,92,90,92,92,85
2017-07-10 09:00,2186,92,90,0.00,23,737.60,,15.7,7.8,0.33,1.46,4.6,2.5,5.4,6.3,,92,92,92,92,85
2017-07-10 10:00,2186,93,91,0.00,21,920.00,,18.6,11.7,0.31,1.52,4.4,3.0,5.4,5.8,,94,96,92,92,85
2017-07-10 11:00,2186,94,92,0.00,21,944.00,,18.9,11.2,0.32,1.56,4.3,2.8,5.2,5.8,,96,98,93,92,85
2017-07-10 12:00,2186,95,94,0.00,20,981.00,,20.9,10.7,0.30,1.62,4.6,2.9,5.6,5.8,,97,102,94,91,85
2017-07-10 13:00,2186,95,95,0.00,17,914.00,,18.8,10.1,0.28,1.66,4.6,3.7,5.3,6.0,,99,105,94,91,85
2017-07-10 14:00,2186,96,95,0.00,16,800.00,,18.6,9.1,0.27,1.69,4.7,3.5,5.4,6.0,,100,108,96,91,85
2017-07-10 15:00,2186,95,95,0.00,16,636.30,,18.3,9.6,0.25,1.68,5.0,3.5,5.6,6.0,,101,109,96,91,85
2017-07-10 16:00,2186,96,95,0.00,14,396.90,,15.1,7.7,0.24,1.68,5.0,3.5,5.6,6.0,,101,110,98,92,85
2017-07-10 17:00,2186,96,91,0.00,15,162.20,,18.4,8.1,0.26,1.64,5.0,3.5,5.7,6.2,,101,110,98,92,85
2017-07-10 18:00,2186,91,88,0.00,21,41.26,,21.0,10.6,0.31,1.42,5.0,3.5,5.7,6.0,,99,109,99,92,85
2017-07-10 19:00,2186,89,85,0.00,23,0.54,,11.8,6.6,0.30,1.31,5.0,3.7,5.3,5.8,,100,107,99,92,85
2017-07-10 20:00,2186,85,84,0.00,24,0.14,,7.7,4.4,0.29,1.19,4.4,3.0,5.6,6.3,,99,104,99,92,85
2017-07-10 21:00,2186,85,84,0.00,24,0.09,,10.7,5.1,0.29,1.19,4.9,2.8,5.3,6.3,,98,102,99,92,85
2017-07-10 22:00,2186,84,81,0.00,28,0.10,,10.4,4.4,0.32,1.12,4.8,3.0,5.7,6.3,,97,100,99,92,85
2017-07-10 23:00,2186,81,78,0.00,30,0.09,,7.9,4.3,0.32,1.02,4.6,3.0,5.7,6.3,,97,98,98,92,85
2017-07-11 00:00,2186,78,77,0.00,33,0.08,,6.7,3.8,0.31,0.94,4.6,3.0,5.7,6.3,,96,96,98,93,85
2017-07-11 01:00,2186,77,74,0.00,34,0.04,,10.1,5.8,0.31,0.88,4.6,3.3,5.6,6.3,,96,95,97,93,85
2017-07-11 02:00,2186,76,72,0.00,38,0.03,,9.5,5.8,0.32,0.86,4.9,2.5,5.6,6.3,,95,94,96,93,85
2017-07-11 03:00,2186,72,70,0.00,41,0.01,,10.0,6.1,0.32,0.78,4.6,2.5,5.6,6.3,,94,92,96,93,85
2017-07-11 04:00,2186,71,70,0.00,43,3.94,,9.7,6.1,0.32,0.74,4.8,2.5,5.4,6.3,9.9,94,91,96,93,85
2017-07-11 05:00,2186,78,71,0.00,43,104.70,,9.5,5.8,0.33,0.86,4.8,2.7,5.3,6.3,9.7,93,90,95,92,85
2017-07-11 06:00,2186,81,78,0.00,34,293.40,,10.4,6.4,0.33,1.00,4.4,2.7,5.6,6.3,10.0,92,89,94,92,85
2017-07-11 07:00,2186,85,81,0.00,31,492.30,,10.7,5.7,0.32,1.12,4.6,2.7,5.6,6.3,9.9,92,89,94,92,85
2017-07-11 08:00,2186,88,85,0.00,26,674.40,,13.4,6.6,0.32,1.26,4.6,2.7,5.4,5.8,9.5,92,90,93,92,85
2017-07-11 09:00,2186,90,88,0.00,24,821.00,,15.3,8.2,0.30,1.37,4.6,2.5,5.4,5.8,9.9,92,92,92,92,85
2017-07-11 10:00,2186,91,90,0.00,21,924.00,,15.0,8.6,0.29,1.45,4.4,3.0,5.4,5.8,9.5,94,95,92,92,85
2017-07-11 11:00,2186,92,91,0.00,20,978.00,,19.3,9.6,0.29,1.50,4.6,3.3,5.4,6.0,9.4,96,98,93,92,86
2017-07-11 12:00,2186,93,92,0.00,18,971.00,,17.5,9.7,0.28,1.54,4.9,3.0,5.8,6.0,9.9,98,102,94,92,85
2017-07-11 13:00,2186,94,92,0.00,18,908.00,,18.2,10.3,0.26,1.59,,,,,9.9,99,106,94,92,85
2017-07-11 14:00,2186,96,94,0.00,16,781.90,,21.0,11.9,0.25,1.64,5.0,3.1,5.7,6.2,9.4,101,108,96,92,85
2017-07-11 15:00,2186,95,94,0.00,17,610.70,,20.2,11.2,0.25,1.64,5.0,3.3,5.6,6.0,9.4,101,109,97,92,85
2017-07-11 16:00,2186,95,93,0.00,15,333.10,,21.6,10.3,0.25,1.62,5.0,3.2,5.7,6.2,9.5,102,110,98,92,85
2017-07-11 17:00,2186,94,93,0.00,17,219.50,,19.0,9.3,0.26,1.59,5.0,3.5,5.7,6.2,9.5,101,109,98,92,86
2017-07-11 18:00,2186,93,90,0.00,16,55.23,,17.6,9.8,0.25,1.51,5.0,3.5,5.7,6.0,9.5,101,108,99,92,86
2017-07-11 19:00,2186,90,87,0.00,18,0.73,,10.8,7.0,0.26,1.36,4.4,3.0,5.6,6.0,9.6,100,106,99,92,86
2017-07-11 20:00,2186,87,85,0.00,21,0.13,,14.5,9.5,0.28,1.26,4.4,3.3,5.3,6.0,10.0,99,104,99,92,85
2017-07-11 21:00,2186,85,81,0.00,24,0.11,,11.8,6.6,0.30,1.17,4.7,2.8,5.6,6.0,9.6,98,102,99,92,86
2017-07-11 22:00,2186,82,80,0.00,29,0.07,,11.7,5.6,0.32,1.07,5.0,3.0,5.7,5.8,9.3,98,100,99,93,85
2017-07-11 23:00,2186,80,76,0.00,31,0.07,,8.6,5.4,0.32,0.99,4.6,3.0,5.3,5.8,10.1,97,98,98,93,86
2017-07-12 00:00,2186,77,76,0.00,35,0.02,,10.1,6.0,0.32,0.90,4.6,3.0,5.6,5.8,9.7,96,96,98,93,86
2017-07-12 01:00,2186,76,75,0.00,38,0.01,,11.1,6.9,0.35,0.89,4.6,2.5,5.6,5.8,10.0,96,95,97,93,85
2017-07-12 02:00,2186,75,74,0.00,41,0.01,,12.5,7.8,0.35,0.84,4.6,2.5,5.6,6.3,9.6,95,94,97,93,86
2017-07-12 03:00,2186,74,71,0.00,42,0.01,,9.4,5.5,0.35,0.81,4.8,2.5,5.7,5.8,10.0,94,92,96,93,86
2017-07-12 04:00,2186,72,71,0.00,45,4.33,,7.3,4.6,0.35,0.78,4.8,2.7,5.4,6.3,10.0,94,91,95,93,86
2017-07-12 05:00,2186,75,71,0.00,45,109.20,,7.3,5.1,0.34,0.80,4.4,2.7,5.6,5.8,10.1,93,90,95,93,86
2017-07-12 06:00,2186,81,75,0.00,38,303.90,,7.5,4.8,0.33,0.95,4.6,2.7,5.6,5.8,9.9,92,89,94,93,86
2017-07-12 07:00,2186,85,81,0.00,30,507.90,,11.6,3.9,0.31,1.10,4.6,2.7,5.2,5.8,10.0,92,89,93,93,86
2017-07-12 08:00,2186,88,85,0.00,25,699.60,,13.4,4.7,0.29,1.26,4.6,2.7,5.4,6.0,10.0,92,89,93,92,86
2017-07-12 09:00,2186,90,88,0.00,20,845.00,,15.2,7.2,0.27,1.34,4.8,3.3,5.4,6.3,9.9,92,92,92,92,86
2017-07-12 10:00,2186,91,90,0.00,19,945.00,,18.2,7.8,0.26,1.44,4.8,3.0,5.4,6.3,10.0,94,95,92,92,86
2017-07-12 11:00,2186,92,90,0.00,18,990.00,,17.8,8.9,0.26,1.50,4.6,3.3,5.4,6.3,9.5,96,98,93,92,86
2017-07-12 12:00,2186,95,92,0.00,17,984.00,,17.8,10.4,0.25,1.56,5.2,3.0,5.8,6.2,9.5,98,102,94,92,86
2017-07-12 13:00,2186,96,94,0.00,14,917.00,,18.2,11.0,0.23,1.66,5.0,3.5,5.6,6.2,9.5,99,106,94,92,86
2017-07-12 14:00,2186,96,95,0.00,13,794.80,,19.3,10.4,0.22,1.67,4.4,3.1,5.4,6.2,10.0,101,108,96,92,86
2017-07-12 15:00,2186,96,94,0.00,13,627.70,,18.0,10.0,0.21,1.67,5.0,3.2,5.6,6.2,9.9,102,109,97,92,86
2017-07-12 16:00,2186,95,95,0.00,13,429.90,,17.1,9.4,0.22,1.67,4.8,3.2,5.3,6.3,10.0,102,110,98,92,86
2017-07-12 17:00,2186,95,93,0.00,13,219.80,,14.6,8.4,0.22,1.63,5.0,3.2,5.7,6.3,10.0,101,110,98,92,86
2017-07-12 18:00,2186,93,90,0.00,14,49.71,,10.0,5.1,0.22,1.55,5.0,3.5,5.7,6.3,10.0,100,109,99,92,86
2017-07-12 19:00,2186,90,88,0.00,16,0.63,,5.8,3.1,0.22,1.38,4.6,3.7,5.7,6.3,10.0,101,107,100,92,86
2017-07-12 20:00,2186,88,85,0.00,16,0.20,,9.7,4.5,0.22,1.29,4.4,3.0,5.6,6.3,10.0,99,105,100,92,86
2017-07-12 21:00,2186,86,83,0.00,17,0.13,,13.0,7.7,0.22,1.20,4.9,3.3,5.7,6.3,10.0,99,102,100,93,86
2017-07-12 22:00,2186,83,82,0.00,21,0.11,,14.0,7.4,0.25,1.12,4.5,2.8,5.7,6.3,10.0,98,100,99,93,86
2017-07-12 23:00,2186,82,77,0.00,22,0.07,,10.4,5.9,0.25,1.03,4.6,3.0,5.7,6.3,10.0,97,98,99,93,86
2017-07-13 00:00,2186,77,76,0.00,27,0.03,,10.1,7.0,0.25,0.92,4.6,3.3,5.6,6.3,10.0,96,96,98,93,86
2017-07-13 01:00,2186,77,74,0.00,27,0.02,,10.8,7.3,0.25,0.91,4.9,3.3,5.6,6.3,9.7,96,95,98,93,86
2017-07-13 02:00,2186,74,72,0.00,29,0.03,,10.1,7.0,0.24,0.80,4.6,2.5,5.6,6.3,10.0,95,94,97,93,86
2017-07-13 03:00,2186,72,71,0.00,30,0.01,,9.2,6.0,0.24,0.79,4.8,2.5,5.7,6.0,9.7,94,92,96,93,86
2017-07-13 04:00,2186,71,70,0.00,31,4.45,,9.9,6.7,0.24,0.75,4.4,2.7,5.4,6.3,9.7,94,91,96,93,86
2017-07-13 05:00,2186,77,71,0.00,30,111.10,,9.9,7.1,0.23,0.80,4.4,2.7,5.6,6.3,9.7,93,90,95,93,86
2017-07-13 06:00,2186,84,77,0.00,24,307.50,,8.1,4.5,0.22,1.00,4.6,2.7,5.6,6.3,9.7,92,89,94,93,86
2017-07-13 07:00,2186,87,84,0.00,17,509.80,,10.4,5.2,0.19,1.22,4.8,2.7,5.4,6.3,9.7,92,88,94,93,86
2017-07-13 08:00,2186,90,87,0.00,14,696.90,,10.7,5.8,0.18,1.35,4.8,2.7,5.4,6.3,9.7,92,89,93,92,86
2017-07-13 09:00,2186,92,90,0.00,12,848.00,,13.2,7.2,0.18,1.48,4.8,2.5,5.4,6.3,9.7,92,92,92,92,86
2017-07-13 10:00,2186,93,91,0.00,13,952.00,,17.1,9.5,0.19,1.54,4.4,3.0,5.4,6.3,9.6,94,95,92,92,86
2017-07-13 11:00,2186,94,93,0.00,12,998.00,,19.1,11.3,0.19,1.59,4.5,3.3,5.4,6.3,9.6,95,99,93,92,86
2017-07-13 12:00,2186,96,94,0.00,12,994.00,,20.8,11.4,0.21,1.64,4.6,3.0,5.8,6.3,9.8,98,102,94,92,86
2017-07-13 13:00,2186,96,95,0.00,12,944.00,,19.8,10.8,0.20,1.69,4.7,3.5,5.6,6.3,9.9,100,106,95,92,86
2017-07-13 14:00,2186,97,95,0.00,12,808.00,,18.5,10.6,0.20,1.71,4.6,3.5,5.4,6.4,9.6,101,108,96,92,86
2017-07-13 15:00,2186,96,96,0.00,11,605.10,,19.1,10.6,0.18,1.72,5.0,3.5,5.6,6.4,10.2,102,110,97,92,86
2017-07-13 16:00,2186,97,96,0.00,10,442.60,,15.8,8.0,0.17,1.73,5.0,3.5,5.6,6.4,10.0,102,110,98,92,86
2017-07-13 17:00,2186,96,95,0.00,10,209.80,,14.9,6.9,0.17,1.67,5.0,3.5,5.3,6.4,9.9,101,110,99,92,86
2017-07-13 18:00,2186,95,91,0.00,11,55.54,,13.5,6.0,0.18,1.60,5.0,3.5,5.7,6.4,9.9,102,109,99,92,86
2017-07-13 19:00,2186,91,89,0.00,12,0.94,,7.6,4.2,0.18,1.42,5.0,3.0,5.7,6.4,10.0,100,108,100,92,86
2017-07-13 20:00,2186,89,81,0.00,13,0.09,,8.9,5.1,0.18,1.27,4.9,3.3,5.7,6.3,10.1,100,105,100,93,86
2017-07-13 21:00,2186,82,80,0.00,17,0.03,,9.8,6.1,0.18,1.05,4.9,3.3,5.7,6.3,9.8,98,102,100,93,86
2017-07-13 22:00,2186,85,81,0.00,17,0.02,,16.3,5.6,0.21,1.15,4.6,3.0,5.7,6.4,9.7,98,100,99,93,86
2017-07-13 23:00,2186,81,75,0.00,20,0.03,,9.9,6.2,0.22,1.02,4.6,3.0,5.3,6.3,9.7,98,98,99,93,86
2017-07-14 00:00,2186,77,73,0.00,25,0.01,,12.0,7.1,0.23,0.88,4.6,2.5,5.6,6.3,9.7,96,96,98,93,86
2017-07-14 01:00,2186,73,71,0.00,29,0.01,,10.1,7.2,0.23,0.80,4.3,2.5,5.6,6.3,9.7,96,95,98,94,86
2017-07-14 02:00,2186,71,71,0.00,30,0.00,,9.9,7.2,0.23,0.77,4.6,2.5,5.6,6.3,9.7,95,93,97,94,86
2017-07-14 03:00,2186,71,68,0.00,31,0.00,,11.5,8.1,0.22,0.71,4.8,2.7,5.7,6.3,9.7,94,92,96,94,86
2017-07-14 04:00,2186,70,68,0.00,30,3.97,,11.1,7.8,0.22,0.71,4.4,2.7,5.4,6.3,9.6,94,90,96,94,86
2017-07-14 05:00,2186,78,69,0.00,31,116.60,,10.7,7.3,0.22,0.77,4.6,2.2,5.6,6.3,9.7,93,89,95,93,86
2017-07-14 06:00,2186,84,78,0.00,24,313.20,,9.1,5.6,0.23,1.04,4.6,2.4,5.0,6.4,9.6,92,88,94,93,86
2017-07-14 07:00,2186,90,84,0.00,20,514.20,,8.2,3.7,0.22,1.29,4.8,2.4,5.4,6.4,9.6,92,87,93,93,86
2017-07-14 08:00,2186,93,90,0.00,15,699.90,,9.6,3.7,0.21,1.46,4.4,2.7,5.4,6.0,9.4,92,89,92,93,86
2017-07-14 09:00,2186,94,92,0.00,14,848.00,,9.4,3.7,0.21,1.56,4.8,2.5,5.4,6.0,9.4,92,92,92,93,86
2017-07-14 10:00,2186,96,94,0.00,13,946.00,,13.1,5.8,0.22,1.67,4.6,3.3,5.4,6.0,9.6,94,95,92,92,86
2017-07-14 11:00,2186,97,95,0.00,13,985.00,,15.8,7.3,0.22,1.72,4.8,3.0,5.4,6.0,10.0,96,99,93,92,86
2017-07-14 12:00,2186,98,97,0.00,13,969.00,,18.8,9.9,0.22,1.77,4.6,3.3,5.0,6.0,9.5,98,103,94,92,86
2017-07-14 13:00,2186,98,98,0.00,13,903.00,,21.0,10.7,0.22,1.81,4.9,3.7,5.8,6.0,9.4,101,107,95,92,86
2017-07-14 14:00,2186,98,97,0.00,12,782.00,,18.5,9.6,0.22,1.82,4.4,3.5,5.4,6.3,9.8,102,110,96,92,86
2017-07-14 15:00,2186,98,97,0.00,12,614.30,,18.9,10.2,0.22,1.81,5.2,3.5,5.6,6.3,9.5,102,111,97,92,86
2017-07-14 16:00,2186,99,98,0.00,12,420.60,,16.1,8.9,0.22,1.83,5.0,3.5,5.6,6.3,9.8,102,111,98,92,86
2017-07-14 17:00,2186,98,96,0.00,12,220.80,,14.1,8.6,0.22,1.78,5.0,3.5,5.7,6.0,9.5,102,111,99,92,86
2017-07-14 18:00,2186,96,93,0.00,12,48.28,,13.6,6.2,0.21,1.67,5.0,3.7,5.7,6.3,9.5,102,111,100,92,86
2017-07-14 19:00,2186,93,90,0.00,14,0.67,,4.3,2.7,0.21,1.47,5.2,3.0,5.8,6.0,9.7,102,109,101,93,86
2017-07-14 20:00,2186,90,82,0.00,15,0.12,,9.8,4.6,0.21,1.34,4.6,3.3,5.6,6.0,9.4,101,106,101,93,86
2017-07-14 21:00,2186,82,79,0.00,19,0.06,,11.3,7.4,0.21,1.07,4.9,2.8,5.8,6.0,9.6,100,103,101,93,86
2017-07-14 22:00,2186,86,80,0.00,21,0.01,,13.2,7.7,0.21,1.10,4.6,3.0,5.7,6.0,9.5,98,102,100,94,86
2017-07-14 23:00,2186,83,80,0.00,18,0.02,,9.6,4.4,0.22,1.08,4.6,3.0,5.7,6.4,9.5,98,99,99,94,86
2017-07-15 00:00,2186,80,76,0.00,22,0.02,,9.8,6.8,0.23,0.96,4.9,2.5,5.6,6.4,9.8,97,98,99,94,86
2017-07-15 01:00,2186,76,73,0.00,27,0.01,,11.4,8.1,0.24,0.88,4.6,2.5,5.6,6.0,9.4,96,96,98,94,86
2017-07-15 02:00,2186,73,71,0.00,29,0.00,,9.6,7.2,0.23,0.79,4.6,2.7,5.6,6.0,9.4,96,94,98,94,86
2017-07-15 03:00,2186,71,69,0.00,30,0.00,,12.8,8.7,0.23,0.74,4.8,2.7,5.4,6.0,9.4,95,93,97,94,86
2017-07-15 04:00,2186,71,70,0.00,29,3.97,,12.7,9.2,0.22,0.76,4.4,2.2,5.4,6.0,9.4,94,92,96,94,86
2017-07-15 05:00,2186,76,70,0.00,30,112.20,,12.6,9.5,0.22,0.79,4.6,2.2,5.6,6.0,9.4,94,90,96,94,86
2017-07-15 06:00,2186,88,76,0.00,25,306.50,,12.5,7.3,0.22,1.05,4.6,2.4,5.8,6.0,9.4,93,89,95,94,86
2017-07-15 07:00,2186,94,88,0.00,17,508.90,,7.3,2.9,0.21,1.44,4.6,2.4,5.4,6.0,9.6,92,89,94,94,86
2017-07-15 08:00,2186,96,94,0.00,12,695.30,,7.4,2.5,0.20,1.63,4.4,2.4,5.4,6.0,9.4,92,90,94,93,86
2017-07-15 09:00,2186,98,96,0.00,12,846.00,,10.7,3.5,0.21,1.74,4.6,2.7,5.4,6.0,9.5,94,93,93,93,86
2017-07-15 10:00,2186,100,98,0.00,11,943.00,,13.8,5.3,0.21,1.84,4.6,3.3,5.4,6.0,9.5,95,96,93,93,86
2017-07-15 11:00,2186,101,99,0.00,11,980.00,,16.9,7.4,0.21,1.93,4.8,3.0,5.4,6.3,9.5,97,100,94,93,86
2017-07-15 12:00,2186,101,100,0.00,11,974.00,,20.0,9.7,0.22,1.97,4.6,3.3,5.8,6.3,9.5,99,104,94,92,86
2017-07-15 13:00,2186,101,100,0.00,11,904.00,,20.2,10.4,0.22,2.01,5.0,3.7,5.6,6.3,10.2,101,108,96,92,87
2017-07-15 14:00,2186,102,100,0.00,11,778.60,,17.2,9.8,0.22,2.01,4.7,3.5,5.8,6.3,,102,110,97,92,87
2017-07-15 15:00,2186,102,101,0.00,10,609.70,,17.8,9.2,0.21,2.03,5.0,3.5,5.6,6.3,,102,111,98,92,87
2017-07-15 16:00,2186,102,101,0.00,10,413.10,,15.8,8.7,0.20,2.01,5.0,3.5,5.6,6.3,,104,112,99,92,87
2017-07-15 17:00,2186,101,99,0.00,10,217.70,,16.2,8.7,0.20,1.94,5.2,3.5,5.8,6.3,,104,112,100,93,87
2017-07-15 18:00,2186,99,95,0.00,11,48.27,,11.5,6.8,0.19,1.83,4.8,3.7,5.6,6.3,,103,111,101,93,87
2017-07-15 19:00,2186,95,93,0.00,12,0.60,,10.1,5.4,0.19,1.60,5.0,3.0,5.6,6.0,,102,110,102,93,87
2017-07-15 20:00,2186,93,91,0.00,12,0.18,,8.8,5.7,0.19,1.51,4.9,3.3,5.6,6.0,,102,107,102,94,87
2017-07-15 21:00,2186,91,86,0.00,13,0.14,,10.3,5.4,0.19,1.39,4.9,2.8,5.6,6.0,,101,105,102,94,87
2017-07-15 22:00,2186,86,84,0.00,16,0.10,,9.3,4.6,0.20,1.20,4.7,3.3,5.8,6.0,,100,102,101,94,87
2017-07-15 23:00,2186,84,82,0.00,17,0.05,,13.7,6.8,0.19,1.14,4.9,3.3,5.8,6.0,,99,101,101,94,87
2017-07-16 00:00,2186,83,82,0.00,17,0.04,,12.9,6.7,0.20,1.12,4.9,3.3,5.4,6.0,,98,99,100,94,87
2017-07-16 01:00,2186,82,80,0.00,20,0.02,,10.2,6.3,0.24,1.05,4.6,2.5,5.6,6.0,,98,98,99,94,87
2017-07-16 02:00,2186,80,78,0.00,32,0.02,,10.3,6.2,0.37,0.99,4.8,2.5,5.6,6.0,,96,96,98,94,87
2017-07-16 03:00,2186,78,75,0.00,42,0.02,,9.2,5.7,0.40,0.93,4.8,3.0,5.8,6.0,,96,95,98,94,87
2017-07-16 04:00,2186,76,74,0.00,44,3.82,,7.8,5.6,0.38,0.87,4.8,3.0,5.4,6.0,,96,94,97,94,87
2017-07-16 05:00,2186,79,74,0.00,45,65.01,,9.3,5.9,0.39,0.87,4.4,2.7,5.4,6.0,9.6,95,92,96,94,86
2017-07-16 06:00,2186,84,79,0.00,40,276.30,,10.0,5.9,0.40,1.07,4.6,2.2,5.8,6.0,9.2,95,92,96,94,86
2017-07-16 07:00,2186,87,84,0.00,34,494.80,,14.0,7.1,0.38,1.25,4.6,2.2,5.2,6.0,,94,91,96,94,86
2017-07-16 08:00,2186,89,87,0.00,29,680.00,,16.6,9.2,0.37,1.33,4.8,2.2,5.2,6.0,,94,92,95,94,86
2017-07-16 09:00,2186,91,89,0.00,28,832.00,,15.6,9.3,0.36,1.42,4.8,2.7,5.4,6.0,,94,94,94,94,86
2017-07-16 10:00,2186,94,91,0.00,22,928.00,,17.6,9.9,0.32,1.50,4.6,3.3,5.4,6.0,,96,97,94,94,86
2017-07-16 11:00,2186,95,94,0.00,21,969.00,,16.2,8.5,0.31,1.62,4.4,3.0,5.2,6.3,,98,101,95,94,86
2017-07-16 12:00,2186,96,95,0.00,18,956.00,,18.8,7.3,0.32,1.68,4.6,3.3,5.6,6.3,,99,104,96,94,86
2017-07-16 13:00,2186,99,95,0.00,21,885.00,,18.8,9.3,0.35,1.72,5.0,3.0,5.6,6.3,,102,108,96,93,86
2017-07-16 14:00,2186,99,98,0.00,18,765.10,,18.2,10.6,0.32,1.82,4.9,3.5,5.4,6.3,,102,110,98,93,86
2017-07-16 15:00,2186,99,98,0.00,17,602.10,,20.0,10.7,0.30,1.83,4.6,3.5,5.6,6.3,,103,111,98,93,86
2017-07-16 16:00,2186,98,98,0.00,16,412.70,,17.7,8.2,0.27,1.82,5.2,3.5,5.6,6.3,,103,112,99,93,86
2017-07-16 17:00,2186,98,96,0.00,14,214.70,,14.6,6.9,0.26,1.79,4.6,3.5,5.4,6.3,,103,112,101,94,86
2017-07-16 18:00,2186,96,94,0.00,15,45.81,,9.6,4.8,0.27,1.70,4.6,3.7,5.8,6.3,9.6,103,111,101,94,86
2017-07-16 19:00,2186,94,90,0.00,19,0.58,,8.8,4.2,0.30,1.54,4.9,3.0,5.6,6.3,9.6,102,109,102,94,86
2017-07-16 20:00,2186,90,85,0.00,20,0.16,,11.6,6.5,0.31,1.33,4.9,3.3,5.8,6.0,,102,107,102,94,87
2017-07-16 21:00,2186,86,85,0.00,28,0.06,,16.0,6.6,0.37,1.24,4.7,2.8,5.8,6.0,,101,104,102,94,87
2017-07-16 22:00,2186,87,84,0.00,31,0.04,,15.0,6.6,0.40,1.27,4.9,3.0,5.8,6.0,,100,102,101,94,87
2017-07-16 23:00,2186,84,82,0.00,34,0.06,,9.8,6.0,0.42,1.16,4.9,3.0,5.8,6.0,,99,101,101,94,87
2017-07-17 00:00,2186,83,82,0.00,39,0.04,,13.1,7.7,0.44,1.13,4.6,2.6,5.6,6.0,,98,99,100,94,87
2017-07-17 01:00,2186,83,81,0.00,39,0.06,,12.6,6.0,0.46,1.13,4.8,2.5,5.6,6.0,,98,98,99,94,87
2017-07-17 02:00,2186,81,79,0.00,43,0.06,,8.4,5.3,0.46,1.02,4.8,2.5,5.6,6.0,,97,97,98,94,87
2017-07-17 03:00,2186,80,78,0.00,45,0.02,,10.5,6.0,0.42,0.99,4.8,2.5,5.4,6.0,,97,96,98,94,87
2017-07-17 04:00,2186,79,75,0.00,32,3.88,,7.5,5.1,0.38,0.92,4.4,2.7,5.4,6.0,,96,95,98,94,87
2017-07-17 05:00,2186,82,77,0.00,34,101.40,,8.7,4.7,0.30,0.98,4.6,2.7,5.6,6.0,,96,94,97,94,87
2017-07-17 06:00,2186,86,82,0.00,26,291.40,,13.0,5.4,0.34,1.16,4.6,2.7,5.8,6.0,,95,92,96,94,87
2017-07-17 07:00,2186,88,86,0.00,37,492.80,,13.3,8.1,0.42,1.27,4.6,2.7,5.8,6.0,,95,92,96,94,87
2017-07-17 08:00,2186,90,88,0.00,29,676.40,,16.0,8.6,0.39,1.35,4.8,2.7,5.2,6.0,,94,93,95,94,87
2017-07-17 09:00,2186,91,90,0.00,32,824.00,,17.6,10.7,0.42,1.44,4.8,2.5,5.2,6.3,,95,95,95,94,87
2017-07-17 10:00,2186,93,91,0.00,29,924.00,,18.1,9.6,0.43,1.51,4.6,3.0,5.4,6.3,,96,98,95,94,87
2017-07-17 11:00,2186,95,92,0.00,28,970.00,,18.6,10.4,0.42,1.58,4.8,3.3,5.2,6.3,,98,102,96,94,87
2017-07-17 12:00,2186,96,94,0.00,24,967.00,,18.6,10.9,0.38,1.64,4.8,3.0,5.8,6.6,,99,105,96,94,87
2017-07-17 13:00,2186,96,96,0.00,21,914.00,,18.5,10.6,0.35,1.72,4.7,3.5,5.4,6.3,,102,108,97,94,87
2017-07-17 14:00,2186,97,96,0.00,20,798.10,,19.1,10.5,0.36,1.73,4.9,3.5,5.4,6.3,,102,110,98,94,87
2017-07-17 15:00,2186,98,96,0.00,21,646.40,,17.8,10.3,0.36,1.77,4.6,3.2,5.6,5.6,9.5,104,111,99,94,87
2017-07-17 16:00,2186,97,96,0.00,19,435.60,,18.4,10.2,0.33,1.74,4.6,3.2,5.6,6.0,10.1,103,112,100,94,87
2017-07-17 17:00,2186,96,95,0.00,19,226.20,,15.7,8.8,0.34,1.70,4.6,3.2,5.8,6.0,9.4,104,112,101,94,87
2017-07-17 18:00,2186,95,93,0.00,21,45.91,,12.9,6.2,0.35,1.61,4.9,3.5,5.8,6.3,,102,111,102,94,87
2017-07-17 19:00,2186,93,90,0.00,22,0.68,,9.4,5.2,0.35,1.51,4.9,3.5,5.8,6.3,,102,110,102,94,87
2017-07-17 20:00,2186,90,87,0.00,25,0.19,,9.9,6.3,0.39,1.38,4.9,3.0,5.8,6.3,,102,107,102,94,87
2017-07-17 21:00,2186,88,86,0.00,32,0.15,,13.7,5.4,0.41,1.28,5.0,3.3,5.8,6.3,,102,105,102,94,87
2017-07-17 22:00,2186,88,85,0.00,17,0.10,,16.6,9.4,0.24,1.27,4.7,2.8,5.8,6.3,,101,103,102,95,87
2017-07-17 23:00,2186,85,82,0.00,21,0.11,,10.9,4.3,0.25,1.14,4.9,3.0,5.4,6.0,,99,101,101,95,87
2017-07-18 00:00,2186,82,79,0.00,23,0.06,,9.1,5.5,0.25,1.06,4.9,3.0,5.6,6.3,,98,99,101,95,87
2017-07-18 01:00,2186,80,79,0.00,26,0.05,,10.5,5.5,0.27,1.02,4.6,3.0,5.6,6.0,,98,98,100,95,87
2017-07-18 02:00,2186,80,79,0.00,27,0.02,,9.8,5.8,0.28,1.02,4.8,2.5,5.6,6.0,,98,97,99,95,87
2017-07-18 03:00,2186,79,78,0.00,26,0.03,,11.6,6.9,0.26,0.99,4.8,2.5,5.8,6.0,,97,96,98,95,87
2017-07-18 04:00,2186,78,74,0.00,25,4.54,,11.7,7.2,0.24,0.94,4.4,2.5,5.4,6.0,,96,94,98,95,87
2017-07-18 05:00,2186,77,74,0.00,28,97.50,,10.6,7.4,0.25,0.88,4.6,2.5,5.8,6.0,,96,93,97,95,87
2017-07-18 06:00,2186,83,77,0.00,28,180.00,,13.2,7.0,0.26,1.04,4.8,2.7,5.8,6.3,,95,92,96,95,87
2017-07-18 07:00,2186,84,83,0.00,21,294.00,,14.7,8.3,0.27,1.15,4.8,2.7,5.2,6.3,,95,92,96,95,87
2017-07-18 08:00,2186,86,84,0.00,23,414.10,,14.4,8.0,0.30,1.23,4.4,2.7,5.4,6.3,,94,92,96,94,87
2017-07-18 09:00,2186,90,86,0.00,24,696.10,,17.7,9.0,0.31,1.32,4.8,2.5,5.4,6.3,9.4,94,93,95,94,87
2017-07-18 10:00,2186,91,90,0.00,23,910.00,,16.6,9.6,0.33,1.44,4.8,3.3,5.4,6.3,,95,95,95,94,87
2017-07-18 11:00,2186,94,91,0.00,20,989.00,,18.6,10.1,0.25,1.55,4.6,3.0,5.4,5.6,,96,98,95,94,87
2017-07-18 12:00,2186,96,93,0.00,14,888.00,,17.4,10.0,0.25,1.62,4.4,3.3,5.4,6.0,,98,102,95,94,87
2017-07-18 13:00,2186,96,94,0.00,17,812.00,,19.6,10.4,0.26,1.64,4.6,3.7,5.8,6.0,,100,105,96,94,87
2017-07-18 14:00,2186,96,96,0.00,14,749.40,,19.1,9.6,0.24,1.71,5.0,3.5,5.8,6.0,,101,107,97,94,87
2017-07-18 15:00,2186,96,94,0.00,16,460.60,,18.0,9.3,0.27,1.68,5.0,3.5,5.6,6.0,,102,109,98,94,87
2017-07-18 16:00,2186,96,94,0.00,16,436.80,,14.4,7.8,0.26,1.67,4.7,3.5,5.8,5.6,,102,110,98,94,87
2017-07-18 17:00,2186,96,94,0.00,15,294.40,,13.1,7.1,0.23,1.68,4.5,3.5,5.6,5.8,,102,109,99,94,87
2017-07-18 18:00,2186,94,93,0.00,13,80.40,,14.0,6.0,0.22,1.60,4.7,3.5,5.6,5.8,,102,109,100,94,87
2017-07-18 19:00,2186,93,86,0.00,14,1.76,,12.6,8.7,0.36,1.40,5.0,3.0,5.6,5.6,,102,108,101,94,87
2017-07-18 20:00,2186,86,85,0.00,32,0.16,,15.1,8.5,0.41,1.24,5.0,3.0,5.4,6.0,,101,106,101,94,87
2017-07-18 21:00,2186,86,83,0.00,33,0.10,,10.9,5.2,0.43,1.22,5.0,3.3,5.6,5.6,,100,103,101,94,87
2017-07-18 22:00,2186,83,82,0.00,38,0.07,,9.0,4.9,0.44,1.13,5.2,2.8,5.6,5.6,,99,102,100,94,87
2017-07-18 23:00,2186,83,82,0.00,40,0.04,,11.0,5.9,0.34,1.11,4.6,3.0,5.6,6.3,,98,100,100,94,87
2017-07-19 00:00,2186,83,81,0.00,18,0.05,,10.9,6.9,0.21,1.09,4.6,3.0,5.6,6.3,,98,98,99,95,87
2017-07-19 01:00,2186,81,80,0.00,20,0.04,,9.8,5.9,0.21,1.05,4.8,2.2,5.8,6.3,,98,97,99,95,87
2017-07-19 02:00,2186,80,79,0.00,21,0.03,,12.9,7.6,0.22,1.01,4.8,2.5,5.6,6.3,,96,96,98,94,87
2017-07-19 03:00,2186,80,79,0.00,23,0.01,,10.8,6.8,0.24,1.00,4.4,2.5,5.4,6.3,,96,95,98,95,87
2017-07-19 04:00,2186,79,79,0.00,24,1.25,,9.7,5.8,0.24,1.01,4.6,2.5,5.6,6.0,,96,94,97,95,87
2017-07-19 05:00,2186,80,79,0.00,24,31.60,,5.7,2.2,0.24,1.00,4.6,2.5,5.8,6.3,,95,93,96,94,87
2017-07-19 06:00,2186,81,80,0.00,23,75.55,,6.2,3.6,0.25,1.04,4.6,2.7,5.2,5.6,,95,92,96,94,87
2017-07-19 07:00,2186,82,81,0.00,25,117.10,,10.5,4.3,0.34,1.08,4.8,2.5,5.4,5.6,,94,92,96,94,87
2017-07-19 08:00,2186,82,71,0.06,42,43.91,,19.0,7.7,0.51,1.01,4.8,2.5,5.4,5.8,,94,92,95,94,87
2017-07-19 09:00,2186,71,67,0.26,87,41.70,,31.8,18.7,0.64,0.70,4.4,2.5,5.4,6.2,,94,92,94,94,87
2017-07-19 10:00,2186,70,67,0.00,89,49.04,,26.5,14.5,0.56,0.71,4.4,2.2,5.4,6.2,,94,90,94,94,87
2017-07-19 11:00,2186,73,70,0.00,76,284.90,,19.2,13.9,0.55,0.75,4.2,2.2,5.4,6.2,,92,86,94,94,87
2017-07-19 12:00,2186,82,73,0.00,66,792.50,,19.4,12.4,0.52,0.95,4.4,2.5,5.2,6.2,,90,84,93,94,87
2017-07-19 13:00,2186,86,82,0.00,45,1031.00,,16.9,10.8,0.45,1.19,4.4,2.4,5.4,6.2,,89,85,92,94,87
2017-07-19 14:00,2186,88,86,0.00,33,836.00,,12.3,6.3,0.42,1.28,4.4,3.1,5.6,6.2,,90,87,91,94,87
2017-07-19 15:00,2186,89,88,0.00,30,621.10,,15.3,8.5,0.39,1.36,4.2,3.5,5.0,6.4,,91,91,91,93,87
2017-07-19 16:00,2186,89,89,0.00,28,415.00,,14.8,5.6,0.35,1.37,4.4,3.4,5.6,6.4,9.6,92,93,91,93,87
2017-07-19 17:00,2186,89,87,0.00,26,195.20,,9.6,3.5,0.35,1.37,4.8,3.4,5.6,6.0,9.4,92,92,92,92,87
2017-07-19 18:00,2186,87,81,0.00,26,29.05,,12.4,5.1,0.39,1.25,4.6,3.1,5.2,6.0,10.0,91,92,92,92,87
2017-07-19 19:00,2186,81,79,0.00,47,0.41,,11.6,5.5,0.54,1.05,4.6,3.5,5.2,6.0,9.9,91,90,92,92,87
2017-07-19 20:00,2186,79,76,0.00,55,0.05,,9.7,5.2,0.57,0.96,4.6,3.5,5.2,6.0,10.0,90,88,92,92,87
2017-07-19 21:00,2186,77,76,0.00,62,0.03,,8.9,5.1,0.57,0.92,4.6,3.3,5.4,6.0,10.0,89,86,91,92,87
2017-07-19 22:00,2186,76,74,0.00,62,0.02,,9.0,6.0,0.54,0.90,4.6,3.8,5.4,6.0,9.8,89,85,90,92,87
2017-07-19 23:00,2186,75,73,0.00,67,0.02,,10.6,6.6,0.53,0.86,4.6,3.8,5.0,6.0,10.1,88,83,90,92,87
2017-07-20 00:00,2186,75,72,0.00,64,0.02,,9.4,6.2,0.51,0.82,4.8,3.4,5.0,6.2,9.8,87,82,89,92,87
2017-07-20 01:00,2186,75,74,0.00,52,0.01,,9.3,5.0,0.45,0.87,4.8,3.0,5.2,6.2,10.1,86,81,89,92,87
2017-07-20 02:00,2186,75,74,0.00,51,0.01,,8.3,3.3,0.47,0.86,4.7,3.0,5.2,6.2,10.1,86,80,88,91,87
2017-07-20 03:00,2186,74,73,0.00,55,0.02,,7.8,4.3,0.47,0.84,4.7,3.8,5.2,6.2,10.0,86,80,87,91,87
2017-07-20 04:00,2186,74,73,0.00,50,0.49,,9.1,5.7,0.37,0.84,4.6,3.6,5.4,6.2,10.1,85,79,87,91,87
2017-07-20 05:00,2186,74,73,0.00,45,23.51,,9.3,6.4,0.35,0.84,4.7,3.5,5.0,5.5,9.8,85,79,86,90,87
2017-07-20 06:00,2186,76,73,0.00,46,99.20,,10.3,6.6,0.35,0.87,4.7,4.0,5.0,5.8,10.0,84,78,86,90,87
2017-07-20 07:00,2186,80,76,0.00,36,225.00,,9.9,5.3,0.29,0.96,4.4,3.4,5.0,5.8,9.8,84,78,85,90,87
2017-07-20 08:00,2186,83,80,0.00,25,329.70,,9.3,4.7,0.27,1.07,4.4,3.2,5.2,5.8,9.8,84,78,85,90,87
2017-07-20 09:00,2186,87,83,0.00,28,766.60,,9.8,5.8,0.32,1.18,4.6,3.5,5.2,5.8,9.8,84,80,84,90,87
2017-07-20 10:00,2186,88,86,0.00,24,531.70,,11.5,6.8,0.32,1.29,4.3,4.2,5.0,5.8,10.0,85,82,84,89,87
2017-07-20 11:00,2186,89,87,0.00,23,409.50,,13.3,4.2,0.28,1.35,5.1,4.4,5.0,6.0,9.9,87,87,85,89,87
2017-07-20 12:00,2186,92,89,0.00,21,571.60,,11.1,3.9,0.29,1.39,4.6,4.3,5.0,6.0,10.0,89,89,86,89,87
2017-07-20 13:00,2186,94,91,0.00,16,718.10,,19.6,8.3,0.26,1.50,4.8,4.4,5.2,6.0,10.0,90,91,86,89,87
2017-07-20 14:00,2186,94,93,0.00,14,821.00,,19.4,8.8,0.24,1.56,4.8,4.4,5.0,5.6,9.9,91,93,87,89,87
2017-07-20 15:00,2186,94,92,0.00,17,586.50,,16.9,8.2,0.27,1.57,4.9,4.9,5.4,5.8,9.8,92,96,89,89,87
2017-07-20 16:00,2186,93,92,0.00,16,415.00,,16.8,7.4,0.26,1.56,5.0,5.2,5.6,5.8,10.3,93,98,90,89,87
2017-07-20 17:00,2186,93,92,0.00,16,213.10,,15.8,7.5,0.26,1.53,4.9,5.0,5.4,5.6,9.9,93,97,90,89,87
2017-07-20 18:00,2186,92,89,0.00,18,41.63,,11.7,6.3,0.27,1.45,4.9,4.7,5.2,5.8,9.9,93,96,92,89,87
2017-07-20 19:00,2186,89,86,0.00,20,0.52,,8.7,4.1,0.28,1.34,4.8,4.6,5.8,6.2,9.9,93,95,92,89,87
2017-07-20 20:00,2186,86,83,0.00,23,0.12,,10.2,5.3,0.26,1.19,4.8,4.9,5.8,6.0,9.9,92,93,92,89,87
2017-07-20 21:00,2186,84,82,0.00,12,0.12,,12.1,7.6,0.15,1.14,4.8,4.4,5.6,6.0,9.8,91,91,92,89,87
2017-07-20 22:00,2186,82,78,0.00,16,0.07,,8.0,4.4,0.19,1.02,4.8,4.6,5.8,6.0,10.0,90,89,92,89,87
2017-07-20 23:00,2186,79,74,0.00,21,0.03,,9.0,5.6,0.22,0.92,4.8,4.8,5.6,6.0,9.9,90,87,91,89,87
2017-07-21 00:00,2186,74,72,0.00,28,0.03,,9.7,6.2,0.24,0.83,4.8,5.0,5.8,6.2,9.8,89,86,90,90,87
2017-07-21 01:00,2186,73,71,0.00,32,0.01,,9.9,4.9,0.25,0.81,4.8,4.3,5.8,6.0,10.0,89,85,90,89,87
2017-07-21 02:00,2186,71,70,0.00,33,0.01,,8.0,5.8,0.25,0.75,5.0,4.6,5.2,6.0,9.8,87,83,89,90,87
2017-07-21 03:00,2186,70,67,0.00,32,0.00,,9.7,7.2,0.23,0.70,4.7,4.3,5.4,6.0,9.9,87,82,89,90,87
2017-07-21 04:00,2186,67,66,0.00,33,2.46,,10.6,8.0,0.22,0.67,4.4,4.3,5.3,6.0,10.0,86,81,88,89,87
2017-07-21 05:00,2186,72,66,0.00,34,98.30,,11.4,8.0,0.22,0.67,4.6,4.6,5.3,6.0,9.8,85,80,87,89,87
2017-07-21 06:00,2186,82,72,0.00,26,298.90,,9.3,6.2,0.18,0.93,4.9,4.6,5.2,6.2,10.0,85,79,86,89,87
2017-07-21 07:00,2186,86,82,0.00,14,504.00,,8.8,4.2,0.14,1.15,4.9,4.6,5.2,6.0,10.0,84,79,86,89,87
2017-07-21 08:00,2186,88,86,0.00,12,688.30,,9.6,4.3,0.15,1.27,4.9,4.8,5.2,5.8,9.9,85,80,85,89,87
2017-07-21 09:00,2186,89,88,0.00,15,835.00,,15.3,7.9,0.22,1.36,5.0,4.4,5.2,5.6,9.8,86,84,85,89,87
2017-07-21 10:00,2186,91,89,0.00,15,935.00,,18.5,8.4,0.22,1.44,5.0,4.9,5.2,5.8,9.9,89,89,86,89,87
2017-07-21 11:00,2186,92,91,0.00,14,977.00,,16.8,8.0,0.20,1.50,4.9,5.1,5.3,5.8,10.0,91,93,86,89,87
2017-07-21 12:00,2186,94,92,0.00,13,965.00,,22.2,10.5,0.20,1.56,5.3,5.1,5.8,6.1,10.0,94,98,88,88,87
2017-07-21 13:00,2186,94,93,0.00,13,895.00,,18.5,10.0,0.21,1.58,5.2,5.8,5.3,6.1,10.0,96,101,90,88,87
2017-07-21 14:00,2186,95,93,0.00,14,771.80,,20.0,9.5,0.22,1.62,5.2,5.8,5.6,5.8,10.0,98,102,92,89,87
2017-07-21 15:00,2186,94,93,0.00,14,604.40,,16.7,8.7,0.22,1.59,4.8,6.2,5.7,5.8,9.9,98,104,93,89,87
2017-07-21 16:00,2186,94,93,0.00,13,410.70,,15.7,7.1,0.21,1.59,5.3,5.8,5.5,6.1,9.8,98,104,94,89,87
2017-07-21 17:00,2186,93,92,0.00,13,211.10,,13.3,7.6,0.20,1.55,5.2,6.0,5.6,5.8,10.0,98,103,95,89,87
2017-07-21 18:00,2186,92,88,0.00,13,40.81,,9.9,5.2,0.19,1.47,5.3,6.0,5.8,5.8,10.0,97,102,96,89,87
2017-07-21 19:00,2186,88,86,0.00,14,0.50,,5.5,3.7,0.19,1.30,5.2,5.7,5.8,5.8,10.0,96,100,96,89,87
2017-07-21 20:00,2186,86,79,0.00,15,0.15,,10.7,4.4,0.23,1.11,5.3,5.5,5.8,6.0,10.0,96,98,96,90,87
2017-07-21 21:00,2186,79,76,0.00,26,0.06,,12.3,8.6,0.26,0.95,5.3,5.6,5.8,6.0,10.0,94,96,96,90,87
2017-07-21 22:00,2186,79,77,0.00,25,0.02,,8.7,5.6,0.23,0.95,5.3,5.1,5.8,6.0,10.0,94,93,95,90,87
2017-07-21 23:00,2186,79,77,0.00,19,0.03,,11.0,6.1,0.17,0.96,5.0,5.1,5.8,6.0,9.8,92,91,94,90,87
2017-07-22 00:00,2186,78,76,0.00,17,0.03,,10.0,6.3,0.18,0.95,5.0,5.4,5.4,6.0,10.0,92,90,94,90,87
2017-07-22 01:00,2186,76,72,0.00,23,0.03,,10.1,6.6,0.22,0.84,5.2,4.9,5.6,6.0,9.8,91,88,93,90,87
2017-07-22 02:00,2186,73,71,0.00,30,0.02,,10.0,7.0,0.23,0.79,5.3,5.1,5.6,5.8,10.1,90,87,92,90,87
2017-07-22 03:00,2186,72,69,0.00,28,0.00,,10.8,7.6,0.23,0.74,5.0,5.0,5.5,5.8,10.0,89,86,91,90,87
2017-07-22 04:00,2186,70,68,0.00,33,2.32,,11.0,8.1,0.24,0.71,5.0,4.9,5.8,5.8,9.8,89,84,90,90,87
2017-07-22 05:00,2186,75,70,0.00,31,101.80,,10.8,7.9,0.24,0.78,5.1,5.0,5.2,6.0,9.8,87,83,90,90,87
2017-07-22 06:00,2186,83,75,0.00,27,297.50,,10.5,5.8,0.24,0.99,4.5,5.0,5.5,6.0,9.8,87,82,89,90,86
2017-07-22 07:00,2186,89,83,0.00,19,502.00,,5.8,1.8,0.20,1.28,4.5,5.0,5.7,6.0,9.8,87,82,88,90,86
2017-07-22 08:00,2186,91,89,0.00,14,688.80,,8.3,2.6,0.20,1.45,4.8,5.2,5.7,6.0,10.0,87,84,87,90,87
2017-07-22 09:00,2186,93,91,0.00,16,812.00,,12.5,6.0,0.27,1.50,5.0,4.9,5.7,6.0,9.8,89,87,87,90,87
2017-07-22 10:00,2186,94,91,0.00,19,891.00,,15.1,4.8,0.28,1.53,5.0,5.4,5.7,5.8,10.0,91,91,88,90,86
2017-07-22 11:00,2186,93,92,0.00,18,496.70,,15.6,6.9,0.27,1.54,5.5,5.8,5.5,5.6,10.0,93,96,89,89,86
2017-07-22 12:00,2186,95,93,0.00,17,671.80,,16.9,6.9,0.24,1.61,5.5,5.7,5.5,5.6,9.9,96,98,90,89,86
2017-07-22 13:00,2186,96,94,0.00,14,930.00,,15.4,6.1,0.24,1.68,5.6,6.0,5.8,5.8,10.0,96,100,92,89,86
2017-07-22 14:00,2186,98,96,0.00,14,778.30,,13.3,6.2,0.25,1.74,5.2,6.5,5.6,5.8,10.0,98,102,93,89,86
2017-07-22 15:00,2186,98,96,0.00,14,593.60,,14.0,4.8,0.25,1.73,5.6,6.2,5.7,5.8,9.9,98,104,94,89,86
2017-07-22 16:00,2186,98,96,0.00,13,406.30,,15.2,8.6,0.24,1.76,5.7,5.9,5.6,5.6,9.9,99,105,95,90,86
2017-07-22 17:00,2186,97,95,0.00,14,205.80,,14.5,6.5,0.24,1.71,5.7,5.9,5.7,6.2,9.9,99,104,96,90,86
2017-07-22 18:00,2186,95,91,0.00,14,39.97,,11.2,6.4,0.24,1.60,5.6,6.2,5.7,6.0,9.9,98,103,96,90,86
2017-07-22 19:00,2186,91,89,0.00,17,0.46,,8.4,4.6,0.25,1.43,5.5,5.9,6.2,6.0,9.9,98,102,97,90,86
2017-07-22 20:00,2186,89,83,0.00,18,0.22,,8.2,4.6,0.26,1.26,5.5,5.8,6.2,6.2,9.9,97,99,97,90,86
2017-07-22 21:00,2186,83,80,0.00,25,0.12,,12.3,7.9,0.29,1.08,5.7,5.7,6.2,6.1,10.0,96,97,97,90,86
2017-07-22 22:00,2186,80,78,0.00,29,0.06,,12.0,9.4,0.29,1.00,5.3,5.3,6.2,5.8,9.9,95,96,96,91,86
2017-07-22 23:00,2186,82,78,0.00,30,0.04,,12.5,8.2,0.27,1.02,5.3,5.7,6.1,5.8,9.7,94,94,96,91,86
2017-07-23 00:00,2186,82,79,0.00,22,0.04,,12.1,7.2,0.27,1.04,5.5,5.6,6.3,6.1,9.9,94,92,95,91,86
2017-07-23 01:00,2186,79,76,0.00,37,0.04,,11.3,7.2,0.40,0.98,5.0,5.0,5.7,5.8,9.7,92,90,94,91,86
2017-07-23 02:00,2186,76,76,0.00,47,0.05,,7.5,4.7,0.42,0.91,5.1,5.3,5.7,6.1,9.8,92,90,94,91,86
2017-07-23 03:00,2186,76,73,0.00,46,0.02,,7.5,4.6,0.43,0.87,5.4,5.1,6.0,5.8,9.8,91,89,93,91,86
2017-07-23 04:00,2186,74,70,0.00,50,2.71,,12.6,8.0,0.40,0.80,5.4,5.4,6.0,6.1,10.0,90,87,92,91,86
2017-07-23 05:00,2186,76,71,0.00,52,96.30,,12.4,8.8,0.38,0.81,5.6,4.6,5.7,6.1,9.7,90,86,92,91,86
2017-07-23 06:00,2186,86,76,0.00,39,292.20,,10.4,5.7,0.32,1.05,5.2,4.8,5.7,5.8,9.6,89,85,91,91,86
2017-07-23 07:00,2186,91,86,0.00,23,497.00,,6.6,3.2,0.27,1.35,5.5,4.8,5.9,6.1,9.9,89,85,90,91,86
2017-07-23 08:00,2186,93,91,0.00,17,683.00,,10.4,3.7,0.25,1.50,5.2,5.4,5.7,5.8,9.9,89,86,90,91,86
2017-07-23 09:00,2186,95,93,0.00,16,835.00,,17.0,4.5,0.24,1.60,5.6,5.5,5.1,5.8,9.9,90,89,90,90,86
2017-07-23 10:00,2186,96,94,0.00,14,936.00,,11.8,4.9,0.23,1.67,5.5,5.5,5.7,6.1,9.7,92,93,90,90,86
2017-07-23 11:00,2186,97,96,0.00,14,991.00,,16.5,6.6,0.24,1.75,5.5,5.3,5.7,5.8,9.6,95,97,90,90,86
2017-07-23 12:00,2186,98,97,0.00,14,1007.00,,15.1,6.9,0.24,1.80,5.3,6.0,6.0,6.0,9.6,98,102,92,90,87
2017-07-23 13:00,2186,99,98,0.00,13,851.00,,18.2,6.1,0.25,1.83,6.0,6.2,5.5,6.0,9.5,99,105,94,90,87
2017-07-23 14:00,2186,99,97,0.00,13,614.70,,16.0,6.9,0.25,1.82,5.9,6.2,5.9,6.2,10.1,101,107,95,90,87
2017-07-23 15:00,2186,99,97,0.00,13,547.30,,14.7,5.2,0.25,1.83,6.1,6.5,5.8,6.2,9.9,102,109,96,90,86
2017-07-23 16:00,2186,99,97,0.00,13,450.20,,14.8,6.1,0.25,1.84,5.9,6.5,6.2,6.2,9.8,102,109,98,90,86
2017-07-23 17:00,2186,99,97,0.00,13,232.70,,15.9,6.4,0.25,1.84,6.1,6.2,6.0,5.8,9.9,102,108,98,91,86
2017-07-23 18:00,2186,97,94,0.00,14,51.91,,10.2,5.4,0.25,1.73,5.9,6.2,6.2,5.8,9.6,101,107,99,91,87
2017-07-23 19:00,2186,94,92,0.00,16,0.44,,10.7,6.2,0.26,1.59,5.7,6.0,6.0,5.8,9.5,100,106,99,92,86
2017-07-23 20:00,2186,92,89,0.00,18,0.22,,15.9,8.7,0.34,1.44,5.9,6.3,6.0,5.8,9.9,99,103,100,92,86
2017-07-23 21:00,2186,89,86,0.00,28,0.20,,19.6,9.1,0.40,1.32,6.1,5.3,6.0,6.1,9.8,99,102,99,92,87
2017-07-23 22:00,2186,86,83,0.00,34,0.15,,17.2,11.3,0.44,1.20,6.1,5.8,6.0,6.5,,98,100,99,92,88
2017-07-23 23:00,2186,83,81,0.00,40,0.11,,15.1,8.2,0.46,1.11,5.7,5.8,6.0,5.6,,96,98,98,92,88
2017-07-24 00:00,2186,81,79,0.00,44,0.04,,9.7,5.1,0.47,1.04,5.7,5.5,6.0,6.2,,96,96,98,92,88
2017-07-24 01:00,2186,79,78,0.00,48,0.07,,9.0,5.6,0.48,0.99,5.9,5.3,6.4,6.2,,96,95,97,93,88
2017-07-24 02:00,2186,78,77,0.00,49,0.07,,10.0,6.3,0.48,0.97,5.8,5.0,6.2,6.2,,95,94,97,93,88
2017-07-24 03:00,2186,77,75,0.00,51,0.04,,10.6,5.6,0.48,0.91,5.5,5.3,6.0,6.2,,94,92,96,93,88
2017-07-24 04:00,2186,76,75,0.00,54,1.79,,8.6,5.2,0.48,0.88,5.5,4.8,6.1,6.2,,94,91,95,93,88
2017-07-24 05:00,2186,80,75,0.00,54,105.70,,8.4,4.9,0.46,0.92,5.5,5.3,6.1,6.2,,92,90,94,93,88
2017-07-24 06:00,2186,84,80,0.00,42,299.60,,9.9,4.9,0.44,1.08,5.6,4.9,5.8,6.2,,92,89,94,92,88
2017-07-24 07:00,2186,85,83,0.00,39,522.30,,9.4,4.8,0.45,1.17,5.6,4.9,5.8,6.2,,92,89,93,92,88
2017-07-24 08:00,2186,87,85,0.00,37,617.20,,11.2,5.0,0.45,1.23,5.8,4.9,5.8,6.2,,92,90,93,92,88
2017-07-24 09:00,2186,89,87,0.00,34,788.70,,17.5,7.4,0.44,1.31,5.6,5.0,5.8,6.2,,93,93,92,92,88
2017-07-24 10:00,2186,88,87,0.00,33,222.30,,20.6,8.1,0.45,1.30,5.5,5.3,5.8,5.5,,94,96,93,92,88
2017-07-24 11:00,2186,87,66,0.67,36,37.06,,31.1,17.2,0.55,0.84,5.7,5.0,5.8,6.2,,96,98,94,92,88
2017-07-24 12:00,2186,69,66,0.26,90,36.12,,17.1,9.8,0.58,0.69,5.9,5.1,6.1,5.5,,94,96,94,92,88
2017-07-24 13:00,2186,69,67,0.00,78,54.81,,18.0,9.0,0.59,0.70,16.2,14.1,6.0,6.2,,88,86,94,92,88
2017-07-24 14:00,2186,75,69,0.00,82,181.70,,12.0,5.1,0.61,0.76,16.3,13.5,7.0,6.2,,87,84,92,92,88
2017-07-24 15:00,2186,77,75,0.00,71,392.20,,8.8,4.1,0.60,0.92,16.1,13.2,8.9,6.5,,87,83,90,92,88
2017-07-24 16:00,2186,77,76,0.00,63,99.80,,11.2,4.4,0.58,0.92,16.2,13.2,9.9,6.5,,87,83,89,92,88
2017-07-24 17:00,2186,76,74,0.00,63,20.59,,8.0,2.6,0.57,0.88,15.9,12.5,10.9,5.5,,87,83,87,91,88
2017-07-24 18:00,2186,74,71,0.02,68,3.20,,5.5,1.8,0.61,0.79,15.5,12.2,11.4,5.8,,87,82,87,91,88
2017-07-24 19:00,2186,73,71,0.00,84,0.06,,9.4,5.6,0.63,0.79,15.9,12.2,12.2,5.8,,86,82,86,90,88
2017-07-24 20:00,2186,73,72,0.00,76,0.01,,9.6,5.5,0.64,0.80,15.7,12.4,12.0,5.8,,86,81,86,90,88
2017-07-24 21:00,2186,73,72,0.00,78,0.01,,9.4,6.2,0.63,0.81,15.7,11.8,12.4,5.8,,85,80,85,90,88
2017-07-24 22:00,2186,72,72,0.00,82,0.01,,8.6,5.4,0.63,0.80,15.6,12.1,12.7,5.8,,85,80,85,90,88
2017-07-24 23:00,2186,73,72,0.00,81,0.01,,8.0,4.5,0.63,0.80,15.6,11.9,12.7,6.0,,84,79,84,89,88
2017-07-25 00:00,2186,73,72,0.00,78,0.01,,5.6,3.1,0.64,0.79,15.4,11.7,12.7,6.0,,83,79,83,89,88
2017-07-25 01:00,2186,72,71,0.00,81,0.01,,5.6,3.8,0.64,0.77,15.4,11.6,12.5,6.0,,83,78,83,89,88
2017-07-25 02:00,2186,72,71,0.00,86,0.01,,7.6,4.2,0.64,0.78,15.3,11.7,12.5,6.0,,82,78,82,89,88
2017-07-25 03:00,2186,72,72,0.00,76,0.00,,7.2,3.7,0.61,0.80,15.1,11.6,12.4,5.6,,82,78,82,88,88
2017-07-25 04:00,2186,72,72,0.00,77,0.94,,5.6,2.8,0.62,0.80,15.1,11.5,12.5,5.8,,82,77,82,88,88
2017-07-25 05:00,2186,73,72,0.00,78,45.83,,8.2,3.6,0.62,0.79,14.9,11.7,12.5,5.8,,82,77,81,87,88
2017-07-25 06:00,2186,76,73,0.00,74,164.60,,7.8,4.7,0.57,0.83,15.1,11.5,12.7,5.8,,82,77,80,87,88
2017-07-25 07:00,2186,76,75,0.00,65,302.00,,10.7,5.5,0.59,0.90,15.0,11.3,12.7,6.2,,82,77,80,87,88
2017-07-25 08:00,2186,78,76,0.00,70,375.10,,10.5,5.8,0.60,0.94,14.8,11.3,12.2,6.2,,82,78,80,86,88
2017-07-25 09:00,2186,80,78,0.00,58,331.40,,9.7,4.8,0.51,0.98,14.9,11.3,12.6,5.6,,82,79,80,86,88
2017-07-25 10:00,2186,82,80,0.00,46,518.90,,10.9,5.2,0.46,1.05,14.9,11.2,12.5,5.6,,82,80,81,86,88
2017-07-25 11:00,2186,84,81,0.00,44,757.10,,12.3,4.8,0.50,1.11,14.8,11.2,12.5,5.6,,83,81,81,86,88
2017-07-25 12:00,2186,83,76,0.00,53,628.30,,24.5,13.5,0.59,1.04,14.8,11.4,12.2,5.6,,83,83,82,86,88
2017-07-25 13:00,2186,76,74,0.00,69,467.60,,23.2,14.4,0.60,0.87,14.8,11.3,12.5,5.8,,85,85,82,85,88
2017-07-25 14:00,2186,76,73,0.00,72,317.20,,20.7,13.2,0.58,0.85,14.5,11.3,12.5,5.8,,85,84,83,85,88
2017-07-25 15:00,2186,79,76,0.00,58,309.80,,15.8,10.0,0.55,0.95,14.7,10.8,12.3,5.8,,84,83,83,85,88
2017-07-25 16:00,2186,80,79,0.00,56,284.40,,17.5,10.7,0.53,1.00,14.6,10.8,12.5,5.8,,84,83,83,85,88
2017-07-25 17:00,2186,80,79,0.00,57,155.50,,15.0,7.8,0.57,1.02,14.5,10.7,12.6,5.6,,83,82,83,85,88
2017-07-25 18:00,2186,79,77,0.00,59,27.56,,12.0,4.9,0.60,0.99,14.4,10.6,12.6,5.8,,83,82,83,86,88
2017-07-25 19:00,2186,77,73,0.00,63,0.24,,10.0,6.1,0.61,0.89,14.4,10.6,12.4,5.6,,83,81,83,86,88
2017-07-25 20:00,2186,74,72,0.00,74,0.02,,9.4,6.9,0.60,0.82,14.0,10.3,12.6,5.6,,82,80,83,85,88
2017-07-25 21:00,2186,72,72,0.00,74,0.01,,10.8,7.4,0.58,0.79,14.0,10.6,12.4,5.6,,82,79,82,85,88
2017-07-25 22:00,2186,73,72,0.00,74,0.00,,10.7,7.3,0.58,0.80,14.2,10.7,12.3,5.6,,82,78,82,85,88
2017-07-25 23:00,2186,72,72,0.00,74,0.01,,12.7,7.9,0.58,0.80,14.0,10.3,12.4,5.8,,81,77,81,85,88
2017-07-26 00:00,2186,72,69,0.00,74,0.00,,10.5,7.8,0.58,0.75,14.0,10.1,12.3,5.8,,81,76,80,85,88
2017-07-26 01:00,2186,69,69,0.00,82,0.00,,10.1,7.0,0.58,0.71,13.5,10.3,11.9,5.8,,80,76,80,85,88
2017-07-26 02:00,2186,69,68,0.00,83,0.00,,9.3,7.0,0.58,0.71,13.5,10.3,12.1,5.8,,80,75,80,85,88
2017-07-26 03:00,2186,68,68,0.00,83,0.00,,10.2,7.4,0.58,0.70,13.5,9.9,12.0,5.8,,80,75,79,85,88
2017-07-26 04:00,2186,68,68,0.00,83,2.86,,9.0,7.0,0.58,0.69,13.5,10.3,12.0,5.8,,79,74,79,84,88
2017-07-26 05:00,2186,70,68,0.00,83,55.65,,8.3,5.7,0.58,0.73,13.5,9.9,11.9,5.8,,79,74,78,84,88
2017-07-26 06:00,2186,75,70,0.00,77,164.30,,6.5,3.4,0.58,0.80,13.3,10.1,11.9,5.3,,79,74,78,83,88
2017-07-26 07:00,2186,77,75,0.00,67,174.90,,6.8,3.6,0.58,0.90,13.2,10.1,11.9,5.6,,79,74,77,83,88
2017-07-26 08:00,2186,81,77,0.00,62,348.60,,5.9,3.4,0.56,0.99,13.3,9.9,12.1,5.6,,79,76,78,83,88
2017-07-26 09:00,2186,83,81,0.00,46,586.50,,5.9,2.7,0.48,1.13,13.1,9.9,12.1,5.6,,79,77,78,83,88
2017-07-26 10:00,2186,87,83,0.00,42,868.00,,10.3,4.7,0.46,1.24,13.3,10.5,11.6,5.6,,80,80,78,82,88
2017-07-26 11:00,2186,88,86,0.00,32,550.80,,14.4,5.9,0.41,1.28,12.9,10.4,11.6,5.6,,82,83,79,82,88
2017-07-26 12:00,2186,89,87,0.00,33,911.00,,14.7,6.4,0.42,1.35,13.3,10.5,12.0,5.6,,84,85,80,82,88
2017-07-26 13:00,2186,91,89,0.00,29,994.00,,15.6,7.1,0.40,1.43,13.3,10.4,12.0,5.6,,85,88,82,82,88
2017-07-26 14:00,2186,92,90,0.00,26,876.00,,14.2,8.4,0.39,1.47,12.9,10.6,11.8,5.6,,87,90,83,82,88
2017-07-26 15:00,2186,92,91,0.00,26,641.20,,16.0,5.5,0.39,1.49,13.1,10.4,12.0,5.6,,88,93,85,83,88
2017-07-26 16:00,2186,92,91,0.00,26,461.90,,11.7,5.1,0.38,1.49,13.1,10.6,11.9,5.6,,89,94,87,83,88
2017-07-26 17:00,2186,92,90,0.00,27,253.20,,15.2,3.9,0.38,1.49,13.1,10.1,12.3,5.3,,89,93,88,83,88
2017-07-26 18:00,2186,90,87,0.00,26,42.01,,9.3,4.7,0.38,1.40,12.9,10.4,12.3,5.8,,89,93,89,84,88
2017-07-26 19:00,2186,87,85,0.00,30,0.36,,7.0,4.1,0.40,1.27,12.7,10.4,11.8,5.8,,89,91,89,85,88
2017-07-26 20:00,2186,85,78,0.00,32,0.13,,8.4,5.0,0.48,1.10,12.9,9.8,11.9,5.6,,88,89,89,85,86
2017-07-26 21:00,2186,78,76,0.00,56,0.04,,10.1,6.6,0.53,0.95,12.9,9.8,12.2,5.6,,87,87,88,85,86
2017-07-26 22:00,2186,77,75,0.00,55,0.02,,10.3,6.9,0.50,0.90,12.8,9.9,12.1,6.2,,86,86,87,86,86
2017-07-26 23:00,2186,81,77,0.00,47,0.01,,14.6,7.5,0.42,1.00,12.7,9.7,11.7,5.8,,86,84,87,86,86
2017-07-27 00:00,2186,79,75,0.00,41,0.04,,9.2,5.1,0.43,0.93,12.8,9.9,11.9,6.0,,85,82,86,86,86
2017-07-27 01:00,2186,75,72,0.00,52,0.03,,10.0,7.2,0.47,0.84,12.5,9.7,11.9,6.0,10.1,85,82,85,86,86
2017-07-27 02:00,2186,72,70,0.00,59,0.01,,12.3,8.2,0.48,0.78,12.4,9.5,11.8,5.8,,84,80,85,86,86
2017-07-27 03:00,2186,71,69,0.00,66,0.01,,11.6,8.2,0.49,0.74,12.4,9.3,11.6,5.8,,83,80,84,86,86
2017-07-27 04:00,2186,70,68,0.00,63,1.81,,12.0,8.2,0.48,0.73,12.3,9.5,11.7,5.8,,83,79,83,86,86
2017-07-27 05:00,2186,72,68,0.00,69,96.40,,12.0,7.9,0.48,0.73,12.3,9.3,11.7,6.0,,82,78,82,85,86
2017-07-27 06:00,2186,80,72,0.00,59,292.90,,10.1,6.5,0.46,0.89,12.1,9.5,11.4,5.8,,82,77,82,85,86
2017-07-27 07:00,2186,86,80,0.00,39,495.60,,6.3,2.7,0.36,1.14,11.9,9.5,11.5,6.0,,82,77,82,85,86
2017-07-27 08:00,2186,90,86,0.00,25,680.50,,5.0,1.7,0.32,1.32,12.3,9.3,11.4,5.8,,82,79,81,85,86
2017-07-27 09:00,2186,90,88,0.00,23,832.00,,9.0,3.9,0.33,1.38,12.2,9.4,11.3,5.8,,83,82,82,85,86
2017-07-27 10:00,2186,91,89,0.00,23,936.00,,10.8,4.8,0.32,1.44,12.1,9.6,11.3,6.0,,86,87,82,84,86
2017-07-27 11:00,2186,92,90,0.00,22,659.80,,12.8,4.5,0.32,1.47,12.1,10.0,11.3,5.8,,89,91,84,84,86
2017-07-27 12:00,2186,94,92,0.00,21,989.00,,16.8,6.5,0.32,1.57,12.0,9.7,11.5,6.0,,91,94,86,84,86
2017-07-27 13:00,2186,94,93,0.00,19,937.00,,12.1,5.7,0.29,1.59,12.3,9.8,11.4,5.8,,92,97,88,85,86
2017-07-27 14:00,2186,96,94,0.00,17,753.50,,13.5,6.0,0.26,1.67,12.3,10.3,11.8,5.8,,94,98,90,85,86
2017-07-27 15:00,2186,95,94,0.00,16,612.80,,25.3,7.5,0.23,1.64,11.9,10.1,11.6,5.8,,94,100,92,85,86
2017-07-27 16:00,2186,95,95,0.00,14,412.80,,14.8,7.4,0.22,1.66,12.0,10.0,11.6,5.5,,94,101,93,86,86
2017-07-27 17:00,2186,95,93,0.00,13,210.00,,14.5,7.9,0.20,1.61,12.0,10.0,11.8,6.0,,94,98,94,86,86
2017-07-27 18:00,2186,93,88,0.00,12,35.04,,12.3,5.8,0.19,1.50,11.9,10.0,11.6,5.8,,94,98,94,87,86
2017-07-27 19:00,2186,88,86,0.00,15,0.36,,6.8,3.6,0.19,1.30,11.6,9.4,11.6,6.4,,93,96,94,87,86
2017-07-27 20:00,2186,86,79,0.00,18,0.13,,11.0,6.5,0.27,1.09,11.7,9.4,11.2,6.2,,92,93,94,88,86
2017-07-27 21:00,2186,79,76,0.00,29,0.07,,11.9,9.0,0.30,0.95,11.7,9.9,11.1,6.2,,91,91,92,89,86
2017-07-27 22:00,2186,76,75,0.00,33,0.04,,12.1,7.4,0.29,0.90,11.4,9.1,11.7,6.0,,90,89,92,89,86
2017-07-27 23:00,2186,78,75,0.00,35,0.04,,10.8,6.6,0.27,0.92,11.9,8.9,11.5,5.6,,89,87,91,89,86
2017-07-28 00:00,2186,77,73,0.00,27,0.02,,10.0,7.1,0.28,0.87,11.7,9.5,11.2,5.6,,89,86,90,89,86
2017-07-28 01:00,2186,73,70,0.00,37,0.01,,9.5,7.0,0.33,0.79,11.5,9.2,11.1,6.1,,88,85,89,89,86
2017-07-28 02:00,2186,70,69,0.00,48,0.00,,12.1,8.6,0.35,0.73,11.5,8.9,11.5,6.1,,87,83,88,89,86
2017-07-28 03:00,2186,69,68,0.00,51,0.01,,12.1,9.0,0.35,0.71,11.3,8.6,11.1,5.6,10.0,86,82,87,89,87
2017-07-28 04:00,2186,69,68,0.00,51,1.15,,12.4,8.6,0.35,0.70,11.5,8.9,10.9,5.6,,86,81,86,88,87
2017-07-28 05:00,2186,71,67,0.00,50,74.61,,11.4,7.5,0.35,0.69,11.3,8.7,11.1,5.6,,85,80,85,88,87
2017-07-28 06:00,2186,82,71,0.00,46,294.70,,10.4,6.4,0.34,0.89,11.0,8.5,11.1,5.6,,84,79,85,87,87
2017-07-28 07:00,2186,87,82,0.00,27,505.50,,6.4,2.5,0.28,1.19,10.9,8.5,10.9,5.6,10.5,83,79,83,87,87
2017-07-28 08:00,2186,90,87,0.00,17,591.40,,7.7,2.6,0.22,1.32,10.7,8.9,10.5,6.2,10.2,84,81,83,87,87
2017-07-28 09:00,2186,91,89,0.00,15,823.00,,15.4,6.5,0.24,1.41,11.1,9.2,11.0,6.2,10.2,86,84,83,87,87
2017-07-28 10:00,2186,92,90,0.00,16,941.00,,14.1,6.5,0.25,1.48,11.0,8.7,11.0,6.2,,88,88,85,86,87
2017-07-28 11:00,2186,93,92,0.00,16,979.00,,14.5,6.6,0.23,1.54,10.9,9.1,11.0,5.8,,90,92,86,86,87
2017-07-28 12:00,2186,94,93,0.00,16,965.00,,16.3,8.5,0.23,1.57,11.1,9.6,10.9,6.2,,92,96,88,86,87
2017-07-28 13:00,2186,95,94,0.00,14,898.00,,17.4,8.3,0.23,1.64,11.1,9.8,11.2,6.2,10.6,95,99,90,86,86
2017-07-28 14:00,2186,96,95,0.00,14,773.50,,16.5,7.6,0.24,1.67,11.1,9.8,11.1,5.6,10.4,95,101,92,87,86
2017-07-28 15:00,2186,96,94,0.00,13,600.00,,14.2,7.4,0.23,1.67,10.9,9.6,11.0,6.0,10.5,96,102,94,87,86
2017-07-28 16:00,2186,95,94,0.00,14,405.20,,16.1,7.0,0.22,1.64,11.1,9.2,11.0,6.1,10.6,96,102,95,87,85
2017-07-28 17:00,2186,94,93,0.00,12,202.80,,14.7,7.9,0.20,1.62,10.9,9.5,11.0,5.8,10.4,96,100,96,88,86
2017-07-28 18:00,2186,93,90,0.00,12,34.95,,9.0,5.0,0.20,1.52,10.5,9.3,11.1,5.8,10.9,95,99,96,89,86
2017-07-28 19:00,2186,90,87,0.00,15,0.39,,9.3,4.8,0.24,1.36,10.9,8.9,10.7,5.6,10.2,94,97,96,89,85
2017-07-28 20:00,2186,87,79,0.00,19,0.16,,9.3,5.8,0.28,1.15,10.8,8.9,10.8,6.3,10.2,94,95,95,90,86
2017-07-28 21:00,2186,84,80,0.00,30,0.08,,13.5,6.4,0.33,1.06,11.0,8.7,11.1,6.3,10.4,93,93,94,90,86
2017-07-28 22:00,2186,85,81,0.00,32,0.07,,13.2,7.4,0.32,1.17,10.8,8.9,10.9,6.0,,92,91,94,90,86
2017-07-28 23:00,2186,81,80,0.00,26,0.06,,14.4,6.5,0.26,1.05,10.9,8.6,10.6,6.0,,91,90,93,90,86
2017-07-29 00:00,2186,80,79,0.00,24,0.05,,14.2,8.3,0.24,1.01,10.7,8.4,10.7,6.0,,91,89,92,90,86
2017-07-29 01:00,2186,79,76,0.00,24,0.03,,13.0,7.4,0.25,0.94,10.7,8.6,10.9,6.0,,90,87,91,90,86
2017-07-29 02:00,2186,77,76,0.00,28,0.02,,13.2,7.7,0.23,0.92,10.8,8.1,10.5,6.4,,89,86,90,90,86
2017-07-29 03:00,2186,76,73,0.00,26,0.01,,8.0,4.9,0.24,0.85,10.5,8.5,10.4,6.0,,89,85,89,90,86
2017-07-29 04:00,2186,74,72,0.00,30,1.45,,11.3,7.8,0.25,0.82,10.5,8.3,10.6,6.0,,88,84,89,90,87
2017-07-29 05:00,2186,76,72,0.00,32,86.80,,11.2,7.3,0.27,0.82,10.2,8.3,10.2,6.0,,87,83,88,89,87
2017-07-29 06:00,2186,82,76,0.00,30,284.30,,11.1,5.7,0.25,0.98,10.2,7.9,10.5,6.0,,87,82,87,89,87
2017-07-29 07:00,2186,86,82,0.00,22,492.70,,8.6,4.5,0.25,1.14,10.3,7.9,10.5,6.0,,86,82,86,89,87
2017-07-29 08:00,2186,87,85,0.00,21,688.90,,10.3,5.2,0.25,1.25,9.9,8.3,10.2,6.0,,86,84,86,89,87
2017-07-29 09:00,2186,89,87,0.00,19,834.00,,12.6,5.3,0.25,1.35,10.1,8.4,10.4,6.0,,88,87,86,89,87
2017-07-29 10:00,2186,91,88,0.00,17,931.00,,12.0,4.0,0.21,1.41,10.2,8.4,10.4,6.3,,90,91,87,88,87
2017-07-29 11:00,2186,93,90,0.00,14,971.00,,10.5,2.9,0.21,1.51,10.3,8.9,10.4,6.3,,92,95,89,88,87
2017-07-29 12:00,2186,95,92,0.00,15,961.00,,12.2,4.7,0.23,1.58,10.2,8.8,10.2,6.0,,94,98,90,88,87
2017-07-29 13:00,2186,96,94,0.00,15,912.00,,14.0,5.2,0.26,1.67,10.2,9.0,10.6,6.0,,96,102,92,88,87
2017-07-29 14:00,2186,96,94,0.00,17,804.00,,15.5,5.1,0.27,1.70,10.2,9.1,10.5,6.0,,98,103,94,89,87
2017-07-29 15:00,2186,96,95,0.00,16,611.50,,17.2,8.1,0.28,1.69,10.3,9.2,10.6,6.0,,98,105,96,89,87
2017-07-29 16:00,2186,95,93,0.00,17,362.60,,16.5,8.5,0.29,1.65,10.0,8.7,10.6,6.4,,98,105,97,89,87
2017-07-29 17:00,2186,94,93,0.00,19,192.50,,14.2,7.8,0.30,1.58,9.9,9.1,10.3,6.2,,98,103,98,90,87
2017-07-29 18:00,2186,93,90,0.00,19,33.57,,10.7,6.4,0.28,1.51,10.0,9.1,10.5,6.2,,98,102,98,90,87
2017-07-29 19:00,2186,90,89,0.00,20,0.39,,9.1,5.3,0.28,1.39,9.8,8.6,10.3,5.8,,96,100,98,91,87
2017-07-29 20:00,2186,89,81,0.00,21,0.17,,9.3,5.9,0.35,1.19,9.7,8.9,10.5,6.3,,96,98,97,91,87
2017-07-29 21:00,2186,84,80,0.00,38,0.10,,10.5,5.9,0.40,1.07,10.0,8.0,10.3,6.3,,95,96,96,92,87
2017-07-29 22:00,2186,84,81,0.00,31,0.10,,11.7,5.7,0.36,1.14,9.8,8.2,10.5,6.0,,94,94,96,92,87
2017-07-29 23:00,2186,82,80,0.00,34,0.08,,18.8,9.5,0.31,1.07,9.9,7.9,10.5,6.0,,94,93,95,92,87
2017-07-30 00:00,2186,81,78,0.00,37,0.09,,14.1,6.2,0.43,1.02,9.9,8.3,10.1,6.0,,93,91,94,92,87
2017-07-30 01:00,2186,78,75,0.00,45,0.06,,7.2,3.3,0.45,0.92,9.8,8.0,10.3,6.0,,92,90,94,92,87
2017-07-30 02:00,2186,77,74,0.00,51,0.03,,11.0,5.1,0.44,0.87,9.9,7.9,10.1,6.0,,91,89,92,92,87
2017-07-30 03:00,2186,78,72,0.00,36,0.01,,11.4,6.6,0.33,0.91,9.8,8.2,10.0,6.0,,91,88,92,92,87
2017-07-30 04:00,2186,73,72,0.00,48,1.30,,9.6,6.4,0.37,0.79,9.4,7.9,10.2,6.0,10.6,90,87,91,91,86
2017-07-30 05:00,2186,76,73,0.00,46,83.90,,11.1,6.6,0.39,0.83,9.5,7.6,10.2,6.0,,90,86,90,91,86
2017-07-30 06:00,2186,84,76,0.00,45,280.00,,10.6,6.3,0.41,1.01,9.8,7.7,10.0,6.0,,89,85,89,91,86
2017-07-30 07:00,2186,86,84,0.00,34,484.30,,12.2,6.8,0.37,1.22,9.4,7.7,9.8,6.0,,88,85,89,91,86
2017-07-30 08:00,2186,89,86,0.00,27,672.60,,15.4,6.6,0.33,1.29,9.2,8.2,10.2,6.0,,89,86,89,90,86
2017-07-30 09:00,2186,92,89,0.00,22,829.00,,8.6,3.2,0.30,1.40,9.4,8.2,9.8,6.0,,90,89,89,90,87
2017-07-30 10:00,2186,92,90,0.00,19,925.00,,10.0,4.8,0.27,1.49,9.2,8.2,9.8,6.0,,92,92,89,90,87
2017-07-30 11:00,2186,95,92,0.00,17,989.00,,13.4,4.8,0.24,1.61,9.7,8.8,9.7,6.0,,94,96,90,90,87
2017-07-30 12:00,2186,97,94,0.00,14,1010.00,,14.6,6.1,0.23,1.68,9.6,8.0,10.1,6.0,,96,100,92,90,87
2017-07-30 13:00,2186,97,92,0.00,12,694.40,,26.5,10.1,0.25,1.72,9.4,8.7,9.8,6.0,,98,103,94,90,87
2017-07-30 14:00,2186,94,92,0.00,15,670.80,,21.9,10.1,0.25,1.55,9.8,8.7,10.3,6.0,,99,105,96,90,87
2017-07-30 15:00,2186,95,93,0.00,14,599.00,,17.2,6.7,0.24,1.63,9.4,8.9,10.3,6.0,,100,104,97,90,87
2017-07-30 16:00,2186,95,93,0.00,16,395.30,,13.6,4.8,0.24,1.62,9.6,8.9,10.1,6.6,,99,104,98,91,87
2017-07-30 17:00,2186,96,94,0.00,14,194.80,,8.0,2.3,0.23,1.67,9.4,8.4,10.3,6.4,,98,102,98,91,87
2017-07-30 18:00,2186,94,89,0.00,14,31.16,,8.6,3.4,0.23,1.53,9.1,8.0,9.7,6.4,,98,102,98,92,86
2017-07-30 19:00,2186,89,83,0.00,19,0.35,,8.5,5.1,0.27,1.30,9.2,8.2,9.9,6.4,,97,100,98,92,86
2017-07-30 20:00,2186,83,80,0.00,29,0.17,,10.5,7.3,0.35,1.09,9.4,8.0,9.7,6.6,,96,98,98,92,86
2017-07-30 21:00,2186,80,78,0.00,35,0.08,,11.4,8.0,0.37,0.98,8.9,7.9,9.9,6.2,,96,96,97,93,86
2017-07-30 22:00,2186,79,77,0.00,34,0.04,,9.7,6.0,0.34,0.98,9.1,7.7,9.8,6.6,,95,94,96,93,86
2017-07-30 23:00,2186,77,75,0.00,38,0.02,,10.2,6.6,0.35,0.91,9.2,7.9,9.8,6.3,,94,92,96,93,86
2017-07-31 00:00,2186,75,73,0.00,42,0.02,,11.2,8.0,0.35,0.86,8.9,7.7,9.8,6.6,,94,91,95,93,86
2017-07-31 01:00,2186,73,72,0.00,44,0.02,,11.2,8.2,0.37,0.82,9.1,7.7,9.8,6.3,,92,90,94,93,86
2017-07-31 02:00,2186,73,72,0.00,45,0.02,,10.8,6.9,0.33,0.82,9.0,7.5,9.8,6.3,,92,89,93,92,86
2017-07-31 03:00,2186,73,71,0.00,38,0.00,,10.8,7.5,0.28,0.82,9.2,7.7,9.4,6.6,,91,87,92,92,86
2017-07-31 04:00,2186,72,71,0.00,39,1.20,,9.8,5.2,0.29,0.79,9.0,7.1,9.8,6.3,,90,86,91,92,86
2017-07-31 05:00,2186,75,71,0.00,39,81.00,,8.8,4.9,0.30,0.77,8.8,7.3,9.4,6.3,,90,85,90,92,86
2017-07-31 06:00,2186,82,75,0.00,31,282.00,,9.8,5.0,0.27,0.97,9.0,7.1,9.5,6.6,,89,85,90,92,86
2017-07-31 07:00,2186,88,82,0.00,24,489.50,,6.7,3.8,0.27,1.18,8.3,7.5,9.2,6.6,,89,85,89,91,86
2017-07-31 08:00,2186,91,88,0.00,17,679.80,,5.6,1.6,0.22,1.41,8.9,7.3,9.3,6.6,,89,86,89,91,86
2017-07-31 09:00,2186,93,91,0.00,16,837.00,,7.2,2.6,0.23,1.52,8.8,7.5,9.3,5.8,,90,89,89,90,86
2017-07-31 10:00,2186,95,93,0.00,14,876.00,,11.8,4.0,0.23,1.60,8.8,7.5,9.5,5.8,,92,92,89,90,86
2017-07-31 11:00,2186,96,94,0.00,14,828.00,,20.1,9.3,0.24,1.68,8.7,7.9,9.3,6.4,,94,96,90,90,86
2017-07-31 12:00,2186,94,93,0.00,15,379.30,,15.9,9.4,0.26,1.59,8.9,7.8,9.5,6.1,,96,100,92,90,86
2017-07-31 13:00,2186,94,93,0.00,17,459.80,,14.3,8.4,0.25,1.59,8.7,8.3,9.9,6.1,,98,101,94,90,86
2017-07-31 14:00,2186,97,94,0.00,15,625.20,,10.8,4.8,0.23,1.69,8.9,7.9,9.7,6.2,,97,101,95,90,86
2017-07-31 15:00,2186,97,97,0.00,13,620.50,,12.4,5.4,0.24,1.75,9.1,7.9,9.9,5.8,,97,102,96,91,86
2017-07-31 16:00,2186,97,96,0.00,14,248.80,,10.5,3.3,0.23,1.71,8.7,8.4,9.9,6.6,,98,102,96,91,86
2017-07-31 17:00,2186,97,95,0.00,13,138.00,,13.5,3.4,0.23,1.71,9.0,8.2,9.7,6.4,,98,102,97,91,86
2017-07-31 18:00,2186,95,90,0.00,14,24.02,,14.0,7.2,0.23,1.56,9.0,7.9,9.4,6.1,,97,101,97,92,86
2017-07-31 19:00,2186,90,88,0.00,17,0.29,,9.0,5.1,0.25,1.39,9.0,8.0,9.4,6.1,,96,99,97,92,86
2017-07-31 20:00,2186,88,82,0.00,20,0.18,,8.5,5.2,0.29,1.23,8.5,7.3,9.6,6.1,,96,98,97,92,86
2017-07-31 21:00,2186,82,79,0.00,30,0.11,,11.3,7.0,0.34,1.05,8.6,7.5,9.8,5.8,,96,96,96,92,87
2017-07-31 22:00,2186,79,78,0.00,38,0.05,,10.1,7.5,0.37,0.99,8.8,7.8,9.3,6.4,,94,94,96,92,87
2017-07-31 23:00,2186,78,76,0.00,39,0.04,,10.4,7.9,0.38,0.94,8.8,7.5,9.8,6.4,,94,93,95,92,87
