Date,Station Id,Air Temperature Maximum (degF),Air Temperature Minimum (degF),Precipitation Increment (in),Relative Humidity (pct),Solar Radiation Average (watt/m2),Solar Radiation/langley Total (langley),Wind Speed Maximum (mph),Wind Speed Average (mph),Vapor Pressure - Partial (inch_Hg),Vapor Pressure - Saturated (inch_Hg),Soil Moisture Percent -2in (pct),Soil Moisture Percent -4in (pct),Soil Moisture Percent -8in (pct),Soil Moisture Percent -20in (pct),Soil Moisture Percent -40in (pct),Soil Temperature Observed -2in (degF),Soil Temperature Observed -4in (degF),Soil Temperature Observed -8in (degF),Soil Temperature Observed -20in (degF),Soil Temperature Observed -40in (degF)
2017-07-01 00:00,2183,87,85,0.00,14,0.09,,7.2,3.7,0.16,1.23,,,,,,,,,,
2017-07-01 01:00,2183,88,86,0.00,13,0.12,,8.8,5.1,0.16,1.29,,,,,,,,,,
2017-07-01 02:00,2183,87,84,0.00,13,0.12,,8.2,4.2,0.15,1.27,,,,,,,,,,
2017-07-01 03:00,2183,84,80,0.00,12,0.08,,8.4,4.0,0.15,1.15,,,,,,,,,,
2017-07-01 04:00,2183,80,78,0.00,17,8.29,,3.6,1.2,0.18,1.00,,,,,,,,,,
2017-07-01 05:00,2183,85,79,0.00,18,136.10,,3.2,0.8,0.18,1.08,,,,,,,,,,
2017-07-01 06:00,2183,87,84,0.00,14,339.70,,6.3,3.5,0.17,1.22,,,,,,,,,,
2017-07-01 07:00,2183,93,87,0.00,13,550.70,,5.9,3.6,0.18,1.41,,,,,,,,,,
2017-07-01 08:00,2183,100,93,0.00,12,712.50,,6.2,2.4,0.19,1.71,,,,,,,,,,
2017-07-01 09:00,2183,101,100,0.00,10,890.00,,9.7,3.8,0.19,1.95,,,,,,,,,,
2017-07-01 10:00,2183,104,101,0.00,10,982.00,,14.9,6.3,0.21,2.10,,,,,,,,,,
2017-07-01 11:00,2183,107,104,0.00,9,994.00,,18.3,10.5,0.17,2.29,,,,,,,,,,
2017-07-01 12:00,2183,108,107,0.00,6,1008.00,,18.1,10.8,0.14,2.38,,,,,,,,,,
2017-07-01 13:00,2183,108,106,0.00,5,924.00,,19.9,10.5,0.15,2.38,,,,,,,,,,
2017-07-01 14:00,2183,108,106,0.00,7,786.90,,20.2,11.4,0.18,2.38,,,,,,,,,,
2017-07-01 15:00,2183,107,106,0.00,7,609.00,,16.5,9.2,0.16,2.37,,,,,,,,,,
2017-07-01 16:00,2183,106,106,0.00,6,413.70,,15.3,8.5,0.15,2.32,,,,,,,,,,
2017-07-01 17:00,2183,106,104,0.00,8,214.30,,13.9,6.8,0.19,2.26,,,,,,,,,,
2017-07-01 18:00,2183,104,100,0.00,9,40.87,,13.2,6.1,0.18,2.09,,,,,,,,,,
2017-07-01 19:00,2183,100,96,0.00,10,0.41,,9.0,3.6,0.20,1.84,,,,,,,,,,
2017-07-01 20:00,2183,96,95,0.00,13,0.12,,6.6,2.1,0.20,1.68,,,,,,,,,,
2017-07-01 21:00,2183,96,92,0.00,12,0.12,,7.3,2.6,0.22,1.63,,,,,,,,,,
2017-07-01 22:00,2183,93,91,0.00,13,0.13,,5.8,2.2,0.21,1.51,,,,,,,,,,
2017-07-01 23:00,2183,92,89,0.00,13,0.11,,5.2,2.0,0.19,1.45,,,,,,,,,,
2017-07-02 00:00,2183,89,87,0.00,14,0.12,,5.7,1.9,0.19,1.36,,,,,,,,,,
2017-07-02 01:00,2183,88,87,0.00,15,0.13,,3.5,1.3,0.19,1.32,,,,,,,,,,
2017-07-02 02:00,2183,87,84,0.00,15,0.15,,3.3,1.3,0.19,1.22,,,,,,,,,,
2017-07-02 03:00,2183,85,80,0.00,16,0.13,,4.7,3.0,0.19,1.10,,,,,,,,,,
2017-07-02 04:00,2183,82,81,0.00,17,8.46,,4.5,2.1,0.19,1.07,,,,,,,,,,
2017-07-02 05:00,2183,85,82,0.00,19,137.70,,4.8,2.5,0.22,1.13,,,,,,,,,,
2017-07-02 06:00,2183,89,85,0.00,20,341.70,,5.6,2.7,0.24,1.26,,,,,,,,,,
2017-07-02 07:00,2183,91,89,0.00,18,550.40,,8.5,4.5,0.24,1.41,,,,,,,,,,
2017-07-02 08:00,2183,95,91,0.00,18,733.90,,13.2,6.1,0.26,1.56,,,,,,,,,,
2017-07-02 09:00,2183,100,95,0.00,14,886.00,,16.6,8.6,0.20,1.76,,,,,,,,,,
2017-07-02 10:00,2183,101,100,0.00,9,983.00,,18.3,6.0,0.16,1.94,,,,,,,,,,
2017-07-02 11:00,2183,104,101,0.00,7,990.00,,16.8,8.8,0.12,2.09,,,,,,,,,,
2017-07-02 12:00,2183,105,103,0.00,6,997.00,,16.9,8.4,0.12,2.20,,,,,,,,,,
2017-07-02 13:00,2183,106,104,0.00,6,922.00,,15.1,8.2,0.12,2.21,,,,,,,,,,
2017-07-02 14:00,2183,106,106,0.00,6,783.50,,14.8,8.7,0.14,2.31,,,,,,,,,,
2017-07-02 15:00,2183,106,105,0.00,8,602.50,,15.0,8.5,0.19,2.30,,,,,,,,,,
2017-07-02 16:00,2183,105,105,0.00,8,407.50,,14.4,7.7,0.19,2.26,,,,,,,,,,
2017-07-02 17:00,2183,105,103,0.00,8,206.40,,14.5,7.3,0.18,2.21,,,,,,,,,,
2017-07-02 18:00,2183,103,99,0.00,8,40.58,,10.8,5.7,0.18,2.06,,,,,,,,,,
2017-07-02 19:00,2183,99,95,0.00,10,0.42,,5.0,3.2,0.20,1.79,,,,,,,,,,
2017-07-02 20:00,2183,95,93,0.00,12,0.11,,5.8,3.9,0.20,1.61,,,,,,,,,,
2017-07-02 21:00,2183,93,91,0.00,14,0.12,,7.6,4.1,0.22,1.51,,,,,,,,,,
2017-07-02 22:00,2183,93,92,0.00,15,0.14,,11.7,6.4,0.22,1.51,,,,,,,,,,
2017-07-02 23:00,2183,93,90,0.00,12,0.12,,11.5,5.9,0.21,1.48,,,,,,,,,,
2017-07-03 00:00,2183,90,88,0.00,17,0.12,,7.0,3.3,0.21,1.39,,,,,,,,,,
2017-07-03 01:00,2183,90,88,0.00,15,0.12,,9.8,4.9,0.19,1.37,,,,,,,,,,
2017-07-03 02:00,2183,90,87,0.00,14,0.12,,9.0,4.1,0.23,1.35,,,,,,,,,,
2017-07-03 03:00,2183,87,84,0.00,24,0.11,,9.4,2.9,0.37,1.24,,,,,,,,,,
2017-07-03 04:00,2183,85,84,0.00,36,7.71,,11.8,4.2,0.50,1.20,,,,,,,,,,
2017-07-03 05:00,2183,87,84,0.00,44,126.30,,12.2,7.0,0.52,1.20,,,,,,,,,,
2017-07-03 06:00,2183,89,87,0.00,39,319.10,,12.3,7.1,0.50,1.31,,,,,,,,,,
2017-07-03 07:00,2183,91,89,0.00,37,519.70,,11.5,6.6,0.48,1.41,,,,,,,,,,
2017-07-03 08:00,2183,94,91,0.00,30,702.90,,10.0,4.7,0.44,1.53,,,,,,,,,,
2017-07-03 09:00,2183,96,93,0.00,30,852.00,,10.7,4.4,0.46,1.64,,,,,,,,,,
2017-07-03 10:00,2183,100,95,0.00,27,949.00,,10.4,4.9,0.44,1.78,,,,,,,,,,
2017-07-03 11:00,2183,104,100,0.00,21,969.00,,11.6,4.1,0.37,1.98,,,,,,,,,,
2017-07-03 12:00,2183,107,104,0.00,13,982.00,,11.4,4.7,0.23,2.23,,,,,,,,,,
2017-07-03 13:00,2183,109,106,0.00,9,912.00,,15.0,5.8,0.22,2.39,,,,,,,,,,
2017-07-03 14:00,2183,110,109,0.00,7,788.30,,15.9,9.2,0.18,2.53,,,,,,,,,,
2017-07-03 15:00,2183,110,109,0.00,6,613.70,,15.9,10.4,0.15,2.55,,,,,,,,,,
2017-07-03 16:00,2183,109,108,0.00,6,414.10,,17.6,11.6,0.15,2.50,,,,,,,,,,
2017-07-03 17:00,2183,108,106,0.00,6,214.10,,16.5,11.2,0.17,2.41,,,,,,,,,,
2017-07-03 18:00,2183,106,102,0.00,8,42.49,,15.9,10.4,0.19,2.19,,,,,,,,,,
2017-07-03 19:00,2183,102,99,0.00,9,0.42,,13.0,7.1,0.19,1.97,,,,,,,,,,
2017-07-03 20:00,2183,99,97,0.00,10,0.08,,9.6,5.2,0.20,1.81,,,,,,,,,,
2017-07-03 21:00,2183,97,95,0.00,12,0.11,,9.2,5.4,0.22,1.70,,,,,,,,,,
2017-07-03 22:00,2183,96,95,0.00,14,0.12,,15.4,7.2,0.23,1.68,,,,,,,,,,
2017-07-03 23:00,2183,96,91,0.00,14,0.11,,15.3,8.7,0.27,1.67,,,,,,,,,,
2017-07-04 00:00,2183,91,86,0.00,13,0.11,,6.4,3.8,0.15,1.36,,,,,,,,,,
2017-07-04 01:00,2183,86,84,0.00,10,0.10,,5.4,3.5,0.14,1.21,,,,,,,,,,
2017-07-04 02:00,2183,88,83,0.00,12,0.14,,6.4,3.7,0.14,1.21,,,,,,,,,,
2017-07-04 03:00,2183,85,81,0.00,11,0.14,,5.8,2.0,0.13,1.15,,,,,,,,,,
2017-07-04 04:00,2183,81,78,0.00,11,10.04,,4.2,1.4,0.12,1.01,,,,,,,,,,
2017-07-04 05:00,2183,85,80,0.00,12,145.40,,3.4,1.1,0.13,1.05,,,,,,,,,,
2017-07-04 06:00,2183,92,85,0.00,11,334.40,,4.8,1.4,0.14,1.33,,,,,,,,,,
2017-07-04 07:00,2183,97,92,0.00,9,539.00,,7.1,3.6,0.13,1.57,,,,,,,,,,
2017-07-04 08:00,2183,100,97,0.00,7,557.00,,5.4,1.8,0.13,1.82,,,,,,,,,,
2017-07-04 09:00,2183,103,100,0.00,7,877.00,,7.2,3.4,0.13,1.96,,,,,,,,,,
2017-07-04 10:00,2183,105,103,0.00,6,970.00,,10.7,3.2,0.13,2.17,,,,,,,,,,
2017-07-04 11:00,2183,107,105,0.00,6,978.00,,10.0,4.2,0.13,2.29,,,,,,,,,,
2017-07-04 12:00,2183,109,107,0.00,6,979.00,,10.1,4.7,0.14,2.43,,,,,,,,,,
2017-07-04 13:00,2183,110,108,0.00,6,911.00,,10.5,4.4,0.15,2.51,,,,,,,,,,
2017-07-04 14:00,2183,111,110,0.00,6,760.70,,8.4,3.0,0.17,2.63,,,,,,,,,,
2017-07-04 15:00,2183,111,111,0.00,7,595.20,,8.6,2.8,0.18,2.67,,,,,,,,,,
2017-07-04 16:00,2183,111,110,0.00,7,373.50,,7.2,3.1,0.19,2.65,,,,,,,,,,
2017-07-04 17:00,2183,110,109,0.00,7,202.00,,8.3,4.1,0.19,2.60,,,,,,,,,,
2017-07-04 18:00,2183,109,107,0.00,8,37.40,,6.0,3.0,0.20,2.49,,,,,,,,,,
2017-07-04 19:00,2183,107,101,0.00,9,0.40,,6.6,2.1,0.21,2.19,,,,,,,,,,
2017-07-04 20:00,2183,102,100,0.00,10,0.11,,8.5,3.8,0.20,2.00,,,,,,,,,,
2017-07-04 21:00,2183,101,100,0.00,10,0.11,,12.2,5.9,0.20,1.95,,,,,,,,,,
2017-07-04 22:00,2183,101,100,0.00,10,0.13,,15.7,8.5,0.20,1.96,,,,,,,,,,
2017-07-04 23:00,2183,100,91,0.00,10,0.12,,13.2,6.4,0.19,1.75,,,,,,,,,,
2017-07-05 00:00,2183,94,91,0.00,13,0.11,,8.3,5.0,0.19,1.50,,,,,,,,,,
2017-07-05 01:00,2183,98,91,0.00,12,0.12,,12.0,5.8,0.19,1.61,,,,,,,,,,
2017-07-05 02:00,2183,98,97,0.00,11,0.12,,14.3,9.8,0.21,1.79,,,,,,,,,,
2017-07-05 03:00,2183,97,96,0.00,12,0.11,,13.8,10.1,0.21,1.75,,,,,,,,,,
2017-07-05 04:00,2183,97,93,0.00,12,9.18,,13.1,7.7,0.21,1.73,,,,,,,,,,
2017-07-05 05:00,2183,93,91,0.00,13,98.60,,7.6,2.7,0.20,1.53,,,,,,,,,,
2017-07-05 06:00,2183,93,89,0.00,13,265.90,,6.5,3.6,0.20,1.48,,,,,,,,,,
2017-07-05 07:00,2183,100,93,0.00,13,545.40,,6.9,3.6,0.21,1.69,,,,,,,,,,
2017-07-05 08:00,2183,103,100,0.00,11,567.60,,7.2,2.6,0.22,2.05,,,,,,,,,,
2017-07-05 09:00,2183,105,103,0.00,11,679.90,,8.6,2.8,0.23,2.21,,,,,,,,,,
2017-07-05 10:00,2183,107,105,0.00,11,503.70,,16.7,7.1,0.26,2.31,,,,,,,,,,
2017-07-05 11:00,2183,107,105,0.00,14,597.90,,15.4,8.6,0.29,2.27,,,,,,,,,,
2017-07-05 12:00,2183,109,107,0.00,12,996.00,,19.3,11.2,0.28,2.44,,,,,,,,,,
2017-07-05 13:00,2183,109,107,0.00,11,803.00,,24.3,14.4,0.30,2.50,,,,,,,,,,
2017-07-05 14:00,2183,109,107,0.00,13,777.50,,21.7,13.9,0.31,2.45,,,,,,,,,,
2017-07-05 15:00,2183,108,107,0.00,13,577.20,,19.1,12.5,0.31,2.40,,,,,,,,,,
2017-07-05 16:00,2183,107,104,0.00,13,129.90,,14.2,8.2,0.30,2.28,,,,,,,,,,
2017-07-05 17:00,2183,104,104,0.00,13,75.73,,14.3,8.0,0.30,2.18,,,,,,,,,,
2017-07-05 18:00,2183,104,103,0.00,14,45.26,,9.7,5.7,0.31,2.16,,,,,,,,,,
2017-07-05 19:00,2183,103,102,0.00,15,0.35,,9.4,5.0,0.31,2.08,,,,,,,,,,
2017-07-05 20:00,2183,102,100,0.00,15,0.10,,9.4,4.4,0.32,2.00,,,,,,,,,,
2017-07-05 21:00,2183,100,97,0.00,17,0.10,,9.0,4.3,0.33,1.87,,,,,,,,,,
2017-07-05 22:00,2183,98,95,0.00,19,0.12,,14.0,5.8,0.33,1.72,,,,,,,,,,
2017-07-05 23:00,2183,96,94,0.00,20,0.12,,9.4,4.8,0.33,1.64,,,,,,,,,,
2017-07-06 00:00,2183,95,92,0.00,20,0.12,,9.7,5.9,0.33,1.57,,,,,,,,,,
2017-07-06 01:00,2183,95,87,0.00,21,0.14,,8.1,4.2,0.33,1.55,,,,,,,,,,
2017-07-06 02:00,2183,89,87,0.00,24,0.12,,7.3,4.6,0.32,1.36,,,,,,,,,,
2017-07-06 03:00,2183,89,89,0.00,24,0.09,,7.1,4.2,0.32,1.38,,,,,,,,,,
2017-07-06 04:00,2183,89,87,0.00,22,6.63,,7.6,4.4,0.30,1.35,,,,,,,,,,
2017-07-06 05:00,2183,91,86,0.00,23,116.90,,4.9,2.2,0.30,1.29,,,,,,,,,,
2017-07-06 06:00,2183,96,91,0.00,20,304.10,,11.7,6.1,0.31,1.59,,,,,,,,,,
2017-07-06 07:00,2183,99,96,0.00,22,505.80,,12.3,6.9,0.35,1.80,,,,,,,,,,
2017-07-06 08:00,2183,102,99,0.00,18,687.10,,8.0,4.5,0.34,1.96,,,,,,,,,,
2017-07-06 09:00,2183,105,102,0.00,17,833.00,,8.0,3.6,0.33,2.15,,,,,,,,,,
2017-07-06 10:00,2183,107,105,0.00,15,911.00,,8.9,3.6,0.32,2.31,,,,,,,,,,
2017-07-06 11:00,2183,110,107,0.00,13,920.00,,8.6,3.2,0.31,2.52,,,,,,,,,,
2017-07-06 12:00,2183,112,110,0.00,12,834.00,,9.4,3.4,0.30,2.69,,,,,,,,,,
2017-07-06 13:00,2183,114,112,0.00,11,805.00,,11.5,4.3,0.28,2.83,,,,,,,,,,
2017-07-06 14:00,2183,115,113,0.00,9,618.00,,7.8,2.8,0.25,2.92,,,,,,,,,,
2017-07-06 15:00,2183,116,114,0.00,9,512.70,,10.0,3.8,0.26,2.96,,,,,,,,,,
2017-07-06 16:00,2183,115,114,0.00,8,172.90,,8.3,3.3,0.25,2.96,,,,,,,,,,
2017-07-06 17:00,2183,114,113,0.00,9,176.90,,6.8,3.0,0.26,2.93,,,,,,,,,,
2017-07-06 18:00,2183,113,109,0.00,10,37.48,,8.3,4.2,0.28,2.72,,,,,,,,,,
2017-07-06 19:00,2183,109,105,0.00,12,0.37,,9.7,5.7,0.30,2.41,,,,,,,,,,
2017-07-06 20:00,2183,105,104,0.00,13,0.10,,9.8,4.5,0.29,2.23,,,,,,,,,,
2017-07-06 21:00,2183,104,103,0.00,13,0.11,,12.9,6.0,0.29,2.14,,,,,,,,,,
2017-07-06 22:00,2183,104,103,0.00,13,0.11,,12.7,7.2,0.29,2.13,,,,,,,,,,
2017-07-06 23:00,2183,103,100,0.00,14,0.12,,12.2,5.4,0.29,2.01,,,,,,,,,,
2017-07-07 00:00,2183,103,101,0.00,14,0.09,,13.7,9.0,0.28,2.04,,,,,,,,,,
2017-07-07 01:00,2183,101,100,0.00,13,0.13,,12.0,8.8,0.27,1.98,,,,,,,,,,
2017-07-07 02:00,2183,100,98,0.00,14,0.10,,12.0,7.9,0.26,1.92,,,,,,,,,,
2017-07-07 03:00,2183,99,98,0.00,14,0.10,,14.1,9.4,0.26,1.85,,,,,,,,,,
2017-07-07 04:00,2183,99,97,0.00,14,4.07,,13.7,9.1,0.26,1.84,,,,,,,,,,
2017-07-07 05:00,2183,97,94,0.00,15,70.69,,9.4,3.9,0.26,1.70,,,,,,,,,,
2017-07-07 06:00,2183,103,97,0.00,15,338.00,,16.7,10.7,0.26,1.93,,,,,,,,,,
2017-07-07 07:00,2183,105,102,0.00,13,438.90,,16.8,10.0,0.27,2.09,,,,,,,,,,
2017-07-07 08:00,2183,109,105,0.00,12,673.30,,16.2,9.6,0.27,2.32,,,,,,,,,,
2017-07-07 09:00,2183,109,107,0.00,11,471.10,,12.5,4.0,0.27,2.45,,,,,,,,,,
2017-07-07 10:00,2183,111,108,0.00,11,846.00,,9.2,4.4,0.27,2.57,,,,,,,,,,
2017-07-07 11:00,2183,115,111,0.00,10,344.70,,8.8,3.5,0.27,2.86,,,,,,,,,,
2017-07-07 12:00,2183,116,114,0.00,9,454.40,,8.9,3.9,0.26,3.00,,,,,,,,,,
2017-07-07 13:00,2183,115,114,0.00,9,347.80,,9.1,4.6,0.25,2.96,,,,,,,,,,
2017-07-07 14:00,2183,117,115,0.00,8,449.00,,10.4,4.0,0.25,3.10,,,,,,,,,,
2017-07-07 15:00,2183,117,116,0.00,8,487.20,,9.7,4.3,0.25,3.17,,,,,,,,,,
2017-07-07 16:00,2183,117,116,0.00,8,266.80,,13.6,6.1,0.25,3.17,,,,,,,,,,
2017-07-07 17:00,2183,116,115,0.00,8,192.70,,14.3,8.0,0.25,3.07,,,,,,,,,,
2017-07-07 18:00,2183,115,110,0.00,8,32.18,,13.2,5.9,0.23,2.84,,,,,,,,,,
2017-07-07 19:00,2183,110,107,0.00,8,0.30,,5.2,3.0,0.22,2.45,,,,,,,,,,
2017-07-07 20:00,2183,107,105,0.00,9,0.11,,6.3,3.6,0.23,2.32,,,,,,,,,,
2017-07-07 21:00,2183,107,103,0.00,10,0.09,,10.6,5.3,0.25,2.26,,,,,,,,,,
2017-07-07 22:00,2183,106,100,0.00,12,0.12,,7.6,2.5,0.27,2.08,,,,,,,,,,
2017-07-07 23:00,2183,100,98,0.00,14,0.11,,4.2,1.9,0.27,1.92,,,,,,,,,,
2017-07-08 00:00,2183,103,95,0.00,14,0.14,,9.5,3.1,0.27,1.75,,,,,,,,,,
2017-07-08 01:00,2183,103,96,0.00,14,0.11,,11.2,5.1,0.28,2.04,,,,,,,,,,
2017-07-08 02:00,2183,98,95,0.00,15,0.09,,8.9,3.0,0.26,1.74,,,,,,,,,,
2017-07-08 03:00,2183,95,94,0.00,15,0.11,,7.6,3.6,0.27,1.62,,,,,,,,,,
2017-07-08 04:00,2183,96,93,0.00,17,2.98,,7.5,4.1,0.27,1.64,,,,,,,,,,
2017-07-08 05:00,2183,100,94,0.00,16,87.10,,15.3,3.9,0.27,1.68,,,,,,,,,,
2017-07-08 06:00,2183,103,100,0.00,14,287.70,,14.1,9.0,0.28,2.00,,,,,,,,,,
2017-07-08 07:00,2183,106,102,0.00,13,434.40,,11.1,4.0,0.27,2.19,,,,,,,,,,
2017-07-08 08:00,2183,107,103,0.00,12,410.90,,11.7,4.1,0.27,2.23,,,,,,,,,,
2017-07-08 09:00,2183,108,106,0.00,12,657.00,,14.7,7.5,0.30,2.34,,,,,,,,,,
2017-07-08 10:00,2183,109,107,0.00,13,681.70,,14.7,7.7,0.33,2.41,,,,,,,,,,
2017-07-08 11:00,2183,111,109,0.00,13,984.00,,13.6,6.7,0.33,2.59,,,,,,,,,,
2017-07-08 12:00,2183,111,109,0.00,15,653.30,,16.3,6.8,0.41,2.60,,,,,,,,,,
2017-07-08 13:00,2183,111,109,0.00,20,857.00,,16.7,10.0,0.51,2.61,,,,,,,,,,
2017-07-08 14:00,2183,111,109,0.00,19,724.60,,17.5,10.0,0.49,2.61,,,,,,,,,,
2017-07-08 15:00,2183,110,109,0.00,18,563.40,,17.0,10.3,0.45,2.57,,,,,,,,,,
2017-07-08 16:00,2183,110,109,0.00,16,374.40,,16.6,9.6,0.38,2.57,,,,,,,,,,
2017-07-08 17:00,2183,109,107,0.00,15,183.90,,15.7,10.2,0.39,2.46,,,,,,,,,,
2017-07-08 18:00,2183,107,104,0.00,18,31.84,,14.1,6.7,0.43,2.28,,,,,,,,,,
2017-07-08 19:00,2183,104,102,0.00,21,0.29,,6.9,3.6,0.45,2.12,,,,,,,,,,
2017-07-08 20:00,2183,102,100,0.00,22,0.10,,15.1,3.8,0.46,2.04,,,,,,,,,,
2017-07-08 21:00,2183,101,98,0.00,25,0.14,,20.3,12.4,0.46,1.90,,,,,,,,,,
2017-07-08 22:00,2183,98,97,0.00,26,0.15,,16.5,8.3,0.47,1.77,,,,,,,,,,
2017-07-08 23:00,2183,97,96,0.00,27,0.13,,18.7,9.2,0.46,1.74,,,,,,,,,,
2017-07-09 00:00,2183,96,94,0.00,25,0.13,,10.8,4.2,0.44,1.65,,,,,,,,,,
2017-07-09 01:00,2183,94,93,0.00,30,0.15,,9.3,2.2,0.48,1.59,,,,,,,,,,
2017-07-09 02:00,2183,94,93,0.00,30,0.14,,6.4,2.2,0.47,1.59,,,,,,,,,,
2017-07-09 03:00,2183,94,91,0.00,29,0.14,,20.6,8.0,0.46,1.51,,,,,,,,,,
2017-07-09 04:00,2183,93,90,0.00,28,3.36,,15.7,8.4,0.48,1.51,,,,,,,,,,
2017-07-09 05:00,2183,90,89,0.00,38,82.70,,13.7,5.8,0.53,1.40,,,,,,,,,,
2017-07-09 06:00,2183,92,90,0.00,36,159.60,,10.0,4.2,0.53,1.43,,,,,,,,,,
2017-07-09 07:00,2183,94,91,0.00,34,495.80,,14.7,8.9,0.53,1.51,,,,,,,,,,
2017-07-09 08:00,2183,98,94,0.00,32,688.40,,12.1,7.2,0.50,1.68,,,,,,,,,,
2017-07-09 09:00,2183,98,98,0.00,28,513.10,,10.1,4.7,0.50,1.80,,,,,,,,,,
2017-07-09 10:00,2183,101,98,0.00,26,629.40,,8.6,3.1,0.47,1.88,,,,,,,,,,
2017-07-09 11:00,2183,105,101,0.00,21,944.00,,10.2,3.8,0.42,2.11,,,,,,,,,,
2017-07-09 12:00,2183,107,104,0.00,19,921.00,,16.4,8.9,0.38,2.27,,,,,,,,,,
2017-07-09 13:00,2183,107,106,0.00,15,867.00,,19.0,11.1,0.35,2.35,,,,,,,,,,
2017-07-09 14:00,2183,108,106,0.00,16,714.40,,25.8,9.6,0.41,2.35,,,,,,,,,,
2017-07-09 15:00,2183,107,106,0.00,19,562.80,,15.0,8.1,0.42,2.38,,,,,,,,,,
2017-07-09 16:00,2183,106,105,0.00,17,375.40,,14.3,8.2,0.39,2.31,,,,,,,,,,
2017-07-09 17:00,2183,105,104,0.00,16,189.30,,14.3,9.5,0.35,2.25,,,,,,,,,,
2017-07-09 18:00,2183,104,101,0.00,15,36.82,,13.8,8.0,0.33,2.11,,,,,,,,,,
2017-07-09 19:00,2183,101,98,0.00,17,0.31,,12.2,5.2,0.39,1.94,,,,,,,,,,
2017-07-09 20:00,2183,98,96,0.00,22,0.14,,7.4,3.2,0.43,1.80,,,,,,,,,,
2017-07-09 21:00,2183,96,96,0.00,26,0.12,,7.3,4.2,0.47,1.72,,,,,,,,,,
2017-07-09 22:00,2183,96,94,0.00,29,0.10,,8.2,5.3,0.51,1.68,,,,,,,,,,
2017-07-09 23:00,2183,94,93,0.00,32,0.14,,8.0,4.8,0.52,1.61,,,,,,,,,,
2017-07-10 00:00,2183,93,92,0.00,32,0.14,,5.9,2.3,0.51,1.56,,,,,,,,,,
2017-07-10 01:00,2183,92,90,0.00,34,0.12,,5.4,1.8,0.50,1.49,,,,,,,,,,
2017-07-10 02:00,2183,91,90,0.00,36,0.11,,4.1,1.3,0.49,1.42,,,,,,,,,,
2017-07-10 03:00,2183,90,89,0.00,34,0.13,,2.8,1.1,0.48,1.41,,,,,,,,,,
2017-07-10 04:00,2183,89,88,0.00,35,2.84,,3.2,1.2,0.48,1.35,,,,,,,,,,
2017-07-10 05:00,2183,90,88,0.00,34,49.90,,2.4,0.8,0.47,1.36,,,,,,,,,,
2017-07-10 06:00,2183,94,90,0.00,33,272.30,,4.1,1.7,0.46,1.47,,,,,,,,,,
2017-07-10 07:00,2183,96,94,0.00,29,492.30,,15.9,8.5,0.45,1.64,,,,,,,,,,
2017-07-10 08:00,2183,99,96,0.00,26,671.20,,13.8,8.0,0.46,1.77,,,,,,,,,,
2017-07-10 09:00,2183,101,99,0.00,25,811.00,,11.1,4.5,0.46,1.94,,,,,,,,,,
2017-07-10 10:00,2183,105,101,0.00,23,904.00,,11.6,5.4,0.46,2.08,,,,,,,,,,
2017-07-10 11:00,2183,106,105,0.00,20,918.00,,14.9,5.9,0.45,2.24,,,,,,,,,,
2017-07-10 12:00,2183,108,105,0.00,19,938.00,,14.1,6.3,0.43,2.33,,,,,,,,,,
2017-07-10 13:00,2183,108,106,0.00,17,864.00,,15.5,6.7,0.41,2.38,,,,,,,,,,
2017-07-10 14:00,2183,108,107,0.00,17,740.80,,16.0,7.6,0.40,2.43,,,,,,,,,,
2017-07-10 15:00,2183,108,106,0.00,16,579.70,,17.2,8.3,0.38,2.43,,,,,,,,,,
2017-07-10 16:00,2183,108,107,0.00,15,387.80,,14.5,8.3,0.34,2.41,,,,,,,,,,
2017-07-10 17:00,2183,107,105,0.00,15,189.60,,15.3,9.6,0.39,2.31,,,,,,,,,,
2017-07-10 18:00,2183,105,103,0.00,18,34.79,,14.5,8.7,0.44,2.19,,,,,,,,,,
2017-07-10 19:00,2183,103,101,0.00,21,0.35,,11.6,6.6,0.45,2.06,,,,,,,,,,
2017-07-10 20:00,2183,101,100,0.00,23,0.10,,9.9,4.9,0.46,1.97,,,,,,,,,,
2017-07-10 21:00,2183,100,99,0.00,24,0.10,,6.2,1.7,0.45,1.89,,,,,,,,,,
2017-07-10 22:00,2183,100,97,0.00,23,0.12,,8.1,3.8,0.44,1.84,,,,,,,,,,
2017-07-10 23:00,2183,98,95,0.00,24,0.11,,9.0,5.7,0.41,1.76,,,,,,,,,,
2017-07-11 00:00,2183,96,95,0.00,25,0.12,,9.0,4.8,0.43,1.68,,,,,,,,,,
2017-07-11 01:00,2183,96,94,0.00,25,0.10,,9.9,5.3,0.43,1.65,,,,,,,,,,
2017-07-11 02:00,2183,95,93,0.00,27,0.12,,12.0,5.4,0.45,1.61,,,,,,,,,,
2017-07-11 03:00,2183,93,91,0.00,29,0.13,,7.8,4.6,0.45,1.52,,,,,,,,,,
2017-07-11 04:00,2183,92,89,0.00,30,4.34,,8.4,3.6,0.43,1.45,,,,,,,,,,
2017-07-11 05:00,2183,92,88,0.00,31,115.20,,6.6,2.5,0.43,1.39,,,,,,,,,,
2017-07-11 06:00,2183,93,92,0.00,26,301.80,,11.6,6.5,0.43,1.54,,,,,,,,,,
2017-07-11 07:00,2183,96,93,0.00,27,496.70,,11.5,5.9,0.43,1.64,,,,,,,,,,
2017-07-11 08:00,2183,100,96,0.00,24,679.20,,9.4,4.4,0.41,1.82,,,,,,,,,,
2017-07-11 09:00,2183,103,100,0.00,21,828.00,,8.7,4.2,0.39,1.95,,,,,,,,,,
2017-07-11 10:00,2183,103,101,0.00,18,919.00,,9.5,4.2,0.38,2.07,,,,,,,,,,
2017-07-11 11:00,2183,107,103,0.00,18,928.00,,12.8,4.1,0.37,2.20,,,,,,,,,,
2017-07-11 12:00,2183,107,106,0.00,16,938.00,,13.9,6.7,0.37,2.33,,,,,,,,,,
2017-07-11 13:00,2183,108,107,0.00,15,878.00,,17.2,9.4,0.32,2.37,,,,,,,,,,
2017-07-11 14:00,2183,108,107,0.00,13,755.60,,15.3,9.4,0.32,2.40,,,,,,,,,,
2017-07-11 15:00,2183,108,107,0.00,13,583.10,,15.7,8.6,0.33,2.43,,,,,,,,,,
2017-07-11 16:00,2183,108,107,0.00,14,388.30,,18.5,10.0,0.35,2.39,,,,,,,,,,
2017-07-11 17:00,2183,107,105,0.00,15,195.50,,18.8,11.0,0.37,2.31,,,,,,,,,,
2017-07-11 18:00,2183,105,102,0.00,17,36.17,,16.5,9.6,0.39,2.18,,,,,,,,,,
2017-07-11 19:00,2183,102,101,0.00,19,0.33,,14.6,7.7,0.42,2.03,,,,,,,,,,
2017-07-11 20:00,2183,101,99,0.00,23,0.11,,9.3,2.8,0.46,1.93,,,,,,,,,,
2017-07-11 21:00,2183,100,99,0.00,25,0.12,,5.2,1.9,0.46,1.88,,,,,,,,,,
2017-07-11 22:00,2183,99,97,0.00,24,0.11,,11.7,5.1,0.45,1.79,,,,,,,,,,
2017-07-11 23:00,2183,97,95,0.00,25,0.11,,10.9,6.2,0.45,1.72,,,,,,,,,,
2017-07-12 00:00,2183,95,93,0.00,28,0.13,,13.0,6.8,0.48,1.63,,,,,,,,,,
2017-07-12 01:00,2183,93,92,0.00,31,0.12,,11.2,6.2,0.49,1.55,,,,,,,,,,
2017-07-12 02:00,2183,92,90,0.00,33,0.13,,7.5,4.4,0.49,1.49,,,,,,,,,,
2017-07-12 03:00,2183,90,89,0.00,36,0.13,,5.8,3.5,0.50,1.39,,,,,,,,,,
2017-07-12 04:00,2183,89,86,0.00,35,5.13,,5.0,2.8,0.42,1.33,,,,,,,,,,
2017-07-12 05:00,2183,90,85,0.00,29,113.10,,4.2,1.8,0.40,1.27,,,,,,,,,,
2017-07-12 06:00,2183,94,90,0.00,33,299.80,,6.7,2.4,0.46,1.47,,,,,,,,,,
2017-07-12 07:00,2183,98,94,0.00,27,489.20,,8.1,3.8,0.40,1.70,,,,,,,,,,
2017-07-12 08:00,2183,101,98,0.00,20,667.00,,8.9,4.2,0.36,1.88,,,,,,,,,,
2017-07-12 09:00,2183,102,101,0.00,18,823.00,,9.4,3.3,0.36,2.01,,,,,,,,,,
2017-07-12 10:00,2183,104,102,0.00,18,922.00,,10.7,4.2,0.37,2.11,,,,,,,,,,
2017-07-12 11:00,2183,105,104,0.00,16,935.00,,11.2,3.9,0.34,2.24,,,,,,,,,,
2017-07-12 12:00,2183,108,105,0.00,15,937.00,,9.0,2.7,0.34,2.28,,,,,,,,,,
2017-07-12 13:00,2183,108,106,0.00,15,866.00,,11.9,5.0,0.35,2.39,,,,,,,,,,
2017-07-12 14:00,2183,109,108,0.00,15,741.70,,15.6,6.1,0.36,2.49,,,,,,,,,,
2017-07-12 15:00,2183,109,109,0.00,14,576.00,,15.8,8.5,0.35,2.51,,,,,,,,,,
2017-07-12 16:00,2183,109,108,0.00,13,383.50,,16.7,10.6,0.33,2.50,,,,,,,,,,
2017-07-12 17:00,2183,108,105,0.00,14,190.00,,19.6,11.9,0.34,2.37,,,,,,,,,,
2017-07-12 18:00,2183,105,103,0.00,16,34.16,,16.5,10.6,0.37,2.21,,,,,,,,,,
2017-07-12 19:00,2183,103,102,0.00,17,0.35,,13.6,8.0,0.37,2.10,,,,,,,,,,
2017-07-12 20:00,2183,102,100,0.00,19,0.16,,9.7,4.6,0.39,1.97,,,,,,,,,,
2017-07-12 21:00,2183,100,98,0.00,21,0.11,,7.4,2.8,0.43,1.88,,,,,,,,,,
2017-07-12 22:00,2183,98,97,0.00,25,0.13,,11.8,4.2,0.49,1.80,,,,,,,,,,
2017-07-12 23:00,2183,97,94,0.00,29,0.14,,13.1,7.6,0.51,1.68,,,,,,,,,,
2017-07-13 00:00,2183,94,92,0.00,30,0.14,,8.4,4.5,0.49,1.59,,,,,,,,,,
2017-07-13 01:00,2183,92,89,0.00,32,0.13,,8.6,3.2,0.50,1.49,,,,,,,,,,
2017-07-13 02:00,2183,89,89,0.00,36,0.13,,4.8,2.2,0.50,1.38,,,,,,,,,,
2017-07-13 03:00,2183,90,89,0.00,34,0.13,,10.4,3.5,0.45,1.39,,,,,,,,,,
2017-07-13 04:00,2183,89,86,0.00,32,4.66,,6.3,2.7,0.45,1.33,,,,,,,,,,
2017-07-13 05:00,2183,89,86,0.00,38,108.70,,4.2,2.3,0.47,1.31,,,,,,,,,,
2017-07-13 06:00,2183,93,89,0.00,34,293.90,,5.6,1.9,0.47,1.45,,,,,,,,,,
2017-07-13 07:00,2183,95,92,0.00,31,507.50,,8.8,4.7,0.48,1.57,,,,,,,,,,
2017-07-13 08:00,2183,98,95,0.00,28,572.90,,8.3,3.8,0.46,1.69,,,,,,,,,,
2017-07-13 09:00,2183,100,98,0.00,25,844.00,,9.0,3.8,0.43,1.85,,,,,,,,,,
2017-07-13 10:00,2183,104,100,0.00,21,929.00,,10.4,3.7,0.38,2.00,,,,,,,,,,
2017-07-13 11:00,2183,105,104,0.00,18,925.00,,10.5,4.7,0.39,2.19,,,,,,,,,,
2017-07-13 12:00,2183,108,104,0.00,17,935.00,,11.3,4.3,0.37,2.31,,,,,,,,,,
2017-07-13 13:00,2183,109,107,0.00,16,827.00,,14.4,4.4,0.38,2.42,,,,,,,,,,
2017-07-13 14:00,2183,109,108,0.00,15,726.50,,10.0,4.6,0.37,2.48,,,,,,,,,,
2017-07-13 15:00,2183,110,108,0.00,15,588.30,,14.6,8.2,0.32,2.54,,,,,,,,,,
2017-07-13 16:00,2183,110,108,0.00,11,393.50,,17.5,8.9,0.27,2.53,,,,,,,,,,
2017-07-13 17:00,2183,108,107,0.00,11,195.60,,12.6,8.3,0.28,2.45,,,,,,,,,,
2017-07-13 18:00,2183,107,104,0.00,12,34.22,,13.2,7.9,0.30,2.29,,,,,,,,,,
2017-07-13 19:00,2183,104,101,0.00,15,0.28,,9.7,4.8,0.32,2.09,,,,,,,,,,
2017-07-13 20:00,2183,101,100,0.00,16,0.14,,7.8,4.0,0.33,1.96,,,,,,,,,,
2017-07-13 21:00,2183,100,99,0.00,19,0.12,,10.2,6.1,0.38,1.89,,,,,,,,,,
2017-07-13 22:00,2183,99,98,0.00,20,0.12,,11.7,6.3,0.38,1.87,,,,,,,,,,
2017-07-13 23:00,2183,98,96,0.00,22,0.12,,14.5,7.3,0.45,1.77,,,,,,,,,,
2017-07-14 00:00,2183,96,93,0.00,28,0.14,,8.4,4.4,0.44,1.65,,,,,,,,,,
2017-07-14 01:00,2183,96,92,0.00,22,0.12,,9.0,5.4,0.31,1.59,,,,,,,,,,
2017-07-14 02:00,2183,93,90,0.00,20,0.15,,7.3,4.2,0.39,1.54,,,,,,,,,,
2017-07-14 03:00,2183,90,89,0.00,26,0.12,,9.0,5.3,0.46,1.40,,,,,,,,,,
2017-07-14 04:00,2183,89,88,0.00,35,4.51,,6.8,3.7,0.49,1.35,,,,,,,,,,
2017-07-14 05:00,2183,90,88,0.00,36,106.30,,4.4,2.3,0.50,1.36,,,,,,,,,,
2017-07-14 06:00,2183,93,90,0.00,34,291.70,,8.3,3.7,0.48,1.49,,,,,,,,,,
2017-07-14 07:00,2183,96,93,0.00,29,489.10,,9.2,3.4,0.46,1.61,,,,,,,,,,
2017-07-14 08:00,2183,98,96,0.00,27,672.20,,7.0,2.7,0.45,1.75,,,,,,,,,,
2017-07-14 09:00,2183,101,98,0.00,24,818.00,,6.6,3.1,0.42,1.91,,,,,,,,,,
2017-07-14 10:00,2183,103,101,0.00,19,912.00,,8.8,3.6,0.38,2.06,,,,,,,,,,
2017-07-14 11:00,2183,106,103,0.00,18,908.00,,10.5,3.4,0.41,2.20,,,,,,,,,,
2017-07-14 12:00,2183,108,106,0.00,19,924.00,,11.3,4.1,0.43,2.33,,,,,,,,,,
2017-07-14 13:00,2183,110,107,0.00,17,858.00,,11.8,4.8,0.40,2.45,,,,,,,,,,
2017-07-14 14:00,2183,110,109,0.00,15,733.30,,10.0,4.2,0.38,2.57,,,,,,,,,,
2017-07-14 15:00,2183,110,110,0.00,15,565.90,,10.6,4.0,0.38,2.62,,,,,,,,,,
2017-07-14 16:00,2183,111,110,0.00,15,377.60,,12.0,4.8,0.39,2.64,,,,,,,,,,
2017-07-14 17:00,2183,110,109,0.00,15,190.40,,13.3,7.3,0.36,2.56,,,,,,,,,,
2017-07-14 18:00,2183,109,106,0.00,13,35.02,,13.6,7.3,0.33,2.44,,,,,,,,,,
2017-07-14 19:00,2183,106,104,0.00,14,0.31,,13.2,6.7,0.32,2.26,,,,,,,,,,
2017-07-14 20:00,2183,104,102,0.00,14,0.11,,13.2,6.9,0.29,2.12,,,,,,,,,,
2017-07-14 21:00,2183,102,101,0.00,13,0.11,,11.8,6.0,0.28,2.03,,,,,,,,,,
2017-07-14 22:00,2183,101,99,0.00,15,0.13,,14.1,7.9,0.29,1.97,,,,,,,,,,
2017-07-14 23:00,2183,99,97,0.00,18,0.12,,13.8,6.6,0.37,1.84,,,,,,,,,,
2017-07-15 00:00,2183,98,96,0.00,19,0.12,,9.8,5.9,0.28,1.78,,,,,,,,,,
2017-07-15 01:00,2183,98,94,0.00,15,0.10,,9.1,4.2,0.27,1.77,,,,,,,,,,
2017-07-15 02:00,2183,98,94,0.00,17,0.09,,12.9,8.9,0.27,1.76,,,,,,,,,,
2017-07-15 03:00,2183,97,94,0.00,15,0.11,,9.4,3.8,0.30,1.65,,,,,,,,,,
2017-07-15 04:00,2183,94,91,0.00,19,4.24,,9.5,5.5,0.42,1.57,,,,,,,,,,
2017-07-15 05:00,2183,92,91,0.00,33,102.80,,11.6,7.6,0.52,1.49,,,,,,,,,,
2017-07-15 06:00,2183,92,91,0.00,32,178.70,,9.8,5.9,0.53,1.50,,,,,,,,,,
2017-07-15 07:00,2183,96,91,0.00,40,462.60,,8.4,4.6,0.57,1.58,,,,,,,,,,
2017-07-15 08:00,2183,98,96,0.00,31,664.50,,7.4,3.2,0.53,1.75,,,,,,,,,,
2017-07-15 09:00,2183,102,98,0.00,28,814.00,,8.7,3.3,0.49,1.90,,,,,,,,,,
2017-07-15 10:00,2183,104,102,0.00,22,909.00,,10.5,4.4,0.42,2.09,,,,,,,,,,
2017-07-15 11:00,2183,107,104,0.00,19,923.00,,12.0,4.6,0.40,2.30,,,,,,,,,,
2017-07-15 12:00,2183,110,106,0.00,16,908.00,,13.4,4.9,0.38,2.43,,,,,,,,,,
2017-07-15 13:00,2183,110,109,0.00,15,847.00,,10.4,4.7,0.42,2.57,,,,,,,,,,
2017-07-15 14:00,2183,110,109,0.00,18,724.40,,14.8,7.8,0.50,2.60,,,,,,,,,,
2017-07-15 15:00,2183,110,109,0.00,21,559.90,,16.9,9.5,0.51,2.56,,,,,,,,,,
2017-07-15 16:00,2183,110,108,0.00,19,369.90,,16.4,9.9,0.47,2.54,,,,,,,,,,
2017-07-15 17:00,2183,108,107,0.00,18,178.50,,16.2,10.5,0.42,2.45,,,,,,,,,,
2017-07-15 18:00,2183,107,104,0.00,16,30.87,,16.9,9.7,0.37,2.30,,,,,,,,,,
2017-07-15 19:00,2183,104,102,0.00,16,0.25,,13.4,7.9,0.38,2.15,,,,,,,,,,
2017-07-15 20:00,2183,103,99,0.00,21,0.11,,21.9,7.8,0.48,2.07,,,,,,,,,,
2017-07-15 21:00,2183,99,96,0.00,32,0.12,,23.3,15.5,0.59,1.80,,,,,,,,,,
2017-07-15 22:00,2183,96,95,0.00,33,0.10,,26.1,13.1,0.56,1.67,,,,,,,,,,
2017-07-15 23:00,2183,95,94,0.00,33,0.15,,12.4,7.2,0.55,1.65,,,,,,,,,,
2017-07-16 00:00,2183,94,92,0.00,34,0.15,,11.4,4.4,0.53,1.57,,,,,,,,,,
2017-07-16 01:00,2183,93,93,0.00,34,0.13,,14.7,7.7,0.50,1.56,,,,,,,,,,
2017-07-16 02:00,2183,93,92,0.00,31,0.13,,16.5,9.4,0.48,1.54,,,,,,,,,,
2017-07-16 03:00,2183,92,90,0.00,32,0.12,,11.4,6.8,0.49,1.47,,,,,,,,,,
2017-07-16 04:00,2183,91,89,0.00,36,3.79,,11.5,4.6,0.50,1.42,,,,,,,,,,
2017-07-16 05:00,2183,90,89,0.00,37,95.20,,19.5,9.4,0.54,1.39,,,,,,,,,,
2017-07-16 06:00,2183,91,90,0.00,38,279.60,,19.8,11.0,0.53,1.44,,,,,,,,,,
2017-07-16 07:00,2183,93,91,0.00,36,486.10,,15.4,8.8,0.54,1.53,,,,,,,,,,
2017-07-16 08:00,2183,98,93,0.00,35,648.10,,18.1,9.5,0.56,1.64,,,,,,,,,,
2017-07-16 09:00,2183,100,97,0.00,31,793.00,,16.3,9.2,0.56,1.82,,,,,,,,,,
2017-07-16 10:00,2183,102,99,0.00,29,894.00,,20.7,7.0,0.54,1.95,,,,,,,,,,
2017-07-16 11:00,2183,103,101,0.00,27,848.00,,17.5,9.3,0.54,2.06,,,,,,,,,,
2017-07-16 12:00,2183,105,103,0.00,26,864.00,,18.4,11.7,0.56,2.14,,,,,,,,,,
2017-07-16 13:00,2183,106,105,0.00,24,824.00,,21.8,7.2,0.53,2.27,,,,,,,,,,
2017-07-16 14:00,2183,107,105,0.00,23,720.90,,16.4,7.0,0.52,2.29,,,,,,,,,,
2017-07-16 15:00,2183,107,106,0.00,22,555.90,,15.4,7.5,0.51,2.32,,,,,,,,,,
2017-07-16 16:00,2183,106,105,0.00,22,366.10,,13.6,7.8,0.52,2.26,,,,,,,,,,
2017-07-16 17:00,2183,105,103,0.00,24,178.20,,13.1,7.5,0.54,2.20,,,,,,,,,,
2017-07-16 18:00,2183,103,101,0.00,26,31.27,,11.6,6.7,0.55,2.09,,,,,,,,,,
2017-07-16 19:00,2183,101,100,0.00,27,0.28,,8.2,5.1,0.52,1.97,,,,,,,,,,
2017-07-16 20:00,2183,100,98,0.00,26,0.13,,5.6,2.0,0.51,1.88,,,,,,,,,,
2017-07-16 21:00,2183,98,96,0.00,29,0.14,,5.8,2.1,0.54,1.79,,,,,,,,,,
2017-07-16 22:00,2183,96,94,0.00,32,0.12,,8.4,4.9,0.55,1.68,,,,,,,,,,
2017-07-16 23:00,2183,94,93,0.00,33,0.09,,11.5,6.4,0.53,1.59,,,,,,,,,,
2017-07-17 00:00,2183,93,92,0.00,34,0.12,,11.5,3.6,0.53,1.57,,,,,,,,,,
2017-07-17 01:00,2183,92,92,0.00,34,0.10,,7.7,2.5,0.52,1.52,,,,,,,,,,
2017-07-17 02:00,2183,92,91,0.00,35,0.12,,8.1,3.5,0.51,1.50,,,,,,,,,,
2017-07-17 03:00,2183,91,89,0.00,33,0.11,,12.8,3.6,0.49,1.42,,,,,,,,,,
2017-07-17 04:00,2183,89,88,0.00,38,2.30,,12.1,7.7,0.53,1.34,,,,,,,,,,
2017-07-17 05:00,2183,89,88,0.00,40,97.60,,18.6,9.7,0.54,1.34,,,,,,,,,,
2017-07-17 06:00,2183,91,89,0.00,39,276.20,,15.4,9.6,0.54,1.42,,,,,,,,,,
2017-07-17 07:00,2183,93,91,0.00,36,471.90,,14.2,9.1,0.53,1.51,,,,,,,,,,
2017-07-17 08:00,2183,97,93,0.00,32,652.70,,14.2,8.1,0.51,1.65,,,,,,,,,,
2017-07-17 09:00,2183,99,97,0.00,29,798.00,,15.3,7.8,0.52,1.78,,,,,,,,,,
2017-07-17 10:00,2183,102,99,0.00,29,895.00,,13.9,7.0,0.52,1.94,,,,,,,,,,
2017-07-17 11:00,2183,103,100,0.00,26,910.00,,16.7,7.7,0.51,2.04,,,,,,,,,,
2017-07-17 12:00,2183,105,103,0.00,25,920.00,,15.8,8.6,0.52,2.17,,,,,,,,,,
2017-07-17 13:00,2183,105,103,0.00,24,845.00,,14.2,7.7,0.52,2.21,,,,,,,,,,
2017-07-17 14:00,2183,107,105,0.00,23,720.70,,16.3,6.9,0.52,2.24,,,,,,,,,,
2017-07-17 15:00,2183,107,105,0.00,22,554.40,,14.7,7.1,0.53,2.28,,,,,,,,,,
2017-07-17 16:00,2183,106,105,0.00,23,362.40,,13.9,6.3,0.54,2.27,,,,,,,,,,
2017-07-17 17:00,2183,105,103,0.00,25,175.60,,11.5,6.0,0.55,2.21,,,,,,,,,,
2017-07-17 18:00,2183,103,102,0.00,26,29.86,,13.5,8.7,0.54,2.10,,,,,,,,,,
2017-07-17 19:00,2183,102,100,0.00,26,0.32,,11.0,7.4,0.53,2.00,,,,,,,,,,
2017-07-17 20:00,2183,100,99,0.00,28,0.10,,10.8,5.4,0.53,1.91,,,,,,,,,,
2017-07-17 21:00,2183,99,96,0.00,29,0.13,,8.9,3.0,0.53,1.82,,,,,,,,,,
2017-07-17 22:00,2183,96,94,0.00,31,0.14,,10.4,6.3,0.53,1.66,,,,,,,,,,
2017-07-17 23:00,2183,94,93,0.00,33,0.14,,15.2,8.7,0.56,1.59,,,,,,,,,,
2017-07-18 00:00,2183,93,92,0.00,36,0.12,,13.7,8.3,0.54,1.54,,,,,,,,,,
2017-07-18 01:00,2183,93,92,0.00,33,0.12,,12.5,2.7,0.51,1.56,,,,,,,,,,
2017-07-18 02:00,2183,92,92,0.00,33,0.11,,7.9,3.8,0.50,1.53,,,,,,,,,,
2017-07-18 03:00,2183,92,91,0.00,33,0.12,,4.7,2.4,0.50,1.49,,,,,,,,,,
2017-07-18 04:00,2183,91,90,0.00,33,2.65,,4.9,1.6,0.48,1.44,,,,,,,,,,
2017-07-18 05:00,2183,92,90,0.00,33,94.00,,7.1,2.7,0.48,1.46,,,,,,,,,,
2017-07-18 06:00,2183,93,92,0.00,32,251.90,,12.1,6.1,0.49,1.52,,,,,,,,,,
2017-07-18 07:00,2183,93,92,0.00,32,322.90,,12.5,8.1,0.50,1.54,,,,,,,,,,
2017-07-18 08:00,2183,95,92,0.00,34,403.40,,12.9,7.6,0.51,1.56,,,,,,,,,,
2017-07-18 09:00,2183,97,95,0.00,31,673.50,,13.2,7.6,0.50,1.71,,,,,,,,,,
2017-07-18 10:00,2183,101,97,0.00,28,829.00,,13.2,5.5,0.50,1.88,,,,,,,,,,
2017-07-18 11:00,2183,103,101,0.00,26,904.00,,16.5,6.9,0.51,2.07,,,,,,,,,,
2017-07-18 12:00,2183,105,102,0.00,25,929.00,,11.4,5.4,0.51,2.15,,,,,,,,,,
2017-07-18 13:00,2183,106,105,0.00,23,816.00,,11.6,5.2,0.51,2.24,,,,,,,,,,
2017-07-18 14:00,2183,106,104,0.00,22,732.20,,13.9,6.7,0.52,2.28,,,,,,,,,,
2017-07-18 15:00,2183,106,105,0.00,22,545.70,,15.8,7.2,0.52,2.29,,,,,,,,,,
2017-07-18 16:00,2183,106,105,0.00,23,377.40,,15.0,7.0,0.53,2.28,,,,,,,,,,
2017-07-18 17:00,2183,105,103,0.00,25,177.40,,13.4,8.0,0.54,2.18,,,,,,,,,,
2017-07-18 18:00,2183,103,101,0.00,26,22.28,,13.2,7.8,0.54,2.03,,,,,,,,,,
2017-07-18 19:00,2183,101,100,0.00,27,0.30,,11.8,6.7,0.53,1.94,,,,,,,,,,
2017-07-18 20:00,2183,100,99,0.00,28,0.10,,8.9,5.5,0.51,1.90,,,,,,,,,,
2017-07-18 21:00,2183,99,97,0.00,27,0.11,,7.6,3.6,0.50,1.82,,,,,,,,,,
2017-07-18 22:00,2183,97,96,0.00,28,0.12,,8.1,4.2,0.50,1.77,,,,,,,,,,
2017-07-18 23:00,2183,96,95,0.00,28,0.13,,13.1,7.9,0.47,1.68,,,,,,,,,,
2017-07-19 00:00,2183,95,94,0.00,28,0.11,,16.0,8.4,0.45,1.64,,,,,,,,,,
2017-07-19 01:00,2183,94,94,0.00,27,0.14,,11.5,5.2,0.44,1.63,,,,,,,,,,
2017-07-19 02:00,2183,94,85,0.21,27,0.09,,15.9,8.8,0.57,1.41,,,,,,,,,,
2017-07-19 03:00,2183,90,87,0.00,51,0.12,,7.6,2.1,0.59,1.38,,,,,,,,,,
2017-07-19 04:00,2183,88,85,0.00,47,0.68,,4.9,1.6,0.69,1.28,,,,,,,,,,
2017-07-19 05:00,2183,86,85,0.00,59,20.37,,5.4,2.0,0.73,1.25,,,,,,,,,,
2017-07-19 06:00,2183,87,86,0.00,55,63.73,,5.1,1.4,0.66,1.28,,,,,,,,,,
2017-07-19 07:00,2183,89,85,0.00,51,62.04,,11.7,3.7,0.69,1.33,,,,,,,,,,
2017-07-19 08:00,2183,89,84,0.00,66,186.40,,9.1,4.3,0.69,1.25,,,,,,,,,,
2017-07-19 09:00,2183,90,89,0.01,39,325.30,,8.5,4.1,0.52,1.42,,,,,,,,,,
2017-07-19 10:00,2183,91,90,0.00,37,261.10,,10.1,6.0,0.50,1.45,,,,,,,,,,
2017-07-19 11:00,2183,90,89,0.00,34,194.40,,14.2,5.9,0.51,1.41,,,,,,,,,,
2017-07-19 12:00,2183,94,89,0.00,38,300.00,,9.9,2.4,0.50,1.46,,,,,,,,,,
2017-07-19 13:00,2183,94,92,0.00,29,393.40,,6.9,3.2,0.50,1.54,,,,,,,,,,
2017-07-19 14:00,2183,96,92,0.00,32,532.50,,5.2,2.0,0.47,1.62,,,,,,,,,,
2017-07-19 15:00,2183,97,95,0.00,27,274.40,,5.0,1.9,0.46,1.70,,,,,,,,,,
2017-07-19 16:00,2183,97,96,0.00,26,167.10,,5.3,2.4,0.47,1.74,,,,,,,,,,
2017-07-19 17:00,2183,97,95,0.00,27,72.79,,6.7,3.6,0.53,1.71,,,,,,,,,,
2017-07-19 18:00,2183,95,92,0.00,37,12.79,,4.5,2.2,0.63,1.59,,,,,,,,,,
2017-07-19 19:00,2183,93,92,0.00,43,0.19,,3.7,2.1,0.63,1.53,,,,,,,,,,
2017-07-19 20:00,2183,94,93,0.00,33,0.11,,5.5,3.2,0.50,1.59,,,,,,,,,,
2017-07-19 21:00,2183,93,91,0.00,31,0.14,,5.4,2.9,0.49,1.54,,,,,,,,,,
2017-07-19 22:00,2183,92,90,0.00,33,0.12,,6.8,3.8,0.48,1.46,,,,,,,,,,
2017-07-19 23:00,2183,91,91,0.00,33,0.12,,10.8,5.5,0.49,1.47,,,,,,,,,,
2017-07-20 00:00,2183,91,89,0.00,32,0.12,,8.8,5.0,0.48,1.44,,,,,,,,,,
2017-07-20 01:00,2183,89,89,0.00,34,0.08,,8.6,5.2,0.47,1.38,,,,,,,,,,
2017-07-20 02:00,2183,89,88,0.00,33,0.11,,5.6,3.6,0.46,1.36,,,,,,,,,,
2017-07-20 03:00,2183,89,87,0.00,35,0.11,,3.6,1.8,0.48,1.34,,,,,,,,,,
2017-07-20 04:00,2183,87,84,0.00,38,2.20,,3.6,2.0,0.49,1.23,,,,,,,,,,
2017-07-20 05:00,2183,86,85,0.00,39,42.45,,3.4,2.0,0.48,1.23,,,,,,,,,,
2017-07-20 06:00,2183,90,86,0.00,36,135.30,,3.1,1.2,0.46,1.32,,,,,,,,,,
2017-07-20 07:00,2183,92,90,0.00,32,286.60,,3.6,1.7,0.43,1.46,,,,,,,,,,
2017-07-20 08:00,2183,96,92,0.00,27,513.40,,6.7,2.4,0.41,1.61,,,,,,,,,,
2017-07-20 09:00,2183,98,95,0.00,24,635.90,,5.3,2.2,0.41,1.73,,,,,,,,,,
2017-07-20 10:00,2183,101,98,0.00,22,951.00,,10.4,3.5,0.41,1.91,,,,,,,,,,
2017-07-20 11:00,2183,103,101,0.00,20,912.00,,9.8,4.6,0.40,2.07,,,,,,,,,,
2017-07-20 12:00,2183,105,103,0.00,20,917.00,,14.4,5.7,0.43,2.14,,,,,,,,,,
2017-07-20 13:00,2183,106,103,0.00,20,614.50,,13.9,6.4,0.44,2.22,,,,,,,,,,
2017-07-20 14:00,2183,105,103,0.00,21,468.90,,11.4,4.9,0.44,2.14,,,,,,,,,,
2017-07-20 15:00,2183,105,104,0.00,19,571.20,,12.1,5.4,0.41,2.25,,,,,,,,,,
2017-07-20 16:00,2183,105,104,0.00,18,381.20,,9.6,4.8,0.40,2.24,,,,,,,,,,
2017-07-20 17:00,2183,105,104,0.00,18,183.60,,13.0,5.9,0.39,2.22,,,,,,,,,,
2017-07-20 18:00,2183,104,101,0.00,16,28.54,,10.4,6.2,0.38,2.12,,,,,,,,,,
2017-07-20 19:00,2183,101,99,0.00,23,0.25,,9.1,5.8,0.46,1.95,,,,,,,,,,
2017-07-20 20:00,2183,99,97,0.00,24,0.13,,7.6,4.1,0.45,1.84,,,,,,,,,,
2017-07-20 21:00,2183,97,95,0.00,26,0.13,,5.6,2.9,0.45,1.73,,,,,,,,,,
2017-07-20 22:00,2183,95,94,0.00,26,0.12,,9.3,5.4,0.44,1.64,,,,,,,,,,
2017-07-20 23:00,2183,94,93,0.00,28,0.12,,8.5,5.9,0.41,1.58,,,,,,,,,,
2017-07-21 00:00,2183,94,91,0.00,24,0.13,,7.1,2.9,0.38,1.54,,,,,,,,,,
2017-07-21 01:00,2183,91,89,0.00,26,0.11,,5.9,2.9,0.38,1.44,,,,,,,,,,
2017-07-21 02:00,2183,89,88,0.00,28,0.13,,7.9,3.6,0.39,1.38,,,,,,,,,,
2017-07-21 03:00,2183,89,86,0.00,29,0.15,,3.3,0.9,0.39,1.35,,,,,,,,,,
2017-07-21 04:00,2183,86,84,0.00,32,2.78,,3.7,1.9,0.39,1.23,,,,,,,,,,
2017-07-21 05:00,2183,90,86,0.00,31,95.30,,3.8,1.4,0.41,1.28,,,,,,,,,,
2017-07-21 06:00,2183,92,90,0.00,31,290.00,,7.2,3.8,0.44,1.44,,,,,,,,,,
2017-07-21 07:00,2183,94,91,0.00,30,490.90,,6.2,2.7,0.43,1.53,,,,,,,,,,
2017-07-21 08:00,2183,95,94,0.00,26,666.90,,9.2,3.6,0.43,1.63,,,,,,,,,,
2017-07-21 09:00,2183,98,95,0.00,26,820.00,,10.9,4.8,0.43,1.73,,,,,,,,,,
2017-07-21 10:00,2183,101,98,0.00,21,909.00,,14.2,5.5,0.41,1.93,,,,,,,,,,
2017-07-21 11:00,2183,103,101,0.00,22,914.00,,15.1,6.1,0.44,2.08,,,,,,,,,,
2017-07-21 12:00,2183,105,103,0.00,21,894.00,,18.9,7.7,0.45,2.16,,,,,,,,,,
2017-07-21 13:00,2183,106,105,0.00,21,927.00,,15.2,7.4,0.46,2.28,,,,,,,,,,
2017-07-21 14:00,2183,106,106,0.00,20,751.80,,16.4,6.5,0.47,2.31,,,,,,,,,,
2017-07-21 15:00,2183,106,105,0.00,20,571.10,,12.3,6.2,0.47,2.30,,,,,,,,,,
2017-07-21 16:00,2183,106,104,0.00,21,377.00,,11.9,6.3,0.46,2.26,,,,,,,,,,
2017-07-21 17:00,2183,106,104,0.00,18,184.30,,13.1,7.4,0.41,2.26,,,,,,,,,,
2017-07-21 18:00,2183,104,102,0.00,16,30.33,,11.5,6.4,0.38,2.14,,,,,,,,,,
2017-07-21 19:00,2183,102,99,0.00,14,0.23,,9.2,5.0,0.32,1.99,,,,,,,,,,
2017-07-21 20:00,2183,99,98,0.00,19,0.11,,5.7,2.9,0.37,1.84,,,,,,,,,,
2017-07-21 21:00,2183,99,96,0.00,16,0.12,,7.8,4.7,0.37,1.78,,,,,,,,,,
2017-07-21 22:00,2183,96,94,0.00,28,0.12,,11.1,6.5,0.46,1.64,,,,,,,,,,
2017-07-21 23:00,2183,94,93,0.00,28,0.12,,10.1,6.2,0.42,1.58,,,,,,,,,,
2017-07-22 00:00,2183,93,93,0.00,25,0.10,,10.4,6.5,0.37,1.56,,,,,,,,,,
2017-07-22 01:00,2183,93,92,0.00,23,0.11,,10.6,6.3,0.37,1.55,,,,,,,,,,
2017-07-22 02:00,2183,92,90,0.00,24,0.11,,6.6,3.5,0.37,1.49,,,,,,,,,,
2017-07-22 03:00,2183,91,86,0.00,25,0.12,,5.3,2.3,0.37,1.37,,,,,,,,,,
2017-07-22 04:00,2183,87,86,0.00,29,2.17,,6.4,2.8,0.38,1.28,,,,,,,,,,
2017-07-22 05:00,2183,90,86,0.00,31,96.20,,4.0,2.5,0.38,1.33,,,,,,,,,,
2017-07-22 06:00,2183,93,90,0.00,27,286.10,,6.6,3.1,0.38,1.50,,,,,,,,,,
2017-07-22 07:00,2183,95,93,0.00,25,486.20,,8.4,4.9,0.39,1.60,,,,,,,,,,
2017-07-22 08:00,2183,99,95,0.00,24,658.80,,6.9,3.0,0.39,1.75,,,,,,,,,,
2017-07-22 09:00,2183,101,98,0.00,21,813.00,,8.4,3.2,0.38,1.90,,,,,,,,,,
2017-07-22 10:00,2183,103,101,0.00,19,909.00,,9.9,4.0,0.37,2.03,,,,,,,,,,
2017-07-22 11:00,2183,105,103,0.00,17,927.00,,10.1,4.1,0.38,2.16,,,,,,,,,,
2017-07-22 12:00,2183,107,105,0.00,18,931.00,,12.2,5.0,0.40,2.28,,,,,,,,,,
2017-07-22 13:00,2183,108,106,0.00,17,861.00,,10.8,4.2,0.41,2.36,,,,,,,,,,
2017-07-22 14:00,2183,108,107,0.00,17,737.10,,12.7,5.2,0.42,2.44,,,,,,,,,,
2017-07-22 15:00,2183,109,108,0.00,17,572.60,,10.5,4.6,0.43,2.48,,,,,,,,,,
2017-07-22 16:00,2183,109,108,0.00,18,377.70,,14.4,6.6,0.45,2.47,,,,,,,,,,
2017-07-22 17:00,2183,108,106,0.00,19,174.10,,15.1,7.7,0.47,2.42,,,,,,,,,,
2017-07-22 18:00,2183,106,104,0.00,20,25.55,,13.7,8.3,0.47,2.24,,,,,,,,,,
2017-07-22 19:00,2183,104,102,0.00,21,0.21,,11.8,7.8,0.44,2.11,,,,,,,,,,
2017-07-22 20:00,2183,102,100,0.00,21,0.09,,13.0,6.5,0.43,1.99,,,,,,,,,,
2017-07-22 21:00,2183,100,99,0.00,23,0.10,,5.1,2.3,0.48,1.88,,,,,,,,,,
2017-07-22 22:00,2183,99,96,0.00,26,0.11,,7.1,3.7,0.48,1.80,,,,,,,,,,
2017-07-22 23:00,2183,96,95,0.00,28,0.11,,8.8,3.6,0.48,1.70,,,,,,,,,,
2017-07-23 00:00,2183,95,93,0.00,29,0.08,,8.3,2.9,0.46,1.62,,,,,,,,,,
2017-07-23 01:00,2183,93,92,0.00,29,0.12,,5.7,3.0,0.43,1.57,,,,,,,,,,
2017-07-23 02:00,2183,93,91,0.00,27,0.10,,4.0,1.8,0.42,1.52,,,,,,,,,,
2017-07-23 03:00,2183,92,91,0.00,29,0.09,,7.0,2.7,0.43,1.50,,,,,,,,,,
2017-07-23 04:00,2183,91,90,0.00,29,2.16,,5.5,1.9,0.43,1.45,,,,,,,,,,
2017-07-23 05:00,2183,93,90,0.00,30,74.80,,5.1,1.9,0.43,1.43,,,,,,,,,,
2017-07-23 06:00,2183,93,92,0.00,28,283.00,,7.8,3.0,0.44,1.55,,,,,,,,,,
2017-07-23 07:00,2183,94,93,0.00,29,291.00,,10.5,6.2,0.44,1.59,,,,,,,,,,
2017-07-23 08:00,2183,96,94,0.00,27,468.30,,9.2,5.6,0.44,1.66,,,,,,,,,,
2017-07-23 09:00,2183,98,95,0.00,26,436.40,,11.9,6.7,0.43,1.73,,,,,,,,,,
2017-07-23 10:00,2183,101,98,0.00,24,715.50,,15.2,8.7,0.44,1.87,,,,,,,,,,
2017-07-23 11:00,2183,103,101,0.00,23,879.00,,16.4,8.1,0.46,2.03,,,,,,,,,,
2017-07-23 12:00,2183,105,103,0.00,23,939.00,,20.8,8.7,0.51,2.17,,,,,,,,,,
2017-07-23 13:00,2183,105,104,0.00,24,840.00,,15.8,7.2,0.51,2.23,,,,,,,,,,
2017-07-23 14:00,2183,105,105,0.00,22,726.00,,13.4,5.3,0.48,2.25,,,,,,,,,,
2017-07-23 15:00,2183,105,104,0.00,21,535.40,,14.2,7.4,0.46,2.24,,,,,,,,,,
2017-07-23 16:00,2183,105,103,0.00,21,327.40,,15.3,7.6,0.46,2.22,,,,,,,,,,
2017-07-23 17:00,2183,103,103,0.00,22,157.10,,12.5,7.1,0.49,2.13,,,,,,,,,,
2017-07-23 18:00,2183,103,99,0.00,24,40.63,,16.6,8.1,0.50,2.03,,,,,,,,,,
2017-07-23 19:00,2183,99,98,0.00,27,0.18,,15.5,11.2,0.50,1.84,,,,,,,,,,
2017-07-23 20:00,2183,98,97,0.00,26,0.08,,17.1,10.2,0.46,1.78,,,,,,,,,,
2017-07-23 21:00,2183,97,95,0.00,26,0.10,,16.9,11.1,0.46,1.69,,,,,,,,,,
2017-07-23 22:00,2183,95,93,0.00,28,0.12,,13.2,6.6,0.49,1.60,,,,,,,,,,
2017-07-23 23:00,2183,93,92,0.00,33,0.10,,11.3,6.2,0.51,1.54,,,,,,,,,,
2017-07-24 00:00,2183,93,92,0.00,34,0.10,,9.4,5.0,0.51,1.52,,,,,,,,,,
2017-07-24 01:00,2183,92,90,0.00,35,0.11,,11.4,5.3,0.54,1.45,,,,,,,,,,
2017-07-24 02:00,2183,90,88,0.00,39,0.11,,7.8,2.4,0.53,1.39,,,,,,,,,,
2017-07-24 03:00,2183,89,88,0.00,38,0.12,,9.2,4.9,0.50,1.35,,,,,,,,,,
2017-07-24 04:00,2183,89,87,0.00,36,1.61,,7.2,2.4,0.51,1.33,,,,,,,,,,
2017-07-24 05:00,2183,89,87,0.00,41,40.07,,9.1,4.6,0.52,1.31,,,,,,,,,,
2017-07-24 06:00,2183,89,87,0.00,39,97.70,,13.0,7.4,0.53,1.34,,,,,,,,,,
2017-07-24 07:00,2183,91,89,0.00,39,348.20,,16.6,10.8,0.53,1.42,,,,,,,,,,
2017-07-24 08:00,2183,94,91,0.00,36,664.70,,17.5,11.2,0.50,1.55,,,,,,,,,,
2017-07-24 09:00,2183,96,94,0.00,29,804.00,,18.7,11.9,0.48,1.65,,,,,,,,,,
2017-07-24 10:00,2183,95,94,0.00,28,832.00,,19.0,12.6,0.54,1.64,,,,,,,,,,
2017-07-24 11:00,2183,97,95,0.00,33,774.50,,20.6,12.7,0.55,1.68,,,,,,,,,,
2017-07-24 12:00,2183,98,97,0.00,33,918.00,,24.0,13.9,0.58,1.78,,,,,,,,,,
2017-07-24 13:00,2183,98,97,0.00,34,838.00,,21.2,13.9,0.63,1.80,,,,,,,,,,
2017-07-24 14:00,2183,99,97,0.00,34,727.70,,17.4,10.8,0.60,1.85,,,,,,,,,,
2017-07-24 15:00,2183,99,97,0.00,31,341.60,,17.8,10.4,0.58,1.82,,,,,,,,,,
2017-07-24 16:00,2183,98,96,0.00,32,77.13,,14.9,10.0,0.58,1.77,,,,,,,,,,
2017-07-24 17:00,2183,96,89,0.00,34,47.68,,18.8,10.2,0.59,1.68,,,,,,,,,,
2017-07-24 18:00,2183,89,81,0.42,53,31.83,,27.2,10.6,0.77,1.20,,,,,,,,,,
2017-07-24 19:00,2183,89,84,0.00,68,0.19,,9.1,3.7,0.80,1.26,,,,,,,,,,
2017-07-24 20:00,2183,89,88,0.00,55,0.13,,10.0,4.4,0.76,1.36,,,,,,,,,,
2017-07-24 21:00,2183,89,88,0.00,57,0.11,,3.7,1.4,0.77,1.34,,,,,,,,,,
2017-07-24 22:00,2183,89,88,0.00,51,0.11,,3.1,1.3,0.74,1.36,,,,,,,,,,
2017-07-24 23:00,2183,88,87,0.00,59,0.14,,3.3,1.3,0.78,1.31,,,,,,,,,,
2017-07-25 00:00,2183,87,86,0.00,65,0.10,,2.1,0.4,0.74,1.28,,,,,,,,,,
2017-07-25 01:00,2183,87,87,0.00,58,0.10,,2.9,0.5,0.71,1.29,,,,,,,,,,
2017-07-25 02:00,2183,87,86,0.00,53,0.10,,4.6,1.2,0.68,1.30,,,,,,,,,,
2017-07-25 03:00,2183,86,84,0.00,52,0.10,,5.5,1.8,0.66,1.23,,,,,,,,,,
2017-07-25 04:00,2183,86,85,0.00,52,2.39,,9.9,2.8,0.65,1.21,,,,,,,,,,
2017-07-25 05:00,2183,87,85,0.00,56,83.50,,4.0,1.0,0.67,1.25,,,,,,,,,,
2017-07-25 06:00,2183,89,86,0.00,53,240.40,,6.7,1.7,0.68,1.31,,,,,,,,,,
2017-07-25 07:00,2183,90,88,0.00,52,417.90,,7.6,2.7,0.69,1.37,,,,,,,,,,
2017-07-25 08:00,2183,92,90,0.00,46,506.40,,10.7,6.2,0.64,1.47,,,,,,,,,,
2017-07-25 09:00,2183,95,92,0.00,39,718.30,,13.6,7.6,0.53,1.59,,,,,,,,,,
2017-07-25 10:00,2183,98,95,0.00,29,920.00,,14.5,7.0,0.48,1.69,,,,,,,,,,
2017-07-25 11:00,2183,100,97,0.00,28,956.00,,17.2,7.4,0.47,1.82,,,,,,,,,,
2017-07-25 12:00,2183,101,99,0.00,24,585.70,,15.6,6.6,0.41,1.92,,,,,,,,,,
2017-07-25 13:00,2183,103,99,0.00,20,591.50,,12.0,5.0,0.39,2.00,,,,,,,,,,
2017-07-25 14:00,2183,101,101,0.00,21,284.70,,12.1,6.3,0.41,1.98,,,,,,,,,,
2017-07-25 15:00,2183,103,101,0.00,20,560.20,,11.5,6.3,0.39,2.05,,,,,,,,,,
2017-07-25 16:00,2183,103,102,0.00,19,431.60,,16.3,6.8,0.38,2.10,,,,,,,,,,
2017-07-25 17:00,2183,103,100,0.00,19,101.20,,10.3,5.8,0.41,2.06,,,,,,,,,,
2017-07-25 18:00,2183,100,97,0.00,21,15.15,,8.5,4.5,0.44,1.90,,,,,,,,,,
2017-07-25 19:00,2183,97,94,0.00,25,0.18,,8.4,3.9,0.45,1.71,,,,,,,,,,
2017-07-25 20:00,2183,95,94,0.00,28,0.09,,6.8,3.5,0.47,1.64,,,,,,,,,,
2017-07-25 21:00,2183,95,94,0.00,26,0.14,,5.8,3.1,0.44,1.63,,,,,,,,,,
2017-07-25 22:00,2183,94,92,0.00,27,0.11,,7.5,4.3,0.43,1.57,,,,,,,,,,
2017-07-25 23:00,2183,93,91,0.00,26,0.12,,7.1,3.1,0.35,1.53,,,,,,,,,,
2017-07-26 00:00,2183,91,89,0.00,23,0.09,,4.6,2.9,0.35,1.42,,,,,,,,,,
2017-07-26 01:00,2183,89,85,0.00,25,0.10,,3.4,1.2,0.42,1.34,,,,,,,,,,
2017-07-26 02:00,2183,85,84,0.00,37,0.12,,3.1,0.8,0.41,1.21,,,,,,,,,,
2017-07-26 03:00,2183,85,84,0.00,29,0.13,,2.9,1.1,0.34,1.20,,,,,,,,,,
2017-07-26 04:00,2183,84,82,0.00,33,1.98,,2.7,1.4,0.38,1.15,,,,,,,,,,
2017-07-26 05:00,2183,86,83,0.00,37,66.90,,3.6,1.8,0.41,1.18,,,,,,,,,,
2017-07-26 06:00,2183,91,86,0.00,32,310.10,,3.6,1.5,0.36,1.37,,,,,,,,,,
2017-07-26 07:00,2183,94,91,0.00,20,494.00,,4.2,1.6,0.30,1.51,,,,,,,,,,
2017-07-26 08:00,2183,96,94,0.00,20,659.20,,8.4,2.8,0.37,1.65,,,,,,,,,,
2017-07-26 09:00,2183,99,96,0.00,22,828.00,,10.8,3.8,0.36,1.78,,,,,,,,,,
2017-07-26 10:00,2183,100,98,0.00,16,925.00,,11.2,5.5,0.30,1.87,,,,,,,,,,
2017-07-26 11:00,2183,102,100,0.00,14,944.00,,13.8,6.8,0.26,2.01,,,,,,,,,,
2017-07-26 12:00,2183,106,102,0.00,11,961.00,,13.8,5.9,0.21,2.13,,,,,,,,,,
2017-07-26 13:00,2183,106,105,0.00,9,887.00,,11.4,5.6,0.22,2.26,,,,,,,,,,
2017-07-26 14:00,2183,106,105,0.00,11,758.60,,11.8,5.6,0.27,2.28,,,,,,,,,,
2017-07-26 15:00,2183,107,106,0.00,12,588.30,,13.9,5.4,0.27,2.32,,,,,,,,,,
2017-07-26 16:00,2183,107,106,0.00,12,388.30,,15.7,6.8,0.28,2.35,,,,,,,,,,
2017-07-26 17:00,2183,107,105,0.00,12,184.40,,13.2,6.5,0.30,2.31,,,,,,,,,,
2017-07-26 18:00,2183,105,101,0.00,14,23.37,,10.8,6.1,0.32,2.13,,,,,,,,,,
2017-07-26 19:00,2183,101,99,0.00,15,0.21,,9.9,5.3,0.31,1.94,,,,,,,,,,
2017-07-26 20:00,2183,99,97,0.00,18,0.12,,6.8,3.8,0.35,1.80,,,,,,,,,,
2017-07-26 21:00,2183,98,97,0.00,21,0.12,,7.8,4.0,0.38,1.77,,,,,,,,,,
2017-07-26 22:00,2183,97,95,0.00,22,0.12,,10.6,6.3,0.41,1.72,,,,,,,,,,
2017-07-26 23:00,2183,95,94,0.00,23,0.13,,10.8,7.6,0.37,1.63,,,,,,,,,,
2017-07-27 00:00,2183,94,92,0.00,23,0.15,,9.1,6.0,0.37,1.58,,,,,,,,,,
2017-07-27 01:00,2183,92,87,0.00,26,0.13,,5.5,2.5,0.41,1.46,,,,,,,,,,
2017-07-27 02:00,2183,87,84,0.00,34,0.14,,3.9,1.5,0.47,1.24,,,,,,,,,,
2017-07-27 03:00,2183,86,84,0.00,39,0.10,,5.6,1.4,0.48,1.21,,,,,,,,,,
2017-07-27 04:00,2183,86,84,0.00,37,1.78,,8.2,2.2,0.43,1.22,,,,,,,,,,
2017-07-27 05:00,2183,93,86,0.00,33,88.70,,9.0,4.6,0.42,1.44,,,,,,,,,,
2017-07-27 06:00,2183,94,91,0.00,27,290.50,,8.8,3.1,0.42,1.49,,,,,,,,,,
2017-07-27 07:00,2183,98,94,0.00,26,469.20,,11.9,3.5,0.42,1.71,,,,,,,,,,
2017-07-27 08:00,2183,100,97,0.00,23,682.20,,7.8,3.4,0.42,1.85,,,,,,,,,,
2017-07-27 09:00,2183,101,100,0.00,22,829.00,,8.1,3.1,0.41,1.95,,,,,,,,,,
2017-07-27 10:00,2183,104,101,0.00,20,929.00,,9.2,3.6,0.40,2.10,,,,,,,,,,
2017-07-27 11:00,2183,107,104,0.00,17,943.00,,8.8,4.0,0.35,2.23,,,,,,,,,,
2017-07-27 12:00,2183,108,106,0.00,14,955.00,,13.5,4.4,0.32,2.35,,,,,,,,,,
2017-07-27 13:00,2183,110,108,0.00,14,868.00,,12.0,4.0,0.33,2.50,,,,,,,,,,
2017-07-27 14:00,2183,109,108,0.00,13,714.20,,13.5,6.1,0.34,2.52,,,,,,,,,,
2017-07-27 15:00,2183,110,108,0.00,14,567.20,,12.0,5.0,0.35,2.51,,,,,,,,,,
2017-07-27 16:00,2183,109,108,0.00,14,361.70,,10.1,3.8,0.36,2.52,,,,,,,,,,
2017-07-27 17:00,2183,109,108,0.00,14,176.00,,9.4,3.4,0.34,2.48,,,,,,,,,,
2017-07-27 18:00,2183,108,105,0.00,14,22.27,,9.5,4.7,0.29,2.36,,,,,,,,,,
2017-07-27 19:00,2183,105,101,0.00,12,0.16,,6.4,3.1,0.28,2.12,,,,,,,,,,
2017-07-27 20:00,2183,102,101,0.00,14,0.12,,6.1,3.2,0.28,2.03,,,,,,,,,,
2017-07-27 21:00,2183,102,100,0.00,13,0.12,,12.1,5.1,0.27,2.01,,,,,,,,,,
2017-07-27 22:00,2183,101,98,0.00,14,0.10,,9.0,4.5,0.31,1.94,,,,,,,,,,
2017-07-27 23:00,2183,98,97,0.00,19,0.13,,6.7,4.1,0.36,1.79,,,,,,,,,,
2017-07-28 00:00,2183,98,95,0.00,21,0.14,,10.7,4.4,0.35,1.74,,,,,,,,,,
2017-07-28 01:00,2183,98,96,0.00,15,0.12,,12.4,8.0,0.25,1.77,,,,,,,,,,
2017-07-28 02:00,2183,98,96,0.00,13,0.14,,14.7,10.1,0.24,1.77,,,,,,,,,,
2017-07-28 03:00,2183,96,93,0.00,14,0.13,,14.5,8.9,0.24,1.71,,,,,,,,,,
2017-07-28 04:00,2183,93,88,0.00,19,0.80,,10.6,4.3,0.28,1.44,,,,,,,,,,
2017-07-28 05:00,2183,90,88,0.00,21,65.72,,8.3,3.6,0.34,1.37,,,,,,,,,,
2017-07-28 06:00,2183,93,90,0.00,28,277.30,,10.7,4.6,0.39,1.50,,,,,,,,,,
2017-07-28 07:00,2183,94,92,0.00,29,465.40,,16.1,8.0,0.49,1.58,,,,,,,,,,
2017-07-28 08:00,2183,96,94,0.00,31,649.40,,17.6,9.9,0.52,1.62,,,,,,,,,,
2017-07-28 09:00,2183,98,96,0.00,32,797.40,,16.7,9.3,0.53,1.74,,,,,,,,,,
2017-07-28 10:00,2183,100,98,0.00,27,897.00,,16.5,6.5,0.48,1.87,,,,,,,,,,
2017-07-28 11:00,2183,102,99,0.00,26,910.00,,13.7,6.6,0.48,1.97,,,,,,,,,,
2017-07-28 12:00,2183,104,101,0.00,24,924.00,,13.8,5.0,0.47,2.05,,,,,,,,,,
2017-07-28 13:00,2183,105,103,0.00,21,848.00,,12.0,5.0,0.46,2.19,,,,,,,,,,
2017-07-28 14:00,2183,106,105,0.00,21,721.20,,19.6,5.8,0.48,2.27,,,,,,,,,,
2017-07-28 15:00,2183,107,106,0.00,21,551.40,,14.4,7.2,0.47,2.32,,,,,,,,,,
2017-07-28 16:00,2183,107,104,0.00,19,361.50,,16.8,8.9,0.43,2.30,,,,,,,,,,
2017-07-28 17:00,2183,104,102,0.00,20,165.90,,13.7,7.6,0.42,2.14,,,,,,,,,,
2017-07-28 18:00,2183,102,99,0.00,20,21.91,,10.5,4.3,0.41,2.00,,,,,,,,,,
2017-07-28 19:00,2183,99,96,0.00,23,0.19,,12.5,6.4,0.43,1.80,,,,,,,,,,
2017-07-28 20:00,2183,96,94,0.00,25,0.09,,11.6,2.7,0.45,1.69,,,,,,,,,,
2017-07-28 21:00,2183,94,93,0.00,28,0.11,,11.5,3.3,0.46,1.61,,,,,,,,,,
2017-07-28 22:00,2183,93,92,0.00,29,0.12,,15.6,4.1,0.45,1.55,,,,,,,,,,
2017-07-28 23:00,2183,92,90,0.00,30,0.12,,11.8,4.3,0.46,1.51,,,,,,,,,,
2017-07-29 00:00,2183,91,89,0.00,33,0.13,,10.1,5.0,0.50,1.44,,,,,,,,,,
2017-07-29 01:00,2183,89,89,0.00,39,0.14,,12.8,7.2,0.56,1.38,,,,,,,,,,
2017-07-29 02:00,2183,89,88,0.00,41,0.14,,12.5,5.6,0.56,1.35,,,,,,,,,,
2017-07-29 03:00,2183,89,88,0.00,41,0.17,,7.1,3.1,0.53,1.35,,,,,,,,,,
2017-07-29 04:00,2183,89,86,0.00,38,0.86,,9.1,3.8,0.55,1.32,,,,,,,,,,
2017-07-29 05:00,2183,86,86,0.00,45,61.36,,13.4,6.3,0.56,1.25,,,,,,,,,,
2017-07-29 06:00,2183,89,86,0.00,45,266.60,,9.1,4.0,0.56,1.31,,,,,,,,,,
2017-07-29 07:00,2183,92,89,0.00,39,472.40,,5.5,1.8,0.51,1.46,,,,,,,,,,
2017-07-29 08:00,2183,96,92,0.00,33,640.20,,7.3,2.4,0.50,1.58,,,,,,,,,,
2017-07-29 09:00,2183,100,96,0.00,29,804.00,,6.7,2.8,0.47,1.75,,,,,,,,,,
2017-07-29 10:00,2183,100,98,0.00,24,846.00,,10.9,4.8,0.47,1.90,,,,,,,,,,
2017-07-29 11:00,2183,103,100,0.00,23,834.00,,11.2,3.9,0.44,2.03,,,,,,,,,,
2017-07-29 12:00,2183,105,102,0.00,20,897.00,,14.2,4.7,0.42,2.17,,,,,,,,,,
2017-07-29 13:00,2183,106,104,0.00,20,871.00,,18.6,6.6,0.43,2.25,,,,,,,,,,
2017-07-29 14:00,2183,106,105,0.00,19,692.30,,15.4,6.5,0.43,2.29,,,,,,,,,,
2017-07-29 15:00,2183,107,106,0.00,19,570.30,,14.3,5.9,0.44,2.32,,,,,,,,,,
2017-07-29 16:00,2183,107,104,0.00,20,343.10,,15.8,7.6,0.47,2.31,,,,,,,,,,
2017-07-29 17:00,2183,104,103,0.00,23,108.20,,14.7,9.2,0.49,2.14,,,,,,,,,,
2017-07-29 18:00,2183,103,101,0.00,22,29.08,,15.3,9.1,0.46,2.09,,,,,,,,,,
2017-07-29 19:00,2183,101,99,0.00,24,0.17,,14.3,7.6,0.49,1.95,,,,,,,,,,
2017-07-29 20:00,2183,99,98,0.00,26,0.08,,9.1,3.8,0.49,1.85,,,,,,,,,,
2017-07-29 21:00,2183,98,95,0.00,27,0.08,,13.0,4.8,0.49,1.73,,,,,,,,,,
2017-07-29 22:00,2183,95,93,0.00,30,0.10,,6.7,1.9,0.48,1.64,,,,,,,,,,
2017-07-29 23:00,2183,93,92,0.00,30,0.09,,10.9,3.8,0.46,1.55,,,,,,,,,,
2017-07-30 00:00,2183,92,89,0.00,30,0.11,,7.9,2.3,0.44,1.47,,,,,,,,,,
2017-07-30 01:00,2183,90,89,0.00,31,0.12,,5.7,1.6,0.42,1.39,,,,,,,,,,
2017-07-30 02:00,2183,90,86,0.00,28,0.09,,3.0,1.2,0.40,1.37,,,,,,,,,,
2017-07-30 03:00,2183,87,86,0.00,34,0.13,,5.7,1.9,0.42,1.29,,,,,,,,,,
2017-07-30 04:00,2183,87,85,0.00,30,0.91,,4.2,1.7,0.41,1.27,,,,,,,,,,
2017-07-30 05:00,2183,87,85,0.00,35,59.10,,7.6,2.7,0.41,1.24,,,,,,,,,,
2017-07-30 06:00,2183,89,87,0.00,31,226.00,,10.3,5.0,0.40,1.35,,,,,,,,,,
2017-07-30 07:00,2183,90,89,0.00,28,241.80,,6.2,3.2,0.38,1.41,,,,,,,,,,
2017-07-30 08:00,2183,96,90,0.00,27,564.50,,10.3,3.7,0.38,1.53,,,,,,,,,,
2017-07-30 09:00,2183,96,94,0.00,22,516.40,,10.2,4.5,0.38,1.66,,,,,,,,,,
2017-07-30 10:00,2183,97,95,0.00,23,748.60,,9.8,4.0,0.39,1.72,,,,,,,,,,
2017-07-30 11:00,2183,101,97,0.00,22,837.00,,9.9,4.4,0.40,1.88,,,,,,,,,,
2017-07-30 12:00,2183,104,101,0.00,21,919.00,,14.4,5.9,0.41,2.06,,,,,,,,,,
2017-07-30 13:00,2183,106,103,0.00,19,935.00,,17.2,7.2,0.40,2.15,,,,,,,,,,
2017-07-30 14:00,2183,106,103,0.00,18,334.80,,14.6,7.0,0.41,2.19,,,,,,,,,,
2017-07-30 15:00,2183,105,103,0.00,20,427.80,,8.2,3.6,0.41,2.19,,,,,,,,,,
2017-07-30 16:00,2183,105,104,0.00,19,131.30,,10.5,3.3,0.41,2.21,,,,,,,,,,
2017-07-30 17:00,2183,105,104,0.00,18,152.40,,8.0,4.5,0.38,2.21,,,,,,,,,,
2017-07-30 18:00,2183,104,100,0.00,17,20.67,,8.7,4.2,0.39,2.11,,,,,,,,,,
2017-07-30 19:00,2183,100,98,0.00,20,0.16,,2.8,0.9,0.40,1.88,,,,,,,,,,
2017-07-30 20:00,2183,100,97,0.00,22,0.10,,7.6,2.7,0.44,1.87,,,,,,,,,,
2017-07-30 21:00,2183,98,97,0.00,30,0.10,,8.7,4.8,0.52,1.79,,,,,,,,,,
2017-07-30 22:00,2183,97,95,0.00,27,0.10,,6.0,3.0,0.50,1.72,,,,,,,,,,
2017-07-30 23:00,2183,96,95,0.00,31,0.10,,8.6,5.0,0.50,1.67,,,,,,,,,,
2017-07-31 00:00,2183,95,93,0.00,27,0.09,,7.1,3.1,0.45,1.63,,,,,,,,,,
2017-07-31 01:00,2183,94,91,0.00,29,0.11,,5.0,1.8,0.46,1.57,,,,,,,,,,
2017-07-31 02:00,2183,93,92,0.00,30,0.11,,8.6,3.7,0.46,1.54,,,,,,,,,,
2017-07-31 03:00,2183,92,91,0.00,32,0.13,,5.9,1.8,0.48,1.48,,,,,,,,,,
2017-07-31 04:00,2183,91,89,0.00,33,1.03,,4.1,1.5,0.48,1.46,,,,,,,,,,
2017-07-31 05:00,2183,92,89,0.00,37,56.79,,5.0,1.8,0.49,1.41,,,,,,,,,,
2017-07-31 06:00,2183,97,92,0.00,32,291.10,,4.4,1.9,0.48,1.63,,,,,,,,,,
2017-07-31 07:00,2183,99,97,0.00,27,456.40,,5.6,2.2,0.48,1.77,,,,,,,,,,
2017-07-31 08:00,2183,100,99,0.00,26,546.90,,5.3,2.3,0.48,1.90,,,,,,,,,,
2017-07-31 09:00,2183,104,100,0.00,24,568.50,,8.9,2.7,0.46,2.03,,,,,,,,,,
2017-07-31 10:00,2183,104,101,0.00,22,528.70,,9.8,3.9,0.44,2.07,,,,,,,,,,
2017-07-31 11:00,2183,104,102,0.00,21,475.20,,7.6,3.6,0.43,2.12,,,,,,,,,,
2017-07-31 12:00,2183,106,103,0.00,19,571.10,,8.9,3.6,0.41,2.19,,,,,,,,,,
2017-07-31 13:00,2183,107,105,0.00,17,548.30,,8.4,3.1,0.39,2.32,,,,,,,,,,
2017-07-31 14:00,2183,108,106,0.00,17,302.00,,11.3,3.9,0.40,2.34,,,,,,,,,,
2017-07-31 15:00,2183,107,106,0.00,17,286.40,,9.9,4.8,0.40,2.32,,,,,,,,,,
2017-07-31 16:00,2183,107,106,0.00,17,286.70,,9.6,3.7,0.38,2.36,,,,,,,,,,
2017-07-31 17:00,2183,107,106,0.00,15,95.10,,9.2,3.8,0.36,2.32,,,,,,,,,,
2017-07-31 18:00,2183,106,103,0.00,15,17.77,,6.8,2.5,0.36,2.24,,,,,,,,,,
2017-07-31 19:00,2183,103,99,0.00,17,0.17,,3.5,1.8,0.38,2.07,,,,,,,,,,
2017-07-31 20:00,2183,100,99,0.00,20,0.12,,4.3,1.9,0.38,1.89,,,,,,,,,,
2017-07-31 21:00,2183,99,97,0.00,20,0.16,,4.2,1.3,0.37,1.82,,,,,,,,,,
2017-07-31 22:00,2183,100,98,0.00,20,0.12,,3.8,1.2,0.37,1.88,,,,,,,,,,
2017-07-31 23:00,2183,100,90,0.01,20,0.14,,23.8,6.4,0.42,1.79,,,,,,,,,,
