Date,Station Id,Air Temperature Maximum (degF),Air Temperature Minimum (degF),Precipitation Increment (in),Relative Humidity (pct),Solar Radiation Average (watt/m2),Solar Radiation/langley Total (langley),Wind Speed Maximum (mph),Wind Speed Average (mph),Vapor Pressure - Partial (inch_Hg),Vapor Pressure - Saturated (inch_Hg),Soil Moisture Percent -2in (pct),Soil Moisture Percent -4in (pct),Soil Moisture Percent -8in (pct),Soil Moisture Percent -20in (pct),Soil Moisture Percent -40in (pct),Soil Temperature Observed -2in (degF),Soil Temperature Observed -4in (degF),Soil Temperature Observed -8in (degF),Soil Temperature Observed -20in (degF),Soil Temperature Observed -40in (degF)
2017-01-01 00:00,2219,32,31,0.00,100,0.32,,6.7,3.5,0.18,0.18,27.2,28.4,22.0,11.3,12.1,40,42,44,50,58
2017-01-01 01:00,2219,33,32,0.00,100,0.48,,9.4,5.1,0.18,0.18,27.2,28.4,21.7,11.3,12.1,40,42,44,50,58
2017-01-01 02:00,2219,33,31,0.00,100,0.36,,11.9,7.4,0.18,0.18,25.8,29.1,22.3,11.3,12.1,39,41,44,50,58
2017-01-01 03:00,2219,32,31,0.00,100,0.15,,11.3,7.5,0.18,0.18,26.8,28.9,22.5,10.7,12.1,39,41,44,50,58
2017-01-01 04:00,2219,32,31,0.00,100,0.24,,9.5,4.5,0.18,0.18,27.2,28.2,22.2,10.8,12.1,39,41,44,50,58
2017-01-01 05:00,2219,32,30,0.00,100,0.21,,9.8,6.4,0.17,0.17,26.9,28.7,22.2,11.0,12.1,38,40,43,50,58
2017-01-01 06:00,2219,33,32,0.00,100,0.63,,11.1,8.9,0.18,0.18,25.8,28.0,22.0,11.1,12.1,38,40,43,50,58
2017-01-01 07:00,2219,35,33,0.00,100,79.51,,12.5,9.8,0.19,0.20,26.8,27.8,22.1,11.0,12.1,38,40,43,50,58
2017-01-01 08:00,2219,38,35,0.18,100,179.90,,13.0,10.0,0.21,0.22,25.5,29.0,22.3,10.8,12.1,38,39,43,50,58
2017-01-01 09:00,2219,44,38,0.01,92,278.20,,11.6,8.2,0.22,0.25,26.9,28.8,22.5,10.8,12.1,37,39,42,50,58
2017-01-01 10:00,2219,47,44,0.00,86,380.90,,9.6,7.2,0.25,0.30,27.0,27.7,22.4,11.0,12.1,38,40,42,50,58
2017-01-01 11:00,2219,49,47,0.00,73,468.00,,11.3,7.0,0.24,0.33,27.3,27.7,22.4,10.8,12.1,40,40,42,50,58
2017-01-01 12:00,2219,53,49,0.00,67,544.10,,13.4,6.4,0.22,0.37,27.3,28.8,22.4,10.8,12.1,43,42,42,50,58
2017-01-01 13:00,2219,53,43,0.00,49,459.40,,11.3,4.6,0.23,0.35,27.2,28.6,22.4,10.8,12.1,45,43,42,50,58
2017-01-01 14:00,2219,44,41,0.00,100,272.30,,7.1,3.1,0.28,0.28,27.1,28.9,22.4,11.0,12.1,47,44,43,50,58
2017-01-01 15:00,2219,41,40,0.00,100,37.38,,5.7,3.3,0.26,0.26,27.5,28.7,22.3,11.0,12.1,48,46,43,50,58
2017-01-01 16:00,2219,41,40,0.00,100,8.96,,3.4,1.2,0.25,0.25,25.7,29.2,22.9,11.3,12.1,48,46,44,49,58
2017-01-01 17:00,2219,40,40,0.00,100,0.28,,7.9,5.6,0.25,0.25,27.4,28.7,22.7,11.1,12.1,47,47,44,49,58
2017-01-01 18:00,2219,40,39,0.00,100,0.13,,8.0,4.4,0.25,0.25,27.0,28.8,22.7,11.1,12.1,47,46,45,49,58
2017-01-01 19:00,2219,39,38,0.00,100,0.12,,7.8,5.4,0.23,0.23,26.9,28.4,22.7,11.0,12.1,46,46,45,49,58
2017-01-01 20:00,2219,38,37,0.00,100,0.15,,8.0,5.4,0.22,0.22,26.6,28.7,22.6,11.2,12.1,45,45,45,49,58
2017-01-01 21:00,2219,37,37,0.00,100,0.14,,7.3,4.2,0.22,0.22,27.2,29.0,22.7,11.5,12.1,44,45,45,49,58
2017-01-01 22:00,2219,37,35,0.00,100,0.13,,6.9,3.7,0.21,0.21,26.8,28.6,22.7,11.2,12.1,44,45,45,49,58
2017-01-01 23:00,2219,36,35,0.00,100,0.17,,7.8,4.0,0.21,0.21,26.6,28.0,22.7,11.2,12.1,43,45,45,49,58
2017-01-02 00:00,2219,36,36,0.00,100,0.13,,9.5,5.7,0.21,0.21,25.4,28.5,22.3,11.2,12.1,43,44,45,49,58
2017-01-02 01:00,2219,36,35,0.00,100,0.12,,6.8,2.8,0.21,0.21,25.6,28.8,22.3,11.1,12.1,42,44,45,49,58
2017-01-02 02:00,2219,36,36,0.00,100,0.12,,5.7,1.9,0.21,0.21,26.8,27.9,22.5,11.0,12.1,42,43,45,49,58
2017-01-02 03:00,2219,36,36,0.00,100,0.12,,5.2,2.6,0.21,0.21,25.5,28.2,22.3,11.1,12.1,42,43,45,49,58
2017-01-02 04:00,2219,36,36,0.00,100,0.10,,4.8,2.5,0.21,0.21,26.3,27.9,22.5,11.2,12.1,42,43,45,49,58
2017-01-02 05:00,2219,36,36,0.00,100,0.12,,4.5,1.7,0.21,0.21,26.0,27.8,22.5,11.0,12.1,42,43,45,49,58
2017-01-02 06:00,2219,36,36,0.00,100,0.17,,8.6,4.0,0.21,0.21,25.1,27.9,22.2,10.8,12.1,41,43,44,49,58
2017-01-02 07:00,2219,36,36,0.00,100,11.79,,6.1,3.0,0.21,0.21,26.5,27.1,22.2,11.0,12.1,41,43,44,49,58
2017-01-02 08:00,2219,37,36,0.00,100,48.68,,7.8,5.1,0.22,0.22,25.9,28.3,22.4,11.2,12.1,41,42,44,49,58
2017-01-02 09:00,2219,39,37,0.00,100,90.80,,9.9,6.7,0.22,0.22,26.2,27.7,22.4,11.0,12.1,41,42,44,49,58
2017-01-02 10:00,2219,40,39,0.00,97,162.30,,8.5,5.3,0.22,0.24,26.2,27.1,22.0,11.2,12.1,41,42,44,49,58
2017-01-02 11:00,2219,42,40,0.00,90,226.00,,10.3,5.9,0.23,0.26,26.2,27.6,22.3,11.0,12.2,41,42,44,49,58
2017-01-02 12:00,2219,40,40,0.00,100,212.90,,6.9,4.0,0.25,0.25,25.2,27.8,22.4,11.2,12.2,42,42,44,49,58
2017-01-02 13:00,2219,41,40,0.00,94,166.80,,7.6,4.9,0.23,0.25,26.1,27.6,22.4,11.0,12.2,43,43,44,49,58
2017-01-02 14:00,2219,41,41,0.00,88,111.00,,6.8,3.5,0.22,0.25,25.9,28.3,22.4,11.0,12.2,44,44,44,49,58
2017-01-02 15:00,2219,41,40,0.00,87,38.11,,6.2,4.0,0.22,0.25,25.7,28.3,22.1,11.2,12.2,45,44,44,49,58
2017-01-02 16:00,2219,40,40,0.00,85,10.66,,7.0,3.8,0.21,0.25,26.2,28.3,22.1,11.0,12.2,45,45,44,49,58
2017-01-02 17:00,2219,40,39,0.00,86,0.20,,4.9,2.2,0.22,0.24,25.9,27.4,22.4,11.2,12.2,45,45,44,49,58
2017-01-02 18:00,2219,39,39,0.00,96,0.13,,2.9,1.1,0.23,0.24,26.1,27.6,22.1,11.0,12.2,45,45,45,49,58
2017-01-02 19:00,2219,39,37,0.00,91,0.13,,5.8,3.4,0.21,0.23,26.1,27.7,22.1,11.0,12.2,44,44,45,49,58
2017-01-02 20:00,2219,39,37,0.00,93,0.13,,5.6,2.2,0.21,0.22,26.2,28.1,22.1,11.2,12.2,43,44,45,49,58
2017-01-02 21:00,2219,39,38,0.00,85,0.11,,2.2,0.4,0.19,0.23,26.2,27.1,22.1,11.5,12.2,42,44,45,49,58
2017-01-02 22:00,2219,39,38,0.00,81,0.10,,3.8,2.2,0.19,0.24,25.5,27.7,22.1,11.2,12.2,42,43,45,49,58
2017-01-02 23:00,2219,39,37,0.00,80,0.12,,9.4,4.5,0.19,0.24,26.0,27.4,22.3,11.2,12.2,41,43,45,49,58
2017-01-03 00:00,2219,38,37,0.00,97,0.08,,8.7,6.3,0.22,0.22,25.2,26.5,22.3,11.2,12.2,41,43,44,49,58
2017-01-03 01:00,2219,39,38,0.00,98,0.10,,6.1,4.1,0.21,0.23,25.9,27.1,21.8,11.0,12.2,40,42,44,49,58
2017-01-03 02:00,2219,41,38,0.00,92,0.12,,4.0,2.0,0.19,0.25,25.6,27.3,21.8,11.0,12.2,40,42,44,49,58
2017-01-03 03:00,2219,40,40,0.00,76,0.12,,3.7,2.1,0.19,0.25,25.6,27.3,22.0,11.2,12.1,40,42,44,49,58
2017-01-03 04:00,2219,40,39,0.00,78,0.12,,4.1,2.9,0.19,0.25,25.8,26.6,21.6,11.2,12.2,40,42,44,49,58
2017-01-03 05:00,2219,40,40,0.00,80,0.13,,3.0,1.1,0.19,0.25,25.0,27.2,21.7,11.0,11.8,40,41,44,49,58
2017-01-03 06:00,2219,40,40,0.00,79,0.20,,3.1,1.2,0.20,0.25,24.8,26.4,21.7,11.2,12.2,39,41,44,49,58
2017-01-03 07:00,2219,40,39,0.00,80,13.50,,4.1,1.5,0.20,0.25,25.7,27.1,22.1,11.1,12.2,39,41,43,49,58
2017-01-03 08:00,2219,42,40,0.00,81,90.60,,3.9,1.0,0.20,0.26,25.4,26.6,21.6,11.0,12.2,40,41,43,49,58
2017-01-03 09:00,2219,45,42,0.00,72,188.30,,7.6,2.2,0.20,0.29,25.4,26.2,21.7,10.5,11.8,40,41,43,49,58
2017-01-03 10:00,2219,47,45,0.00,71,218.00,,10.0,7.1,0.21,0.30,25.5,26.5,21.7,11.5,11.8,40,41,43,49,58
2017-01-03 11:00,2219,51,47,0.00,67,327.10,,9.4,3.8,0.22,0.34,25.3,26.5,21.7,11.5,12.2,42,42,43,49,58
2017-01-03 12:00,2219,51,47,0.00,60,302.40,,6.7,2.7,0.24,0.35,25.7,27.2,21.5,11.0,12.2,43,42,43,49,58
2017-01-03 13:00,2219,48,47,0.00,76,327.30,,5.7,3.2,0.26,0.33,24.8,26.5,21.5,11.5,11.8,45,43,43,49,58
2017-01-03 14:00,2219,47,47,0.00,71,184.10,,5.0,2.9,0.22,0.33,25.4,27.0,21.3,10.7,11.8,46,45,43,49,58
2017-01-03 15:00,2219,48,47,0.00,67,110.50,,4.1,1.0,0.20,0.33,25.6,26.8,21.7,11.0,11.8,48,46,44,49,58
2017-01-03 16:00,2219,48,47,0.00,60,36.63,,3.6,0.8,0.20,0.33,26.2,27.4,21.7,11.1,11.8,48,46,44,49,58
2017-01-03 17:00,2219,47,47,0.00,59,0.43,,6.4,3.8,0.24,0.32,26.2,27.1,21.6,10.7,11.8,47,47,45,49,58
2017-01-03 18:00,2219,47,46,0.00,81,0.15,,8.0,4.2,0.25,0.32,26.1,27.1,21.6,10.7,11.8,47,47,45,49,58
2017-01-03 19:00,2219,46,45,0.00,75,0.14,,7.0,4.7,0.23,0.30,24.9,26.9,21.4,11.2,12.2,46,46,45,49,58
2017-01-03 20:00,2219,47,46,0.00,72,0.17,,9.6,5.1,0.24,0.32,25.9,27.5,21.4,10.8,11.8,46,46,45,49,58
2017-01-03 21:00,2219,46,45,0.00,76,0.13,,9.3,5.4,0.23,0.31,25.8,26.7,21.4,11.2,12.2,45,46,46,49,58
2017-01-03 22:00,2219,46,45,0.00,70,0.13,,10.5,7.0,0.23,0.31,25.5,27.2,21.4,11.2,12.2,44,45,46,49,58
2017-01-03 23:00,2219,46,45,0.00,74,0.13,,10.1,6.4,0.23,0.31,26.2,27.4,21.4,11.5,11.8,44,45,46,49,58
2017-01-04 00:00,2219,46,45,0.00,76,0.15,,10.9,6.8,0.24,0.31,25.7,26.7,21.6,11.5,12.2,44,45,45,49,58
2017-01-04 01:00,2219,46,44,0.00,78,0.15,,8.2,5.5,0.24,0.30,25.8,27.1,21.9,10.7,11.8,43,44,45,49,58
2017-01-04 02:00,2219,46,44,0.00,83,0.11,,10.1,5.8,0.25,0.30,24.2,26.3,21.9,11.5,11.8,43,44,45,49,58
2017-01-04 03:00,2219,47,46,0.00,80,0.14,,13.3,6.1,0.26,0.32,25.6,26.5,21.7,11.5,11.8,43,44,45,49,58
2017-01-04 04:00,2219,50,46,0.00,83,0.12,,19.4,8.9,0.27,0.34,24.8,26.8,21.7,11.2,11.8,43,44,45,49,58
2017-01-04 05:00,2219,51,50,0.00,75,0.13,,20.5,11.3,0.27,0.37,24.8,26.4,21.7,11.2,11.8,43,44,45,49,58
2017-01-04 06:00,2219,51,50,0.00,73,0.64,,15.8,9.8,0.27,0.38,25.6,25.9,21.8,10.5,11.8,43,44,45,49,58
2017-01-04 07:00,2219,51,50,0.00,74,26.11,,17.9,10.2,0.28,0.38,25.6,27.3,21.8,11.2,11.8,43,44,45,49,58
2017-01-04 08:00,2219,53,51,0.00,77,80.90,,12.1,6.5,0.30,0.40,25.6,26.4,21.2,10.5,11.8,44,44,45,49,58
2017-01-04 09:00,2219,55,53,0.00,74,185.10,,14.7,7.3,0.30,0.42,24.5,26.4,21.4,11.2,11.8,44,44,45,49,58
2017-01-04 10:00,2219,56,54,0.00,72,152.50,,12.8,5.7,0.31,0.44,24.1,27.0,21.4,11.5,11.8,45,45,45,49,58
2017-01-04 11:00,2219,55,54,0.00,70,128.80,,12.4,6.8,0.34,0.42,24.7,26.6,21.4,11.5,11.8,46,45,45,49,58
2017-01-04 12:00,2219,54,54,0.00,83,108.10,,15.6,8.9,0.33,0.42,25.8,26.3,21.4,11.5,11.8,47,46,45,49,58
2017-01-04 13:00,2219,55,54,0.00,80,138.10,,16.8,9.4,0.32,0.42,25.4,27.1,21.2,11.5,11.8,47,47,45,49,58
2017-01-04 14:00,2219,56,55,0.00,73,158.50,,21.0,11.7,0.31,0.45,25.4,26.6,21.2,11.2,11.8,48,47,46,49,58
2017-01-04 15:00,2219,56,54,0.00,70,86.30,,18.0,12.2,0.34,0.44,25.7,26.6,21.2,10.7,11.8,49,47,46,49,58
2017-01-04 16:00,2219,55,53,0.00,76,11.68,,15.8,8.8,0.34,0.43,25.7,27.2,21.2,11.2,11.8,49,48,46,49,58
2017-01-04 17:00,2219,53,53,0.00,86,0.32,,13.9,9.3,0.36,0.40,25.7,26.9,21.1,11.2,11.8,49,48,46,49,58
2017-01-04 18:00,2219,53,52,0.00,90,0.14,,15.6,10.7,0.35,0.40,25.2,26.1,21.7,10.5,11.8,49,48,47,49,58
2017-01-04 19:00,2219,53,52,0.00,91,0.18,,18.6,11.6,0.34,0.39,25.4,26.1,21.7,10.5,11.8,48,48,47,49,58
2017-01-04 20:00,2219,53,52,0.00,86,0.15,,18.3,12.2,0.34,0.40,25.4,26.1,21.7,11.0,11.8,48,48,47,49,58
2017-01-04 21:00,2219,54,53,0.01,86,0.14,,18.9,11.9,0.35,0.41,24.8,26.1,21.6,11.0,11.8,48,48,47,49,58
2017-01-04 22:00,2219,54,53,0.00,93,0.16,,19.1,14.0,0.40,0.41,25.0,26.3,21.6,11.2,11.8,48,48,47,49,58
2017-01-04 23:00,2219,54,53,0.00,97,0.17,,24.3,14.4,0.40,0.42,25.0,26.8,21.8,11.0,11.8,48,48,47,49,58
2017-01-05 00:00,2219,54,53,0.00,94,0.14,,16.6,11.0,0.40,0.42,25.0,26.8,21.8,11.1,11.8,48,48,47,49,58
2017-01-05 01:00,2219,53,53,0.00,100,0.17,,18.8,11.3,0.40,0.40,24.3,26.6,21.8,11.0,11.8,49,48,47,49,58
2017-01-05 02:00,2219,53,53,0.00,100,0.38,,18.1,10.6,0.40,0.40,25.0,27.0,21.8,11.0,11.8,48,48,47,49,58
2017-01-05 03:00,2219,53,52,0.01,100,0.48,,15.8,8.4,0.40,0.40,25.0,26.5,21.2,10.8,11.8,49,48,47,49,58
2017-01-05 04:00,2219,53,52,0.00,100,0.36,,11.7,7.7,0.40,0.40,25.0,26.6,21.2,11.0,11.8,49,48,47,49,58
2017-01-05 05:00,2219,53,51,0.00,100,0.24,,11.4,6.6,0.39,0.39,24.5,27.0,21.2,10.9,11.8,49,48,48,49,58
2017-01-05 06:00,2219,51,51,0.00,100,0.26,,20.2,8.4,0.38,0.38,25.0,26.0,21.2,11.0,11.8,49,48,48,50,58
2017-01-05 07:00,2219,52,51,0.01,100,12.95,,22.9,14.6,0.35,0.38,24.5,26.0,21.2,11.4,11.8,49,48,48,49,58
2017-01-05 08:00,2219,52,52,0.00,85,75.07,,22.2,13.4,0.32,0.39,25.2,27.2,21.8,10.9,12.1,48,49,48,49,58
2017-01-05 09:00,2219,52,51,0.00,86,147.60,,18.4,11.0,0.34,0.38,24.8,26.0,21.2,11.0,11.8,49,48,48,50,58
2017-01-05 10:00,2219,52,51,0.00,88,83.30,,11.0,6.6,0.34,0.39,25.2,26.6,21.2,10.8,12.1,49,49,48,50,58
2017-01-05 11:00,2219,52,50,0.02,93,82.40,,14.2,6.9,0.35,0.38,25.5,26.0,21.2,10.8,12.1,49,49,48,50,58
2017-01-05 12:00,2219,52,51,0.00,100,304.80,,19.1,9.7,0.37,0.38,25.5,26.4,21.2,10.9,11.8,49,49,48,50,58
2017-01-05 13:00,2219,54,52,0.00,96,381.90,,15.5,8.8,0.38,0.40,25.3,26.1,21.2,11.0,11.8,50,49,48,50,58
2017-01-05 14:00,2219,54,53,0.00,87,474.30,,15.7,10.6,0.34,0.41,25.2,25.7,21.2,10.9,12.1,51,50,48,50,58
2017-01-05 15:00,2219,54,49,0.00,74,278.50,,13.7,4.2,0.34,0.37,25.1,26.4,21.2,10.9,12.1,52,51,49,50,58
2017-01-05 16:00,2219,49,46,0.00,100,58.99,,8.1,4.0,0.33,0.33,25.7,26.4,21.2,11.3,11.8,53,51,49,50,58
2017-01-05 17:00,2219,46,45,0.00,100,0.58,,10.6,5.0,0.31,0.31,25.2,26.1,21.0,11.3,12.1,54,52,49,50,58
2017-01-05 18:00,2219,45,42,0.00,100,0.50,,9.2,6.0,0.29,0.29,24.8,26.8,21.6,10.9,12.1,52,52,49,50,58
2017-01-05 19:00,2219,42,40,0.00,100,0.41,,10.2,6.7,0.26,0.26,25.3,26.3,21.6,10.8,12.1,52,51,50,50,58
2017-01-05 20:00,2219,40,38,0.00,100,0.32,,11.4,7.5,0.24,0.24,25.2,26.4,21.5,11.3,12.1,51,51,50,50,58
2017-01-05 21:00,2219,38,37,0.00,100,0.36,,10.1,7.0,0.22,0.22,24.3,26.2,21.5,11.1,12.1,50,51,50,50,58
2017-01-05 22:00,2219,37,35,0.01,100,0.33,,8.2,5.6,0.21,0.21,23.6,26.6,21.5,11.3,12.1,49,50,50,50,58
2017-01-05 23:00,2219,35,35,0.00,100,0.20,,6.0,3.2,0.20,0.20,24.4,25.7,21.6,10.8,12.1,48,49,50,50,58
2017-01-06 00:00,2219,35,34,0.00,100,0.25,,5.5,3.1,0.20,0.20,25.1,26.1,21.6,10.8,12.1,48,49,50,50,58
2017-01-06 01:00,2219,35,34,0.00,100,0.36,,10.3,5.5,0.20,0.20,24.8,26.9,21.0,11.0,12.1,47,49,50,50,58
2017-01-06 02:00,2219,35,34,0.00,100,0.49,,10.5,7.2,0.20,0.20,25.4,26.5,21.2,10.8,12.1,46,48,49,51,58
2017-01-06 03:00,2219,34,32,0.00,100,0.36,,8.1,5.4,0.19,0.19,24.9,26.3,21.6,11.0,12.1,46,47,49,51,58
2017-01-06 04:00,2219,33,32,0.00,100,0.12,,7.1,4.9,0.18,0.18,24.6,25.7,21.4,10.8,12.1,45,47,49,51,58
2017-01-06 05:00,2219,33,32,0.00,100,0.14,,7.0,3.9,0.18,0.18,24.8,25.7,21.3,10.8,12.1,45,47,49,51,58
2017-01-06 06:00,2219,33,32,0.00,100,0.78,,6.1,2.7,0.18,0.18,23.4,26.1,21.4,11.0,12.1,44,46,48,51,58
2017-01-06 07:00,2219,37,33,0.00,100,52.23,,3.1,0.3,0.19,0.19,24.5,25.5,21.4,11.4,12.1,44,46,48,51,58
2017-01-06 08:00,2219,40,36,0.00,100,255.10,,4.1,1.1,0.22,0.22,24.4,25.6,21.2,10.8,12.1,43,46,48,51,58
2017-01-06 09:00,2219,44,40,0.00,85,391.70,,4.5,1.5,0.24,0.27,24.1,26.3,21.2,10.8,12.1,43,45,48,51,58
2017-01-06 10:00,2219,43,41,0.00,91,513.70,,4.8,2.1,0.25,0.27,24.7,26.8,21.4,10.9,12.1,44,45,47,51,58
2017-01-06 11:00,2219,50,42,0.00,91,600.60,,4.2,1.7,0.26,0.31,24.9,26.3,21.6,10.8,12.1,46,46,47,51,58
2017-01-06 12:00,2219,51,46,0.00,72,610.70,,6.0,2.7,0.27,0.34,25.1,26.4,21.0,10.9,12.1,49,47,47,51,58
2017-01-06 13:00,2219,56,47,0.00,69,533.80,,6.6,3.0,0.25,0.38,25.3,26.0,21.0,10.8,12.1,51,49,47,51,58
2017-01-06 14:00,2219,48,47,0.00,80,417.80,,5.0,1.9,0.26,0.33,24.7,25.1,21.0,10.9,12.1,53,51,47,51,58
2017-01-06 15:00,2219,51,48,0.00,63,251.60,,3.9,1.7,0.18,0.35,25.1,26.5,20.8,10.9,12.1,55,51,48,51,58
2017-01-06 16:00,2219,51,47,0.00,29,45.79,,4.7,1.9,0.14,0.34,25.6,26.3,21.3,10.8,12.1,55,52,49,51,58
2017-01-06 17:00,2219,49,48,0.00,32,0.55,,3.6,2.2,0.07,0.35,25.2,26.1,21.3,10.8,12.1,53,52,49,51,58
2017-01-06 18:00,2219,49,48,0.00,19,0.16,,6.0,3.1,0.06,0.34,24.1,26.3,21.0,11.4,12.1,51,51,49,51,58
2017-01-06 19:00,2219,48,47,0.00,24,0.16,,8.0,5.2,0.10,0.33,24.7,26.2,21.5,10.7,12.1,49,50,49,51,58
2017-01-06 20:00,2219,49,48,0.00,39,0.14,,16.2,5.8,0.14,0.34,24.7,26.7,21.0,11.4,12.1,48,49,50,51,58
2017-01-06 21:00,2219,48,46,0.00,48,0.13,,14.7,11.2,0.17,0.32,24.6,26.2,21.3,10.8,12.1,47,49,49,51,58
2017-01-06 22:00,2219,51,48,0.00,50,0.14,,9.1,6.4,0.18,0.37,23.8,25.8,21.3,11.6,12.1,47,48,49,51,58
2017-01-06 23:00,2219,51,49,0.00,52,0.16,,11.8,8.0,0.20,0.36,24.7,26.2,21.3,11.2,12.1,47,48,49,51,58
2017-01-07 00:00,2219,50,46,0.03,55,0.17,,11.1,6.0,0.22,0.34,24.2,25.1,21.4,11.6,12.1,46,47,49,51,58
2017-01-07 01:00,2219,47,46,0.02,77,0.20,,9.8,5.1,0.25,0.31,24.2,25.8,20.8,11.4,12.1,46,47,49,51,58
2017-01-07 02:00,2219,47,46,0.02,77,0.14,,13.5,6.4,0.26,0.32,25.0,25.8,21.0,11.2,12.1,46,47,48,51,58
2017-01-07 03:00,2219,47,46,0.01,82,0.18,,8.6,3.6,0.26,0.32,25.0,25.4,21.2,11.2,12.1,46,47,48,51,58
2017-01-07 04:00,2219,52,46,0.02,85,0.14,,15.4,9.2,0.30,0.36,24.5,25.0,21.2,11.2,12.1,46,47,48,51,58
2017-01-07 05:00,2219,53,52,0.00,80,0.15,,18.0,8.8,0.31,0.40,25.0,26.1,21.1,11.2,12.1,46,47,48,51,58
2017-01-07 06:00,2219,53,52,0.02,81,0.21,,20.1,10.4,0.33,0.40,25.5,25.4,21.0,11.2,12.1,47,47,48,51,58
2017-01-07 07:00,2219,53,52,0.00,85,7.48,,19.4,12.4,0.33,0.40,24.6,25.0,21.0,11.2,12.1,47,47,48,51,58
2017-01-07 08:00,2219,53,53,0.00,81,17.84,,14.5,8.7,0.33,0.40,24.1,26.1,21.0,11.2,12.1,47,47,48,51,58
2017-01-07 09:00,2219,56,53,0.01,87,63.44,,24.2,9.3,0.36,0.41,24.8,25.8,21.0,11.4,12.1,47,47,48,51,58
2017-01-07 10:00,2219,56,56,0.00,78,122.00,,21.2,14.0,0.35,0.45,25.1,26.4,21.2,10.9,12.1,47,48,48,51,58
2017-01-07 11:00,2219,56,55,0.02,79,155.30,,24.8,14.6,0.36,0.45,25.0,26.4,21.2,11.2,12.1,48,48,48,51,58
2017-01-07 12:00,2219,56,54,0.02,86,177.30,,17.6,10.1,0.36,0.43,24.3,26.2,21.2,11.4,12.1,49,48,48,51,58
2017-01-07 13:00,2219,57,56,0.00,72,129.70,,15.3,6.3,0.32,0.46,25.4,25.8,21.2,11.4,12.1,49,49,48,51,58
2017-01-07 14:00,2219,56,55,0.00,68,65.06,,16.1,7.8,0.31,0.45,26.1,26.3,21.0,11.4,12.1,50,49,48,51,58
2017-01-07 15:00,2219,56,54,0.03,73,53.58,,16.3,7.8,0.33,0.43,24.8,26.5,21.0,11.4,12.1,50,50,49,51,58
2017-01-07 16:00,2219,55,52,0.12,79,6.68,,16.5,8.5,0.34,0.42,25.7,26.6,20.8,11.4,12.1,51,50,49,51,58
2017-01-07 17:00,2219,54,52,0.03,96,0.31,,16.8,9.8,0.37,0.41,25.3,25.7,21.2,11.2,12.1,50,50,49,51,58
2017-01-07 18:00,2219,54,53,0.11,89,0.16,,15.7,10.2,0.38,0.41,26.0,26.8,21.0,11.4,12.1,50,50,49,51,58
2017-01-07 19:00,2219,54,52,0.05,95,0.19,,18.8,10.7,0.39,0.40,27.3,28.2,21.3,11.2,12.1,50,50,49,51,58
2017-01-07 20:00,2219,54,53,0.01,94,0.14,,14.6,9.1,0.38,0.42,28.7,28.5,21.0,11.2,12.1,50,50,49,51,58
2017-01-07 21:00,2219,55,53,0.00,91,0.15,,16.1,6.8,0.35,0.43,28.0,29.9,21.0,11.4,11.8,50,50,49,51,58
2017-01-07 22:00,2219,55,54,0.00,77,0.21,,15.9,9.8,0.32,0.43,28.8,29.0,22.1,11.4,12.1,50,50,49,51,58
2017-01-07 23:00,2219,56,55,0.00,77,0.16,,15.9,10.5,0.33,0.44,28.2,30.0,22.3,11.2,12.1,50,50,49,51,58
2017-01-08 00:00,2219,58,55,0.00,72,0.16,,16.8,8.3,0.32,0.45,28.7,29.0,23.0,11.2,11.8,49,50,49,51,58
2017-01-08 01:00,2219,58,58,0.00,67,0.16,,14.7,5.3,0.33,0.49,29.1,29.0,23.3,11.4,12.1,49,50,49,51,58
2017-01-08 02:00,2219,59,57,0.00,68,0.15,,14.4,6.5,0.33,0.49,27.7,29.8,23.6,11.2,12.1,49,50,50,51,58
2017-01-08 03:00,2219,58,57,0.00,69,0.15,,18.6,9.5,0.31,0.48,28.6,29.9,23.7,11.0,12.1,49,50,50,51,58
2017-01-08 04:00,2219,58,57,0.00,63,0.15,,22.6,11.0,0.30,0.48,28.2,28.6,23.5,11.4,12.1,49,50,50,51,58
2017-01-08 05:00,2219,58,58,0.00,61,0.18,,25.1,13.2,0.29,0.49,27.6,30.0,23.5,11.2,12.1,49,50,50,51,58
2017-01-08 06:00,2219,58,58,0.00,59,0.66,,21.3,13.1,0.28,0.49,27.8,29.4,23.5,11.0,11.8,49,49,49,51,58
2017-01-08 07:00,2219,60,58,0.00,53,30.56,,24.1,16.2,0.25,0.50,27.8,29.6,23.5,11.2,12.1,49,49,50,51,58
2017-01-08 08:00,2219,63,60,0.00,47,204.20,,26.6,17.3,0.24,0.54,27.9,29.2,24.1,11.2,12.1,49,49,49,51,58
2017-01-08 09:00,2219,64,63,0.00,40,373.00,,28.8,20.4,0.24,0.60,27.3,29.5,23.4,11.0,12.1,49,49,49,51,58
2017-01-08 10:00,2219,65,64,0.00,40,488.10,,29.4,20.0,0.25,0.61,28.1,29.5,24.1,11.2,12.1,50,49,49,51,58
2017-01-08 11:00,2219,65,64,0.00,40,466.10,,25.3,17.4,0.25,0.62,27.9,29.7,23.5,11.2,12.1,51,50,49,51,58
2017-01-08 12:00,2219,66,63,0.00,40,521.30,,24.2,17.1,0.23,0.62,27.6,29.6,23.5,11.2,12.1,52,51,49,52,58
2017-01-08 13:00,2219,65,63,0.00,38,487.20,,20.4,13.9,0.22,0.61,27.6,28.9,23.5,11.2,12.1,53,51,50,51,58
2017-01-08 14:00,2219,65,64,0.00,34,440.80,,21.1,12.1,0.21,0.62,27.6,28.8,23.4,11.2,12.1,54,52,50,51,58
2017-01-08 15:00,2219,64,61,0.00,35,175.80,,18.7,11.6,0.22,0.58,28.0,28.7,23.4,11.0,12.1,55,53,50,52,58
2017-01-08 16:00,2219,61,60,0.00,41,50.92,,20.1,12.1,0.22,0.53,28.0,28.5,23.4,11.4,12.1,55,53,51,52,58
2017-01-08 17:00,2219,60,59,0.00,42,0.47,,17.5,11.0,0.22,0.51,27.6,29.8,24.0,11.0,12.1,54,53,51,51,58
2017-01-08 18:00,2219,59,58,0.00,43,0.15,,16.8,7.9,0.22,0.49,27.5,28.8,23.8,11.4,12.1,53,53,51,52,58
2017-01-08 19:00,2219,58,57,0.00,45,0.15,,16.4,9.5,0.22,0.47,27.1,29.5,24.0,11.4,12.1,53,53,51,51,58
2017-01-08 20:00,2219,57,56,0.00,46,0.17,,19.3,12.9,0.22,0.46,27.0,29.2,24.0,11.0,11.8,52,52,51,52,58
2017-01-08 21:00,2219,57,57,0.00,50,0.15,,21.2,10.5,0.25,0.47,27.4,29.4,23.6,11.4,12.1,51,52,51,52,58
2017-01-08 22:00,2219,57,51,0.16,53,0.16,,12.5,7.6,0.28,0.41,27.0,28.7,23.6,11.4,12.1,51,52,51,52,58
2017-01-08 23:00,2219,52,51,0.32,90,0.19,,18.4,10.6,0.36,0.38,27.4,29.1,23.6,11.4,12.1,51,51,51,52,58
2017-01-09 00:00,2219,53,51,0.22,100,0.20,,22.1,11.6,0.38,0.38,27.2,29.1,23.6,11.4,12.1,51,51,51,52,58
2017-01-09 01:00,2219,56,53,0.07,96,0.15,,22.3,10.4,0.39,0.41,30.9,32.9,25.6,11.2,12.1,50,51,51,52,58
2017-01-09 02:00,2219,56,54,0.01,81,0.16,,18.4,11.1,0.39,0.43,32.2,33.4,29.0,11.2,12.1,50,51,51,52,58
2017-01-09 03:00,2219,54,53,0.00,100,0.17,,18.7,11.2,0.41,0.41,30.8,33.2,29.0,11.2,12.1,51,51,51,52,58
2017-01-09 04:00,2219,53,53,0.00,97,0.14,,19.7,11.8,0.37,0.41,31.3,33.2,28.6,11.2,12.1,51,51,51,52,58
2017-01-09 05:00,2219,53,51,0.00,94,0.17,,16.0,9.0,0.38,0.39,30.4,32.5,28.6,11.2,12.1,51,51,51,52,58
2017-01-09 06:00,2219,53,51,0.00,88,0.26,,19.7,10.1,0.34,0.39,30.3,32.7,28.8,11.2,12.1,50,51,51,52,58
2017-01-09 07:00,2219,52,51,0.00,89,48.88,,16.4,9.0,0.34,0.38,29.6,32.1,28.3,11.2,12.1,50,50,51,52,58
2017-01-09 08:00,2219,52,51,0.00,81,84.50,,14.1,6.8,0.30,0.38,28.9,32.2,28.4,11.4,12.1,50,51,51,52,58
2017-01-09 09:00,2219,52,52,0.00,82,135.00,,12.8,6.5,0.31,0.39,30.0,31.8,28.0,11.2,12.1,50,51,51,52,58
2017-01-09 10:00,2219,52,51,0.00,82,284.10,,12.3,6.7,0.31,0.39,29.6,31.8,28.3,11.4,12.1,50,50,51,52,58
2017-01-09 11:00,2219,53,51,0.00,82,476.60,,12.0,6.8,0.30,0.39,30.3,31.5,28.2,11.2,12.1,51,50,51,52,58
2017-01-09 12:00,2219,52,51,0.00,71,254.20,,12.2,6.3,0.24,0.38,28.5,31.1,27.9,11.2,12.1,52,51,51,52,58
2017-01-09 13:00,2219,53,51,0.00,54,308.10,,7.4,2.3,0.21,0.39,29.0,31.7,27.5,11.2,12.1,53,52,51,52,58
2017-01-09 14:00,2219,53,51,0.00,54,208.00,,7.4,3.0,0.22,0.38,29.5,31.1,27.3,11.2,12.1,53,52,51,52,58
2017-01-09 15:00,2219,52,51,0.00,57,131.10,,5.8,2.6,0.22,0.38,28.7,31.4,27.6,11.2,12.1,54,53,51,52,58
2017-01-09 16:00,2219,51,47,0.00,62,30.83,,8.4,4.1,0.26,0.35,27.7,30.8,27.2,11.2,12.1,54,53,51,53,58
2017-01-09 17:00,2219,48,47,0.00,84,0.42,,4.7,2.8,0.27,0.33,27.9,31.1,27.2,11.2,12.1,53,53,51,53,58
2017-01-09 18:00,2219,47,47,0.00,87,0.18,,5.2,3.5,0.28,0.32,28.6,31.1,27.3,11.6,12.1,52,53,52,53,58
2017-01-09 19:00,2219,47,46,0.00,84,0.18,,5.3,3.8,0.27,0.32,29.0,31.0,27.5,11.3,12.1,51,52,52,53,58
2017-01-09 20:00,2219,47,46,0.00,88,0.16,,10.7,6.8,0.27,0.32,28.5,30.5,26.9,10.9,12.1,51,52,52,52,58
2017-01-09 21:00,2219,46,46,0.00,87,0.16,,10.5,7.6,0.27,0.31,28.4,30.2,27.0,11.6,12.1,50,51,51,52,58
2017-01-09 22:00,2219,46,46,0.00,82,0.14,,12.0,8.6,0.25,0.32,28.2,30.9,27.0,11.1,12.1,49,51,51,52,58
2017-01-09 23:00,2219,46,46,0.00,79,0.14,,8.5,6.0,0.25,0.31,27.5,31.0,27.1,11.6,12.1,49,50,51,53,58
2017-01-10 00:00,2219,46,45,0.00,80,0.17,,9.1,6.2,0.25,0.31,28.2,30.5,26.9,11.6,11.8,48,50,51,53,58
2017-01-10 01:00,2219,46,45,0.00,82,0.15,,10.9,7.8,0.25,0.30,27.9,29.8,26.4,11.6,12.1,48,49,51,53,58
2017-01-10 02:00,2219,46,46,0.00,78,0.16,,10.4,7.7,0.24,0.31,27.4,30.6,26.9,11.3,12.1,48,49,51,53,58
2017-01-10 03:00,2219,46,46,0.00,77,0.17,,10.3,6.5,0.24,0.31,27.0,30.0,26.7,11.1,12.1,47,49,51,52,58
2017-01-10 04:00,2219,46,46,0.00,77,0.15,,7.6,5.8,0.24,0.31,27.9,30.3,26.8,11.6,12.1,47,49,50,53,58
2017-01-10 05:00,2219,46,45,0.00,77,0.16,,7.4,5.1,0.24,0.31,27.4,29.8,26.2,10.9,12.1,47,49,50,53,58
2017-01-10 06:00,2219,46,45,0.00,79,0.49,,9.2,5.9,0.25,0.31,28.1,30.0,26.4,11.6,12.1,47,48,50,53,58
2017-01-10 07:00,2219,45,45,0.00,82,31.78,,12.1,7.4,0.25,0.30,27.1,29.6,26.1,11.6,11.8,47,48,50,53,58
2017-01-10 08:00,2219,46,45,0.00,80,115.90,,15.5,11.0,0.25,0.30,27.8,30.2,26.5,11.1,12.1,47,48,50,53,58
2017-01-10 09:00,2219,48,46,0.00,87,175.70,,15.0,10.5,0.28,0.32,27.8,30.4,26.1,11.3,12.1,47,48,50,53,58
2017-01-10 10:00,2219,51,47,0.00,85,316.70,,14.8,9.0,0.28,0.34,27.9,29.3,26.0,11.1,12.1,47,48,50,53,58
2017-01-10 11:00,2219,52,51,0.00,71,491.90,,18.0,11.6,0.27,0.38,27.8,29.7,25.8,11.6,12.1,48,48,49,53,58
2017-01-10 12:00,2219,53,52,0.00,69,511.30,,17.4,11.2,0.27,0.39,27.4,30.0,26.3,11.6,12.1,49,49,49,53,58
2017-01-10 13:00,2219,53,52,0.00,69,445.50,,16.3,9.8,0.28,0.40,27.8,29.6,25.7,11.6,12.1,51,50,49,53,58
2017-01-10 14:00,2219,53,51,0.00,72,283.20,,15.4,7.6,0.30,0.40,27.7,29.7,25.7,11.1,12.1,52,51,49,52,58
2017-01-10 15:00,2219,51,50,0.00,77,113.80,,15.1,9.7,0.29,0.38,27.5,30.2,25.7,11.3,12.1,54,52,50,53,58
2017-01-10 16:00,2219,50,49,0.00,84,25.50,,15.4,8.3,0.31,0.35,26.6,29.3,25.7,11.3,12.1,53,52,50,53,58
2017-01-10 17:00,2219,49,49,0.00,87,0.30,,13.9,7.6,0.29,0.35,26.9,29.5,25.9,11.4,11.8,53,52,50,52,58
2017-01-10 18:00,2219,49,49,0.00,83,0.16,,15.5,8.0,0.29,0.35,27.5,29.6,25.7,11.6,11.8,52,52,51,53,58
2017-01-10 19:00,2219,49,48,0.00,87,0.17,,17.5,8.1,0.30,0.34,27.7,29.8,25.3,11.3,11.8,51,52,51,53,58
2017-01-10 20:00,2219,50,49,0.00,83,0.15,,21.0,9.4,0.30,0.36,27.4,29.5,25.5,11.4,11.8,51,51,51,52,58
2017-01-10 21:00,2219,50,49,0.00,88,0.18,,23.4,14.3,0.31,0.36,27.0,29.7,25.7,11.3,12.1,50,51,51,52,58
2017-01-10 22:00,2219,51,50,0.00,87,0.16,,25.3,13.7,0.30,0.37,26.5,29.6,25.9,11.3,11.8,50,51,51,52,58
2017-01-10 23:00,2219,51,50,0.00,76,0.16,,20.5,9.5,0.30,0.37,26.1,29.2,25.5,11.3,12.1,50,50,51,53,58
2017-01-11 00:00,2219,51,50,0.01,81,0.16,,26.3,12.2,0.29,0.37,27.4,29.2,25.6,10.9,11.8,50,50,51,52,58
2017-01-11 01:00,2219,50,49,0.03,84,0.17,,21.0,12.6,0.31,0.37,27.5,28.8,25.6,11.3,11.8,49,50,51,53,58
2017-01-11 02:00,2219,52,49,0.00,89,0.17,,22.1,12.0,0.31,0.38,27.0,30.0,25.2,11.6,12.1,49,50,51,53,58
2017-01-11 03:00,2219,49,47,0.00,100,0.18,,17.2,10.2,0.34,0.34,27.0,28.9,25.2,11.6,12.1,49,50,51,53,58
2017-01-11 04:00,2219,48,47,0.00,100,0.15,,10.6,5.9,0.32,0.33,27.3,29.4,25.2,10.7,12.1,49,50,51,52,58
2017-01-11 05:00,2219,48,46,0.00,93,0.17,,13.2,7.7,0.29,0.33,26.1,29.1,25.2,11.3,11.8,49,50,50,53,58
2017-01-11 06:00,2219,46,45,0.00,88,0.35,,15.6,9.5,0.26,0.31,27.2,28.5,25.2,11.3,11.8,48,49,50,53,58
2017-01-11 07:00,2219,46,44,0.00,85,57.01,,10.3,5.2,0.25,0.30,27.6,29.3,25.3,11.3,11.8,48,49,50,52,58
2017-01-11 08:00,2219,48,46,0.00,80,171.50,,12.6,6.0,0.26,0.32,27.0,28.9,25.3,11.3,12.1,47,49,50,53,58
2017-01-11 09:00,2219,50,47,0.00,80,298.40,,11.8,7.2,0.26,0.34,27.3,29.0,24.9,11.3,12.1,47,49,50,52,58
2017-01-11 10:00,2219,51,50,0.00,74,525.40,,11.0,6.2,0.25,0.37,26.4,29.0,24.9,11.3,11.8,48,49,50,53,58
2017-01-11 11:00,2219,51,51,0.00,65,441.80,,10.9,4.7,0.24,0.38,27.4,28.5,25.1,11.3,11.8,49,49,50,53,58
2017-01-11 12:00,2219,53,51,0.00,60,527.80,,10.5,5.9,0.23,0.39,26.9,28.9,24.7,11.1,12.1,51,50,50,52,58
2017-01-11 13:00,2219,52,51,0.00,61,424.40,,12.3,6.5,0.23,0.38,27.0,28.8,25.0,11.3,11.8,52,51,50,53,58
2017-01-11 14:00,2219,52,51,0.00,61,448.60,,12.2,6.1,0.24,0.38,27.4,29.3,25.0,11.3,11.8,54,52,50,53,58
2017-01-11 15:00,2219,52,50,0.00,65,247.50,,13.9,7.5,0.24,0.38,27.1,28.7,25.0,11.3,11.8,54,52,51,52,58
2017-01-11 16:00,2219,50,47,0.00,69,36.91,,8.9,5.7,0.25,0.35,27.4,28.8,25.0,11.3,11.8,55,53,51,53,58
2017-01-11 17:00,2219,47,47,0.00,80,0.55,,7.0,4.1,0.27,0.33,27.2,29.5,25.0,11.1,11.8,54,53,51,52,58
2017-01-11 18:00,2219,47,46,0.00,84,0.14,,7.5,2.4,0.27,0.32,27.0,29.3,25.0,11.3,11.8,53,53,51,53,58
2017-01-11 19:00,2219,47,46,0.00,83,0.15,,9.4,5.5,0.26,0.32,27.4,28.8,25.0,11.3,11.8,52,52,51,53,58
2017-01-11 20:00,2219,47,46,0.00,82,0.14,,10.1,5.7,0.26,0.32,27.0,28.4,25.0,11.6,11.8,51,52,51,53,58
2017-01-11 21:00,2219,47,44,0.00,82,0.14,,7.4,4.2,0.27,0.31,26.7,28.8,25.0,11.6,11.8,50,51,51,53,58
2017-01-11 22:00,2219,46,44,0.00,93,0.12,,7.1,3.8,0.28,0.30,27.1,28.9,25.0,11.6,11.8,50,51,51,53,58
2017-01-11 23:00,2219,46,45,0.00,94,0.12,,10.6,6.7,0.28,0.30,27.3,28.8,24.6,11.3,11.8,49,50,51,53,58
2017-01-12 00:00,2219,46,45,0.00,91,0.16,,12.4,6.7,0.27,0.31,26.7,29.0,24.8,11.3,11.8,49,50,51,53,58
2017-01-12 01:00,2219,46,46,0.00,85,0.17,,11.6,5.9,0.25,0.31,26.9,27.9,24.9,11.6,11.8,49,50,51,53,58
2017-01-12 02:00,2219,46,45,0.00,75,0.18,,12.0,6.3,0.24,0.31,26.6,28.4,24.9,11.6,11.8,48,50,51,53,58
2017-01-12 03:00,2219,45,44,0.00,77,0.18,,10.2,5.6,0.23,0.30,26.6,28.5,24.7,11.6,11.8,48,49,51,53,58
2017-01-12 04:00,2219,46,45,0.00,77,0.13,,16.9,9.4,0.23,0.31,26.1,28.7,24.7,11.4,11.8,47,49,51,53,58
2017-01-12 05:00,2219,46,46,0.00,75,0.15,,18.6,12.6,0.23,0.31,26.3,28.2,24.8,11.6,11.8,47,49,51,53,58
2017-01-12 06:00,2219,46,44,0.00,71,0.25,,21.6,13.7,0.23,0.30,25.3,28.3,24.4,11.5,11.8,47,48,50,53,58
2017-01-12 07:00,2219,44,42,0.06,79,7.90,,17.8,12.3,0.24,0.28,26.0,28.9,24.6,10.9,11.8,47,48,50,53,58
2017-01-12 08:00,2219,43,42,0.05,91,31.16,,15.4,10.1,0.25,0.27,26.4,27.9,24.6,11.3,11.8,46,48,50,53,58
2017-01-12 09:00,2219,44,43,0.00,93,117.20,,14.9,9.9,0.25,0.28,26.4,28.1,24.7,11.6,11.8,46,48,50,53,58
2017-01-12 10:00,2219,47,44,0.00,86,200.10,,11.4,7.3,0.24,0.31,25.8,28.3,24.5,11.6,11.8,46,47,50,53,58
2017-01-12 11:00,2219,47,46,0.00,76,258.90,,14.4,4.6,0.24,0.32,26.8,28.3,24.5,11.6,11.8,47,47,49,53,58
2017-01-12 12:00,2219,48,47,0.00,73,203.20,,12.7,4.6,0.25,0.32,26.2,28.1,24.7,11.6,11.8,47,48,49,53,58
2017-01-12 13:00,2219,48,46,0.00,76,294.30,,13.6,7.9,0.23,0.32,27.0,28.6,24.7,11.5,11.8,48,48,49,53,58
2017-01-12 14:00,2219,47,45,0.01,71,149.50,,13.3,7.5,0.24,0.30,27.4,29.1,24.7,11.5,11.8,49,49,49,53,58
2017-01-12 15:00,2219,45,44,0.00,80,180.70,,12.5,7.2,0.23,0.30,26.5,28.0,24.7,11.5,11.8,49,50,49,53,58
2017-01-12 16:00,2219,45,42,0.00,78,78.73,,12.0,5.5,0.22,0.29,26.4,28.4,24.7,10.9,11.8,49,49,50,52,58
2017-01-12 17:00,2219,42,41,0.00,82,1.99,,6.5,4.0,0.22,0.26,27.3,28.7,24.7,11.6,11.8,49,50,50,52,58
2017-01-12 18:00,2219,42,38,0.00,89,0.18,,8.9,4.4,0.23,0.26,27.0,28.9,24.7,11.5,11.8,48,49,50,52,58
2017-01-12 19:00,2219,38,37,0.00,100,0.12,,7.5,4.3,0.23,0.23,27.1,28.5,24.7,11.3,11.8,47,49,50,52,58
2017-01-12 20:00,2219,38,36,0.00,100,0.12,,6.1,3.6,0.22,0.22,26.8,28.1,24.7,11.4,11.8,47,48,50,52,58
2017-01-12 21:00,2219,38,37,0.00,100,0.14,,6.8,3.2,0.22,0.22,26.0,28.4,24.7,11.5,11.8,46,48,50,52,58
2017-01-12 22:00,2219,37,36,0.00,93,0.14,,9.0,5.2,0.20,0.22,26.9,28.3,24.3,11.5,11.8,46,47,49,53,58
2017-01-12 23:00,2219,37,36,0.00,100,0.13,,8.5,4.3,0.21,0.22,27.3,28.5,24.3,11.3,12.2,45,47,49,53,58
2017-01-13 00:00,2219,37,35,0.00,99,0.13,,7.3,2.9,0.21,0.21,26.3,27.9,24.4,11.5,11.8,45,47,49,52,58
2017-01-13 01:00,2219,36,36,0.00,100,0.13,,2.4,1.0,0.21,0.21,26.6,28.2,24.4,11.5,11.8,45,46,49,52,58
2017-01-13 02:00,2219,36,35,0.01,100,0.12,,2.7,1.2,0.21,0.21,26.9,28.0,24.4,11.3,11.8,44,46,49,52,58
2017-01-13 03:00,2219,36,35,0.01,100,0.15,,6.1,3.2,0.21,0.21,26.5,28.6,24.5,11.3,12.2,44,46,48,52,58
2017-01-13 04:00,2219,35,35,0.00,100,0.39,,8.2,5.2,0.20,0.20,26.5,28.6,24.5,11.5,11.8,44,46,48,52,58
2017-01-13 05:00,2219,35,35,0.01,100,0.35,,6.1,3.8,0.20,0.20,26.5,28.1,24.1,11.6,11.8,44,46,48,52,58
2017-01-13 06:00,2219,36,35,0.02,100,0.39,,10.1,5.6,0.21,0.21,26.4,28.1,24.1,11.3,11.8,44,45,48,52,58
2017-01-13 07:00,2219,36,35,0.05,100,6.76,,13.5,8.6,0.21,0.21,26.4,28.1,24.1,11.3,11.8,43,45,48,52,58
2017-01-13 08:00,2219,35,35,0.03,100,41.15,,15.8,10.7,0.21,0.21,26.7,28.5,24.1,11.5,11.8,43,45,47,52,58
2017-01-13 09:00,2219,36,35,0.01,100,63.62,,13.3,8.9,0.21,0.21,26.9,27.7,24.2,11.5,11.8,43,45,47,52,58
2017-01-13 10:00,2219,36,36,0.00,100,75.83,,11.3,7.9,0.21,0.21,28.2,28.7,24.2,11.5,11.8,43,45,47,52,58
2017-01-13 11:00,2219,36,36,0.00,100,75.13,,10.9,6.9,0.21,0.21,28.4,28.2,24.2,11.5,11.8,43,45,47,52,58
2017-01-13 12:00,2219,36,36,0.00,100,68.32,,10.8,6.8,0.21,0.21,28.0,28.9,24.1,11.5,11.8,43,45,47,52,58
2017-01-13 13:00,2219,37,36,0.00,100,56.20,,12.4,8.3,0.22,0.22,28.4,28.5,24.4,11.5,11.8,44,45,47,52,58
2017-01-13 14:00,2219,37,36,0.01,100,28.13,,12.0,8.4,0.22,0.22,27.3,28.9,24.2,11.5,11.8,44,45,47,52,58
2017-01-13 15:00,2219,37,36,0.01,100,13.13,,11.2,7.7,0.22,0.22,28.4,29.1,24.4,11.5,11.8,44,45,47,52,58
2017-01-13 16:00,2219,37,36,0.00,100,8.30,,11.1,7.4,0.22,0.22,28.4,29.6,24.9,11.5,11.8,44,45,47,52,58
2017-01-13 17:00,2219,37,36,0.00,100,0.61,,9.5,6.5,0.22,0.22,28.2,29.3,24.5,11.5,11.8,44,45,47,52,58
2017-01-13 18:00,2219,37,36,0.00,100,0.25,,7.8,4.6,0.22,0.22,28.3,29.3,24.8,11.3,11.8,44,45,47,52,58
2017-01-13 19:00,2219,36,36,0.00,100,0.26,,7.2,4.4,0.22,0.22,27.7,29.0,24.7,11.5,11.8,43,45,47,52,58
2017-01-13 20:00,2219,36,36,0.00,100,0.23,,6.9,3.4,0.21,0.21,27.8,29.1,24.7,11.5,11.8,43,45,47,51,58
2017-01-13 21:00,2219,36,35,0.00,100,0.23,,5.9,2.5,0.21,0.21,27.4,29.4,24.6,11.3,11.8,43,44,47,52,58
2017-01-13 22:00,2219,36,35,0.01,100,0.17,,11.7,6.4,0.21,0.21,28.0,29.6,24.6,10.7,11.8,43,44,46,51,58
2017-01-13 23:00,2219,35,35,0.00,100,0.22,,12.2,5.1,0.20,0.20,28.1,29.0,24.6,11.5,11.8,42,44,46,51,58
2017-01-14 00:00,2219,35,33,0.00,100,0.21,,6.7,2.3,0.19,0.19,28.0,29.2,24.6,11.3,11.8,42,44,46,51,58
2017-01-14 01:00,2219,35,35,0.00,100,0.21,,8.0,4.6,0.21,0.21,27.8,29.0,24.6,11.3,11.8,41,44,46,51,58
2017-01-14 02:00,2219,35,34,0.00,100,0.21,,6.8,3.2,0.20,0.20,27.3,29.3,24.6,11.5,12.2,41,43,46,51,58
2017-01-14 03:00,2219,35,33,0.00,100,0.20,,7.3,3.5,0.20,0.20,27.3,28.7,24.6,11.5,11.8,41,43,46,51,58
2017-01-14 04:00,2219,35,33,0.00,100,0.11,,9.8,6.9,0.20,0.20,26.8,29.1,24.6,11.5,12.2,41,43,46,51,58
2017-01-14 05:00,2219,36,34,0.00,100,0.11,,8.8,6.4,0.20,0.20,27.0,29.2,24.8,11.5,12.2,40,42,46,51,58
2017-01-14 06:00,2219,36,35,0.00,100,0.43,,7.7,2.7,0.21,0.21,27.7,29.2,24.8,11.3,11.8,40,42,45,51,58
2017-01-14 07:00,2219,38,34,0.00,100,60.67,,6.5,3.3,0.20,0.21,27.4,29.1,24.8,11.5,11.8,40,42,45,51,58
2017-01-14 08:00,2219,41,38,0.00,86,241.50,,5.0,2.6,0.20,0.25,27.9,28.9,24.9,11.5,11.8,39,42,45,51,58
2017-01-14 09:00,2219,42,40,0.00,85,406.90,,5.1,3.0,0.22,0.26,27.2,29.3,24.5,11.1,11.8,39,41,45,51,58
2017-01-14 10:00,2219,42,41,0.00,78,537.70,,7.6,4.7,0.22,0.27,27.7,28.2,24.5,11.5,11.8,41,42,45,51,58
2017-01-14 11:00,2219,44,42,0.00,91,610.50,,6.6,2.9,0.25,0.28,27.9,28.6,24.7,11.5,11.8,43,43,44,51,58
2017-01-14 12:00,2219,45,42,0.00,90,605.20,,9.5,5.5,0.24,0.29,28.3,28.5,24.7,11.5,11.8,46,44,44,51,58
2017-01-14 13:00,2219,42,39,0.00,100,329.30,,9.0,4.3,0.25,0.25,28.3,28.7,24.7,11.5,11.8,48,45,45,51,58
2017-01-14 14:00,2219,43,40,0.00,100,440.10,,5.9,3.6,0.25,0.26,28.0,29.3,24.5,11.4,11.8,49,47,45,50,58
2017-01-14 15:00,2219,43,38,0.00,91,153.90,,6.0,3.7,0.24,0.25,28.4,28.9,24.5,10.7,11.8,50,48,46,50,58
2017-01-14 16:00,2219,38,36,0.00,100,26.18,,6.3,1.2,0.22,0.22,27.9,29.1,24.8,11.1,11.8,50,48,46,50,58
2017-01-14 17:00,2219,36,35,0.00,100,1.39,,2.5,0.9,0.21,0.21,28.1,29.7,24.8,11.4,12.1,49,49,46,50,58
2017-01-14 18:00,2219,40,35,0.00,100,0.14,,5.5,2.8,0.23,0.23,28.0,29.4,24.6,11.1,11.8,48,48,47,50,58
2017-01-14 19:00,2219,42,40,0.00,87,0.11,,5.2,3.4,0.20,0.25,27.7,28.7,24.6,11.4,11.8,47,48,47,50,58
2017-01-14 20:00,2219,42,41,0.00,71,0.11,,3.7,2.1,0.19,0.26,27.5,28.4,24.6,11.4,11.8,45,47,47,50,58
2017-01-14 21:00,2219,41,40,0.00,77,0.12,,4.0,1.3,0.19,0.25,27.3,28.5,24.9,11.4,11.8,45,46,47,50,58
2017-01-14 22:00,2219,40,32,0.00,79,0.14,,2.5,0.8,0.19,0.21,27.2,29.3,24.9,11.4,11.8,43,46,47,50,58
2017-01-14 23:00,2219,41,39,0.00,74,0.10,,3.1,1.4,0.17,0.25,27.4,28.4,24.9,11.4,11.8,43,45,47,50,58
2017-01-15 00:00,2219,41,30,0.00,61,0.15,,3.3,1.2,0.16,0.22,27.1,28.9,25.1,11.0,11.8,42,44,47,50,58
2017-01-15 01:00,2219,36,30,0.00,100,0.13,,4.5,1.6,0.17,0.17,27.2,28.8,24.7,11.0,11.8,41,44,46,50,58
2017-01-15 02:00,2219,40,36,0.00,99,0.08,,4.1,2.4,0.17,0.23,27.0,27.9,24.8,11.0,11.8,40,43,46,50,58
2017-01-15 03:00,2219,40,34,0.00,63,0.11,,4.2,1.6,0.17,0.22,27.2,28.2,24.8,11.2,11.8,40,42,46,50,58
2017-01-15 04:00,2219,39,38,0.00,71,0.13,,4.9,2.9,0.16,0.23,27.2,28.4,25.0,11.0,12.1,39,42,46,50,58
2017-01-15 05:00,2219,39,28,0.00,63,0.12,,4.7,2.1,0.15,0.21,27.0,28.2,24.6,11.0,11.8,39,42,45,50,58
2017-01-15 06:00,2219,31,28,0.00,100,0.32,,3.7,2.1,0.16,0.16,26.5,29.0,24.7,11.8,12.1,39,41,45,50,58
2017-01-15 07:00,2219,31,31,0.00,100,17.53,,3.0,0.6,0.17,0.17,26.7,28.3,24.7,11.6,11.8,38,41,45,50,58
2017-01-15 08:00,2219,32,31,0.00,100,74.73,,3.1,1.1,0.18,0.18,26.9,27.7,24.3,11.0,11.8,38,41,44,50,58
2017-01-15 09:00,2219,35,32,0.00,100,210.50,,4.5,1.6,0.19,0.19,27.0,28.5,24.5,11.6,11.8,38,41,44,50,58
2017-01-15 10:00,2219,35,33,0.00,100,251.30,,5.4,2.6,0.20,0.20,26.9,28.1,24.7,11.6,12.1,39,41,44,50,58
2017-01-15 11:00,2219,34,33,0.00,100,214.40,,7.4,3.5,0.19,0.19,27.2,29.0,24.8,11.6,12.1,41,41,44,50,58
2017-01-15 12:00,2219,33,33,0.00,100,169.50,,8.8,5.3,0.19,0.19,26.2,28.9,24.8,11.6,12.1,42,42,44,50,58
2017-01-15 13:00,2219,34,33,0.00,100,156.80,,8.6,5.4,0.19,0.19,27.1,28.8,24.4,11.4,12.1,43,43,44,49,58
2017-01-15 14:00,2219,34,33,0.00,100,118.90,,8.9,5.1,0.19,0.19,26.7,29.2,24.4,11.6,12.1,44,43,44,50,58
2017-01-15 15:00,2219,36,33,0.00,100,149.70,,6.4,1.8,0.19,0.19,26.5,28.2,24.4,11.4,12.1,44,44,44,49,58
2017-01-15 16:00,2219,36,33,0.00,100,70.97,,4.6,1.9,0.20,0.20,27.0,27.7,24.4,11.4,12.1,44,44,44,49,58
2017-01-15 17:00,2219,33,33,0.00,100,0.84,,8.8,5.0,0.19,0.19,26.5,28.0,24.3,11.6,12.1,44,44,45,49,58
2017-01-15 18:00,2219,33,33,0.00,100,0.33,,8.7,4.7,0.19,0.19,27.1,27.7,24.7,11.4,12.1,43,44,45,49,58
2017-01-15 19:00,2219,33,32,0.00,100,0.28,,7.4,3.7,0.18,0.18,27.2,28.4,24.7,11.6,12.1,43,44,45,49,58
2017-01-15 20:00,2219,32,31,0.00,100,0.24,,5.1,1.6,0.18,0.18,26.3,28.4,24.3,11.4,12.1,42,44,45,49,58
2017-01-15 21:00,2219,39,30,0.00,100,0.17,,11.9,6.8,0.19,0.19,26.3,28.4,24.7,11.4,12.1,42,43,45,49,58
2017-01-15 22:00,2219,40,33,0.00,100,0.13,,13.1,7.7,0.22,0.24,26.4,28.8,24.3,11.4,12.1,42,43,45,49,58
2017-01-15 23:00,2219,33,27,0.00,100,0.14,,3.9,1.2,0.17,0.17,26.6,28.3,24.4,11.4,12.1,41,43,45,49,58
2017-01-16 00:00,2219,29,27,0.00,100,0.11,,4.3,1.5,0.15,0.15,26.9,28.1,24.4,11.8,12.1,40,42,45,49,58
2017-01-16 01:00,2219,29,27,0.00,100,0.12,,3.8,0.9,0.15,0.15,26.6,28.7,24.6,11.8,12.1,40,42,44,49,58
2017-01-16 02:00,2219,31,27,0.00,100,0.13,,3.0,1.1,0.16,0.16,26.6,28.0,24.6,11.1,12.1,39,42,44,49,58
2017-01-16 03:00,2219,31,29,0.00,100,0.16,,4.2,1.4,0.17,0.17,26.3,27.6,24.6,11.8,12.1,39,41,44,49,58
2017-01-16 04:00,2219,35,29,0.00,100,0.13,,6.8,3.8,0.17,0.17,25.8,28.4,24.2,11.6,12.1,39,41,44,49,58
2017-01-16 05:00,2219,38,34,0.00,97,0.10,,11.5,7.2,0.18,0.21,26.6,28.1,24.2,11.3,12.1,39,41,44,49,58
2017-01-16 06:00,2219,39,28,0.00,66,0.37,,11.1,3.9,0.14,0.22,25.4,28.2,24.2,11.8,12.1,38,40,44,49,58
2017-01-16 07:00,2219,31,28,0.00,100,12.00,,7.0,2.3,0.16,0.16,26.6,28.1,24.3,11.6,12.1,38,40,43,49,58
2017-01-16 08:00,2219,32,31,0.00,100,60.01,,6.1,3.3,0.17,0.17,25.6,27.8,24.0,11.3,12.1,38,40,43,49,58
2017-01-16 09:00,2219,33,32,0.00,100,200.20,,5.2,1.5,0.18,0.18,25.8,28.3,24.1,11.6,12.1,38,40,43,49,58
2017-01-16 10:00,2219,40,33,0.00,100,506.40,,6.3,1.5,0.22,0.22,26.7,27.6,24.1,11.6,12.1,38,40,42,49,58
2017-01-16 11:00,2219,41,36,0.00,100,487.30,,8.4,3.0,0.24,0.24,26.7,28.0,24.1,11.0,12.1,40,40,43,49,58
2017-01-16 12:00,2219,36,35,0.00,100,324.30,,7.5,3.2,0.21,0.21,27.0,27.4,24.2,11.6,12.1,43,42,43,49,58
2017-01-16 13:00,2219,36,35,0.00,100,302.60,,6.0,2.8,0.21,0.21,26.3,28.0,24.0,11.6,12.1,45,43,43,49,58
2017-01-16 14:00,2219,35,35,0.00,100,167.30,,7.8,4.0,0.20,0.21,27.3,28.2,24.4,11.6,12.1,46,44,43,49,58
2017-01-16 15:00,2219,37,35,0.00,100,237.00,,5.5,1.8,0.21,0.21,27.6,28.7,24.4,11.6,12.1,47,45,43,48,58
2017-01-16 16:00,2219,39,37,0.00,100,70.87,,4.5,1.7,0.22,0.22,27.2,28.5,24.3,11.3,12.1,47,45,44,48,58
2017-01-16 17:00,2219,45,39,0.00,100,1.97,,8.2,4.0,0.22,0.27,27.1,28.1,24.0,11.4,12.1,46,46,44,49,58
2017-01-16 18:00,2219,45,44,0.00,57,0.14,,10.9,7.7,0.18,0.30,26.7,28.4,24.0,11.3,12.1,45,46,45,48,58
2017-01-16 19:00,2219,47,44,0.00,63,0.15,,11.6,8.8,0.18,0.31,26.6,28.5,24.1,11.1,12.1,44,45,45,48,58
2017-01-16 20:00,2219,46,44,0.00,59,0.14,,13.9,9.5,0.17,0.30,26.1,27.6,24.1,11.1,12.1,43,44,45,48,58
2017-01-16 21:00,2219,45,44,0.00,57,0.13,,11.8,9.0,0.17,0.29,26.4,27.8,24.3,11.1,12.1,42,44,45,48,58
2017-01-16 22:00,2219,45,43,0.00,59,0.16,,10.3,8.2,0.17,0.29,26.6,27.5,24.3,11.1,12.1,42,43,45,48,58
2017-01-16 23:00,2219,45,43,0.00,60,0.11,,10.4,8.2,0.17,0.28,26.5,28.5,24.3,11.4,12.1,41,43,45,48,58
2017-01-17 00:00,2219,45,43,0.00,56,0.15,,10.8,8.5,0.15,0.29,26.7,28.1,24.3,10.9,12.1,41,42,44,48,58
2017-01-17 01:00,2219,45,43,0.00,48,0.14,,11.9,9.6,0.14,0.29,25.8,28.2,24.4,11.4,12.1,40,42,44,48,58
2017-01-17 02:00,2219,43,42,0.00,54,0.12,,12.2,9.4,0.14,0.27,25.6,27.8,24.4,11.4,12.1,40,42,44,48,58
2017-01-17 03:00,2219,45,42,0.00,51,0.17,,10.0,8.6,0.13,0.27,26.3,28.1,23.8,11.3,12.1,40,42,44,48,58
2017-01-17 04:00,2219,45,43,0.00,39,0.17,,10.6,9.1,0.12,0.28,26.5,27.1,24.0,11.1,12.1,39,41,44,48,58
2017-01-17 05:00,2219,45,39,0.00,41,0.14,,12.5,9.8,0.12,0.27,26.1,28.2,24.0,11.7,12.1,39,41,44,48,58
2017-01-17 06:00,2219,46,44,0.00,41,0.54,,12.0,9.6,0.11,0.30,26.4,27.7,24.0,11.7,12.1,39,41,43,48,58
2017-01-17 07:00,2219,51,44,0.00,37,64.98,,11.8,8.3,0.11,0.31,26.4,27.6,23.8,11.7,12.1,39,40,43,48,58
2017-01-17 08:00,2219,55,51,0.00,27,256.70,,7.2,2.2,0.10,0.40,26.4,27.4,23.9,11.1,12.1,38,40,43,48,58
2017-01-17 09:00,2219,56,54,0.00,24,433.30,,2.6,0.7,0.10,0.45,25.8,27.3,23.9,11.5,12.1,39,40,43,48,58
2017-01-17 10:00,2219,58,56,0.00,23,565.00,,5.5,1.8,0.11,0.47,26.2,27.9,23.9,11.7,12.1,41,41,43,48,58
2017-01-17 11:00,2219,59,58,0.00,23,641.80,,7.1,2.7,0.11,0.49,26.4,27.5,23.5,11.5,12.1,43,42,43,48,58
2017-01-17 12:00,2219,59,56,0.00,23,642.10,,8.4,5.3,0.14,0.49,26.5,28.0,23.7,11.5,12.1,46,43,43,48,58
2017-01-17 13:00,2219,56,55,0.00,26,512.90,,7.2,4.0,0.15,0.44,26.3,28.3,23.7,11.9,12.1,49,45,43,48,58
2017-01-17 14:00,2219,55,54,0.00,38,330.40,,6.4,3.5,0.15,0.42,26.9,27.4,23.5,11.6,12.1,51,47,44,48,58
2017-01-17 15:00,2219,54,53,0.00,31,181.60,,8.4,4.0,0.15,0.41,26.7,28.2,23.6,11.6,12.2,52,48,44,48,58
2017-01-17 16:00,2219,54,50,0.00,36,86.40,,4.1,0.8,0.14,0.40,26.7,27.9,24.0,11.6,12.1,51,49,45,48,57
2017-01-17 17:00,2219,50,48,0.00,43,2.01,,5.1,3.1,0.15,0.35,26.9,28.1,23.9,11.6,12.2,50,49,45,48,58
2017-01-17 18:00,2219,50,45,0.00,33,0.18,,7.1,4.5,0.11,0.33,26.9,28.1,23.9,11.2,12.1,49,48,46,48,58
2017-01-17 19:00,2219,50,45,0.00,24,0.15,,7.5,4.8,0.11,0.32,26.6,28.2,23.7,11.2,12.1,47,47,46,48,57
2017-01-17 20:00,2219,46,43,0.00,54,0.17,,9.8,8.1,0.16,0.30,26.6,27.8,23.7,11.6,12.2,46,47,46,48,57
2017-01-17 21:00,2219,47,44,0.00,62,0.15,,11.4,9.1,0.17,0.30,26.3,27.4,23.7,11.6,12.2,45,46,46,48,58
2017-01-17 22:00,2219,47,46,0.00,52,0.14,,11.5,9.1,0.16,0.32,26.2,27.7,23.9,11.6,12.1,44,45,46,48,57
2017-01-17 23:00,2219,47,44,0.00,52,0.14,,9.6,7.7,0.17,0.31,26.3,27.2,23.9,11.6,12.2,44,45,46,48,57
2017-01-18 00:00,2219,47,45,0.00,54,0.16,,9.9,8.2,0.17,0.31,26.2,27.5,23.9,11.6,12.2,43,45,46,48,57
2017-01-18 01:00,2219,47,45,0.00,48,0.18,,10.3,8.8,0.16,0.31,25.0,27.3,23.9,11.3,12.2,43,44,46,48,57
2017-01-18 02:00,2219,47,42,0.00,54,0.16,,10.0,8.8,0.15,0.30,25.1,27.3,23.4,11.7,12.2,42,44,45,48,57
2017-01-18 03:00,2219,47,44,0.00,43,0.15,,10.2,8.8,0.12,0.30,26.1,27.7,23.6,11.7,11.6,42,44,45,48,57
2017-01-18 04:00,2219,49,47,0.00,36,0.17,,12.4,9.7,0.12,0.33,26.1,27.9,23.6,11.5,12.2,42,43,45,48,57
2017-01-18 05:00,2219,50,48,0.00,33,0.17,,11.8,8.7,0.11,0.34,26.2,27.0,23.6,11.5,12.2,42,43,45,48,57
2017-01-18 06:00,2219,49,44,0.00,31,0.75,,10.0,6.8,0.12,0.32,26.0,27.0,23.4,11.9,12.2,41,43,45,48,57
2017-01-18 07:00,2219,50,43,0.00,42,55.59,,9.5,7.0,0.12,0.31,26.0,27.1,23.7,11.9,12.2,41,42,45,48,57
2017-01-18 08:00,2219,51,48,0.00,38,80.10,,8.2,4.3,0.12,0.36,25.5,27.2,23.8,11.7,11.6,41,42,44,48,57
2017-01-18 09:00,2219,54,50,0.00,36,285.30,,6.2,2.5,0.12,0.40,25.4,26.9,23.8,11.9,11.6,41,42,44,48,57
2017-01-18 10:00,2219,54,53,0.00,37,339.40,,6.3,3.1,0.15,0.41,25.4,27.3,23.4,11.5,11.6,42,43,44,48,57
2017-01-18 11:00,2219,55,54,0.00,37,290.40,,4.1,1.8,0.16,0.43,25.5,27.8,23.6,12.1,11.6,44,43,44,48,57
2017-01-18 12:00,2219,56,49,0.00,40,136.90,,9.9,5.0,0.17,0.43,25.9,27.3,23.6,11.7,11.6,46,45,44,48,57
2017-01-18 13:00,2219,50,46,0.00,55,80.80,,15.8,9.6,0.22,0.34,26.4,26.9,23.6,11.9,11.6,47,46,44,48,57
2017-01-18 14:00,2219,46,45,0.00,88,39.73,,13.0,6.7,0.27,0.30,26.5,27.8,23.6,11.9,11.6,47,46,45,48,57
2017-01-18 15:00,2219,45,44,0.00,96,20.28,,8.4,4.8,0.28,0.29,25.3,27.7,23.4,12.1,11.6,47,46,45,48,57
2017-01-18 16:00,2219,44,42,0.06,98,5.84,,13.4,3.2,0.27,0.28,26.2,27.2,23.4,12.1,11.6,47,46,45,48,57
2017-01-18 17:00,2219,42,41,0.10,100,0.39,,11.8,5.7,0.25,0.26,25.9,27.7,23.4,11.9,11.6,46,46,45,48,57
2017-01-18 18:00,2219,45,41,0.01,94,0.14,,18.1,11.0,0.25,0.28,25.2,27.5,23.4,11.9,11.6,45,46,46,48,57
2017-01-18 19:00,2219,49,45,0.00,89,0.17,,18.0,8.7,0.27,0.31,25.6,26.8,23.4,11.7,11.6,45,46,46,48,57
2017-01-18 20:00,2219,51,49,0.00,75,0.16,,23.9,14.3,0.24,0.36,26.5,27.7,23.5,12.1,11.6,45,45,46,48,57
2017-01-18 21:00,2219,50,49,0.00,63,0.18,,24.0,13.8,0.22,0.36,26.2,27.3,23.4,12.1,11.6,45,45,46,48,57
2017-01-18 22:00,2219,50,49,0.00,65,0.18,,20.7,12.5,0.22,0.35,26.8,27.1,23.4,11.8,11.6,45,45,46,48,57
2017-01-18 23:00,2219,49,46,0.01,65,0.15,,23.7,13.0,0.25,0.33,26.5,27.7,23.4,12.2,11.6,45,45,46,48,57
2017-01-19 00:00,2219,47,46,0.02,79,0.16,,21.1,13.4,0.25,0.32,26.7,27.8,23.4,12.2,11.6,45,45,46,48,57
2017-01-19 01:00,2219,46,44,0.03,80,0.14,,24.0,13.0,0.25,0.30,26.7,28.4,23.4,12.0,11.6,45,45,46,48,57
2017-01-19 02:00,2219,45,43,0.07,83,0.15,,17.5,8.4,0.25,0.28,27.2,27.1,23.4,12.3,11.6,44,45,46,48,57
2017-01-19 03:00,2219,43,42,0.02,89,0.16,,15.5,9.9,0.25,0.27,27.0,27.3,23.7,12.0,11.6,44,45,45,48,57
2017-01-19 04:00,2219,44,42,0.00,96,0.18,,17.7,7.5,0.25,0.28,27.7,27.8,23.7,12.2,11.6,44,45,45,48,57
2017-01-19 05:00,2219,43,42,0.00,89,0.14,,11.6,5.7,0.25,0.28,28.2,27.6,23.5,12.0,11.6,43,44,46,48,57
2017-01-19 06:00,2219,42,40,0.00,92,0.36,,8.5,6.0,0.25,0.26,27.9,28.3,23.6,11.6,11.6,43,44,45,48,57
2017-01-19 07:00,2219,43,42,0.00,93,48.11,,9.3,5.8,0.25,0.27,28.5,29.1,23.9,12.2,11.6,43,44,45,48,57
2017-01-19 08:00,2219,44,43,0.00,88,157.50,,14.3,9.4,0.25,0.28,28.0,29.1,23.9,11.6,11.6,42,44,45,48,57
2017-01-19 09:00,2219,48,44,0.00,93,440.80,,12.4,7.1,0.25,0.31,28.2,28.6,23.7,12.2,11.9,42,43,45,48,57
2017-01-19 10:00,2219,48,45,0.00,70,243.10,,12.2,5.3,0.24,0.31,28.0,29.2,24.3,12.3,11.6,43,44,45,48,57
2017-01-19 11:00,2219,46,44,0.00,80,242.60,,17.0,7.7,0.25,0.30,27.8,29.5,24.1,12.2,11.6,45,44,45,48,57
2017-01-19 12:00,2219,46,45,0.00,87,457.00,,13.4,7.6,0.27,0.31,28.3,29.0,24.1,12.2,11.8,45,45,45,48,57
2017-01-19 13:00,2219,47,46,0.00,82,329.80,,10.0,5.7,0.25,0.31,28.3,28.7,24.1,12.7,11.9,46,45,45,48,57
2017-01-19 14:00,2219,47,47,0.00,79,244.30,,11.4,6.7,0.25,0.32,28.4,28.5,24.4,12.4,11.6,47,46,45,48,57
2017-01-19 15:00,2219,47,46,0.00,80,142.60,,8.7,4.8,0.25,0.32,28.1,29.1,24.3,12.4,11.9,48,47,46,48,57
2017-01-19 16:00,2219,46,44,0.00,82,46.76,,8.3,5.8,0.27,0.30,28.5,28.8,24.5,12.2,11.8,48,47,46,48,57
2017-01-19 17:00,2219,44,43,0.00,95,2.51,,11.0,6.3,0.26,0.28,28.3,28.9,24.5,12.2,11.6,48,47,46,48,57
2017-01-19 18:00,2219,43,42,0.00,91,0.16,,8.0,4.7,0.26,0.28,28.5,29.0,24.4,12.4,11.6,47,47,46,48,57
2017-01-19 19:00,2219,42,42,0.00,98,0.17,,7.3,5.1,0.27,0.27,27.7,29.6,25.0,12.4,11.6,46,47,46,48,57
2017-01-19 20:00,2219,42,42,0.00,100,0.14,,10.5,6.8,0.27,0.27,27.9,29.0,24.9,11.8,11.6,46,47,46,48,57
2017-01-19 21:00,2219,42,41,0.00,100,0.15,,9.5,5.8,0.26,0.26,28.1,28.5,24.9,12.5,11.8,45,46,46,48,57
2017-01-19 22:00,2219,41,41,0.00,100,0.15,,10.5,6.4,0.25,0.25,28.2,29.7,24.6,12.1,11.6,45,46,46,48,57
2017-01-19 23:00,2219,41,41,0.00,100,0.15,,9.1,4.9,0.26,0.26,28.3,29.3,24.9,12.4,11.8,44,45,46,48,57
2017-01-20 00:00,2219,42,41,0.00,95,0.17,,14.0,7.5,0.24,0.26,27.8,29.3,25.0,12.4,11.6,44,45,46,48,57
2017-01-20 01:00,2219,42,40,0.05,89,0.16,,11.4,5.0,0.23,0.25,26.9,28.9,24.8,12.2,11.6,44,45,46,48,57
2017-01-20 02:00,2219,41,40,0.00,91,0.15,,11.5,5.6,0.23,0.25,27.9,28.9,25.0,12.6,11.8,44,45,46,49,57
2017-01-20 03:00,2219,42,41,0.00,90,0.13,,17.1,8.8,0.22,0.26,28.3,28.4,24.8,12.2,11.6,43,45,46,49,57
2017-01-20 04:00,2219,42,41,0.00,80,0.16,,22.7,13.3,0.21,0.26,27.5,29.2,25.0,12.6,11.8,43,44,46,49,57
2017-01-20 05:00,2219,43,42,0.00,82,0.14,,27.4,14.6,0.22,0.27,27.1,28.5,24.8,12.8,11.8,43,44,46,48,57
2017-01-20 06:00,2219,43,42,0.00,79,0.44,,22.6,14.0,0.22,0.27,27.6,29.1,24.8,12.6,11.8,43,44,46,48,57
2017-01-20 07:00,2219,44,42,0.01,78,21.62,,28.6,16.6,0.22,0.28,27.6,29.1,24.7,12.8,11.8,43,44,46,49,57
2017-01-20 08:00,2219,44,42,0.02,88,113.40,,31.4,19.3,,,27.8,29.1,24.7,12.8,11.8,42,44,45,48,57
2017-01-20 09:00,2219,44,42,0.21,82,28.61,,29.7,16.3,0.25,0.27,28.0,29.1,24.7,13.2,,,,,,
2017-01-20 10:00,2219,44,42,0.04,100,112.40,,19.4,10.6,0.27,0.27,28.3,29.1,24.7,12.5,11.8,43,44,45,48,57
2017-01-20 11:00,2219,46,43,0.02,94,124.90,,15.9,9.9,0.26,0.29,28.4,29.7,24.7,13.0,11.8,43,44,45,48,57
2017-01-20 12:00,2219,44,39,0.13,92,82.40,,22.2,12.8,0.25,0.25,29.9,30.2,25.1,12.9,12.2,43,44,45,49,57
2017-01-20 13:00,2219,40,39,0.03,100,195.50,,10.7,5.2,0.24,0.25,30.9,31.1,25.5,12.5,12.2,44,44,45,49,57
2017-01-20 14:00,2219,41,40,0.01,100,135.80,,10.4,6.6,0.25,0.25,31.1,31.0,26.4,12.9,12.2,44,44,45,49,57
2017-01-20 15:00,2219,41,40,0.00,100,147.80,,10.2,4.1,0.25,0.25,31.1,31.6,27.1,12.7,11.8,44,44,45,48,57
2017-01-20 16:00,2219,42,41,0.00,100,46.93,,10.8,4.6,0.26,0.26,30.9,31.6,27.1,12.7,12.2,45,45,45,48,57
2017-01-20 17:00,2219,41,40,0.01,99,0.78,,20.0,8.7,0.24,0.25,30.5,31.6,27.4,12.9,11.8,45,45,45,48,57
2017-01-20 18:00,2219,40,39,0.00,91,0.15,,15.8,6.6,0.23,0.25,30.9,31.4,27.4,12.7,12.2,45,45,45,48,57
2017-01-20 19:00,2219,39,38,0.00,99,0.17,,16.8,10.5,0.23,0.24,30.2,31.7,27.4,12.8,11.8,44,45,45,48,57
2017-01-20 20:00,2219,39,38,0.00,96,0.16,,19.0,10.9,0.21,0.24,30.3,31.3,27.4,12.9,11.8,43,45,45,49,57
2017-01-20 21:00,2219,39,38,0.00,85,0.15,,18.7,11.3,0.20,0.24,30.0,31.2,27.4,12.4,11.8,43,44,45,48,57
2017-01-20 22:00,2219,38,37,0.00,94,0.13,,21.9,14.2,0.21,0.22,29.8,31.4,27.2,13.0,11.8,42,44,45,48,57
2017-01-20 23:00,2219,38,36,0.03,91,0.16,,21.5,12.9,0.21,0.22,29.6,30.8,27.2,13.2,11.8,42,43,45,48,57
2017-01-21 00:00,2219,37,36,0.00,100,0.32,,20.3,9.7,0.21,0.22,29.6,30.8,27.3,13.0,11.8,41,43,45,48,57
2017-01-21 01:00,2219,37,36,0.00,100,0.14,,13.0,8.8,0.22,0.22,29.8,31.1,27.5,13.2,11.8,41,43,45,48,57
2017-01-21 02:00,2219,37,36,0.00,100,0.15,,14.0,8.4,0.22,0.22,29.8,31.2,27.1,13.2,11.8,41,42,45,48,57
2017-01-21 03:00,2219,36,36,0.00,100,0.14,,10.6,6.7,0.21,0.21,29.3,30.8,27.1,13.2,11.8,41,42,45,48,57
2017-01-21 04:00,2219,36,36,0.00,100,0.16,,11.6,7.1,0.21,0.21,29.1,30.4,27.2,13.2,11.8,40,42,44,48,57
2017-01-21 05:00,2219,36,36,0.00,100,0.15,,11.3,7.1,0.21,0.21,29.5,30.5,26.8,12.7,11.8,40,42,44,48,57
2017-01-21 06:00,2219,36,36,0.00,100,0.65,,11.7,7.4,0.21,0.21,29.6,30.8,26.8,13.4,12.2,40,42,44,48,57
2017-01-21 07:00,2219,37,36,0.00,100,17.35,,9.6,6.4,0.22,0.22,29.2,30.6,27.0,13.3,12.2,40,42,44,48,57
2017-01-21 08:00,2219,40,37,0.00,100,127.50,,10.9,6.6,0.22,0.22,29.3,30.4,27.1,13.1,12.2,40,41,44,48,57
2017-01-21 09:00,2219,42,39,0.00,99,299.50,,11.4,5.2,0.24,0.25,29.5,30.4,27.2,13.3,12.2,40,41,43,48,57
2017-01-21 10:00,2219,43,42,0.00,84,289.30,,9.3,4.7,0.23,0.27,28.3,30.6,27.2,13.4,12.2,41,42,44,48,57
2017-01-21 11:00,2219,45,42,0.00,87,434.50,,10.5,6.6,0.23,0.27,29.5,30.9,27.2,13.4,12.2,42,42,44,48,57
2017-01-21 12:00,2219,46,44,0.00,77,607.80,,9.0,5.3,0.22,0.30,29.5,30.0,26.6,13.5,12.2,43,43,44,48,57
2017-01-21 13:00,2219,46,45,0.00,63,380.10,,6.8,2.8,0.20,0.31,29.3,30.8,26.8,13.7,12.2,45,44,44,48,57
2017-01-21 14:00,2219,47,46,0.00,63,329.40,,6.1,2.3,0.19,0.31,29.2,29.7,26.8,13.9,12.2,47,45,44,48,57
2017-01-21 15:00,2219,47,46,0.00,57,160.70,,4.6,2.1,0.19,0.31,28.5,30.1,26.8,13.7,12.2,48,46,44,48,57
2017-01-21 16:00,2219,46,43,0.00,60,50.57,,3.7,1.0,0.19,0.30,28.7,30.6,26.7,14.4,12.2,48,47,45,48,57
2017-01-21 17:00,2219,43,42,0.00,80,0.89,,3.5,1.8,0.23,0.28,29.5,30.9,26.7,14.4,12.2,48,47,45,48,57
2017-01-21 18:00,2219,42,42,0.00,89,0.16,,3.4,1.2,0.24,0.27,29.6,30.6,26.7,14.5,11.8,47,47,45,48,57
2017-01-21 19:00,2219,42,42,0.00,92,0.14,,2.3,0.8,0.25,0.27,29.5,29.7,26.7,14.6,11.8,47,47,46,48,57
2017-01-21 20:00,2219,42,40,0.00,95,0.15,,4.2,1.9,0.25,0.27,29.1,29.8,26.5,15.1,11.8,46,46,46,48,57
2017-01-21 21:00,2219,44,40,0.01,100,0.15,,7.8,4.0,0.24,0.28,29.2,30.4,26.7,15.6,12.2,45,46,46,48,57
2017-01-21 22:00,2219,46,44,0.00,82,0.14,,22.6,8.4,0.20,0.30,28.2,30.4,26.7,15.7,12.2,45,46,46,48,57
2017-01-21 23:00,2219,45,42,0.01,55,0.15,,21.3,12.7,0.18,0.29,29.0,30.5,26.7,15.6,11.8,45,45,46,48,57
2017-01-22 00:00,2219,42,41,0.01,77,0.16,,25.8,14.5,0.21,0.26,28.5,30.1,26.6,16.2,12.2,44,45,46,48,57
2017-01-22 01:00,2219,42,41,0.01,83,0.16,,34.5,24.3,0.20,0.26,28.6,30.1,26.6,16.3,12.2,44,45,46,48,57
2017-01-22 02:00,2219,42,41,0.09,70,0.18,,29.9,19.2,0.20,0.26,28.7,29.5,26.6,16.8,11.8,43,45,46,48,57
2017-01-22 03:00,2219,43,41,0.02,82,0.14,,35.1,19.3,0.21,0.26,28.5,29.5,26.6,16.8,11.8,43,44,46,48,57
2017-01-22 04:00,2219,44,43,0.01,74,0.13,,31.5,19.1,0.21,0.28,29.1,30.1,26.6,17.3,11.8,42,44,46,48,57
2017-01-22 05:00,2219,43,43,0.00,76,0.13,,36.3,19.3,0.21,0.28,29.7,30.5,26.6,17.6,11.8,42,44,45,48,57
2017-01-22 06:00,2219,44,42,0.02,73,0.37,,34.9,23.7,0.21,0.28,29.7,29.9,26.7,18.3,12.2,42,44,45,48,57
2017-01-22 07:00,2219,45,44,0.00,74,14.81,,39.3,27.0,0.22,0.29,29.7,30.7,26.7,18.2,12.2,42,43,45,48,57
2017-01-22 08:00,2219,46,45,0.00,71,66.22,,46.2,29.7,0.22,0.30,29.3,30.2,26.5,18.4,11.8,42,43,45,48,57
2017-01-22 09:00,2219,48,45,0.00,72,203.30,,36.8,22.5,0.23,0.32,29.3,30.2,27.1,18.8,12.2,42,43,45,48,57
2017-01-22 10:00,2219,46,45,0.02,86,141.90,,31.4,18.4,0.27,0.31,29.7,30.8,27.0,18.8,12.2,43,43,45,48,57
2017-01-22 11:00,2219,48,46,0.02,90,248.40,,31.6,20.4,0.27,0.32,29.3,30.7,27.0,19.3,11.8,43,44,45,48,57
2017-01-22 12:00,2219,49,47,0.02,85,197.30,,36.9,22.5,0.27,0.33,29.6,30.2,27.0,19.0,11.8,44,44,45,48,57
2017-01-22 13:00,2219,48,47,0.02,81,92.10,,29.5,18.0,0.28,0.32,30.0,30.5,27.0,19.5,11.8,44,44,45,48,57
2017-01-22 14:00,2219,49,47,0.02,87,112.30,,21.7,13.1,0.30,0.33,30.2,30.4,26.9,19.7,12.2,45,45,45,48,57
2017-01-22 15:00,2219,53,49,0.00,94,320.70,,19.0,11.1,0.30,0.38,29.6,30.8,27.1,19.7,11.8,45,45,45,48,57
2017-01-22 16:00,2219,53,50,0.00,70,111.80,,23.2,14.9,0.27,0.39,30.3,30.5,26.8,20.1,11.8,46,45,45,48,57
2017-01-22 17:00,2219,50,47,0.00,72,2.08,,26.0,13.4,0.25,0.35,30.4,30.7,27.1,20.5,11.8,46,45,45,48,57
2017-01-22 18:00,2219,47,45,0.00,78,0.18,,24.8,13.9,0.27,0.32,30.1,30.5,27.1,20.3,12.2,46,46,45,48,57
2017-01-22 19:00,2219,46,44,0.00,94,0.16,,14.8,7.0,0.27,0.30,30.3,30.7,27.1,20.7,12.2,45,46,45,48,57
2017-01-22 20:00,2219,46,41,0.15,81,0.18,,23.5,11.4,0.27,0.28,29.4,30.7,27.1,20.5,12.2,45,45,46,48,57
2017-01-22 21:00,2219,42,41,0.07,100,0.19,,21.3,10.5,0.26,0.26,29.7,30.7,27.0,20.4,11.8,45,45,46,48,57
2017-01-22 22:00,2219,42,41,0.00,99,0.13,,19.6,10.0,0.24,0.27,31.1,31.0,27.4,21.2,12.2,44,45,46,48,57
2017-01-22 23:00,2219,42,41,0.00,88,0.18,,20.2,10.4,0.22,0.26,31.4,31.1,27.7,21.0,11.8,44,45,46,48,57
2017-01-23 00:00,2219,41,40,0.00,89,0.13,,19.1,9.9,0.22,0.25,30.2,31.0,27.6,21.0,11.8,43,45,46,48,57
2017-01-23 01:00,2219,40,39,0.00,81,0.15,,17.9,9.4,0.21,0.25,30.4,31.7,27.5,21.3,12.4,43,44,46,48,57
2017-01-23 02:00,2219,40,39,0.00,84,0.14,,20.7,10.6,0.21,0.24,30.6,30.6,27.5,21.2,12.4,43,44,45,48,57
2017-01-23 03:00,2219,39,37,0.01,87,0.17,,17.9,10.3,0.20,0.23,30.2,31.4,27.6,21.3,12.2,42,44,45,48,56
2017-01-23 04:00,2219,38,35,0.05,89,0.16,,17.7,10.1,0.20,0.22,30.3,30.7,27.6,21.7,12.2,42,43,45,48,56
2017-01-23 05:00,2219,35,33,0.03,100,0.21,,12.0,8.2,0.19,0.19,29.5,31.4,27.7,21.5,11.8,41,43,45,48,56
2017-01-23 06:00,2219,33,33,0.00,100,0.31,,13.1,8.0,0.18,0.19,30.2,30.8,27.6,21.7,11.8,41,43,45,48,56
2017-01-23 07:00,2219,34,33,0.03,100,10.92,,10.6,7.2,0.19,0.19,31.2,30.8,27.6,22.0,11.8,40,42,45,48,56
2017-01-23 08:00,2219,35,34,0.18,100,156.70,,10.2,4.4,0.20,0.20,30.0,31.5,28.0,22.4,11.9,40,42,44,48,56
2017-01-23 09:00,2219,36,35,0.12,100,185.40,,12.5,7.0,0.21,0.21,31.2,31.1,28.0,22.5,11.9,40,42,44,48,56
2017-01-23 10:00,2219,38,36,0.03,100,293.90,,6.8,4.1,0.21,0.22,30.3,31.4,27.8,22.7,11.9,40,41,44,48,56
2017-01-23 11:00,2219,38,38,0.00,92,299.70,,13.6,7.4,0.20,0.23,31.0,31.1,27.8,22.6,11.9,40,41,44,48,56
2017-01-23 12:00,2219,39,38,0.00,88,395.10,,14.5,8.6,0.20,0.23,31.4,32.0,28.4,22.5,11.9,40,41,44,48,56
2017-01-23 13:00,2219,42,35,0.00,85,302.70,,26.8,9.4,0.19,0.25,31.4,31.9,28.7,23.3,11.9,41,42,44,48,56
2017-01-23 14:00,2219,37,34,0.02,100,92.30,,22.3,12.8,0.20,0.20,31.4,31.7,28.6,23.5,11.9,42,42,43,48,56
2017-01-23 15:00,2219,37,36,0.00,96,156.00,,14.1,6.6,0.21,0.21,31.4,31.9,28.6,23.7,11.9,42,43,43,48,56
2017-01-23 16:00,2219,37,36,0.01,99,42.75,,9.9,5.9,0.21,0.22,31.7,32.0,28.6,23.9,11.9,42,43,44,48,56
2017-01-23 17:00,2219,37,36,0.00,96,3.84,,9.5,4.7,0.21,0.21,31.2,31.9,28.7,24.5,11.9,42,43,44,47,56
2017-01-23 18:00,2219,36,35,0.00,100,0.13,,9.1,4.2,0.21,0.21,31.2,31.2,28.7,24.9,11.9,42,43,44,47,56
2017-01-23 19:00,2219,36,35,0.00,100,0.12,,7.1,3.1,0.21,0.21,31.0,32.1,28.3,24.8,11.9,41,42,44,47,56
2017-01-23 20:00,2219,36,34,0.00,100,0.14,,7.2,5.4,0.20,0.20,30.7,32.1,28.7,24.8,11.9,41,42,44,47,56
2017-01-23 21:00,2219,34,33,0.00,100,0.12,,9.6,6.9,0.19,0.19,30.6,31.7,28.3,25.7,11.9,40,42,44,47,56
2017-01-23 22:00,2219,34,33,0.00,100,0.16,,9.0,6.8,0.19,0.19,30.5,31.5,28.1,25.5,11.9,40,42,44,47,56
2017-01-23 23:00,2219,34,34,0.00,100,0.12,,9.2,6.9,0.20,0.20,30.2,31.1,28.2,25.3,11.9,39,41,43,47,56
2017-01-24 00:00,2219,34,33,0.00,100,0.10,,8.3,6.4,0.19,0.19,29.9,31.2,28.0,25.5,11.9,39,41,43,47,56
2017-01-24 01:00,2219,34,33,0.00,100,0.15,,9.9,6.1,0.19,0.19,30.0,31.3,28.0,25.5,11.9,39,40,43,47,56
2017-01-24 02:00,2219,34,33,0.00,100,0.15,,10.5,7.2,0.19,0.19,29.8,30.2,28.1,25.7,11.9,38,40,43,47,56
2017-01-24 03:00,2219,33,32,0.00,100,0.12,,8.1,6.5,0.19,0.19,29.5,30.4,27.9,25.7,11.9,38,40,43,47,56
2017-01-24 04:00,2219,33,32,0.00,100,0.12,,8.6,6.7,0.18,0.18,30.0,31.1,28.0,25.9,11.9,38,40,43,47,56
2017-01-24 05:00,2219,33,33,0.00,96,0.12,,7.9,6.2,0.18,0.19,29.5,30.8,27.6,25.7,11.9,37,39,42,47,56
2017-01-24 06:00,2219,33,32,0.00,93,0.52,,7.3,6.3,0.17,0.19,29.6,30.9,27.6,25.6,11.9,37,39,42,47,56
2017-01-24 07:00,2219,37,31,0.00,86,64.53,,7.8,4.7,0.15,0.19,29.7,30.4,27.6,26.0,11.9,37,39,42,47,56
2017-01-24 08:00,2219,39,37,0.00,75,255.80,,4.6,1.6,0.17,0.23,29.3,30.8,27.7,26.0,11.9,37,39,42,47,56
2017-01-24 09:00,2219,39,38,0.00,74,440.30,,6.6,3.2,0.17,0.23,28.4,30.6,27.3,25.6,11.9,37,39,42,47,56
2017-01-24 10:00,2219,40,39,0.00,72,508.30,,6.9,3.5,0.18,0.25,29.6,30.4,27.3,25.6,11.9,38,39,42,47,56
2017-01-24 11:00,2219,40,40,0.00,70,616.60,,9.8,5.8,0.18,0.25,29.4,30.5,27.0,25.7,11.9,40,39,42,47,56
2017-01-24 12:00,2219,40,39,0.00,79,596.40,,9.7,6.2,0.19,0.25,29.6,30.7,27.5,25.5,11.9,42,41,42,47,56
2017-01-24 13:00,2219,40,39,0.00,80,418.30,,11.2,7.6,0.20,0.24,30.0,30.7,27.5,25.7,11.9,45,42,42,47,56
2017-01-24 14:00,2219,40,39,0.00,74,343.20,,12.8,8.7,0.20,0.25,29.4,30.7,26.9,25.7,11.9,46,44,42,47,56
2017-01-24 15:00,2219,40,39,0.00,81,206.90,,10.9,7.9,0.19,0.24,29.8,30.4,26.9,25.8,11.9,46,44,42,47,56
2017-01-24 16:00,2219,39,37,0.00,71,57.10,,10.3,6.8,0.19,0.23,30.1,30.3,27.0,25.4,11.9,46,45,43,47,56
2017-01-24 17:00,2219,37,35,0.00,87,3.97,,7.1,3.1,0.20,0.21,29.8,30.6,27.0,25.4,11.9,45,45,43,47,56
2017-01-24 18:00,2219,36,35,0.00,94,0.14,,3.9,0.7,0.20,0.21,29.6,30.8,27.2,25.5,11.9,44,45,44,47,56
2017-01-24 19:00,2219,36,35,0.00,100,0.13,,5.2,2.0,0.21,0.21,29.5,29.9,27.2,25.5,11.9,43,44,44,47,56
2017-01-24 20:00,2219,36,35,0.00,100,0.14,,5.3,2.6,0.21,0.21,28.8,30.5,27.2,25.7,11.9,42,43,44,47,56
2017-01-24 21:00,2219,36,35,0.00,100,0.12,,3.9,1.4,0.21,0.21,29.2,30.0,27.2,25.3,11.9,41,43,44,47,56
2017-01-24 22:00,2219,36,36,0.00,100,0.13,,10.9,6.0,0.21,0.21,28.1,30.1,27.0,25.3,11.9,41,42,44,47,56
2017-01-24 23:00,2219,36,35,0.00,100,0.16,,10.6,6.0,0.21,0.21,29.0,29.6,27.0,25.4,11.9,41,42,44,47,56
2017-01-25 00:00,2219,35,35,0.00,100,0.26,,6.6,3.7,0.20,0.20,28.6,29.6,26.7,25.4,11.9,40,42,43,47,56
2017-01-25 01:00,2219,35,34,0.00,100,0.26,,5.5,2.0,0.20,0.20,28.6,30.1,26.7,25.6,11.9,40,42,43,47,56
2017-01-25 02:00,2219,34,32,0.00,100,0.28,,4.9,1.7,0.19,0.19,28.7,29.4,27.2,25.6,11.9,40,42,43,47,56
2017-01-25 03:00,2219,33,32,0.00,100,0.17,,5.0,1.7,0.19,0.19,28.8,30.0,27.2,25.6,11.9,40,42,43,47,56
2017-01-25 04:00,2219,33,32,0.00,100,0.12,,3.9,0.6,0.18,0.19,28.6,30.1,26.7,25.4,11.9,39,41,43,47,56
2017-01-25 05:00,2219,34,33,0.00,100,0.36,,5.6,3.1,0.19,0.19,27.8,30.2,26.7,25.8,11.9,39,41,43,47,56
2017-01-25 06:00,2219,34,34,0.00,100,0.56,,9.0,5.8,0.20,0.20,28.4,29.5,26.9,25.6,11.9,39,40,43,47,56
2017-01-25 07:00,2219,34,34,0.00,100,24.81,,7.8,4.8,0.19,0.19,28.4,29.6,26.5,25.6,11.9,38,40,42,47,56
2017-01-25 08:00,2219,36,34,0.00,100,280.80,,6.2,2.1,0.21,0.21,28.4,29.9,26.6,25.6,11.9,39,40,42,47,56
2017-01-25 09:00,2219,39,36,0.00,100,451.70,,6.9,3.3,0.18,0.23,28.7,29.6,26.6,25.9,11.9,39,40,42,47,56
2017-01-25 10:00,2219,41,39,0.00,74,570.50,,9.8,2.9,0.17,0.25,28.7,29.9,26.8,26.0,11.9,40,41,42,47,56
2017-01-25 11:00,2219,41,39,0.00,73,615.00,,12.2,7.3,0.19,0.25,28.3,30.0,26.3,26.0,11.9,42,41,42,47,56
2017-01-25 12:00,2219,40,40,0.00,76,638.10,,11.4,7.5,0.19,0.25,28.5,29.4,26.4,25.2,11.9,45,43,42,47,56
2017-01-25 13:00,2219,42,40,0.00,82,597.50,,9.8,6.1,0.21,0.25,28.9,30.2,26.6,25.6,11.9,47,44,42,47,56
2017-01-25 14:00,2219,40,40,0.00,81,497.30,,9.6,5.6,0.21,0.25,28.7,29.5,26.6,25.6,11.9,48,45,43,47,56
2017-01-25 15:00,2219,41,40,0.00,82,332.50,,9.6,5.9,0.21,0.25,28.5,29.9,26.5,25.5,11.9,49,46,43,47,56
2017-01-25 16:00,2219,40,38,0.01,86,115.50,,7.8,5.3,0.21,0.24,29.1,29.9,26.5,25.7,11.9,49,47,44,46,56
2017-01-25 17:00,2219,38,36,0.00,96,5.06,,7.2,4.1,0.22,0.22,28.8,30.1,26.3,25.7,12.1,48,47,44,47,56
2017-01-25 18:00,2219,37,36,0.00,99,0.13,,7.4,4.2,0.22,0.22,28.6,29.9,26.4,25.4,11.9,46,46,45,46,56
2017-01-25 19:00,2219,36,35,0.00,99,0.16,,3.8,1.7,0.21,0.21,28.5,30.5,26.4,25.5,11.9,45,45,45,46,56
2017-01-25 20:00,2219,36,35,0.00,100,0.14,,6.5,4.4,0.20,0.20,28.2,29.6,26.4,25.5,11.9,43,45,45,46,56
2017-01-25 21:00,2219,35,33,0.00,91,0.11,,9.6,7.4,0.18,0.20,28.4,29.7,26.4,25.7,12.1,42,44,45,46,56
2017-01-25 22:00,2219,35,33,0.00,98,0.11,,10.0,8.1,0.18,0.19,27.7,29.7,26.2,25.5,12.1,41,43,45,47,56
2017-01-25 23:00,2219,34,33,0.00,91,0.14,,10.3,8.2,0.17,0.19,27.9,30.0,26.3,25.9,11.9,40,43,44,46,56
2017-01-26 00:00,2219,35,33,0.00,87,0.11,,10.3,8.3,0.16,0.19,28.0,29.1,26.3,25.5,11.9,40,42,44,46,56
2017-01-26 01:00,2219,36,35,0.00,79,0.14,,8.7,3.8,0.15,0.20,27.8,29.1,26.6,25.5,11.9,39,42,44,47,56
2017-01-26 02:00,2219,36,35,0.00,68,0.12,,2.9,1.7,0.14,0.20,27.9,29.5,26.1,25.5,12.1,39,41,44,47,56
2017-01-26 03:00,2219,35,34,0.00,82,0.12,,4.3,3.1,0.17,0.20,28.0,28.6,26.3,25.5,12.1,38,41,43,47,56
2017-01-26 04:00,2219,35,34,0.00,91,0.10,,3.3,2.2,0.18,0.20,27.5,29.2,26.3,25.7,12.1,38,40,43,47,56
2017-01-26 05:00,2219,35,33,0.00,88,0.12,,5.7,3.7,0.18,0.19,27.2,29.4,26.0,25.7,12.1,37,40,43,47,56
2017-01-26 06:00,2219,35,34,0.00,97,0.82,,3.4,1.6,0.18,0.20,27.4,29.1,26.2,25.9,12.1,37,40,43,47,56
2017-01-26 07:00,2219,35,34,0.00,90,60.74,,3.7,2.0,0.18,0.20,27.5,28.7,26.2,25.7,12.1,37,39,42,47,56
2017-01-26 08:00,2219,36,35,0.00,96,146.30,,2.7,1.5,0.20,0.20,27.9,29.0,25.7,25.9,11.4,37,39,42,47,56
2017-01-26 09:00,2219,38,36,0.00,100,212.30,,6.9,4.0,0.21,0.21,27.9,29.3,25.7,25.9,12.1,36,39,42,47,56
2017-01-26 10:00,2219,39,38,0.00,96,457.60,,10.8,5.8,0.22,0.23,27.6,28.5,25.9,26.0,12.1,36,39,42,47,56
2017-01-26 11:00,2219,40,38,0.00,94,451.50,,9.5,6.6,0.22,0.24,27.9,28.6,25.5,26.0,12.1,38,39,42,47,56
2017-01-26 12:00,2219,39,38,0.00,91,371.60,,10.8,7.2,0.22,0.24,27.5,28.8,25.8,25.4,11.4,40,40,41,47,56
2017-01-26 13:00,2219,39,38,0.00,92,242.60,,12.0,8.4,0.22,0.23,27.6,29.4,25.8,25.4,11.4,42,41,41,47,56
2017-01-26 14:00,2219,40,39,0.00,89,251.00,,11.7,8.0,0.22,0.24,28.1,29.2,25.9,25.6,11.4,43,42,42,47,56
2017-01-26 15:00,2219,,,,84,,,,,,,28.0,28.5,25.9,25.6,12.1,44,43,42,47,56
2017-01-26 16:00,2219,39,38,0.00,,69.73,,8.5,5.0,0.23,0.23,,,,,,,,,,
2017-01-26 17:00,2219,38,38,0.00,93,2.93,,8.6,5.3,0.22,0.23,28.1,29.5,25.8,25.6,11.4,44,43,42,46,56
2017-01-26 18:00,2219,38,37,0.00,95,0.11,,7.9,5.2,0.22,0.22,27.9,28.4,25.8,25.6,12.1,43,43,43,46,56
2017-01-26 19:00,2219,37,36,0.00,100,0.16,,6.5,3.5,0.22,0.22,28.1,29.3,25.8,25.7,12.1,43,43,43,46,56
2017-01-26 20:00,2219,36,35,0.00,100,0.12,,5.0,1.7,0.21,0.21,27.8,28.7,25.8,25.7,12.1,42,43,43,46,56
2017-01-26 21:00,2219,37,36,0.00,100,0.10,,6.8,4.6,0.22,0.22,27.5,28.7,25.8,25.3,12.1,41,42,43,46,56
2017-01-26 22:00,2219,37,36,0.00,100,0.13,,5.9,3.1,0.22,0.22,27.0,29.4,25.8,25.3,12.1,41,42,43,46,56
2017-01-26 23:00,2219,36,36,0.00,100,0.14,,7.0,4.2,0.22,0.22,27.7,29.2,25.8,25.3,12.1,41,42,43,46,56
2017-01-27 00:00,2219,36,36,0.00,100,0.12,,4.9,2.4,0.21,0.21,27.5,28.8,25.5,25.3,11.4,41,42,43,46,56
2017-01-27 01:00,2219,36,36,0.00,100,0.13,,5.4,2.9,0.21,0.21,27.1,28.6,25.5,25.3,11.4,40,42,43,46,56
2017-01-27 02:00,2219,36,36,0.00,100,0.14,,6.5,3.7,0.21,0.21,27.8,29.6,25.5,25.3,11.4,40,42,43,46,56
2017-01-27 03:00,2219,36,36,0.00,100,0.31,,10.0,5.6,0.21,0.21,27.8,29.2,25.5,25.5,11.4,40,41,43,46,56
2017-01-27 04:00,2219,36,36,0.00,100,0.36,,8.2,5.1,0.21,0.21,26.7,29.2,25.7,25.5,11.4,40,41,43,46,56
2017-01-27 05:00,2219,36,35,0.00,100,0.32,,8.3,4.0,0.21,0.21,27.9,28.8,26.0,25.3,11.4,40,41,43,46,56
2017-01-27 06:00,2219,36,35,0.00,100,0.47,,9.4,5.1,0.21,0.21,27.6,29.2,26.0,25.5,11.4,40,41,43,46,56
2017-01-27 07:00,2219,37,34,0.00,100,71.61,,6.9,3.4,0.20,0.20,27.6,28.7,25.4,25.5,11.4,40,41,43,46,56
2017-01-27 08:00,2219,42,37,0.00,100,280.70,,7.4,4.1,0.20,0.23,27.2,29.3,25.6,25.5,11.4,40,41,42,46,56
2017-01-27 09:00,2219,42,40,0.00,44,456.40,,7.1,4.3,0.19,0.25,26.8,28.2,25.6,24.9,11.4,40,41,42,46,56
2017-01-27 10:00,2219,40,39,0.00,85,652.00,,9.9,6.8,0.22,0.25,27.6,28.8,25.5,25.6,11.4,41,41,42,46,56
2017-01-27 11:00,2219,41,39,0.00,97,665.70,,11.2,5.7,0.23,0.25,27.7,28.2,25.7,25.1,11.4,43,42,42,46,56
2017-01-27 12:00,2219,42,40,0.00,90,656.70,,8.2,4.0,0.24,0.26,28.1,28.1,25.3,25.6,11.4,45,43,42,46,55
2017-01-27 13:00,2219,43,42,0.00,86,581.30,,9.8,5.3,0.24,0.27,27.7,28.8,25.3,25.4,11.4,48,45,43,46,55
2017-01-27 14:00,2219,42,41,0.00,96,380.90,,11.3,6.2,0.26,0.26,28.0,28.9,25.2,25.1,11.4,49,46,43,46,55
2017-01-27 15:00,2219,42,41,0.00,95,301.20,,10.8,7.0,0.25,0.26,28.3,28.4,25.2,25.1,11.4,50,47,44,46,55
2017-01-27 16:00,2219,41,40,0.00,95,109.70,,10.7,7.0,0.25,0.25,27.9,29.1,25.5,25.5,11.4,50,47,44,46,55
2017-01-27 17:00,2219,40,39,0.00,99,3.84,,10.9,7.4,0.24,0.25,28.1,29.5,25.5,25.5,11.4,49,47,45,46,55
2017-01-27 18:00,2219,39,38,0.00,100,0.15,,11.4,6.4,0.23,0.23,28.2,29.3,25.3,25.4,11.4,48,47,45,46,55
2017-01-27 19:00,2219,38,37,0.00,96,0.14,,7.7,4.8,0.21,0.22,28.0,29.1,25.3,25.2,11.7,47,47,45,46,55
2017-01-27 20:00,2219,37,36,0.00,94,0.14,,7.7,6.0,0.21,0.22,27.8,28.5,25.3,25.1,11.4,45,46,45,46,55
2017-01-27 21:00,2219,39,36,0.00,100,0.11,,7.5,2.8,0.21,0.23,27.7,28.3,25.3,25.5,11.4,44,45,45,46,55
2017-01-27 22:00,2219,39,37,0.00,89,0.11,,5.1,2.9,0.21,0.23,27.3,29.1,25.3,25.5,11.7,42,44,45,46,55
2017-01-27 23:00,2219,37,37,0.00,93,0.15,,4.3,3.0,0.21,0.22,27.1,28.6,25.5,25.5,11.4,42,44,45,46,55
2017-01-28 00:00,2219,37,36,0.00,96,0.13,,4.9,2.4,0.21,0.22,27.3,28.4,25.1,25.4,11.4,41,43,45,46,55
2017-01-28 01:00,2219,38,37,0.00,96,0.08,,6.8,1.9,0.21,0.22,27.5,28.8,25.3,25.1,11.4,40,42,45,47,55
2017-01-28 02:00,2219,39,38,0.00,89,0.14,,4.8,3.1,0.20,0.23,27.0,29.1,25.2,25.5,11.7,40,42,44,46,55
2017-01-28 03:00,2219,39,38,0.00,77,0.12,,4.9,2.4,0.18,0.23,27.1,28.2,25.5,25.2,11.7,39,42,44,46,55
2017-01-28 04:00,2219,39,38,0.00,76,0.13,,4.0,1.5,0.17,0.23,26.9,28.4,25.5,25.2,11.7,39,41,44,46,55
2017-01-28 05:00,2219,40,38,0.00,76,0.12,,5.2,2.5,0.17,0.24,27.0,28.9,25.1,25.2,11.7,38,41,43,46,55
2017-01-28 06:00,2219,42,40,0.00,63,0.89,,7.6,3.9,0.14,0.25,27.0,27.9,25.1,25.5,11.7,38,40,43,47,55
2017-01-28 07:00,2219,44,41,0.00,48,81.00,,4.9,1.5,0.13,0.27,27.0,28.1,25.3,25.5,11.7,38,40,43,47,55
2017-01-28 08:00,2219,44,41,0.00,61,281.60,,4.8,1.6,0.17,0.26,26.7,27.8,24.9,25.5,11.7,37,40,43,47,55
2017-01-28 09:00,2219,45,44,0.00,62,466.10,,4.5,1.8,0.17,0.30,26.3,28.3,25.1,25.5,11.7,37,39,42,47,55
2017-01-28 10:00,2219,45,44,0.00,58,603.40,,6.4,3.5,0.19,0.30,26.2,28.3,25.0,25.5,11.7,39,40,42,47,55
2017-01-28 11:00,2219,46,44,0.00,73,681.60,,7.6,4.4,0.21,0.30,27.0,28.0,25.2,25.5,11.7,42,41,42,47,55
2017-01-28 12:00,2219,46,46,0.00,65,694.20,,10.0,6.5,0.20,0.31,27.4,28.1,25.2,25.2,11.9,45,42,42,46,55
2017-01-28 13:00,2219,46,45,0.00,67,636.50,,10.8,7.6,0.22,0.30,27.8,28.2,24.6,25.3,11.9,47,44,42,47,55
2017-01-28 14:00,2219,45,44,0.00,82,516.90,,11.0,7.0,0.25,0.30,27.7,28.5,24.8,25.4,11.7,49,45,43,46,55
2017-01-28 15:00,2219,44,44,0.00,87,348.10,,8.9,6.1,0.24,0.29,27.4,29.0,24.8,25.3,11.9,50,47,43,47,55
2017-01-28 16:00,2219,44,41,0.00,84,125.60,,6.3,3.0,0.23,0.28,27.4,28.7,25.3,25.3,11.7,50,47,44,47,55
2017-01-28 17:00,2219,41,40,0.00,81,4.45,,3.2,1.3,0.21,0.26,27.5,29.4,25.1,25.4,11.7,49,47,44,46,55
2017-01-28 18:00,2219,44,41,0.00,75,0.16,,3.4,1.6,0.19,0.26,27.2,28.7,25.1,25.1,11.7,47,47,45,46,55
2017-01-28 19:00,2219,44,42,0.00,78,0.15,,4.7,2.0,0.22,0.28,27.2,28.7,25.0,25.4,11.9,45,46,45,46,55
2017-01-28 20:00,2219,46,43,0.00,67,0.14,,12.0,5.3,0.16,0.29,27.0,29.0,25.0,25.3,11.7,44,45,45,47,55
2017-01-28 21:00,2219,49,45,0.00,55,0.15,,13.0,10.0,0.16,0.32,26.7,28.4,25.1,25.4,11.7,42,45,45,46,55
2017-01-28 22:00,2219,49,47,0.00,34,0.14,,12.4,10.3,0.11,0.33,26.9,28.2,25.1,25.3,11.7,42,44,45,46,55
2017-01-28 23:00,2219,53,46,0.00,27,0.14,,12.1,7.0,0.09,0.37,27.1,28.4,25.1,25.3,11.7,41,43,45,46,55
2017-01-29 00:00,2219,46,45,0.00,30,0.16,,6.5,2.7,0.09,0.31,26.6,28.5,25.3,25.5,11.7,41,43,44,46,55
2017-01-29 01:00,2219,45,43,0.00,36,0.13,,7.5,3.2,0.12,0.29,26.7,28.3,24.7,25.4,11.9,40,42,44,47,55
2017-01-29 02:00,2219,48,42,0.00,37,0.14,,10.5,4.4,0.10,0.28,26.6,28.4,24.7,25.4,11.7,40,42,44,47,55
2017-01-29 03:00,2219,48,42,0.00,25,0.14,,8.5,2.8,0.09,0.31,26.7,27.5,24.8,25.4,11.7,39,41,44,47,55
2017-01-29 04:00,2219,42,42,0.00,60,0.13,,2.8,1.7,0.18,0.27,25.8,28.0,24.8,25.3,11.7,39,41,43,47,55
2017-01-29 05:00,2219,44,41,0.00,77,0.12,,5.4,3.1,0.19,0.27,25.9,28.0,24.6,25.5,11.7,38,40,43,46,55
2017-01-29 06:00,2219,45,44,0.00,45,0.94,,6.0,3.0,0.12,0.29,26.4,28.4,24.6,25.5,11.7,38,40,43,47,55
2017-01-29 07:00,2219,45,43,0.00,31,84.00,,4.2,2.8,0.14,0.29,26.7,28.4,24.8,25.5,11.7,38,40,43,47,55
2017-01-29 08:00,2219,48,44,0.00,60,286.40,,2.6,1.3,0.18,0.30,26.8,28.2,24.4,24.8,11.9,37,39,42,46,55
2017-01-29 09:00,2219,48,47,0.00,51,471.10,,6.4,2.2,0.16,0.33,26.5,28.3,24.5,25.5,11.7,38,39,42,47,55
2017-01-29 10:00,2219,50,47,0.00,57,607.90,,6.1,2.5,0.19,0.34,26.7,28.3,24.5,25.4,11.7,39,40,42,47,55
2017-01-29 11:00,2219,51,48,0.00,52,683.20,,7.8,3.6,0.21,0.37,26.8,28.1,25.0,24.9,11.9,42,41,42,47,55
2017-01-29 12:00,2219,48,48,0.00,60,693.60,,8.8,5.6,0.20,0.34,26.9,28.1,25.0,25.1,11.9,45,42,42,47,55
2017-01-29 13:00,2219,48,47,0.00,66,636.80,,10.8,7.4,0.22,0.34,27.4,28.4,25.0,25.3,11.9,48,44,42,46,55
2017-01-29 14:00,2219,47,46,0.00,78,515.70,,11.2,8.0,0.23,0.32,27.0,28.5,25.0,25.1,11.9,50,46,43,47,55
2017-01-29 15:00,2219,46,46,0.00,80,349.80,,9.5,7.0,0.22,0.31,27.4,28.1,24.8,24.9,11.9,51,47,43,46,55
2017-01-29 16:00,2219,46,43,0.00,64,129.20,,8.0,3.7,0.20,0.30,27.4,28.3,24.7,25.0,11.9,51,48,44,46,55
2017-01-29 17:00,2219,45,43,0.00,68,4.14,,4.4,1.6,0.20,0.29,26.8,28.1,24.7,24.7,11.7,49,48,45,46,55
2017-01-29 18:00,2219,44,43,0.00,76,0.16,,3.9,2.1,0.21,0.29,26.6,28.2,25.0,24.7,11.9,48,47,45,46,55
2017-01-29 19:00,2219,43,42,0.00,77,0.13,,3.4,1.7,0.21,0.27,27.2,28.6,25.0,25.1,11.7,46,47,45,46,55
2017-01-29 20:00,2219,44,43,0.00,77,0.12,,6.4,1.9,0.22,0.28,26.2,27.9,25.0,24.8,11.9,45,46,45,46,55
2017-01-29 21:00,2219,43,42,0.00,86,0.13,,5.4,3.3,0.25,0.27,26.8,28.1,25.0,25.2,11.9,44,45,45,46,55
2017-01-29 22:00,2219,47,41,0.00,100,0.12,,12.8,3.5,0.24,0.27,26.1,28.1,25.0,25.0,11.9,43,44,45,46,55
2017-01-29 23:00,2219,53,47,0.00,56,0.13,,13.0,9.0,0.15,0.36,27.0,27.9,24.6,24.7,11.9,42,44,45,46,55
2017-01-30 00:00,2219,54,50,0.00,37,0.16,,11.9,6.9,0.12,0.39,26.6,27.5,24.7,25.0,11.7,42,44,45,47,55
2017-01-30 01:00,2219,54,51,0.00,28,0.12,,10.0,6.9,0.12,0.40,26.7,28.0,24.7,24.8,11.9,41,43,45,47,55
2017-01-30 02:00,2219,54,47,0.00,27,0.13,,6.6,4.0,0.12,0.39,26.8,28.0,24.7,24.8,11.7,41,43,44,47,55
2017-01-30 03:00,2219,47,44,0.00,44,0.14,,3.6,1.6,0.18,0.31,26.5,27.7,24.8,25.0,11.7,41,42,44,47,55
2017-01-30 04:00,2219,44,43,0.00,77,0.15,,5.7,2.3,0.22,0.28,26.6,27.4,24.3,25.0,11.9,41,42,44,47,55
2017-01-30 05:00,2219,43,42,0.00,82,0.13,,3.6,1.6,0.24,0.27,26.6,28.3,24.5,24.8,11.7,40,42,44,47,55
2017-01-30 06:00,2219,43,42,0.00,94,0.78,,6.3,2.3,0.25,0.27,26.5,27.9,24.5,25.0,11.7,39,42,44,47,55
2017-01-30 07:00,2219,52,42,0.00,95,86.30,,4.3,1.3,0.20,0.30,26.5,28.0,24.7,24.8,11.7,39,41,43,46,55
2017-01-30 08:00,2219,52,47,0.00,38,288.20,,3.5,1.3,0.23,0.35,26.6,28.2,24.4,25.0,11.5,39,41,43,47,55
2017-01-30 09:00,2219,54,50,0.00,69,472.70,,5.9,3.3,0.23,0.38,26.5,27.1,24.4,25.0,11.9,40,41,43,47,55
2017-01-30 10:00,2219,57,54,0.00,39,617.30,,6.4,3.7,0.16,0.44,26.3,28.0,24.6,24.8,11.9,41,41,43,46,55
2017-01-30 11:00,2219,59,57,0.00,38,705.90,,7.8,4.9,0.17,0.48,26.5,28.0,24.6,25.0,11.9,44,42,43,47,55
2017-01-30 12:00,2219,62,59,0.00,33,671.40,,8.5,5.6,0.17,0.53,26.9,28.3,24.6,25.2,11.9,47,44,43,47,55
2017-01-30 13:00,2219,62,60,0.00,35,631.10,,7.1,3.3,0.22,0.55,27.0,27.7,24.0,25.2,11.5,50,46,43,47,55
2017-01-30 14:00,2219,60,57,0.00,44,509.10,,6.5,3.3,0.24,0.49,27.1,27.4,24.6,25.2,11.9,52,47,44,46,55
2017-01-30 15:00,2219,58,57,0.00,56,353.20,,4.1,2.2,0.26,0.48,26.5,27.5,24.6,24.8,11.9,53,49,44,46,55
2017-01-30 16:00,2219,57,53,0.00,35,149.40,,4.7,1.5,0.17,0.45,27.0,27.8,24.4,24.8,11.5,54,50,45,46,55
2017-01-30 17:00,2219,54,53,0.00,42,6.14,,2.5,1.0,0.15,0.41,27.1,28.5,24.3,24.8,11.9,53,50,46,47,55
2017-01-30 18:00,2219,54,53,0.00,29,0.19,,5.5,2.6,0.12,0.41,26.9,27.8,24.5,24.8,11.5,51,50,46,47,55
2017-01-30 19:00,2219,54,53,0.00,28,0.16,,6.2,3.5,0.13,0.42,26.8,27.9,24.5,24.8,11.9,49,49,46,47,55
2017-01-30 20:00,2219,53,51,0.00,31,0.13,,4.1,2.5,0.13,0.39,26.8,27.6,24.4,25.2,11.5,47,48,46,47,55
2017-01-30 21:00,2219,54,51,0.00,34,0.14,,5.3,3.9,0.13,0.41,26.5,28.0,24.4,24.8,11.7,46,47,47,47,55
2017-01-30 22:00,2219,55,54,0.00,29,0.14,,5.1,3.8,0.12,0.43,26.2,27.8,24.4,24.8,11.5,45,47,47,47,55
2017-01-30 23:00,2219,55,54,0.00,27,0.15,,5.2,3.7,0.12,0.43,26.5,28.2,24.5,24.8,11.9,45,46,46,47,55
2017-01-31 00:00,2219,56,54,0.00,30,0.13,,6.1,4.8,0.13,0.43,26.2,27.5,24.2,24.8,11.5,44,46,46,47,55
2017-01-31 01:00,2219,56,51,0.00,29,0.18,,9.1,6.6,0.14,0.41,26.4,27.7,24.3,24.8,11.7,44,45,46,47,55
2017-01-31 02:00,2219,52,45,0.00,35,0.12,,13.5,10.5,0.14,0.35,26.5,27.8,24.3,24.8,11.7,43,45,46,47,55
2017-01-31 03:00,2219,54,45,0.00,51,0.14,,12.9,10.8,0.13,0.35,25.9,28.3,24.3,24.8,11.7,43,44,46,47,55
2017-01-31 04:00,2219,53,47,0.00,30,0.16,,12.4,10.7,0.12,0.37,25.7,28.3,24.4,24.8,11.9,42,44,45,47,55
2017-01-31 05:00,2219,52,47,0.00,39,0.14,,12.7,8.2,0.12,0.35,26.2,28.1,23.9,24.8,11.7,42,44,45,47,55
2017-01-31 06:00,2219,55,52,0.00,27,1.38,,6.2,4.5,0.10,0.42,26.2,27.6,24.1,25.2,11.9,42,43,45,47,55
2017-01-31 07:00,2219,57,52,0.00,27,79.52,,7.5,5.5,0.11,0.40,26.2,27.1,24.1,25.2,12.1,42,43,45,47,55
2017-01-31 08:00,2219,63,57,0.00,25,298.30,,9.1,6.3,0.13,0.50,26.3,27.7,24.5,24.9,11.7,42,43,45,47,55
2017-01-31 09:00,2219,66,63,0.00,20,484.90,,7.8,4.7,0.11,0.62,26.0,27.8,24.1,24.9,11.5,42,43,45,47,55
2017-01-31 10:00,2219,68,63,0.00,32,625.20,,5.3,1.8,0.17,0.62,26.4,26.8,24.1,24.9,11.7,44,43,44,47,55
2017-01-31 11:00,2219,70,66,0.00,12,706.70,,6.3,2.8,0.10,0.70,26.1,27.9,24.3,24.9,11.7,46,44,44,47,55
2017-01-31 12:00,2219,66,65,0.00,31,713.40,,7.5,4.3,0.19,0.63,26.5,27.7,24.3,24.9,11.7,49,46,45,47,55
2017-01-31 13:00,2219,65,64,0.00,33,656.90,,6.8,3.9,0.20,0.62,26.4,27.5,24.3,25.0,11.7,53,48,45,47,55
2017-01-31 14:00,2219,64,63,0.00,36,535.90,,8.7,4.5,0.21,0.59,26.6,27.7,23.7,25.0,11.7,55,50,45,47,55
2017-01-31 15:00,2219,64,63,0.00,34,364.30,,7.8,4.5,0.16,0.59,26.7,26.9,24.1,25.0,11.7,56,51,46,47,55
2017-01-31 16:00,2219,64,58,0.00,23,138.00,,5.4,1.8,0.20,0.54,26.7,27.4,24.4,25.0,11.7,56,52,47,47,55
2017-01-31 17:00,2219,58,57,0.00,40,4.63,,4.0,1.8,0.18,0.48,26.8,27.7,24.3,25.0,11.7,55,52,47,47,55
2017-01-31 18:00,2219,59,57,0.00,26,0.17,,3.1,1.2,0.11,0.49,26.7,27.8,24.1,25.0,11.7,53,52,48,47,55
2017-01-31 19:00,2219,58,54,0.00,22,0.14,,10.5,5.5,0.11,0.46,26.5,27.4,24.5,25.0,11.7,51,51,48,47,55
2017-01-31 20:00,2219,55,47,0.00,31,0.14,,12.3,9.6,0.16,0.38,26.5,27.9,24.5,25.0,11.7,50,50,48,47,55
2017-01-31 21:00,2219,49,47,0.00,44,0.15,,12.1,10.3,0.17,0.35,26.6,28.1,24.1,25.0,11.7,49,49,48,47,55
2017-01-31 22:00,2219,52,47,0.00,56,0.16,,11.2,9.7,0.17,0.35,26.2,28.3,24.5,25.0,11.7,47,49,48,47,55
2017-01-31 23:00,2219,54,47,0.00,50,0.16,,10.6,8.7,0.15,0.39,26.2,27.4,24.1,25.0,11.7,47,48,48,47,55
