Date,Station Id,Air Temperature Maximum (degF),Air Temperature Minimum (degF),Precipitation Increment (in),Relative Humidity (pct),Solar Radiation Average (watt/m2),Solar Radiation/langley Total (langley),Wind Speed Maximum (mph),Wind Speed Average (mph),Vapor Pressure - Partial (inch_Hg),Vapor Pressure - Saturated (inch_Hg),Soil Moisture Percent -2in (pct),Soil Moisture Percent -4in (pct),Soil Moisture Percent -8in (pct),Soil Moisture Percent -20in (pct),Soil Moisture Percent -40in (pct),Soil Temperature Observed -2in (degF),Soil Temperature Observed -4in (degF),Soil Temperature Observed -8in (degF),Soil Temperature Observed -20in (degF),Soil Temperature Observed -40in (degF)
2017-07-01 00:00,2215,56,54,0.00,47,0.00,,4.7,2.0,0.20,0.44,1.4,0.0,7.3,6.2,4.2,65,70,66,57,55
2017-07-01 01:00,2215,54,53,0.00,46,0.00,,3.9,2.1,0.17,0.42,1.6,0.3,7.3,6.2,4.2,63,68,66,57,55
2017-07-01 02:00,2215,53,50,0.00,38,0.00,,4.1,1.9,0.15,0.40,1.6,0.1,7.3,6.2,4.2,61,66,66,57,55
2017-07-01 03:00,2215,51,50,0.00,40,0.00,,4.1,1.7,0.14,0.37,1.5,0.3,6.8,6.2,4.0,59,65,65,57,55
2017-07-01 04:00,2215,51,49,0.00,40,3.47,,5.5,2.0,0.14,0.37,1.4,0.3,6.8,6.5,4.0,58,64,65,57,55
2017-07-01 05:00,2215,61,49,0.00,41,87.60,,5.2,1.9,0.18,0.40,1.0,0.0,7.1,5.9,4.2,56,62,64,57,55
2017-07-01 06:00,2215,67,61,0.00,45,332.90,,2.9,1.0,0.22,0.60,1.0,0.0,7.1,5.9,4.0,55,61,64,57,55
2017-07-01 07:00,2215,72,67,0.00,22,553.40,,5.0,1.4,0.17,0.74,1.0,0.1,7.1,5.9,4.0,56,60,63,57,55
2017-07-01 08:00,2215,74,72,0.00,21,684.40,,8.4,4.4,0.18,0.80,1.2,0.0,6.6,5.9,4.2,57,60,63,57,55
2017-07-01 09:00,2215,77,74,0.00,21,771.90,,8.9,3.5,0.18,0.89,1.0,0.0,7.3,5.6,3.4,59,60,63,57,55
2017-07-01 10:00,2215,82,75,0.00,20,940.00,,14.0,4.1,0.15,0.94,1.7,0.0,6.9,5.9,3.8,64,63,62,57,55
2017-07-01 11:00,2215,83,81,0.00,16,1003.00,,18.2,5.5,0.14,1.08,1.7,0.0,6.9,5.9,3.8,70,66,62,57,55
2017-07-01 12:00,2215,84,82,0.00,11,1033.00,,12.3,5.3,0.11,1.14,1.9,0.1,6.9,5.9,3.5,78,70,62,57,55
2017-07-01 13:00,2215,83,82,0.00,8,982.00,,15.3,6.5,0.09,1.13,1.7,0.3,7.1,5.9,4.6,86,75,62,57,55
2017-07-01 14:00,2215,82,82,0.00,13,861.00,,15.2,8.8,0.15,1.10,2.5,0.4,6.9,6.1,3.7,92,79,62,57,55
2017-07-01 15:00,2215,82,80,0.00,16,697.50,,13.7,8.6,0.21,1.08,2.7,0.6,6.9,6.1,3.7,96,82,63,57,55
2017-07-01 16:00,2215,81,78,0.00,24,503.60,,14.9,8.0,0.27,1.02,2.6,0.8,6.9,5.9,5.4,97,83,64,57,55
2017-07-01 17:00,2215,78,76,0.00,27,305.10,,11.8,6.7,0.25,0.93,2.4,1.1,7.3,6.3,4.1,96,85,64,57,55
2017-07-01 18:00,2215,76,71,0.00,26,118.40,,8.9,3.5,0.22,0.86,2.5,0.9,7.1,5.9,3.7,91,84,65,57,55
2017-07-01 19:00,2215,71,58,0.00,29,8.77,,4.8,1.4,0.22,0.67,1.8,0.5,6.9,5.9,3.3,85,82,66,57,55
2017-07-01 20:00,2215,61,58,0.00,48,0.00,,7.3,3.5,0.23,0.51,1.9,0.6,7.3,5.9,3.7,80,80,67,57,55
2017-07-01 21:00,2215,60,56,0.00,42,0.00,,4.8,2.8,0.22,0.49,1.9,0.4,7.3,5.9,3.7,75,77,67,57,55
2017-07-01 22:00,2215,59,56,0.00,48,0.00,,5.0,2.1,0.22,0.47,1.5,0.4,7.3,5.9,3.7,71,75,67,57,55
2017-07-01 23:00,2215,59,55,0.00,46,0.00,,5.1,2.2,0.23,0.47,1.4,0.3,7.1,6.3,3.7,69,72,67,57,55
2017-07-02 00:00,2215,57,54,0.00,52,0.00,,5.1,3.4,0.24,0.45,1.7,0.1,7.1,5.9,3.7,65,70,67,57,55
2017-07-02 01:00,2215,55,54,0.00,56,0.00,,4.9,3.1,0.24,0.43,1.1,0.4,7.3,6.1,3.5,64,69,67,57,55
2017-07-02 02:00,2215,54,47,0.00,55,0.00,,5.6,3.1,0.23,0.37,1.5,0.0,7.3,6.1,4.0,62,67,66,57,55
2017-07-02 03:00,2215,50,47,0.00,66,0.00,,5.4,3.1,0.23,0.34,1.5,0.0,6.9,5.9,3.2,60,65,66,57,55
2017-07-02 04:00,2215,49,47,0.00,72,3.73,,5.1,3.1,0.24,0.34,1.4,0.0,6.8,6.1,3.8,58,64,65,57,55
2017-07-02 05:00,2215,59,48,0.00,71,81.60,,4.7,2.2,0.25,0.38,1.4,0.0,7.1,6.1,3.8,57,63,65,57,55
2017-07-02 06:00,2215,66,59,0.00,58,315.00,,1.4,0.1,0.26,0.58,1.4,0.0,7.1,5.9,5.0,56,62,64,57,55
2017-07-02 07:00,2215,71,66,0.00,38,522.20,,6.1,2.2,0.27,0.71,1.4,0.0,7.1,6.1,5.0,56,61,64,57,55
2017-07-02 08:00,2215,73,71,0.00,32,712.20,,8.8,4.0,0.26,0.79,1.9,0.0,6.6,6.1,4.3,58,61,64,57,55
2017-07-02 09:00,2215,78,72,0.00,32,871.00,,10.2,4.1,0.26,0.90,1.6,0.0,6.6,6.1,4.0,60,61,63,57,55
2017-07-02 10:00,2215,81,76,0.00,27,958.00,,10.2,3.6,0.20,0.96,1.4,0.0,6.9,6.1,3.7,65,63,63,57,55
2017-07-02 11:00,2215,82,80,0.00,18,1000.00,,10.6,3.7,0.18,1.06,2.0,0.2,6.9,5.4,4.1,71,67,62,57,55
2017-07-02 12:00,2215,84,82,0.00,16,981.00,,9.7,3.9,0.19,1.14,1.9,0.4,7.1,6.1,3.7,80,71,62,57,55
2017-07-02 13:00,2215,84,82,0.00,15,960.00,,10.9,4.4,0.17,1.14,2.5,0.5,6.7,5.4,3.7,87,76,62,57,55
2017-07-02 14:00,2215,85,83,0.00,15,863.00,,20.6,6.5,0.17,1.19,2.9,0.5,6.7,5.4,4.1,93,80,63,57,55
2017-07-02 15:00,2215,85,83,0.00,12,721.40,,15.5,7.6,0.18,1.18,2.7,0.6,7.1,5.4,4.6,96,82,64,57,55
2017-07-02 16:00,2215,83,81,0.00,21,546.70,,13.8,7.5,0.25,1.13,2.6,0.6,6.6,5.6,3.5,98,85,64,57,55
2017-07-02 17:00,2215,81,77,0.00,25,282.20,,11.8,6.2,0.27,1.04,2.2,0.9,7.5,5.7,4.0,98,86,65,57,55
2017-07-02 18:00,2215,77,72,0.00,30,96.90,,9.6,4.5,0.29,0.89,2.5,0.8,7.1,5.9,4.0,92,85,66,57,55
2017-07-02 19:00,2215,72,66,0.00,36,5.86,,8.8,3.0,0.29,0.74,2.2,0.8,7.1,5.9,3.3,87,83,67,57,55
2017-07-02 20:00,2215,66,59,0.00,47,0.00,,4.6,1.6,0.28,0.56,1.9,0.4,6.9,5.9,4.1,82,81,67,57,55
2017-07-02 21:00,2215,59,58,0.00,56,0.00,,4.9,2.3,0.27,0.49,1.7,0.1,7.1,5.5,4.7,77,79,68,57,55
2017-07-02 22:00,2215,58,56,0.00,56,0.00,,5.9,3.1,0.27,0.47,1.5,0.3,7.1,5.5,3.3,73,76,68,57,55
2017-07-02 23:00,2215,57,55,0.00,60,0.00,,6.2,3.7,0.28,0.45,1.5,0.2,7.1,5.7,4.3,70,74,68,57,55
2017-07-03 00:00,2215,57,54,0.00,59,0.00,,4.9,2.5,0.28,0.44,1.7,0.0,7.1,6.1,4.7,67,72,68,57,55
2017-07-03 01:00,2215,54,53,0.00,68,0.00,,3.9,1.4,0.28,0.41,1.1,0.0,7.1,5.5,3.8,65,70,67,57,55
2017-07-03 02:00,2215,54,53,0.00,67,0.00,,4.7,2.2,0.28,0.41,1.5,0.4,7.3,5.5,3.8,63,69,67,57,55
2017-07-03 03:00,2215,54,53,0.00,67,0.00,,4.7,2.1,0.27,0.41,1.5,0.0,6.9,5.9,3.7,62,67,67,57,55
2017-07-03 04:00,2215,55,53,0.00,66,3.61,,5.0,2.7,0.27,0.42,1.5,0.1,7.3,5.9,3.7,60,65,66,57,55
2017-07-03 05:00,2215,63,51,0.00,62,82.80,,4.4,2.0,0.28,0.44,1.5,0.1,6.8,5.5,3.7,59,64,66,57,55
2017-07-03 06:00,2215,67,63,0.00,53,320.60,,2.8,1.0,0.30,0.61,1.4,0.0,7.1,5.5,3.7,58,63,65,57,55
2017-07-03 07:00,2215,73,67,0.00,42,524.60,,5.8,1.7,0.30,0.75,1.4,0.1,7.1,5.7,3.7,58,62,65,58,55
2017-07-03 08:00,2215,76,73,0.00,37,708.30,,6.8,3.1,0.29,0.83,1.2,0.1,7.3,5.5,3.8,60,62,64,58,55
2017-07-03 09:00,2215,81,76,0.00,32,865.00,,9.6,3.3,0.25,0.98,1.0,0.0,6.6,5.7,4.1,61,63,64,58,55
2017-07-03 10:00,2215,81,79,0.00,21,970.00,,9.7,3.4,0.20,1.05,1.4,0.0,6.6,5.7,3.5,66,64,64,58,55
2017-07-03 11:00,2215,86,81,0.00,17,1017.00,,16.8,4.7,0.20,1.15,2.0,0.4,6.9,5.7,4.7,73,69,63,58,55
2017-07-03 12:00,2215,85,84,0.00,17,993.00,,10.2,3.6,0.21,1.20,1.9,0.0,7.1,5.7,4.0,82,73,63,58,55
2017-07-03 13:00,2215,85,83,0.00,18,1004.00,,11.6,3.9,0.20,1.19,2.6,0.1,7.1,5.7,3.4,89,77,63,58,55
2017-07-03 14:00,2215,85,83,0.00,16,879.00,,11.8,4.6,0.22,1.19,2.7,0.8,7.2,5.7,3.4,95,81,64,58,55
2017-07-03 15:00,2215,85,82,0.00,18,525.80,,13.5,6.4,0.24,1.16,2.7,0.8,7.2,5.7,3.8,99,85,64,58,55
2017-07-03 16:00,2215,83,81,0.00,22,511.90,,13.2,7.3,0.26,1.12,2.6,0.2,6.9,6.0,4.5,99,86,65,58,55
2017-07-03 17:00,2215,81,77,0.00,27,295.80,,10.6,6.1,0.29,1.02,2.5,0.8,6.5,6.3,4.0,98,87,66,58,55
2017-07-03 18:00,2215,77,72,0.00,30,105.20,,9.6,4.0,0.29,0.89,1.8,0.5,7.1,5.7,3.8,92,86,67,58,55
2017-07-03 19:00,2215,72,64,0.00,36,5.44,,5.2,1.8,0.29,0.72,2.4,0.8,6.9,6.3,3.8,87,84,68,58,55
2017-07-03 20:00,2215,64,60,0.00,46,0.00,,6.2,2.2,0.28,0.55,1.7,0.1,7.3,6.3,3.8,82,82,69,58,55
2017-07-03 21:00,2215,60,58,0.00,53,0.00,,5.0,2.1,0.27,0.50,1.9,0.1,7.1,6.3,3.8,77,79,69,58,55
2017-07-03 22:00,2215,60,58,0.00,52,0.00,,5.3,1.2,0.27,0.49,1.5,0.2,7.1,6.3,4.7,73,77,69,58,55
2017-07-03 23:00,2215,58,56,0.00,55,0.00,,3.9,1.3,0.28,0.48,1.2,0.4,7.1,5.7,5.2,70,74,69,58,55
2017-07-04 00:00,2215,56,54,0.00,62,0.00,,5.3,2.5,0.27,0.44,1.8,0.0,7.1,5.7,3.4,68,72,69,58,55
2017-07-04 01:00,2215,56,55,0.00,60,0.00,,3.8,1.5,0.27,0.44,1.5,0.0,7.1,6.3,4.3,65,71,68,58,55
2017-07-04 02:00,2215,56,52,0.00,62,0.00,,5.9,2.2,0.27,0.43,1.5,0.2,7.1,5.7,3.7,64,69,68,58,55
2017-07-04 03:00,2215,53,51,0.00,66,0.00,,5.9,2.8,0.26,0.39,1.5,0.4,7.3,5.7,3.3,62,67,67,58,55
2017-07-04 04:00,2215,53,50,0.00,63,3.61,,5.2,2.6,0.26,0.38,1.7,0.0,7.3,6.3,4.7,60,66,67,58,55
2017-07-04 05:00,2215,60,51,0.00,68,80.90,,3.4,1.6,0.27,0.40,1.7,0.0,6.9,5.7,3.7,59,65,66,58,56
2017-07-04 06:00,2215,72,60,0.00,58,315.90,,3.2,0.7,0.30,0.64,0.9,0.0,6.9,5.7,3.7,58,64,66,58,56
2017-07-04 07:00,2215,73,71,0.00,38,516.30,,5.4,2.2,0.29,0.77,0.9,0.0,7.1,5.7,3.7,58,63,65,58,55
2017-07-04 08:00,2215,76,73,0.00,36,701.10,,10.0,3.6,0.30,0.84,1.5,0.0,7.3,5.7,3.7,60,63,65,58,56
2017-07-04 09:00,2215,79,76,0.00,33,851.00,,10.3,4.7,0.30,0.93,1.6,0.0,6.6,5.7,4.0,62,63,64,58,56
2017-07-04 10:00,2215,80,78,0.00,30,966.00,,11.4,4.8,0.27,0.99,1.4,0.1,6.9,5.7,3.4,67,65,64,58,56
2017-07-04 11:00,2215,84,79,0.00,30,1011.00,,17.9,7.9,0.24,1.08,1.4,0.0,6.9,5.7,4.3,73,69,64,58,56
2017-07-04 12:00,2215,83,81,0.00,17,995.00,,17.7,9.3,0.16,1.10,2.2,0.6,7.1,5.8,3.8,82,73,64,58,56
2017-07-04 13:00,2215,85,83,0.00,12,978.00,,17.1,10.2,0.13,1.16,2.4,0.1,6.9,5.8,4.7,88,78,64,58,56
2017-07-04 14:00,2215,85,83,0.00,12,867.00,,17.3,10.9,0.16,1.17,2.6,0.8,6.7,5.8,3.8,93,81,64,58,56
2017-07-04 15:00,2215,83,81,0.00,15,702.50,,16.4,9.4,0.18,1.12,2.6,0.8,6.9,5.8,3.8,96,84,65,58,56
2017-07-04 16:00,2215,84,78,0.00,18,515.00,,16.9,10.0,0.21,1.11,2.2,0.5,6.7,5.4,4.3,98,86,65,58,56
2017-07-04 17:00,2215,78,74,0.00,23,309.30,,16.0,10.2,0.23,0.93,2.5,0.5,6.5,5.4,4.3,97,86,66,58,56
2017-07-04 18:00,2215,74,70,0.00,30,122.60,,14.3,8.0,0.25,0.81,2.4,0.6,7.1,5.4,4.3,92,86,67,58,56
2017-07-04 19:00,2215,70,65,0.00,28,7.01,,12.8,4.3,0.19,0.69,1.9,0.4,6.9,5.4,4.6,86,83,68,58,56
2017-07-04 20:00,2215,65,57,0.00,30,0.00,,3.9,1.9,0.17,0.53,1.9,0.3,7.3,5.4,3.8,81,81,69,58,56
2017-07-04 21:00,2215,61,56,0.00,25,0.00,,4.6,2.2,0.14,0.47,1.5,0.2,7.1,5.7,3.8,76,79,69,58,56
2017-07-04 22:00,2215,56,52,0.00,28,0.00,,6.3,2.1,0.12,0.44,1.4,0.0,7.1,5.7,3.8,71,76,69,58,56
2017-07-04 23:00,2215,53,50,0.00,31,0.00,,5.5,2.1,0.12,0.40,1.8,0.0,7.1,5.7,4.7,68,73,69,58,56
2017-07-05 00:00,2215,52,50,0.00,34,0.00,,4.7,2.2,0.12,0.37,1.2,0.4,7.1,5.7,3.8,65,71,69,58,56
2017-07-05 01:00,2215,52,50,0.00,30,0.00,,4.1,2.0,0.11,0.38,1.2,0.0,7.1,5.7,4.3,62,69,68,58,56
2017-07-05 02:00,2215,51,49,0.00,30,0.00,,5.2,2.0,0.12,0.36,1.5,0.0,7.3,5.4,4.0,60,67,68,58,56
2017-07-05 03:00,2215,51,49,0.00,35,0.00,,5.8,3.1,0.12,0.35,1.5,0.0,6.9,5.7,4.0,58,65,67,58,56
2017-07-05 04:00,2215,50,48,0.00,38,3.65,,5.9,3.5,0.14,0.35,0.7,0.1,6.9,5.7,4.0,57,64,67,58,56
2017-07-05 05:00,2215,60,50,0.00,41,88.10,,4.5,2.4,0.16,0.40,1.2,0.1,7.1,5.7,4.0,56,63,66,58,56
2017-07-05 06:00,2215,72,60,0.00,39,322.40,,3.7,0.9,0.17,0.64,1.2,0.0,7.1,5.7,3.7,55,61,65,58,56
2017-07-05 07:00,2215,74,72,0.00,21,530.70,,5.3,1.1,0.16,0.81,1.2,0.0,7.3,5.7,4.0,56,61,65,58,56
2017-07-05 08:00,2215,79,74,0.00,20,710.50,,8.9,3.0,0.17,0.87,0.9,0.0,6.9,5.7,4.5,57,60,64,58,56
2017-07-05 09:00,2215,80,77,0.00,20,869.00,,10.9,5.2,0.22,0.99,1.7,0.0,6.6,5.7,3.4,59,61,64,58,56
2017-07-05 10:00,2215,81,76,0.00,21,863.00,,12.2,5.9,0.21,1.00,1.6,0.0,7.1,5.9,3.8,65,63,64,58,56
2017-07-05 11:00,2215,81,76,0.00,23,885.00,,16.2,7.7,0.21,0.97,1.8,0.0,7.1,5.7,3.8,71,67,63,58,56
2017-07-05 12:00,2215,80,72,0.00,22,516.90,,17.1,8.1,0.24,0.95,1.8,0.0,6.7,5.7,3.8,78,71,63,58,56
2017-07-05 13:00,2215,76,72,0.00,31,221.10,,14.2,4.2,0.25,0.84,2.4,0.3,6.7,5.9,3.8,82,75,63,58,56
2017-07-05 14:00,2215,78,66,0.00,23,269.10,,16.4,8.3,0.22,0.86,2.0,0.3,6.7,5.9,4.3,82,76,64,58,56
2017-07-05 15:00,2215,68,66,0.00,40,126.80,,15.4,7.9,0.26,0.67,2.3,0.3,7.2,5.5,4.7,81,77,64,58,56
2017-07-05 16:00,2215,69,67,0.00,43,188.70,,12.8,4.9,0.29,0.69,2.0,0.7,6.9,5.5,3.8,78,76,64,58,56
2017-07-05 17:00,2215,74,69,0.00,42,346.60,,9.7,3.9,0.30,0.79,1.4,0.2,6.9,5.5,4.1,76,75,65,58,56
2017-07-05 18:00,2215,74,70,0.00,30,109.90,,10.3,3.9,0.25,0.81,1.8,0.4,7.3,5.7,3.8,75,75,65,58,56
2017-07-05 19:00,2215,70,59,0.00,32,5.88,,4.5,1.9,0.27,0.59,1.7,0.1,7.5,5.7,4.3,73,74,65,58,56
2017-07-05 20:00,2215,59,55,0.00,59,0.00,,6.1,1.8,0.28,0.47,1.9,0.0,7.4,5.7,4.3,70,72,65,58,56
2017-07-05 21:00,2215,57,56,0.00,59,0.00,,4.6,1.6,0.27,0.45,1.4,0.0,7.4,5.7,4.7,66,70,65,58,56
2017-07-05 22:00,2215,56,55,0.00,58,0.00,,4.7,1.8,0.26,0.45,1.6,0.0,6.9,5.9,3.8,64,69,65,58,56
2017-07-05 23:00,2215,58,55,0.00,58,0.00,,8.1,4.0,0.26,0.46,1.6,0.0,7.3,5.7,3.4,61,67,65,58,56
2017-07-06 00:00,2215,59,55,0.00,53,0.00,,6.3,3.6,0.25,0.48,1.6,0.0,7.5,5.7,4.0,60,65,65,58,56
2017-07-06 01:00,2215,56,55,0.00,57,0.00,,4.6,2.0,0.25,0.44,1.5,0.0,7.5,5.7,4.3,59,64,65,58,56
2017-07-06 02:00,2215,56,50,0.00,55,0.00,,6.0,3.3,0.24,0.42,1.4,0.0,6.9,5.7,3.7,58,63,64,58,56
2017-07-06 03:00,2215,53,50,0.00,67,0.00,,5.2,2.4,0.25,0.39,1.0,0.0,6.9,5.7,3.7,57,62,64,58,56
2017-07-06 04:00,2215,53,51,0.00,63,2.57,,5.9,2.6,0.26,0.38,1.0,0.0,6.9,5.7,3.7,56,61,64,58,56
2017-07-06 05:00,2215,57,50,0.00,69,68.41,,5.3,2.5,0.27,0.38,1.0,0.0,7.1,5.7,3.7,55,60,63,58,56
2017-07-06 06:00,2215,63,57,0.00,68,196.60,,2.1,0.4,0.30,0.54,1.0,0.0,7.1,5.7,4.7,54,59,63,58,56
2017-07-06 07:00,2215,66,63,0.00,53,215.10,,2.4,0.4,0.29,0.60,1.0,0.0,6.7,5.7,4.9,55,59,63,58,56
2017-07-06 08:00,2215,73,66,0.00,44,624.80,,5.9,1.6,0.27,0.74,1.0,0.0,6.9,5.7,3.7,58,59,62,58,56
2017-07-06 09:00,2215,76,73,0.00,30,862.00,,11.4,4.9,0.28,0.87,1.4,0.0,6.9,5.7,4.0,60,60,62,58,56
2017-07-06 10:00,2215,78,74,0.00,33,828.00,,10.3,5.7,0.28,0.92,1.7,0.0,6.9,5.7,4.3,65,62,61,58,56
2017-07-06 11:00,2215,74,67,0.01,30,332.60,,13.8,4.0,0.32,0.77,2.0,0.0,6.9,5.7,3.4,71,66,61,58,56
2017-07-06 12:00,2215,78,73,0.00,47,775.60,,5.9,2.0,0.30,0.89,2.4,0.4,6.9,5.7,3.4,73,70,61,58,56
2017-07-06 13:00,2215,81,74,0.00,23,724.80,,14.5,4.1,0.22,1.00,1.8,0.4,6.9,5.7,3.8,76,71,62,58,56
2017-07-06 14:00,2215,74,73,0.00,31,328.70,,11.5,4.2,0.28,0.84,2.5,0.0,6.9,5.3,3.8,82,73,62,58,56
2017-07-06 15:00,2215,77,73,0.00,35,433.50,,8.4,2.9,0.27,0.85,2.5,0.5,6.9,5.3,3.8,82,76,62,58,56
2017-07-06 16:00,2215,79,77,0.00,25,496.00,,9.8,2.8,0.24,0.97,1.7,0.5,6.7,5.3,3.8,82,76,63,58,56
2017-07-06 17:00,2215,79,76,0.00,25,317.10,,9.2,3.9,0.25,0.96,2.5,0.1,6.7,5.3,4.3,83,76,63,58,56
2017-07-06 18:00,2215,76,72,0.00,29,107.10,,9.8,2.8,0.25,0.83,1.9,0.5,7.2,5.3,3.0,81,76,64,58,56
2017-07-06 19:00,2215,72,64,0.00,32,7.34,,8.0,2.6,0.25,0.68,2.4,0.5,7.2,5.3,4.3,78,76,64,58,56
2017-07-06 20:00,2215,65,61,0.00,43,0.00,,5.8,2.0,0.25,0.59,2.4,0.3,6.9,5.3,3.8,74,74,65,58,56
2017-07-06 21:00,2215,61,57,0.00,45,0.00,,5.2,2.1,0.25,0.52,2.0,0.1,6.9,5.3,4.3,70,72,65,58,56
2017-07-06 22:00,2215,58,56,0.00,53,0.00,,4.6,1.9,0.25,0.48,2.2,0.4,7.5,5.3,4.1,67,70,65,58,56
2017-07-06 23:00,2215,58,56,0.00,55,0.00,,6.2,2.1,0.25,0.46,1.7,0.1,6.9,5.3,3.8,64,69,65,58,56
2017-07-07 00:00,2215,56,55,0.00,55,0.00,,4.7,2.0,0.25,0.45,1.7,0.0,7.5,5.3,3.4,62,67,65,58,56
2017-07-07 01:00,2215,57,53,0.00,59,0.00,,4.4,1.5,0.25,0.44,1.4,0.1,6.9,5.7,3.4,60,65,65,58,56
2017-07-07 02:00,2215,54,53,0.00,60,0.00,,4.2,1.6,0.25,0.41,1.4,0.1,6.6,5.3,3.4,59,64,64,58,56
2017-07-07 03:00,2215,55,53,0.00,62,0.00,,4.4,1.8,0.26,0.43,1.4,0.0,6.6,5.7,3.4,58,63,64,58,56
2017-07-07 04:00,2215,55,51,0.00,58,3.07,,3.8,1.4,0.26,0.40,1.7,0.0,6.9,5.7,5.2,57,62,64,58,56
2017-07-07 05:00,2215,59,53,0.00,65,76.75,,3.6,1.3,0.28,0.43,1.7,0.0,6.6,5.3,3.7,56,60,64,58,56
2017-07-07 06:00,2215,68,59,0.00,61,294.40,,2.1,0.4,0.32,0.60,1.7,0.0,7.1,5.3,3.7,55,60,63,58,56
2017-07-07 07:00,2215,73,68,0.00,43,513.10,,5.5,1.2,0.31,0.76,1.7,0.0,6.7,5.5,3.7,55,59,63,58,56
2017-07-07 08:00,2215,77,73,0.00,37,696.80,,7.8,3.4,0.31,0.85,1.4,0.0,7.1,5.3,4.5,57,59,62,58,56
2017-07-07 09:00,2215,80,77,0.00,35,845.00,,9.2,4.5,0.32,0.97,1.7,0.0,6.9,5.3,4.0,59,60,62,58,56
2017-07-07 10:00,2215,82,78,0.00,28,953.00,,10.2,4.3,0.28,1.02,1.6,0.1,6.9,5.8,3.8,64,62,62,58,56
2017-07-07 11:00,2215,85,81,0.00,24,888.00,,11.3,3.7,0.26,1.15,2.4,0.0,6.9,5.5,4.3,71,66,61,58,56
2017-07-07 12:00,2215,81,80,0.00,22,536.00,,10.4,4.4,0.24,1.05,2.4,0.0,6.9,5.0,3.0,80,71,61,58,56
2017-07-07 13:00,2215,85,81,0.00,23,918.00,,17.0,6.5,0.23,1.17,1.9,0.1,6.9,5.8,3.8,84,75,62,58,56
2017-07-07 14:00,2215,85,82,0.00,19,676.20,,14.5,6.8,0.21,1.19,2.2,0.1,6.9,5.4,4.3,87,77,62,58,56
2017-07-07 15:00,2215,85,84,0.00,18,766.70,,16.5,9.1,0.22,1.19,2.7,0.3,6.9,5.8,4.1,91,80,63,58,56
2017-07-07 16:00,2215,84,83,0.00,18,618.80,,16.5,8.9,0.23,1.16,2.7,0.8,7.1,5.4,3.5,93,82,64,58,56
2017-07-07 17:00,2215,83,76,0.00,22,349.30,,16.3,6.2,0.24,1.07,2.3,0.5,7.2,5.4,3.5,94,83,64,58,56
2017-07-07 18:00,2215,76,72,0.00,26,65.38,,16.7,4.8,0.23,0.88,2.2,0.8,6.9,5.4,4.6,91,83,65,58,56
2017-07-07 19:00,2215,72,64,0.00,32,4.89,,17.5,8.8,0.30,0.68,2.2,0.6,6.9,5.4,4.6,87,82,66,58,56
2017-07-07 20:00,2215,68,66,0.00,47,0.00,,12.8,7.2,0.26,0.67,2.0,0.1,6.7,5.6,3.5,82,80,66,58,56
2017-07-07 21:00,2215,67,65,0.00,37,0.00,,12.6,6.9,0.22,0.64,2.0,0.8,7.1,5.4,3.5,77,78,67,58,56
2017-07-07 22:00,2215,65,58,0.00,35,0.00,,5.9,2.4,0.22,0.56,1.8,0.7,7.1,5.6,3.3,73,76,67,58,56
2017-07-07 23:00,2215,64,58,0.00,45,0.00,,9.5,4.4,0.23,0.57,1.5,0.4,6.9,5.4,4.0,70,73,67,58,56
2017-07-08 00:00,2215,61,55,0.00,44,0.00,,4.8,2.1,0.24,0.46,1.5,0.1,6.9,5.6,3.8,67,71,67,58,56
2017-07-08 01:00,2215,55,54,0.00,55,0.00,,5.5,2.0,0.24,0.42,1.0,0.0,6.9,5.6,3.0,65,70,67,58,56
2017-07-08 02:00,2215,55,53,0.00,55,0.00,,3.7,1.6,0.24,0.42,1.4,0.2,7.1,5.6,3.8,63,68,67,58,56
2017-07-08 03:00,2215,55,53,0.00,58,0.00,,5.1,2.4,0.23,0.41,1.6,0.0,7.1,5.4,3.8,61,66,66,58,56
2017-07-08 04:00,2215,55,51,0.00,54,3.02,,5.4,2.6,0.23,0.43,1.6,0.0,7.1,5.4,4.0,60,65,66,58,56
2017-07-08 05:00,2215,59,51,0.00,63,77.61,,4.5,1.8,0.25,0.40,1.2,0.0,7.1,5.4,4.5,58,64,65,58,56
2017-07-08 06:00,2215,74,59,0.00,57,304.80,,2.4,0.4,0.28,0.61,1.2,0.0,6.7,5.6,3.4,57,63,65,58,56
2017-07-08 07:00,2215,74,72,0.00,35,505.10,,4.6,2.1,0.30,0.82,1.2,0.0,7.3,5.6,3.4,58,62,64,58,56
2017-07-08 08:00,2215,79,74,0.00,34,695.10,,9.5,3.5,0.30,0.91,1.0,0.0,6.9,5.4,3.8,59,61,64,58,56
2017-07-08 09:00,2215,82,79,0.00,25,823.00,,11.4,4.4,0.25,1.06,1.4,0.0,7.1,5.4,3.8,61,62,64,58,56
2017-07-08 10:00,2215,85,82,0.00,21,967.00,,11.3,4.2,0.23,1.15,1.7,0.0,7.1,5.4,3.8,66,64,63,58,56
2017-07-08 11:00,2215,85,82,0.00,18,718.80,,13.9,4.6,0.21,1.16,2.0,0.0,6.7,5.4,3.8,73,69,63,58,56
2017-07-08 12:00,2215,87,82,0.00,16,903.00,,18.8,7.7,0.16,1.19,2.2,0.2,6.9,5.6,4.1,80,73,63,58,56
2017-07-08 13:00,2215,87,85,0.00,10,973.00,,17.6,5.9,0.13,1.24,2.5,0.5,7.1,5.6,4.3,85,76,63,58,56
2017-07-08 14:00,2215,87,85,0.00,12,851.00,,16.9,6.9,0.15,1.24,2.2,0.4,6.7,5.6,3.5,91,79,64,58,56
2017-07-08 15:00,2215,86,84,0.00,12,694.90,,16.1,8.0,0.16,1.22,2.7,0.3,7.2,4.9,3.0,96,82,64,58,56
2017-07-08 16:00,2215,84,84,0.00,14,504.70,,16.5,7.9,0.17,1.17,2.7,0.5,7.2,5.6,4.3,98,85,65,58,56
2017-07-08 17:00,2215,84,81,0.00,14,298.70,,14.8,7.8,0.18,1.11,2.2,0.5,6.9,4.9,3.5,96,86,65,58,56
2017-07-08 18:00,2215,81,76,0.00,17,111.10,,13.9,7.8,0.18,0.98,2.2,0.8,6.7,4.9,3.5,91,85,66,58,56
2017-07-08 19:00,2215,76,71,0.00,21,4.12,,7.6,3.0,0.20,0.83,2.2,0.4,7.1,4.9,3.5,86,83,67,58,56
2017-07-08 20:00,2215,71,61,0.00,28,0.00,,5.2,2.9,0.22,0.71,1.9,0.1,6.9,4.9,3.5,81,80,68,58,56
2017-07-08 21:00,2215,62,61,0.00,36,0.00,,5.5,2.6,0.19,0.55,1.9,0.2,7.3,5.6,3.5,76,78,68,58,56
2017-07-08 22:00,2215,61,59,0.00,33,0.00,,5.7,3.6,0.17,0.53,2.2,0.0,7.3,5.2,3.3,72,76,69,58,56
2017-07-08 23:00,2215,62,59,0.00,33,0.00,,5.5,2.2,0.17,0.54,1.7,0.0,6.9,5.2,4.8,70,73,69,58,56
2017-07-09 00:00,2215,63,59,0.00,31,0.00,,6.9,3.4,0.17,0.53,1.7,0.4,7.3,5.2,3.5,67,71,68,58,56
2017-07-09 01:00,2215,63,59,0.00,28,0.00,,6.7,2.9,0.17,0.54,1.5,0.4,6.9,5.2,3.3,65,70,68,58,56
2017-07-09 02:00,2215,62,56,0.00,31,0.00,,5.3,2.2,0.19,0.48,1.5,0.0,6.9,5.2,4.1,64,69,67,58,56
2017-07-09 03:00,2215,59,57,0.00,46,0.00,,4.2,2.1,0.21,0.48,1.5,0.0,6.9,5.2,4.1,63,67,67,58,56
2017-07-09 04:00,2215,57,53,0.00,46,2.85,,5.8,2.6,0.20,0.44,1.5,0.0,7.1,4.9,4.3,62,66,67,58,56
2017-07-09 05:00,2215,60,55,0.00,44,72.68,,4.0,1.9,0.21,0.46,1.5,0.0,7.1,5.2,4.3,61,65,66,58,56
2017-07-09 06:00,2215,69,60,0.00,47,216.60,,3.0,0.9,0.29,0.58,1.7,0.1,7.4,5.2,3.8,59,64,66,58,56
2017-07-09 07:00,2215,74,69,0.00,42,461.70,,5.5,1.6,0.25,0.79,1.5,0.0,7.3,5.2,4.1,60,63,65,58,56
2017-07-09 08:00,2215,76,74,0.00,27,659.10,,7.0,2.5,0.22,0.88,1.5,0.1,6.9,5.2,5.0,61,63,65,58,56
2017-07-09 09:00,2215,81,76,0.00,22,809.00,,10.1,4.5,0.21,1.01,1.6,0.1,6.9,4.9,4.3,62,64,64,59,56
2017-07-09 10:00,2215,84,81,0.00,19,931.00,,14.0,7.2,0.20,1.12,1.4,0.0,7.2,5.2,3.3,67,65,64,59,56
2017-07-09 11:00,2215,86,82,0.00,17,1012.00,,18.1,10.3,0.20,1.18,1.4,0.0,7.2,5.2,4.6,73,69,64,59,56
2017-07-09 12:00,2215,86,82,0.00,17,1005.00,,18.2,10.4,0.20,1.17,2.2,0.0,7.2,5.2,3.5,82,73,64,59,56
2017-07-09 13:00,2215,83,83,0.00,18,966.00,,21.2,11.7,0.22,1.14,2.4,0.1,6.7,5.5,3.5,89,78,64,59,57
2017-07-09 14:00,2215,83,80,0.00,19,763.30,,17.9,12.0,0.21,1.09,2.2,0.0,7.2,5.5,4.1,94,82,64,59,56
2017-07-09 15:00,2215,82,80,0.00,18,709.30,,19.4,11.6,0.19,1.07,2.2,0.3,6.9,5.5,3.9,95,84,65,59,56
2017-07-09 16:00,2215,80,79,0.00,18,495.20,,16.9,10.8,0.20,1.02,2.2,0.1,6.9,5.5,3.3,97,86,66,59,56
2017-07-09 17:00,2215,79,75,0.00,21,227.50,,16.0,9.2,0.21,0.94,2.2,0.1,7.4,5.5,3.3,96,86,66,59,57
2017-07-09 18:00,2215,76,73,0.00,23,110.40,,15.4,7.4,0.20,0.88,2.2,0.0,7.4,5.5,3.5,91,86,67,59,57
2017-07-09 19:00,2215,73,70,0.00,24,6.64,,10.1,4.3,0.19,0.78,1.9,0.0,7.1,5.5,3.0,86,83,68,59,56
2017-07-09 20:00,2215,70,61,0.00,26,0.00,,4.1,2.1,0.19,0.68,1.9,0.1,6.9,5.5,3.5,82,82,69,59,57
2017-07-09 21:00,2215,62,61,0.00,37,0.00,,5.2,2.2,0.20,0.55,1.8,0.0,7.3,5.6,3.5,78,79,69,59,57
2017-07-09 22:00,2215,65,59,0.00,36,0.00,,5.2,2.7,0.19,0.59,1.2,0.0,7.4,5.5,3.5,74,77,69,59,57
2017-07-09 23:00,2215,59,57,0.00,38,0.00,,5.0,1.7,0.20,0.49,1.4,0.0,6.7,5.0,4.6,71,75,69,59,56
2017-07-10 00:00,2215,58,54,0.00,41,0.00,,5.4,2.1,0.20,0.46,1.8,0.0,7.1,5.6,4.3,69,73,69,59,56
2017-07-10 01:00,2215,54,53,0.00,47,0.00,,4.7,2.4,0.21,0.42,1.2,0.0,6.9,5.0,4.1,66,71,69,59,57
2017-07-10 02:00,2215,53,51,0.00,50,0.00,,5.6,3.1,0.20,0.40,1.2,0.0,7.3,5.5,4.8,64,69,68,59,57
2017-07-10 03:00,2215,54,51,0.00,51,0.00,,5.1,2.9,0.19,0.40,1.2,0.0,7.3,5.2,3.3,62,68,68,59,57
2017-07-10 04:00,2215,53,51,0.00,52,2.25,,3.9,1.9,0.20,0.39,1.5,0.0,7.1,5.0,4.0,60,66,67,59,56
2017-07-10 05:00,2215,61,52,0.00,52,78.42,,5.6,1.2,0.21,0.42,1.0,0.0,7.4,5.2,4.3,59,65,67,59,57
2017-07-10 06:00,2215,71,61,0.00,44,310.90,,4.2,0.9,0.24,0.64,1.0,0.1,7.1,5.5,3.8,58,64,66,59,57
2017-07-10 07:00,2215,74,71,0.00,30,504.50,,6.6,2.1,0.22,0.81,1.0,0.5,7.4,5.5,4.1,58,63,66,59,57
2017-07-10 08:00,2215,77,74,0.00,26,693.80,,11.3,5.3,0.21,0.87,0.9,0.0,6.7,5.5,5.2,60,63,65,59,57
2017-07-10 09:00,2215,80,77,0.00,23,842.00,,14.1,8.0,0.22,0.96,1.5,0.0,6.9,5.0,4.6,62,63,65,59,57
2017-07-10 10:00,2215,80,79,0.00,21,954.00,,16.2,9.8,0.21,1.02,1.7,0.2,6.9,5.5,3.5,66,65,64,59,57
2017-07-10 11:00,2215,80,79,0.00,20,1004.00,,20.0,10.9,0.19,1.01,1.5,0.2,7.2,5.0,3.5,72,69,64,59,57
2017-07-10 12:00,2215,81,79,0.00,19,981.00,,20.7,11.5,0.19,1.02,1.8,0.4,6.7,5.2,3.5,80,73,64,59,57
2017-07-10 13:00,2215,81,79,0.00,19,952.00,,20.2,11.7,0.20,1.02,1.9,0.9,6.7,5.6,4.1,87,77,64,59,57
2017-07-10 14:00,2215,79,79,0.00,21,846.00,,18.0,11.3,0.20,1.00,2.2,0.8,7.2,5.2,3.3,92,81,64,59,57
2017-07-10 15:00,2215,79,78,0.00,20,687.30,,17.6,11.3,0.20,0.99,2.2,0.4,6.9,5.6,3.3,95,83,65,59,57
2017-07-10 16:00,2215,78,77,0.00,21,502.70,,18.9,10.5,0.20,0.95,2.5,1.1,6.9,5.2,3.3,97,86,66,59,57
2017-07-10 17:00,2215,77,74,0.00,22,303.20,,20.2,10.6,0.19,0.90,2.2,0.4,6.9,5.2,3.3,96,86,67,59,57
2017-07-10 18:00,2215,75,70,0.00,21,115.00,,17.7,9.0,0.18,0.81,2.5,0.5,7.4,5.2,3.6,90,85,67,59,57
2017-07-10 19:00,2215,70,67,0.00,24,5.49,,11.9,5.5,0.17,0.70,1.7,0.6,7.4,5.2,5.4,85,83,68,59,57
2017-07-10 20:00,2215,67,63,0.00,26,0.00,,5.4,2.4,0.17,0.61,1.8,0.6,7.1,5.2,3.9,80,80,69,59,57
2017-07-10 21:00,2215,63,56,0.00,28,0.00,,4.5,2.2,0.16,0.53,1.5,0.7,7.3,5.2,5.4,75,78,69,59,57
2017-07-10 22:00,2215,56,54,0.00,33,0.00,,4.9,2.5,0.15,0.45,1.8,0.3,7.5,5.2,3.5,71,76,69,59,57
2017-07-10 23:00,2215,55,52,0.00,35,0.00,,5.2,2.3,0.15,0.41,1.2,0.4,7.3,5.2,5.4,69,73,69,59,57
2017-07-11 00:00,2215,54,52,0.00,36,0.00,,5.1,2.6,0.14,0.40,1.2,0.6,6.9,5.2,3.5,65,71,69,59,57
2017-07-11 01:00,2215,53,49,0.00,34,0.00,,5.5,1.8,0.14,0.38,1.0,0.2,6.9,5.2,3.5,63,69,69,59,57
2017-07-11 02:00,2215,56,49,0.00,39,0.00,,6.4,2.8,0.14,0.38,1.3,0.0,6.9,5.2,3.3,61,67,68,59,57
2017-07-11 03:00,2215,52,48,0.00,36,0.00,,4.0,1.6,0.15,0.37,1.2,0.1,6.9,5.2,4.3,59,65,67,59,57
2017-07-11 04:00,2215,54,48,0.00,43,3.49,,7.2,4.1,0.15,0.37,1.2,0.0,7.4,5.2,3.3,57,64,67,59,57
2017-07-11 05:00,2215,58,51,0.00,39,86.80,,4.9,0.9,0.17,0.40,1.2,0.0,7.1,5.2,4.1,56,63,66,59,57
2017-07-11 06:00,2215,69,58,0.00,41,323.20,,4.2,1.2,0.19,0.58,1.2,0.0,6.7,5.2,3.3,55,62,66,59,57
2017-07-11 07:00,2215,73,69,0.00,26,532.00,,6.7,2.6,0.19,0.76,1.2,0.0,6.9,5.2,4.3,56,61,65,59,57
2017-07-11 08:00,2215,75,73,0.00,23,721.50,,10.3,3.4,0.17,0.83,1.0,0.0,6.9,5.2,3.3,57,60,65,59,57
2017-07-11 09:00,2215,79,75,0.00,17,877.00,,15.9,8.3,0.14,0.89,0.9,0.2,7.2,5.2,3.3,59,61,64,59,57
2017-07-11 10:00,2215,80,77,0.00,15,986.00,,18.0,10.2,0.13,1.00,1.5,0.0,7.2,5.2,3.5,64,63,64,59,57
2017-07-11 11:00,2215,80,78,0.00,12,1036.00,,17.3,10.1,0.12,1.00,1.4,0.6,7.1,5.2,3.5,70,67,64,59,57
2017-07-11 12:00,2215,78,77,0.00,11,1009.00,,17.9,9.9,0.11,0.97,2.0,0.0,6.7,5.2,3.0,79,72,64,59,57
2017-07-11 13:00,2215,79,77,0.00,11,981.00,,20.0,10.2,0.11,0.98,2.5,0.4,6.9,5.5,3.5,87,76,64,59,57
2017-07-11 14:00,2215,80,78,0.00,13,867.00,,19.2,10.7,0.13,0.99,2.2,0.6,6.7,5.2,3.3,92,80,64,59,57
2017-07-11 15:00,2215,78,77,0.00,14,705.50,,18.2,11.2,0.14,0.96,2.5,0.8,6.7,5.2,4.3,96,83,64,59,57
2017-07-11 16:00,2215,77,76,0.00,16,513.10,,19.5,10.3,0.16,0.93,2.2,1.0,7.2,4.8,4.3,97,86,65,59,57
2017-07-11 17:00,2215,76,75,0.00,18,307.10,,15.1,8.6,0.18,0.89,2.4,1.0,6.9,5.5,3.3,96,86,66,59,57
2017-07-11 18:00,2215,75,70,0.00,21,115.10,,12.1,6.7,0.18,0.80,2.2,1.1,6.7,4.8,3.6,90,86,67,59,57
2017-07-11 19:00,2215,70,55,0.00,23,4.91,,7.4,2.7,0.17,0.63,1.8,0.6,7.4,4.8,4.3,84,83,68,59,57
2017-07-11 20:00,2215,56,53,0.00,37,0.00,,5.9,2.3,0.16,0.43,1.5,0.3,7.1,4.8,3.8,79,80,68,59,57
2017-07-11 21:00,2215,54,51,0.00,35,0.00,,4.7,2.2,0.15,0.41,1.0,0.7,7.1,4.8,3.0,74,78,69,59,57
2017-07-11 22:00,2215,51,50,0.00,38,0.00,,6.5,2.8,0.13,0.37,1.1,0.6,7.1,4.8,3.5,69,75,69,59,57
2017-07-11 23:00,2215,51,47,0.00,31,0.00,,6.6,2.8,0.10,0.35,1.0,0.0,7.1,4.8,3.0,66,72,69,59,57
2017-07-12 00:00,2215,50,48,0.00,29,0.00,,5.7,2.2,0.09,0.35,0.8,0.2,6.9,4.8,3.5,63,70,69,59,57
2017-07-12 01:00,2215,50,48,0.00,24,0.00,,5.1,2.3,0.09,0.35,1.0,0.5,6.9,5.5,3.5,60,68,68,59,57
2017-07-12 02:00,2215,49,46,0.00,25,0.00,,6.1,3.1,0.09,0.32,0.9,0.0,7.4,4.8,4.6,58,66,67,59,57
2017-07-12 03:00,2215,47,46,0.00,27,0.00,,5.7,3.3,0.08,0.31,0.9,0.0,7.4,5.5,3.3,57,64,67,59,57
2017-07-12 04:00,2215,49,45,0.00,24,2.52,,5.8,3.3,0.08,0.33,0.9,0.0,7.4,4.8,3.3,55,63,66,59,57
2017-07-12 05:00,2215,56,45,0.00,29,79.48,,5.0,2.9,0.10,0.32,0.9,0.0,6.9,4.8,3.3,54,61,66,59,57
2017-07-12 06:00,2215,69,56,0.00,27,319.40,,2.1,0.4,0.13,0.56,1.3,0.0,6.9,4.8,4.3,53,60,65,59,57
2017-07-12 07:00,2215,76,69,0.00,17,528.60,,4.7,1.5,0.12,0.76,0.9,0.0,7.2,5.2,4.8,53,59,65,59,57
2017-07-12 08:00,2215,76,74,0.00,13,719.20,,8.9,2.8,0.11,0.87,0.9,0.0,6.7,4.8,3.3,55,59,64,59,57
2017-07-12 09:00,2215,80,75,0.00,15,869.00,,12.4,5.7,0.14,0.93,1.2,0.0,6.7,5.5,3.5,57,60,64,60,57
2017-07-12 10:00,2215,80,78,0.00,18,974.00,,12.6,5.6,0.16,1.00,1.2,0.0,6.9,4.8,4.8,62,62,63,60,57
2017-07-12 11:00,2215,82,77,0.00,16,1024.00,,17.4,6.9,0.15,1.00,1.1,0.2,6.9,4.8,4.1,69,66,63,60,57
2017-07-12 12:00,2215,82,79,0.00,14,996.00,,15.7,7.6,0.15,1.04,1.4,0.4,6.9,4.8,4.7,79,71,63,60,57
2017-07-12 13:00,2215,82,80,0.00,14,965.00,,15.6,8.2,0.16,1.07,2.0,0.5,6.9,5.5,3.3,87,76,63,60,57
2017-07-12 14:00,2215,81,79,0.00,15,850.00,,16.8,9.2,0.17,1.05,2.2,0.4,6.9,4.8,3.3,93,80,63,60,57
2017-07-12 15:00,2215,80,79,0.00,17,686.00,,16.1,8.8,0.19,1.04,2.2,0.6,6.9,4.8,4.3,96,83,64,59,57
2017-07-12 16:00,2215,80,78,0.00,19,492.40,,15.4,9.0,0.21,1.01,2.4,0.8,6.7,5.2,3.6,98,86,64,59,57
2017-07-12 17:00,2215,78,76,0.00,23,287.70,,14.0,7.5,0.22,0.95,2.3,1.1,6.7,5.2,4.3,97,87,65,59,57
2017-07-12 18:00,2215,76,70,0.00,26,99.80,,9.5,5.1,0.23,0.84,2.0,1.2,6.7,5.4,3.6,91,86,66,59,57
2017-07-12 19:00,2215,70,65,0.00,30,5.08,,6.8,2.6,0.22,0.71,1.8,0.5,7.5,5.2,3.6,86,83,67,59,57
2017-07-12 20:00,2215,65,58,0.00,34,0.00,,3.6,2.0,0.21,0.54,1.8,0.7,7.4,5.4,4.3,80,81,68,59,57
2017-07-12 21:00,2215,58,57,0.00,43,0.00,,4.1,1.6,0.21,0.48,1.4,0.4,7.1,5.4,5.4,76,78,69,59,57
2017-07-12 22:00,2215,58,55,0.00,42,0.00,,5.1,2.3,0.20,0.46,1.4,0.5,7.1,5.2,3.5,72,76,69,59,57
2017-07-12 23:00,2215,55,53,0.00,42,0.00,,4.9,2.3,0.19,0.42,1.0,0.2,7.1,5.4,3.5,69,73,69,59,57
2017-07-13 00:00,2215,55,54,0.00,46,0.00,,5.9,2.2,0.19,0.43,1.3,0.5,7.1,5.4,3.0,66,71,68,59,57
2017-07-13 01:00,2215,54,53,0.00,44,0.00,,4.8,2.5,0.18,0.42,1.0,0.0,7.4,5.4,3.5,64,70,68,59,57
2017-07-13 02:00,2215,56,54,0.00,44,0.00,,5.0,1.6,0.19,0.44,1.2,0.2,7.4,5.4,3.5,62,68,68,59,57
2017-07-13 03:00,2215,56,53,0.00,44,0.00,,4.9,2.0,0.19,0.43,1.0,0.0,7.4,5.4,3.5,61,66,67,59,57
2017-07-13 04:00,2215,53,52,0.00,45,1.80,,5.5,2.2,0.19,0.40,1.3,0.1,7.4,5.4,4.8,60,65,67,59,57
2017-07-13 05:00,2215,54,52,0.00,46,26.53,,4.6,2.3,0.19,0.40,1.3,0.1,6.9,4.8,4.1,58,64,66,59,57
2017-07-13 06:00,2215,72,54,0.00,51,247.30,,5.5,1.8,0.22,0.54,1.3,0.1,6.9,5.4,3.3,58,63,66,60,57
2017-07-13 07:00,2215,79,71,0.00,24,502.30,,5.5,1.7,0.22,0.83,1.3,0.1,6.9,5.4,3.3,58,62,65,60,57
2017-07-13 08:00,2215,79,75,0.00,28,680.40,,9.0,3.6,0.25,0.91,0.9,0.1,7.2,4.8,4.8,59,62,65,60,57
2017-07-13 09:00,2215,78,75,0.00,27,840.00,,8.6,4.3,0.22,0.91,1.2,0.1,6.7,5.4,3.5,61,63,64,60,57
2017-07-13 10:00,2215,80,77,0.00,24,918.00,,11.2,2.8,0.23,0.98,1.2,0.0,6.7,5.4,3.5,66,65,64,60,57
2017-07-13 11:00,2215,81,77,0.00,23,671.80,,9.9,3.2,0.22,1.02,1.2,0.0,6.9,5.4,3.5,72,69,64,60,57
2017-07-13 12:00,2215,80,77,0.00,23,655.60,,11.5,3.7,0.24,0.95,1.7,0.6,6.9,5.2,4.1,80,73,64,60,57
2017-07-13 13:00,2215,82,79,0.00,25,765.60,,14.3,4.6,0.23,1.04,1.9,0.7,6.9,5.4,3.6,82,76,64,60,57
2017-07-13 14:00,2215,83,73,0.00,21,578.40,,14.9,5.1,0.24,1.05,1.8,0.7,6.9,5.4,3.6,87,79,64,60,57
2017-07-13 15:00,2215,73,71,0.00,31,197.50,,15.2,6.9,0.26,0.81,2.0,0.5,6.7,5.4,3.3,92,81,65,60,57
2017-07-13 16:00,2215,77,71,0.00,35,462.90,,16.3,8.8,0.27,0.81,2.4,0.1,7.2,5.4,3.6,89,82,65,60,57
2017-07-13 17:00,2215,77,73,0.00,28,321.20,,12.1,3.6,0.25,0.87,1.7,0.5,7.2,5.4,3.6,87,82,66,60,57
2017-07-13 18:00,2215,73,71,0.00,32,142.80,,10.0,2.6,0.25,0.79,2.0,0.3,6.9,4.9,3.6,85,81,66,60,57
2017-07-13 19:00,2215,71,67,0.00,31,9.13,,9.6,3.4,0.24,0.71,1.8,0.7,7.5,4.9,3.6,81,80,67,60,57
2017-07-13 20:00,2215,68,59,0.00,32,0.00,,5.4,2.5,0.22,0.58,1.5,0.4,6.7,4.9,3.6,78,78,67,60,57
2017-07-13 21:00,2215,59,56,0.00,41,0.00,,4.8,2.1,0.22,0.48,1.8,0.0,7.1,4.9,3.9,74,76,68,60,57
2017-07-13 22:00,2215,57,55,0.00,50,0.00,,5.3,2.7,0.23,0.46,1.2,0.2,6.7,5.4,3.0,70,74,68,60,57
2017-07-13 23:00,2215,57,56,0.00,50,0.00,,6.8,2.4,0.23,0.46,1.0,0.8,7.4,4.9,3.0,67,72,68,60,57
2017-07-14 00:00,2215,56,53,0.00,51,0.00,,4.4,2.0,0.22,0.44,1.3,0.0,7.4,4.9,3.9,65,70,67,60,57
2017-07-14 01:00,2215,58,53,0.00,53,0.00,,5.1,1.1,0.22,0.44,0.8,0.0,7.1,4.9,3.5,63,68,67,60,57
2017-07-14 02:00,2215,57,51,0.00,53,0.00,,4.3,1.2,0.23,0.43,0.7,0.1,6.7,4.9,3.5,61,67,67,60,57
2017-07-14 03:00,2215,51,48,0.00,60,0.00,,4.8,2.3,0.22,0.35,1.0,0.1,6.9,5.4,3.5,60,65,66,60,57
2017-07-14 04:00,2215,49,48,0.00,65,2.73,,5.1,2.7,0.22,0.34,0.9,0.0,6.9,5.4,3.5,58,64,66,60,57
2017-07-14 05:00,2215,60,48,0.00,68,73.25,,5.1,1.7,0.24,0.38,0.9,0.0,6.9,5.4,3.5,57,63,65,60,57
2017-07-14 06:00,2215,67,60,0.00,49,287.10,,5.0,1.1,0.28,0.59,0.9,0.3,7.2,5.4,4.3,56,62,65,60,57
2017-07-14 07:00,2215,73,67,0.00,37,498.90,,5.0,2.4,0.27,0.72,0.9,0.0,6.7,4.9,4.8,57,61,65,60,57
2017-07-14 08:00,2215,76,73,0.00,35,685.50,,7.8,4.0,0.29,0.85,1.2,0.3,6.7,5.4,4.6,58,61,64,60,57
2017-07-14 09:00,2215,78,75,0.00,32,846.00,,8.7,3.5,0.27,0.92,1.0,0.1,6.9,5.4,3.5,60,62,64,60,57
2017-07-14 10:00,2215,79,78,0.00,25,957.00,,11.9,4.2,0.23,0.98,1.7,0.1,6.9,5.4,3.0,65,64,64,60,57
2017-07-14 11:00,2215,80,79,0.00,21,1008.00,,11.7,4.5,0.22,1.02,1.5,0.0,6.9,5.4,5.4,71,68,63,60,57
2017-07-14 12:00,2215,84,80,0.00,21,1031.00,,12.7,3.6,0.22,1.08,2.0,0.6,6.9,4.9,3.6,81,73,63,60,57
2017-07-14 13:00,2215,84,80,0.00,20,644.20,,13.8,4.8,0.22,1.10,2.5,0.7,6.9,4.9,3.3,89,78,64,60,57
2017-07-14 14:00,2215,84,80,0.00,23,616.00,,14.9,5.3,0.24,1.05,2.5,0.6,6.9,5.4,3.3,94,82,64,60,57
2017-07-14 15:00,2215,84,79,0.00,23,468.20,,14.8,7.9,0.26,1.08,2.5,1.2,6.7,5.2,3.6,93,83,64,60,57
2017-07-14 16:00,2215,81,79,0.00,25,497.50,,15.7,8.5,0.26,1.06,2.0,0.9,6.7,5.2,4.3,94,85,65,60,57
2017-07-14 17:00,2215,79,76,0.00,26,272.40,,13.0,7.9,0.27,0.96,2.3,0.7,7.2,5.2,3.6,94,85,66,60,57
2017-07-14 18:00,2215,77,72,0.00,29,117.80,,9.6,5.4,0.27,0.89,1.9,0.5,6.9,5.2,4.6,90,84,67,60,57
2017-07-14 19:00,2215,72,63,0.00,34,3.92,,8.7,2.1,0.27,0.71,2.2,0.4,6.7,4.9,3.9,86,82,67,60,57
2017-07-14 20:00,2215,63,59,0.00,43,0.00,,5.5,1.6,0.25,0.56,1.5,0.2,7.4,5.2,3.6,81,81,68,60,57
2017-07-14 21:00,2215,61,59,0.00,50,0.00,,4.6,1.7,0.25,0.52,1.8,0.0,7.4,5.2,3.3,76,79,69,60,57
2017-07-14 22:00,2215,59,57,0.00,52,0.00,,5.2,2.1,0.27,0.49,1.3,0.0,7.4,5.2,5.4,72,76,69,60,57
2017-07-14 23:00,2215,59,56,0.00,57,0.00,,5.0,2.9,0.25,0.48,1.1,0.2,7.1,5.2,3.5,70,74,69,60,57
2017-07-15 00:00,2215,56,55,0.00,53,0.00,,4.7,2.5,0.23,0.45,1.3,0.0,7.1,5.2,3.9,67,72,69,60,57
2017-07-15 01:00,2215,56,54,0.00,52,0.00,,3.9,1.5,0.22,0.43,1.3,0.0,7.1,5.2,3.0,65,70,68,60,57
2017-07-15 02:00,2215,56,55,0.00,47,0.00,,3.8,1.8,0.21,0.44,0.8,0.0,7.4,5.2,3.5,63,69,68,60,57
2017-07-15 03:00,2215,55,53,0.00,47,0.00,,3.5,1.8,0.21,0.43,0.7,0.1,7.4,5.2,4.8,61,67,67,60,57
2017-07-15 04:00,2215,54,51,0.00,53,2.24,,5.6,3.0,0.23,0.40,1.0,0.1,7.3,5.2,5.2,60,65,67,60,57
2017-07-15 05:00,2215,61,54,0.00,55,73.06,,4.5,1.9,0.25,0.44,0.9,0.0,7.5,4.9,4.6,59,64,66,60,57
2017-07-15 06:00,2215,70,61,0.00,54,291.90,,2.6,0.6,0.30,0.65,0.9,0.0,6.9,5.2,3.5,58,63,66,60,57
2017-07-15 07:00,2215,74,70,0.00,34,495.50,,5.5,1.6,0.25,0.81,0.9,0.0,7.2,5.2,3.5,58,63,65,60,57
2017-07-15 08:00,2215,78,74,0.00,30,683.20,,6.3,2.8,0.26,0.90,1.2,0.0,6.7,5.2,3.5,60,62,65,60,57
2017-07-15 09:00,2215,79,77,0.00,26,834.00,,10.6,4.3,0.26,0.97,1.0,0.3,6.7,4.9,3.5,61,63,65,60,58
2017-07-15 10:00,2215,81,77,0.00,25,914.00,,11.8,5.6,0.25,1.01,2.0,0.0,6.9,5.2,4.3,66,65,64,60,57
2017-07-15 11:00,2215,82,80,0.00,21,830.00,,13.5,6.4,0.22,1.07,1.7,0.2,6.9,4.9,3.9,72,69,64,60,57
2017-07-15 12:00,2215,86,80,0.00,20,1030.00,,18.0,8.5,0.17,1.15,1.5,0.0,6.9,5.2,4.7,80,74,64,60,57
2017-07-15 13:00,2215,86,84,0.00,13,1014.00,,15.8,8.2,0.15,1.21,2.0,0.3,6.9,5.2,4.9,87,78,64,60,57
2017-07-15 14:00,2215,86,85,0.00,13,934.00,,15.1,8.2,0.16,1.24,2.2,0.5,6.9,5.2,3.9,93,82,64,60,58
2017-07-15 15:00,2215,85,83,0.00,13,685.50,,15.8,9.0,0.16,1.18,2.2,0.4,6.7,5.2,3.9,98,85,65,60,57
2017-07-15 16:00,2215,83,80,0.00,14,345.90,,15.3,7.5,0.17,1.07,3.0,0.6,6.7,5.2,3.9,99,87,66,60,58
2017-07-15 17:00,2215,80,75,0.00,19,150.30,,13.5,7.2,0.23,0.96,2.3,1.2,6.9,5.2,4.1,96,88,67,60,57
2017-07-15 18:00,2215,75,72,0.00,26,34.08,,8.5,4.5,0.23,0.84,2.0,0.2,6.9,5.2,3.6,92,87,67,60,58
2017-07-15 19:00,2215,72,68,0.00,30,1.83,,8.3,4.0,0.24,0.79,1.8,0.4,7.1,5.2,3.6,87,85,69,60,58
2017-07-15 20:00,2215,69,61,0.00,36,0.00,,6.0,2.8,0.22,0.65,2.1,0.4,7.1,5.5,4.3,82,82,69,60,57
2017-07-15 21:00,2215,61,60,0.00,40,0.00,,7.7,2.2,0.21,0.53,1.6,0.5,7.4,5.5,4.3,78,80,69,60,57
2017-07-15 22:00,2215,61,60,0.00,39,0.00,,4.7,1.7,0.21,0.54,1.1,0.2,7.1,5.2,3.3,74,77,69,60,58
2017-07-15 23:00,2215,61,59,0.00,40,0.00,,5.4,2.1,0.21,0.53,1.6,0.0,6.9,5.2,4.7,70,75,70,60,58
2017-07-16 00:00,2215,59,54,0.00,43,0.00,,5.8,2.9,0.22,0.48,1.0,0.0,7.1,5.2,3.0,68,73,69,60,58
2017-07-16 01:00,2215,56,54,0.00,50,0.00,,5.7,2.0,0.21,0.43,1.3,0.0,7.1,5.2,3.5,65,71,69,60,58
2017-07-16 02:00,2215,56,52,0.00,45,0.00,,4.4,1.9,0.20,0.44,1.0,0.1,7.4,5.5,4.7,64,69,69,60,58
2017-07-16 03:00,2215,55,52,0.00,51,0.00,,5.5,3.0,0.19,0.41,1.0,0.3,7.4,5.5,3.0,62,68,68,60,58
2017-07-16 04:00,2215,55,49,0.00,42,1.32,,6.6,3.0,0.19,0.39,0.6,0.0,7.4,5.2,5.0,60,66,68,60,58
2017-07-16 05:00,2215,57,49,0.00,54,71.68,,5.2,1.8,0.19,0.37,0.5,0.0,7.3,5.2,3.5,59,65,67,60,58
2017-07-16 06:00,2215,67,57,0.00,47,221.30,,4.2,1.3,0.25,0.53,1.3,0.0,6.9,5.2,3.5,58,64,67,60,58
2017-07-16 07:00,2215,74,65,0.00,36,460.10,,4.9,1.1,0.22,0.71,0.5,0.0,6.9,5.2,4.1,58,63,66,60,58
2017-07-16 08:00,2215,75,73,0.00,27,687.30,,7.8,2.0,0.20,0.85,0.9,0.0,7.2,5.2,3.5,59,62,66,60,58
2017-07-16 09:00,2215,79,75,0.00,20,875.00,,8.5,3.7,0.18,0.93,1.3,0.0,7.2,5.2,3.5,62,63,65,60,58
2017-07-16 10:00,2215,80,79,0.00,17,1018.00,,12.3,5.8,0.17,1.01,1.2,0.1,6.7,5.2,4.3,67,65,65,60,58
2017-07-16 11:00,2215,82,79,0.00,18,833.00,,13.6,6.5,0.19,1.03,1.7,0.0,6.9,5.2,3.6,74,70,64,60,58
2017-07-16 12:00,2215,81,78,0.00,18,528.10,,13.0,5.1,0.19,1.02,1.7,0.2,6.9,5.2,3.6,80,74,64,60,58
2017-07-16 13:00,2215,83,80,0.00,20,940.00,,17.9,7.7,0.20,1.09,2.4,0.4,6.9,5.2,3.6,85,78,65,60,58
2017-07-16 14:00,2215,84,80,0.00,17,734.40,,16.2,9.5,0.20,1.11,2.4,0.7,6.9,5.2,3.9,89,80,65,60,58
2017-07-16 15:00,2215,82,81,0.00,19,697.10,,15.4,9.0,0.21,1.10,2.7,0.4,6.7,5.5,4.9,92,82,65,60,58
2017-07-16 16:00,2215,81,80,0.00,20,504.50,,15.2,8.7,0.20,1.05,2.3,0.7,6.7,5.0,4.9,95,84,66,60,58
2017-07-16 17:00,2215,80,77,0.00,21,294.60,,15.4,8.3,0.21,1.01,2.5,0.5,7.2,4.8,3.3,95,86,67,60,58
2017-07-16 18:00,2215,77,73,0.00,22,105.60,,10.3,5.4,0.22,0.91,2.0,0.4,6.9,5.2,5.2,90,85,67,60,58
2017-07-16 19:00,2215,73,63,0.00,28,4.31,,7.5,2.6,0.22,0.72,2.0,0.4,6.9,5.2,3.6,85,83,68,60,58
2017-07-16 20:00,2215,63,60,0.00,39,0.00,,5.8,1.9,0.21,0.53,2.1,0.5,7.4,5.5,4.9,80,81,69,60,58
2017-07-16 21:00,2215,60,57,0.00,36,0.00,,7.6,2.0,0.19,0.51,1.5,0.2,7.4,5.0,3.6,76,78,69,60,58
2017-07-16 22:00,2215,57,53,0.00,40,0.00,,5.1,2.0,0.18,0.45,1.6,0.0,7.1,5.2,3.6,71,76,69,60,58
2017-07-16 23:00,2215,54,53,0.00,44,0.00,,3.9,1.9,0.17,0.41,1.0,0.0,7.4,5.0,3.6,69,73,69,60,58
2017-07-17 00:00,2215,54,53,0.00,37,0.00,,4.6,2.5,0.14,0.41,1.3,0.1,7.1,5.2,3.4,66,71,69,60,58
2017-07-17 01:00,2215,53,51,0.00,33,0.00,,5.8,2.4,0.13,0.39,1.0,0.0,7.4,5.0,3.0,64,69,69,60,58
2017-07-17 02:00,2215,53,49,0.00,31,0.00,,5.8,2.8,0.13,0.38,0.6,0.0,6.7,5.2,4.3,61,68,68,60,58
2017-07-17 03:00,2215,52,49,0.00,37,0.00,,5.7,2.5,0.13,0.36,0.6,0.0,6.7,5.2,4.1,59,66,68,60,58
2017-07-17 04:00,2215,51,48,0.00,34,1.65,,4.6,1.9,0.13,0.35,0.5,0.0,6.9,5.2,3.8,58,64,67,60,58
2017-07-17 05:00,2215,56,48,0.00,38,77.74,,3.4,1.4,0.14,0.36,0.5,0.0,6.9,5.5,3.5,56,63,67,60,58
2017-07-17 06:00,2215,68,56,0.00,38,322.60,,2.7,0.9,0.18,0.56,0.5,0.0,7.2,5.5,5.0,55,62,66,60,58
2017-07-17 07:00,2215,71,68,0.00,22,532.30,,9.2,3.5,0.15,0.72,0.5,0.0,6.7,5.5,3.5,55,61,66,60,58
2017-07-17 08:00,2215,74,70,0.00,19,721.00,,11.0,7.1,0.15,0.80,1.3,0.0,6.7,5.0,3.5,56,60,65,60,58
2017-07-17 09:00,2215,76,74,0.00,18,875.00,,12.8,7.0,0.14,0.87,0.9,0.0,6.9,5.5,4.3,58,61,65,60,58
2017-07-17 10:00,2215,77,76,0.00,16,976.00,,18.1,9.6,0.14,0.91,1.3,0.0,6.9,5.5,3.6,63,63,64,60,58
2017-07-17 11:00,2215,77,76,0.00,16,1025.00,,17.4,10.6,0.14,0.93,2.0,0.1,6.9,5.0,3.4,69,67,64,60,58
2017-07-17 12:00,2215,78,77,0.00,16,1018.00,,18.2,11.2,0.16,0.96,1.9,0.5,6.2,5.0,3.6,78,72,64,60,58
2017-07-17 13:00,2215,78,77,0.00,17,968.00,,20.2,12.0,0.17,0.96,2.4,0.0,6.5,5.0,3.6,86,76,64,60,58
2017-07-17 14:00,2215,78,76,0.00,19,857.00,,21.9,12.3,0.18,0.94,2.4,0.2,6.9,5.7,3.9,91,80,64,60,58
2017-07-17 15:00,2215,77,76,0.00,20,691.90,,19.8,12.0,0.18,0.92,2.4,0.4,6.9,5.2,4.1,95,83,65,60,58
2017-07-17 16:00,2215,76,74,0.00,19,492.50,,19.5,11.3,0.15,0.89,2.3,0.5,6.9,5.2,3.9,96,86,65,60,58
2017-07-17 17:00,2215,75,71,0.00,17,275.40,,17.3,9.9,0.15,0.84,2.2,1.1,6.7,5.2,3.9,95,86,66,60,58
2017-07-17 18:00,2215,71,66,0.00,19,61.58,,12.1,6.5,0.14,0.72,1.8,0.7,7.2,5.2,3.9,89,85,67,60,58
2017-07-17 19:00,2215,66,55,0.00,20,3.74,,7.5,2.8,0.13,0.59,1.9,0.2,6.9,5.2,3.9,83,82,68,60,58
2017-07-17 20:00,2215,57,52,0.00,32,0.00,,5.3,2.6,0.14,0.43,1.0,0.0,6.9,5.2,3.6,78,80,69,60,58
2017-07-17 21:00,2215,57,54,0.00,29,0.00,,5.0,2.5,0.14,0.45,1.1,0.1,7.5,5.2,4.9,73,77,69,60,58
2017-07-17 22:00,2215,57,50,0.00,29,0.00,,5.8,3.0,0.13,0.41,1.3,0.0,7.4,5.2,3.6,69,74,69,60,58
2017-07-17 23:00,2215,51,47,0.00,34,0.00,,4.9,1.7,0.12,0.36,0.8,0.0,7.4,5.2,3.6,65,72,69,60,58
2017-07-18 00:00,2215,55,47,0.00,34,0.00,,6.7,2.9,0.10,0.35,0.8,0.0,7.5,5.2,4.7,63,70,69,60,58
2017-07-18 01:00,2215,53,44,0.00,21,0.00,,6.2,2.5,0.08,0.34,1.0,0.0,6.9,5.2,4.3,60,67,68,60,58
2017-07-18 02:00,2215,45,42,0.00,28,0.00,,6.8,3.9,0.08,0.29,1.0,0.0,6.9,5.2,3.0,58,65,67,60,58
2017-07-18 03:00,2215,48,42,0.00,33,0.01,,6.4,3.6,0.09,0.28,0.5,0.0,6.7,5.2,3.5,56,64,67,60,58
2017-07-18 04:00,2215,48,46,0.00,22,1.78,,7.1,4.6,0.07,0.32,0.8,0.0,6.7,5.2,4.1,54,62,67,60,58
2017-07-18 05:00,2215,55,45,0.00,22,80.40,,6.8,2.5,0.09,0.32,0.6,0.0,7.2,5.2,3.0,53,61,66,60,58
2017-07-18 06:00,2215,66,55,0.00,25,325.60,,4.9,1.3,0.10,0.56,0.6,0.0,6.9,5.2,3.0,52,60,65,60,58
2017-07-18 07:00,2215,70,66,0.00,12,535.60,,10.2,4.0,0.08,0.68,1.1,0.0,6.9,5.2,4.1,52,58,65,60,58
2017-07-18 08:00,2215,74,70,0.00,12,723.70,,15.0,7.0,0.10,0.80,0.7,0.0,6.2,5.7,3.0,54,58,64,60,58
2017-07-18 09:00,2215,77,73,0.00,12,880.00,,17.7,7.2,0.11,0.86,0.5,0.0,6.9,5.2,3.4,56,59,64,60,58
2017-07-18 10:00,2215,77,75,0.00,14,978.00,,14.8,7.0,0.13,0.89,1.0,0.0,6.5,5.2,4.3,60,61,64,60,58
2017-07-18 11:00,2215,77,77,0.00,13,1029.00,,16.2,9.0,0.14,0.94,1.0,0.0,6.5,5.0,3.6,67,65,63,60,58
2017-07-18 12:00,2215,78,76,0.00,15,1018.00,,18.1,11.1,0.15,0.92,1.5,0.0,6.7,5.2,4.9,77,70,63,60,58
2017-07-18 13:00,2215,78,77,0.00,18,953.00,,17.9,11.0,0.17,0.95,1.9,0.0,6.5,5.2,3.6,85,75,63,60,58
2017-07-18 14:00,2215,78,77,0.00,16,819.00,,18.7,11.0,0.15,0.94,2.5,0.4,6.5,4.5,3.9,90,79,63,60,58
2017-07-18 15:00,2215,78,75,0.00,15,610.60,,16.2,9.0,0.16,0.94,2.5,0.7,6.5,5.2,3.9,94,82,64,60,58
2017-07-18 16:00,2215,75,69,0.00,20,310.30,,16.0,9.6,0.17,0.79,2.2,0.4,6.5,5.5,3.6,95,85,64,60,58
2017-07-18 17:00,2215,69,67,0.00,22,149.80,,11.2,5.7,0.15,0.70,2.3,0.7,6.9,5.5,3.9,92,85,65,60,58
2017-07-18 18:00,2215,67,62,0.00,22,37.00,,7.4,2.6,0.14,0.62,1.8,0.4,6.7,5.5,3.6,86,83,66,60,58
2017-07-18 19:00,2215,62,57,0.00,26,2.02,,5.8,3.3,0.14,0.51,1.6,0.0,6.7,5.2,3.9,80,81,67,60,58
2017-07-18 20:00,2215,58,56,0.00,30,0.00,,6.3,4.4,0.13,0.47,1.6,0.1,7.2,5.5,3.9,75,78,67,60,58
2017-07-18 21:00,2215,58,54,0.00,25,0.00,,6.5,4.3,0.11,0.46,1.3,0.0,7.2,5.5,3.6,71,76,68,60,58
2017-07-18 22:00,2215,56,55,0.00,23,0.00,,7.1,5.7,0.09,0.44,0.8,0.0,6.9,4.8,3.6,67,73,68,60,58
2017-07-18 23:00,2215,58,56,0.00,19,0.00,,7.3,4.3,0.08,0.47,0.8,0.0,7.2,5.2,3.6,64,70,68,60,58
2017-07-19 00:00,2215,58,49,0.00,14,0.00,,6.2,3.0,0.07,0.39,1.0,0.0,7.2,4.8,3.4,62,68,67,60,58
2017-07-19 01:00,2215,51,45,0.00,21,0.00,,6.4,2.9,0.08,0.33,0.5,0.0,7.2,4.8,3.4,59,66,67,60,58
2017-07-19 02:00,2215,47,44,0.00,27,0.00,,4.4,2.3,0.09,0.31,0.5,0.0,6.7,5.2,3.6,57,64,67,60,58
2017-07-19 03:00,2215,47,45,0.00,28,0.00,,6.5,2.5,0.09,0.31,0.8,0.0,7.2,5.5,3.0,55,63,66,60,58
2017-07-19 04:00,2215,47,46,0.00,30,1.36,,6.7,2.5,0.09,0.32,0.8,0.0,6.9,5.5,5.4,54,61,66,60,58
2017-07-19 05:00,2215,53,46,0.00,30,75.39,,5.4,2.5,0.10,0.33,0.8,0.0,6.9,5.5,3.5,52,60,65,60,58
2017-07-19 06:00,2215,62,53,0.00,32,290.80,,4.8,0.9,0.14,0.48,0.6,0.0,6.9,5.5,3.5,51,59,65,60,58
2017-07-19 07:00,2215,67,62,0.00,22,472.50,,5.0,2.0,0.13,0.61,0.6,0.0,7.2,5.5,3.0,51,58,64,60,58
2017-07-19 08:00,2215,70,67,0.00,19,661.70,,6.4,3.4,0.12,0.69,0.6,0.0,6.5,4.8,4.3,53,58,64,60,58
2017-07-19 09:00,2215,75,70,0.00,17,823.00,,7.9,3.5,0.12,0.79,0.8,0.0,6.5,4.8,3.4,55,58,63,60,58
2017-07-19 10:00,2215,79,75,0.00,14,928.00,,9.9,4.6,0.13,0.91,1.0,0.0,6.7,5.5,3.0,60,60,63,60,58
2017-07-19 11:00,2215,80,78,0.00,14,989.00,,12.5,5.3,0.12,0.98,1.0,0.0,6.7,5.2,3.6,66,64,62,60,58
2017-07-19 12:00,2215,82,80,0.00,13,998.00,,11.5,5.4,0.13,1.05,1.2,0.1,6.3,5.5,3.6,76,69,62,60,58
2017-07-19 13:00,2215,82,80,0.00,13,942.00,,13.8,6.5,0.14,1.07,2.2,0.2,6.7,4.8,3.9,85,74,62,60,58
2017-07-19 14:00,2215,83,82,0.00,14,836.00,,13.7,7.2,0.15,1.12,2.5,0.0,6.3,5.2,3.6,90,78,63,60,58
2017-07-19 15:00,2215,83,81,0.00,14,676.10,,13.8,7.8,0.16,1.12,2.5,0.4,6.7,4.8,3.9,95,82,63,60,58
2017-07-19 16:00,2215,83,79,0.00,17,447.70,,12.8,6.6,0.19,1.07,2.0,0.7,6.5,4.8,3.9,96,85,64,60,58
2017-07-19 17:00,2215,79,76,0.00,19,202.30,,10.5,2.9,0.18,0.95,2.1,0.7,6.5,5.5,4.1,96,86,65,60,58
2017-07-19 18:00,2215,76,67,0.00,15,66.40,,7.0,1.8,0.13,0.84,1.6,0.7,6.9,5.5,3.9,91,85,66,60,58
2017-07-19 19:00,2215,67,61,0.00,22,2.92,,4.6,0.4,0.14,0.59,1.6,0.5,6.9,4.8,4.1,85,83,66,60,58
2017-07-19 20:00,2215,62,59,0.00,23,0.00,,3.1,0.6,0.13,0.53,1.4,0.1,6.7,4.8,4.1,80,80,67,60,58
2017-07-19 21:00,2215,59,56,0.00,26,0.00,,3.4,1.0,0.14,0.48,1.3,0.0,6.7,4.8,3.9,74,78,67,60,58
2017-07-19 22:00,2215,59,52,0.00,29,0.00,,5.8,2.1,0.15,0.45,0.5,0.1,6.9,4.8,3.6,70,75,68,60,58
2017-07-19 23:00,2215,56,53,0.00,35,0.00,,8.0,3.2,0.16,0.43,0.8,0.1,7.2,4.8,3.6,67,72,68,60,58
2017-07-20 00:00,2215,53,50,0.00,41,0.00,,5.2,2.7,0.16,0.38,1.1,0.0,7.2,4.8,4.3,64,70,68,60,58
2017-07-20 01:00,2215,52,50,0.00,40,0.00,,4.8,2.4,0.15,0.38,0.6,0.0,7.2,4.8,3.6,62,69,67,60,58
2017-07-20 02:00,2215,52,48,0.00,38,0.00,,4.1,2.0,0.16,0.36,0.5,0.0,7.2,4.8,3.6,60,67,67,60,58
2017-07-20 03:00,2215,50,49,0.00,49,0.00,,4.4,2.1,0.19,0.35,0.9,0.0,6.7,4.8,3.6,59,65,66,60,58
2017-07-20 04:00,2215,51,49,0.00,59,1.58,,5.2,2.7,0.19,0.36,0.9,0.0,6.9,5.5,3.0,58,64,66,60,58
2017-07-20 05:00,2215,56,49,0.00,44,57.22,,5.2,2.4,0.16,0.37,0.9,0.0,6.9,4.8,4.3,56,63,66,60,58
2017-07-20 06:00,2215,66,56,0.00,40,239.90,,3.6,1.4,0.21,0.53,0.9,0.0,6.9,4.8,3.5,56,61,65,60,58
2017-07-20 07:00,2215,68,66,0.00,31,444.90,,7.4,2.6,0.20,0.67,0.9,0.0,6.5,4.8,3.3,56,61,65,60,58
2017-07-20 08:00,2215,71,66,0.00,34,624.90,,7.9,4.1,0.22,0.69,1.0,0.0,6.5,5.5,3.8,57,61,64,60,58
2017-07-20 09:00,2215,74,71,0.00,27,770.90,,8.4,4.0,0.22,0.79,0.8,0.0,6.5,4.8,3.6,59,61,64,60,58
2017-07-20 10:00,2215,76,74,0.00,28,886.00,,11.1,5.1,0.21,0.87,1.0,0.0,6.5,4.8,3.6,63,63,64,60,58
2017-07-20 11:00,2215,79,76,0.00,20,964.00,,12.2,4.7,0.18,0.95,1.1,0.0,6.7,4.8,4.3,69,67,63,60,58
2017-07-20 12:00,2215,81,78,0.00,14,953.00,,14.9,6.4,0.15,1.00,1.2,0.1,6.7,4.8,4.9,78,71,63,60,58
2017-07-20 13:00,2215,83,81,0.00,14,921.00,,15.5,7.6,0.14,1.07,1.7,0.0,6.7,4.8,3.6,85,76,63,60,58
2017-07-20 14:00,2215,83,81,0.00,11,832.00,,13.5,6.3,0.12,1.11,1.9,0.5,6.7,4.8,4.5,90,79,64,60,58
2017-07-20 15:00,2215,84,82,0.00,10,677.00,,12.9,6.0,0.12,1.12,1.7,0.6,6.5,4.8,3.9,94,82,64,60,58
2017-07-20 16:00,2215,82,81,0.00,12,484.10,,11.8,5.5,0.12,1.09,2.2,0.4,6.5,4.8,3.9,96,85,65,60,58
2017-07-20 17:00,2215,81,76,0.00,11,263.80,,9.2,2.8,0.11,1.01,2.1,0.4,6.2,4.8,3.9,96,86,65,60,58
2017-07-20 18:00,2215,76,69,0.00,10,80.40,,7.9,2.4,0.09,0.86,1.8,0.2,6.9,4.8,3.9,91,85,66,60,58
2017-07-20 19:00,2215,69,57,0.00,11,3.01,,6.5,3.0,0.08,0.62,1.6,0.2,6.7,4.8,3.9,85,83,67,60,58
2017-07-20 20:00,2215,58,57,0.00,19,0.00,,4.7,2.2,0.11,0.48,1.1,0.3,7.2,4.8,3.6,80,80,68,60,58
2017-07-20 21:00,2215,58,56,0.00,33,0.00,,6.6,1.8,0.16,0.48,1.3,0.1,7.2,5.0,3.9,74,78,68,60,58
2017-07-20 22:00,2215,58,53,0.00,35,0.00,,6.1,0.9,0.16,0.42,0.9,0.0,6.9,4.8,3.9,70,75,68,60,58
2017-07-20 23:00,2215,61,54,0.00,33,0.00,,8.7,4.1,0.15,0.51,1.1,0.0,6.9,4.8,3.6,67,72,68,60,58
2017-07-21 00:00,2215,54,48,0.00,33,0.00,,5.8,2.0,0.13,0.38,0.6,0.0,6.9,4.8,3.9,64,70,68,60,58
2017-07-21 01:00,2215,52,48,0.00,37,0.00,,5.7,2.2,0.12,0.36,0.9,0.0,7.2,4.8,3.9,62,69,68,60,58
2017-07-21 02:00,2215,53,50,0.00,30,0.00,,8.6,3.6,0.11,0.38,0.9,0.0,7.2,4.8,3.6,60,67,67,60,58
2017-07-21 03:00,2215,50,47,0.00,30,0.00,,4.9,2.5,0.11,0.34,0.9,0.0,7.2,4.8,4.3,58,65,67,60,58
2017-07-21 04:00,2215,47,43,0.00,35,1.58,,4.7,2.2,0.12,0.30,1.1,0.0,6.7,4.8,3.6,57,64,66,60,58
2017-07-21 05:00,2215,52,45,0.00,39,69.30,,4.5,2.1,0.13,0.32,0.9,0.0,6.9,4.8,3.5,55,62,66,60,58
2017-07-21 06:00,2215,63,52,0.00,42,283.90,,2.4,0.8,0.17,0.48,1.1,0.0,6.9,4.8,4.3,54,61,65,60,58
2017-07-21 07:00,2215,68,63,0.00,27,493.20,,5.2,1.3,0.15,0.62,0.8,0.0,6.5,4.8,3.3,54,60,65,60,58
2017-07-21 08:00,2215,71,68,0.00,25,682.20,,7.0,3.3,0.17,0.71,0.9,0.0,6.5,4.8,3.6,56,60,64,60,58
2017-07-21 09:00,2215,79,71,0.00,23,841.00,,9.7,3.4,0.17,0.82,0.5,0.0,6.5,4.8,3.6,58,60,64,60,58
2017-07-21 10:00,2215,79,78,0.00,18,953.00,,10.6,3.9,0.16,0.98,0.8,0.1,6.5,4.8,3.6,62,63,64,60,58
2017-07-21 11:00,2215,81,79,0.00,16,1005.00,,9.4,3.7,0.16,1.03,0.8,0.0,6.7,4.8,3.6,69,66,63,60,58
2017-07-21 12:00,2215,83,81,0.00,17,964.00,,8.6,3.2,0.18,1.10,1.8,0.0,6.7,4.8,3.9,79,71,63,60,58
2017-07-21 13:00,2215,86,83,0.00,16,966.00,,11.0,4.1,0.17,1.19,1.7,0.0,6.7,4.8,4.1,87,76,63,60,58
2017-07-21 14:00,2215,86,83,0.00,15,832.00,,11.7,4.1,0.17,1.20,1.9,0.0,6.7,4.8,4.5,94,81,64,60,58
2017-07-21 15:00,2215,87,85,0.00,15,715.60,,10.1,3.1,0.17,1.25,2.0,0.7,6.5,4.8,4.8,98,84,64,60,58
2017-07-21 16:00,2215,85,83,0.00,15,458.20,,9.8,2.9,0.17,1.18,2.2,0.4,6.5,4.8,3.3,100,87,65,60,58
2017-07-21 17:00,2215,83,78,0.00,16,259.80,,11.8,2.7,0.16,1.07,2.6,0.5,6.5,4.8,3.9,98,88,66,60,58
2017-07-21 18:00,2215,78,74,0.00,16,81.90,,7.1,2.4,0.15,0.93,1.8,0.2,6.9,5.0,4.1,94,87,67,60,58
2017-07-21 19:00,2215,74,63,0.00,17,2.87,,6.9,2.3,0.14,0.72,1.4,0.5,6.7,5.0,3.9,87,85,68,60,58
2017-07-21 20:00,2215,64,60,0.00,24,0.00,,7.0,3.5,0.14,0.56,1.1,0.0,7.2,5.4,3.9,82,82,68,60,58
2017-07-21 21:00,2215,60,55,0.00,28,0.00,,5.6,2.3,0.15,0.50,1.3,0.1,6.9,5.0,4.1,77,80,69,60,58
2017-07-21 22:00,2215,57,54,0.00,35,0.00,,5.2,2.1,0.15,0.43,1.5,0.0,6.9,5.4,3.9,73,77,69,60,58
2017-07-21 23:00,2215,63,57,0.00,29,0.00,,9.9,4.4,0.13,0.54,1.0,0.0,6.9,5.4,3.9,69,74,69,60,58
2017-07-22 00:00,2215,63,51,0.00,20,0.00,,5.8,1.5,0.12,0.50,1.3,0.0,6.9,5.0,3.6,66,72,69,60,58
2017-07-22 01:00,2215,52,47,0.00,33,0.00,,4.2,2.1,0.12,0.35,1.3,0.0,6.9,4.6,3.9,64,70,69,60,58
2017-07-22 02:00,2215,52,49,0.00,32,0.00,,6.3,3.5,0.13,0.38,1.3,0.0,7.2,5.0,3.6,62,69,68,60,58
2017-07-22 03:00,2215,50,47,0.00,33,0.00,,5.3,2.5,0.12,0.35,0.7,0.0,6.7,4.6,3.9,60,67,68,60,58
2017-07-22 04:00,2215,51,47,0.00,38,1.43,,5.2,2.2,0.12,0.35,0.7,0.0,6.7,5.4,3.6,58,65,67,60,58
2017-07-22 05:00,2215,59,49,0.00,35,71.11,,4.7,1.7,0.14,0.37,0.3,0.0,6.9,5.2,4.1,57,64,67,60,58
2017-07-22 06:00,2215,64,59,0.00,31,295.90,,4.2,1.4,0.17,0.56,0.7,0.0,6.9,4.8,3.4,56,63,66,60,58
2017-07-22 07:00,2215,69,64,0.00,27,503.00,,6.8,2.8,0.17,0.65,0.7,0.0,6.3,5.0,4.3,56,62,66,60,58
2017-07-22 08:00,2215,74,69,0.00,24,692.50,,7.8,2.3,0.16,0.78,0.3,0.0,7.2,5.0,3.6,57,61,65,60,58
2017-07-22 09:00,2215,78,74,0.00,20,848.00,,9.1,4.4,0.18,0.94,0.9,0.0,6.5,5.2,4.3,59,62,65,60,58
2017-07-22 10:00,2215,80,78,0.00,19,958.00,,11.8,3.7,0.17,1.00,1.0,0.0,6.5,5.2,3.9,63,64,64,60,58
2017-07-22 11:00,2215,83,80,0.00,16,1012.00,,11.0,3.6,0.16,1.05,1.3,0.0,6.7,5.0,3.6,70,68,64,60,58
2017-07-22 12:00,2215,86,80,0.00,16,1007.00,,9.8,3.4,0.17,1.13,1.8,0.0,6.7,4.8,3.9,80,73,64,60,58
2017-07-22 13:00,2215,86,84,0.00,13,956.00,,10.4,3.0,0.17,1.21,2.0,0.3,6.7,4.8,3.9,89,78,64,60,58
2017-07-22 14:00,2215,87,84,0.00,13,902.00,,10.7,3.9,0.17,1.22,2.2,0.0,6.7,5.0,4.1,96,82,64,60,58
2017-07-22 15:00,2215,87,80,0.00,13,392.50,,11.0,3.8,0.17,1.21,2.2,0.2,6.8,5.4,4.8,100,86,65,60,58
2017-07-22 16:00,2215,86,80,0.00,16,364.80,,9.4,1.9,0.17,1.12,2.4,0.9,6.5,4.6,3.3,102,89,66,60,58
2017-07-22 17:00,2215,86,83,0.00,13,296.80,,9.9,2.7,0.16,1.18,1.9,0.5,7.2,5.0,3.6,97,89,67,60,58
2017-07-22 18:00,2215,83,75,0.00,16,96.40,,7.3,2.3,0.16,1.05,1.5,0.3,6.9,4.9,4.8,92,87,68,60,58
2017-07-22 19:00,2215,75,64,0.00,18,3.32,,6.2,2.5,0.15,0.75,1.6,0.3,6.8,5.0,3.9,87,85,69,60,58
2017-07-22 20:00,2215,64,60,0.00,26,0.00,,5.1,2.9,0.15,0.58,1.0,0.1,7.2,5.0,3.3,82,82,69,60,58
2017-07-22 21:00,2215,64,60,0.00,28,0.00,,4.8,2.4,0.15,0.56,1.3,0.3,6.9,5.4,3.9,77,80,69,60,58
2017-07-22 22:00,2215,63,58,0.00,25,0.00,,5.3,2.9,0.14,0.54,1.0,0.0,6.9,5.4,3.9,73,77,70,60,58
2017-07-22 23:00,2215,60,58,0.00,31,0.00,,7.1,3.0,0.15,0.50,1.3,0.0,6.9,5.4,3.6,70,75,70,60,58
2017-07-23 00:00,2215,61,55,0.00,28,0.00,,5.8,2.2,0.15,0.49,0.6,0.0,6.9,5.4,3.6,67,73,69,60,58
2017-07-23 01:00,2215,60,55,0.00,30,0.00,,4.7,3.0,0.16,0.46,1.3,0.0,7.2,4.6,3.6,65,71,69,60,58
2017-07-23 02:00,2215,56,53,0.00,37,0.00,,4.6,2.7,0.16,0.44,0.8,0.0,6.8,5.4,3.6,64,69,69,60,58
2017-07-23 03:00,2215,55,53,0.00,40,0.00,,3.7,1.9,0.17,0.42,0.8,0.0,6.8,5.4,3.6,62,68,68,60,58
2017-07-23 04:00,2215,56,51,0.00,39,1.27,,4.4,1.9,0.17,0.43,0.7,0.0,6.7,5.4,3.6,60,66,68,60,58
2017-07-23 05:00,2215,59,51,0.00,49,71.45,,4.2,2.1,0.20,0.41,0.7,0.0,6.9,5.4,3.6,59,65,67,60,58
2017-07-23 06:00,2215,71,59,0.00,47,286.80,,3.8,1.4,0.24,0.61,0.7,0.0,6.9,5.0,3.6,58,64,67,61,58
2017-07-23 07:00,2215,74,71,0.00,27,498.00,,4.3,1.1,0.20,0.80,0.7,0.0,6.9,5.0,3.6,58,63,66,60,58
2017-07-23 08:00,2215,77,74,0.00,20,652.10,,7.6,3.4,0.18,0.89,1.3,0.0,6.5,5.4,3.6,60,63,66,61,58
2017-07-23 09:00,2215,81,77,0.00,21,842.00,,9.0,3.2,0.22,1.01,1.3,0.0,7.2,5.2,3.6,61,64,65,61,58
2017-07-23 10:00,2215,82,80,0.00,22,952.00,,10.9,3.5,0.22,1.07,0.8,0.0,6.5,5.0,3.3,65,65,65,61,58
2017-07-23 11:00,2215,86,82,0.00,20,1018.00,,11.1,4.2,0.22,1.16,1.3,0.0,6.5,5.4,3.3,72,70,65,61,58
2017-07-23 12:00,2215,88,84,0.00,20,1113.00,,10.3,3.9,0.21,1.21,2.1,0.0,6.7,5.4,3.3,82,75,65,61,58
2017-07-23 13:00,2215,87,81,0.00,16,507.70,,13.6,6.5,0.19,1.15,2.0,0.3,6.7,5.4,4.4,92,80,65,61,58
2017-07-23 14:00,2215,82,80,0.00,15,360.10,,14.2,7.6,0.17,1.05,2.1,0.2,6.5,5.4,4.3,94,83,65,61,58
2017-07-23 15:00,2215,85,82,0.00,17,708.70,,14.7,8.7,0.20,1.18,1.6,0.2,6.5,5.4,3.9,92,85,66,61,58
2017-07-23 16:00,2215,84,82,0.00,18,549.20,,14.9,8.5,0.22,1.14,1.8,0.2,6.5,5.4,4.4,93,85,66,61,58
2017-07-23 17:00,2215,82,78,0.00,20,310.00,,14.6,8.4,0.23,1.05,1.8,0.2,6.9,5.4,3.3,94,86,67,61,58
2017-07-23 18:00,2215,78,74,0.00,24,93.40,,10.6,5.1,0.24,0.92,1.6,0.1,6.9,5.4,3.3,90,86,68,61,58
2017-07-23 19:00,2215,74,66,0.00,29,3.25,,4.3,1.8,0.24,0.73,1.1,0.2,6.8,4.9,4.8,85,84,69,61,58
2017-07-23 20:00,2215,67,66,0.00,37,0.00,,3.8,1.5,0.24,0.66,1.3,0.3,6.8,4.9,3.9,81,82,69,61,59
2017-07-23 21:00,2215,70,67,0.00,36,0.00,,5.8,2.5,0.24,0.70,1.3,0.0,7.2,4.9,3.9,77,80,69,61,58
2017-07-23 22:00,2215,67,60,0.00,36,0.00,,6.8,2.9,0.23,0.61,1.3,0.1,7.2,4.9,4.1,75,77,70,61,58
2017-07-23 23:00,2215,63,59,0.00,42,0.00,,5.5,2.8,0.22,0.53,1.5,0.0,7.2,4.9,3.6,72,76,69,61,59
2017-07-24 00:00,2215,64,59,0.00,44,0.00,,6.1,2.7,0.22,0.52,1.0,0.0,7.2,4.6,3.9,70,74,69,61,59
2017-07-24 01:00,2215,65,64,0.00,37,0.00,,5.1,2.0,0.24,0.61,1.0,0.0,6.8,5.4,4.1,68,72,69,61,58
2017-07-24 02:00,2215,65,58,0.00,40,0.00,,5.4,1.9,0.30,0.54,1.3,0.0,7.2,5.4,3.9,67,71,69,61,58
2017-07-24 03:00,2215,59,56,0.00,58,0.00,,3.7,1.3,0.28,0.50,1.3,0.0,6.8,5.4,3.6,66,70,69,61,58
2017-07-24 04:00,2215,62,56,0.01,62,0.47,,10.7,2.9,0.29,0.49,1.0,0.0,6.8,5.4,3.6,65,69,68,61,59
2017-07-24 05:00,2215,58,55,0.00,76,66.25,,11.2,2.5,0.34,0.46,0.9,0.0,6.9,5.4,3.4,64,68,68,61,59
2017-07-24 06:00,2215,67,58,0.00,73,285.70,,3.7,1.2,0.35,0.58,0.9,0.0,6.9,5.4,3.6,63,67,67,61,59
2017-07-24 07:00,2215,69,65,0.00,50,367.70,,4.9,1.1,0.32,0.67,1.3,0.0,6.3,5.4,3.6,63,66,67,61,59
2017-07-24 08:00,2215,72,68,0.00,48,621.80,,7.9,4.3,0.34,0.73,0.6,0.0,6.9,5.4,3.6,64,66,67,61,59
2017-07-24 09:00,2215,75,72,0.00,41,788.50,,8.9,3.8,0.32,0.83,0.8,0.0,7.2,5.4,3.9,65,66,66,61,58
2017-07-24 10:00,2215,80,74,0.00,32,809.00,,10.5,3.6,0.30,0.95,1.3,0.0,6.5,5.4,3.3,69,69,66,61,58
2017-07-24 11:00,2215,74,63,0.06,35,561.00,,9.1,2.8,0.39,0.72,1.4,0.0,6.5,5.4,4.1,74,71,66,61,59
2017-07-24 12:00,2215,78,71,0.00,55,920.00,,10.0,4.7,0.36,0.88,1.8,0.0,6.5,5.4,3.6,77,75,66,61,59
2017-07-24 13:00,2215,77,75,0.00,35,567.90,,12.2,6.8,0.32,0.91,1.9,0.1,6.5,5.4,3.6,82,77,66,61,59
2017-07-24 14:00,2215,80,75,0.00,34,557.30,,19.7,9.8,0.30,0.92,2.2,0.0,6.5,5.4,3.3,84,79,66,61,59
2017-07-24 15:00,2215,80,77,0.00,31,631.10,,17.3,10.0,0.29,0.97,1.9,0.1,6.5,5.4,4.4,84,80,66,61,59
2017-07-24 16:00,2215,79,77,0.00,29,514.50,,16.6,10.3,0.27,0.96,2.3,0.1,6.5,4.9,3.6,86,81,67,61,59
2017-07-24 17:00,2215,77,73,0.00,28,280.90,,13.9,7.9,0.27,0.88,2.0,0.2,6.9,5.4,4.5,86,82,67,61,59
2017-07-24 18:00,2215,73,69,0.00,33,86.00,,10.3,5.6,0.27,0.77,2.3,0.5,6.9,4.9,3.3,83,81,68,61,59
2017-07-24 19:00,2215,69,65,0.00,39,3.91,,7.6,2.5,0.28,0.65,2.0,0.1,6.9,4.9,4.1,79,80,68,61,59
2017-07-24 20:00,2215,65,61,0.00,45,0.00,,4.1,1.8,0.28,0.57,1.8,0.3,6.8,5.4,3.3,76,78,69,61,59
2017-07-24 21:00,2215,63,61,0.00,51,0.00,,9.7,3.1,0.34,0.57,1.9,0.0,6.8,5.4,4.8,72,76,69,61,59
2017-07-24 22:00,2215,61,58,0.00,64,0.00,,8.8,3.0,0.35,0.52,1.9,0.1,6.8,4.9,3.9,70,74,69,61,59
2017-07-24 23:00,2215,58,56,0.00,71,0.00,,5.5,2.1,0.35,0.48,1.4,0.0,6.8,4.9,3.9,68,72,69,61,59
2017-07-25 00:00,2215,56,50,0.00,76,0.00,,4.7,1.9,0.32,0.40,1.7,0.0,6.8,4.9,3.9,66,71,69,61,59
2017-07-25 01:00,2215,51,50,0.00,84,0.00,,4.8,1.8,0.31,0.37,1.1,0.0,6.9,5.4,3.6,64,69,68,61,59
2017-07-25 02:00,2215,51,49,0.00,86,0.00,,4.2,2.0,0.31,0.36,1.5,0.0,6.9,5.4,3.9,62,68,68,61,59
2017-07-25 03:00,2215,51,49,0.00,87,0.00,,4.2,1.4,0.31,0.36,1.5,0.0,6.9,4.6,3.6,60,66,68,61,59
2017-07-25 04:00,2215,49,46,0.00,87,1.02,,5.5,2.5,0.29,0.33,1.7,0.0,6.9,5.4,3.6,59,65,67,61,59
2017-07-25 05:00,2215,55,47,0.00,90,65.89,,4.7,1.8,0.30,0.35,0.9,0.0,6.9,4.9,4.4,57,64,67,61,59
2017-07-25 06:00,2215,62,55,0.00,75,282.00,,3.4,0.7,0.34,0.51,0.9,0.0,6.5,4.6,3.6,56,63,66,61,59
2017-07-25 07:00,2215,66,62,0.00,61,480.20,,6.1,2.3,0.35,0.59,0.9,0.0,6.5,5.4,4.4,56,62,66,61,59
2017-07-25 08:00,2215,69,65,0.00,56,563.40,,8.4,3.2,0.37,0.69,0.9,0.0,6.5,5.4,3.6,58,61,65,61,59
2017-07-25 09:00,2215,70,65,0.00,57,326.80,,5.1,1.7,0.35,0.66,1.5,0.0,7.0,5.4,3.6,59,62,65,61,59
2017-07-25 10:00,2215,71,65,0.01,47,546.10,,8.2,2.3,0.36,0.66,1.6,0.0,6.7,5.4,4.4,62,64,65,61,59
2017-07-25 11:00,2215,75,71,0.00,53,863.00,,11.3,4.4,0.34,0.83,1.4,0.0,6.5,5.4,4.4,65,65,64,61,59
2017-07-25 12:00,2215,76,71,0.00,36,564.20,,9.2,3.1,0.30,0.81,2.0,0.0,6.3,5.4,3.6,73,68,64,61,59
2017-07-25 13:00,2215,76,71,0.00,40,586.40,,10.5,3.9,0.33,0.82,1.7,0.0,6.5,4.9,4.9,76,71,64,61,59
2017-07-25 14:00,2215,74,70,0.00,44,528.30,,9.6,3.6,0.34,0.81,2.2,0.2,6.5,5.4,3.9,81,74,64,61,59
2017-07-25 15:00,2215,71,68,0.00,47,334.10,,12.3,4.5,0.32,0.71,2.1,0.2,6.5,5.4,3.9,83,76,64,61,59
2017-07-25 16:00,2215,73,68,0.00,41,369.10,,9.9,3.2,0.30,0.74,1.9,0.0,7.0,4.9,3.9,82,78,65,61,59
2017-07-25 17:00,2215,75,70,0.00,36,303.10,,14.0,6.5,0.27,0.81,1.9,0.0,6.7,4.9,4.4,82,78,65,61,59
2017-07-25 18:00,2215,70,68,0.00,36,70.14,,10.3,4.8,0.25,0.72,2.3,0.0,6.8,4.9,4.4,80,78,66,61,59
2017-07-25 19:00,2215,68,62,0.00,35,3.17,,8.7,2.3,0.25,0.64,2.2,0.2,6.8,4.9,4.1,77,77,66,61,59
2017-07-25 20:00,2215,62,58,0.00,49,0.00,,5.5,2.4,0.28,0.54,1.6,0.0,6.5,4.9,3.3,74,75,67,61,59
2017-07-25 21:00,2215,58,55,0.00,61,0.00,,4.9,2.2,0.28,0.46,2.0,0.2,7.2,4.9,4.1,71,73,67,61,59
2017-07-25 22:00,2215,55,53,0.00,59,0.00,,5.7,2.2,0.25,0.42,1.7,0.0,6.6,4.9,3.6,67,71,67,61,59
2017-07-25 23:00,2215,54,52,0.00,61,0.00,,5.3,2.7,0.25,0.40,1.4,0.0,6.6,5.4,3.6,65,70,67,61,59
2017-07-26 00:00,2215,52,51,0.00,65,0.00,,4.9,2.5,0.26,0.38,1.8,0.1,6.5,4.9,4.6,62,68,67,61,59
2017-07-26 01:00,2215,51,50,0.00,68,0.00,,5.3,2.4,0.25,0.37,1.0,0.0,6.5,4.9,4.9,60,66,67,61,59
2017-07-26 02:00,2215,50,48,0.00,66,0.00,,4.3,1.4,0.24,0.36,1.2,0.0,6.5,4.9,3.9,59,64,66,61,59
2017-07-26 03:00,2215,48,48,0.00,70,0.00,,3.8,1.6,0.24,0.34,1.2,0.0,6.5,4.9,4.4,57,63,66,61,59
2017-07-26 04:00,2215,49,47,0.00,69,1.11,,4.4,1.7,0.23,0.33,1.4,0.0,6.5,4.9,3.6,56,62,65,61,59
2017-07-26 05:00,2215,53,47,0.00,68,66.58,,4.3,1.9,0.23,0.35,1.0,0.0,7.0,4.9,4.4,55,61,65,61,59
2017-07-26 06:00,2215,64,53,0.00,61,296.70,,3.7,0.7,0.26,0.51,1.0,0.0,6.5,4.9,3.6,53,60,65,61,59
2017-07-26 07:00,2215,65,63,0.00,41,502.10,,6.9,2.4,0.25,0.60,1.0,0.0,7.0,4.9,3.6,53,59,64,61,59
2017-07-26 08:00,2215,68,65,0.00,38,684.10,,8.8,3.6,0.25,0.66,1.0,0.0,6.5,4.9,4.4,55,59,64,61,59
2017-07-26 09:00,2215,70,68,0.00,34,708.20,,11.3,4.2,0.23,0.71,1.2,0.0,6.7,4.9,3.9,56,59,64,61,59
2017-07-26 10:00,2215,74,69,0.00,29,740.00,,10.9,3.3,0.21,0.75,1.8,0.0,6.7,4.9,3.9,60,61,63,61,59
2017-07-26 11:00,2215,76,71,0.00,26,518.10,,10.2,3.6,0.22,0.84,1.7,0.1,7.0,4.9,3.9,65,65,63,61,59
2017-07-26 12:00,2215,74,72,0.00,26,582.50,,11.8,6.4,0.22,0.80,1.6,0.0,7.0,4.9,3.6,72,69,63,61,59
2017-07-26 13:00,2215,77,72,0.00,25,439.30,,14.6,5.7,0.22,0.82,2.4,0.2,7.0,5.1,3.3,75,71,63,61,59
2017-07-26 14:00,2215,78,76,0.00,26,765.50,,19.1,10.0,0.25,0.93,2.2,0.0,6.7,4.9,3.3,77,73,63,61,59
2017-07-26 15:00,2215,77,75,0.00,29,723.80,,17.7,11.0,0.26,0.91,2.2,0.0,7.0,5.1,3.6,82,75,63,61,59
2017-07-26 16:00,2215,75,73,0.00,31,491.50,,17.6,10.6,0.27,0.85,2.1,0.4,6.7,4.9,3.3,86,78,64,61,59
2017-07-26 17:00,2215,73,71,0.00,33,273.80,,16.8,8.8,0.27,0.81,2.4,0.7,6.7,4.9,3.3,86,80,64,61,59
2017-07-26 18:00,2215,71,65,0.00,36,83.50,,12.9,6.8,0.27,0.72,2.2,0.7,6.7,5.1,3.6,82,79,65,61,59
2017-07-26 19:00,2215,65,60,0.00,44,1.53,,6.5,2.6,0.27,0.58,2.0,0.0,7.0,5.1,3.9,78,77,65,61,59
2017-07-26 20:00,2215,60,54,0.00,51,0.00,,6.4,2.1,0.26,0.45,1.4,0.0,6.7,5.1,3.9,73,75,66,61,59
2017-07-26 21:00,2215,58,54,0.00,62,0.00,,5.7,2.3,0.27,0.45,1.9,0.5,6.5,5.1,4.5,70,73,66,61,59
2017-07-26 22:00,2215,54,52,0.00,67,0.00,,4.9,2.5,0.27,0.40,1.4,0.3,6.5,5.1,3.9,66,71,66,61,59
2017-07-26 23:00,2215,53,51,0.00,67,0.00,,5.5,2.2,0.26,0.39,1.6,0.1,6.5,5.1,3.9,64,69,66,61,59
2017-07-27 00:00,2215,54,51,0.00,65,0.00,,8.6,4.3,0.26,0.41,1.5,0.0,6.5,5.1,3.6,61,67,66,61,59
2017-07-27 01:00,2215,54,51,0.00,66,0.00,,6.2,1.8,0.27,0.41,1.5,0.0,6.8,5.1,3.6,60,65,66,61,59
2017-07-27 02:00,2215,51,47,0.00,69,0.00,,4.5,1.9,0.26,0.35,1.7,0.0,6.7,5.1,3.6,58,64,65,61,59
2017-07-27 03:00,2215,49,46,0.00,80,0.00,,5.0,2.2,0.26,0.33,0.9,0.0,7.0,5.1,3.6,57,63,65,61,59
2017-07-27 04:00,2215,49,46,0.00,82,0.98,,4.7,1.7,0.26,0.32,0.9,0.0,6.3,5.1,3.6,56,61,65,61,59
2017-07-27 05:00,2215,54,48,0.00,78,58.62,,3.7,1.3,0.27,0.36,1.2,0.0,6.7,5.1,4.4,54,60,64,61,59
2017-07-27 06:00,2215,60,54,0.00,66,282.20,,4.4,1.1,0.28,0.49,1.2,0.0,6.7,5.1,3.6,54,59,64,61,59
2017-07-27 07:00,2215,65,60,0.00,56,488.10,,5.3,2.1,0.29,0.57,1.2,0.0,6.7,5.1,3.6,54,58,64,61,59
2017-07-27 08:00,2215,67,65,0.00,47,678.70,,11.8,3.7,0.29,0.66,0.9,0.0,6.7,5.1,3.9,55,58,63,61,59
2017-07-27 09:00,2215,72,67,0.00,42,842.00,,8.2,3.6,0.28,0.73,1.7,0.0,7.0,5.1,3.9,56,59,63,61,59
2017-07-27 10:00,2215,75,72,0.00,36,944.00,,10.3,4.1,0.27,0.85,1.6,0.0,7.0,5.1,3.6,60,61,63,61,59
2017-07-27 11:00,2215,77,74,0.00,28,890.00,,13.7,4.6,0.23,0.88,1.4,0.1,7.0,5.1,4.5,67,65,62,61,59
2017-07-27 12:00,2215,80,75,0.00,27,991.00,,14.3,6.2,0.22,0.95,2.3,0.2,6.3,5.1,4.8,76,70,62,61,59
2017-07-27 13:00,2215,80,78,0.00,21,969.00,,14.1,6.4,0.19,1.00,2.2,0.0,6.3,5.1,3.9,84,75,62,61,59
2017-07-27 14:00,2215,81,78,0.00,16,874.00,,11.9,6.1,0.17,1.03,2.1,0.3,6.3,5.1,3.6,90,79,63,61,59
2017-07-27 15:00,2215,83,80,0.00,15,779.30,,11.8,4.9,0.16,1.07,2.6,0.5,7.0,5.1,3.6,94,82,63,61,59
2017-07-27 16:00,2215,83,76,0.00,17,572.40,,11.1,3.2,0.23,1.08,2.2,0.7,6.7,5.1,3.6,96,85,64,60,59
2017-07-27 17:00,2215,76,62,0.00,25,44.34,,18.2,6.8,0.25,0.71,2.5,0.4,6.7,5.1,3.6,96,87,65,60,59
2017-07-27 18:00,2215,65,57,0.03,48,17.51,,13.1,5.4,0.32,0.55,2.2,0.5,7.0,5.1,3.3,92,86,66,60,59
2017-07-27 19:00,2215,59,57,0.00,64,1.81,,13.1,4.6,0.31,0.48,2.0,0.7,6.8,5.1,3.3,85,84,67,60,59
2017-07-27 20:00,2215,60,52,0.00,63,0.00,,10.2,2.4,0.27,0.47,1.5,0.5,6.6,5.1,4.1,78,80,67,60,59
2017-07-27 21:00,2215,53,51,0.00,68,0.00,,4.3,1.8,0.26,0.39,1.8,0.2,6.6,5.1,3.3,73,77,68,60,59
2017-07-27 22:00,2215,52,51,0.00,66,0.00,,4.0,2.1,0.25,0.38,1.6,0.3,6.9,5.1,3.9,69,75,68,60,59
2017-07-27 23:00,2215,54,52,0.00,62,0.00,,6.7,2.3,0.24,0.40,1.0,0.0,6.6,5.1,4.4,65,72,68,60,59
2017-07-28 00:00,2215,52,51,0.00,62,0.00,,4.8,1.6,0.24,0.39,1.3,0.0,6.3,5.1,3.9,63,70,68,60,59
2017-07-28 01:00,2215,52,47,0.00,60,0.00,,5.1,2.8,0.23,0.35,0.7,0.0,7.2,5.1,3.9,61,68,68,60,59
2017-07-28 02:00,2215,49,47,0.00,68,0.00,,5.6,2.6,0.22,0.33,1.0,0.0,6.6,5.1,4.1,59,66,67,60,59
2017-07-28 03:00,2215,51,48,0.00,63,0.00,,5.2,2.2,0.22,0.35,0.9,0.0,6.8,5.1,3.9,57,64,67,60,59
2017-07-28 04:00,2215,48,46,0.00,64,0.84,,5.0,2.7,0.21,0.33,0.9,0.0,6.8,5.1,3.9,56,63,66,60,59
2017-07-28 05:00,2215,54,47,0.00,63,50.28,,5.1,2.0,0.21,0.34,0.9,0.0,7.0,5.1,3.3,55,62,66,61,59
2017-07-28 06:00,2215,64,54,0.00,57,288.10,,1.9,0.5,0.26,0.52,0.9,0.0,6.3,5.1,3.9,54,60,65,61,59
2017-07-28 07:00,2215,70,64,0.00,44,495.60,,3.6,1.4,0.25,0.65,0.9,0.0,6.5,5.1,3.6,53,60,65,61,59
2017-07-28 08:00,2215,73,70,0.00,32,682.30,,7.1,3.3,0.26,0.79,1.2,0.0,6.7,5.1,4.5,55,59,64,61,59
2017-07-28 09:00,2215,76,72,0.00,33,843.00,,10.2,3.1,0.25,0.88,1.2,0.0,6.7,5.1,3.9,56,60,64,61,59
2017-07-28 10:00,2215,77,75,0.00,24,956.00,,9.6,3.0,0.21,0.91,0.9,0.0,7.0,5.1,3.9,60,62,64,61,59
2017-07-28 11:00,2215,81,77,0.00,20,1028.00,,8.8,3.3,0.18,0.98,1.7,0.0,7.0,5.1,3.3,67,65,63,61,59
2017-07-28 12:00,2215,84,77,0.00,16,787.70,,15.4,3.8,0.17,1.06,2.2,0.0,6.3,5.1,4.8,77,71,63,61,59
2017-07-28 13:00,2215,80,77,0.00,16,345.40,,9.0,2.8,0.16,0.97,2.4,0.2,7.0,5.1,4.1,84,76,63,61,59
2017-07-28 14:00,2215,78,77,0.00,18,228.70,,8.0,2.2,0.19,0.95,2.4,0.4,7.0,5.1,3.6,83,78,63,61,59
2017-07-28 15:00,2215,84,78,0.00,20,698.50,,13.3,6.4,0.21,1.09,2.2,0.4,7.0,5.1,4.4,81,79,64,61,59
2017-07-28 16:00,2215,84,82,0.00,21,639.70,,16.2,7.3,0.24,1.14,2.2,0.4,6.7,5.1,3.6,83,79,64,61,59
2017-07-28 17:00,2215,83,71,0.00,19,158.90,,8.9,2.7,0.21,0.95,1.9,0.7,6.7,5.1,3.6,86,80,65,61,59
2017-07-28 18:00,2215,71,67,0.00,29,36.29,,7.2,2.3,0.22,0.71,2.5,0.4,6.7,5.1,3.6,85,80,65,61,59
2017-07-28 19:00,2215,67,66,0.00,32,2.94,,8.0,2.3,0.21,0.65,2.0,0.4,7.0,5.1,3.6,80,79,66,61,59
2017-07-28 20:00,2215,66,59,0.00,28,0.00,,7.4,2.4,0.19,0.59,2.2,0.5,6.7,5.1,3.9,76,77,66,61,59
2017-07-28 21:00,2215,60,55,0.00,40,0.00,,5.4,2.0,0.19,0.46,1.5,0.2,7.0,5.4,3.6,71,75,67,61,59
2017-07-28 22:00,2215,60,54,0.00,36,0.00,,5.3,2.0,0.19,0.45,1.1,0.3,6.8,5.1,3.6,68,73,67,61,59
2017-07-28 23:00,2215,56,54,0.00,47,0.00,,4.4,1.9,0.22,0.43,1.5,0.0,6.8,5.1,3.3,65,70,67,60,59
2017-07-29 00:00,2215,58,55,0.00,51,0.00,,5.6,2.2,0.23,0.45,1.7,0.1,6.8,5.1,3.9,63,69,67,61,59
2017-07-29 01:00,2215,55,54,0.00,54,0.00,,5.0,2.3,0.23,0.43,0.9,0.0,6.7,5.1,3.6,61,67,67,61,59
2017-07-29 02:00,2215,54,51,0.00,55,0.00,,5.6,1.9,0.23,0.41,0.9,0.0,7.0,5.1,3.9,60,65,66,60,59
2017-07-29 03:00,2215,51,50,0.00,57,0.00,,4.5,2.1,0.21,0.37,1.2,0.0,6.5,5.4,3.3,58,64,66,61,59
2017-07-29 04:00,2215,50,49,0.00,57,0.75,,4.4,2.2,0.21,0.36,1.0,0.0,6.5,5.1,4.1,57,63,65,61,59
2017-07-29 05:00,2215,56,49,0.00,57,40.92,,4.1,1.9,0.21,0.38,0.7,0.0,6.7,5.1,3.9,56,62,65,61,59
2017-07-29 06:00,2215,68,56,0.00,51,276.10,,2.8,0.7,0.25,0.56,0.9,0.0,6.7,4.8,4.1,55,61,65,61,59
2017-07-29 07:00,2215,69,68,0.00,38,485.10,,6.2,3.4,0.26,0.69,1.2,0.0,6.7,5.4,3.3,55,60,64,61,59
2017-07-29 08:00,2215,75,69,0.00,38,672.80,,7.8,3.8,0.27,0.77,1.0,0.0,6.7,5.1,3.9,56,60,64,61,59
2017-07-29 09:00,2215,78,75,0.00,30,837.00,,10.0,4.0,0.22,0.92,1.5,0.0,7.0,5.4,3.3,58,60,64,61,59
2017-07-29 10:00,2215,79,78,0.00,18,952.00,,11.9,5.1,0.19,0.97,1.5,0.0,6.3,5.1,3.6,62,62,63,61,59
2017-07-29 11:00,2215,81,79,0.00,20,1012.00,,15.3,5.9,0.17,1.02,2.2,0.1,6.3,5.1,3.6,69,66,63,61,59
2017-07-29 12:00,2215,85,79,0.00,15,1041.00,,13.3,4.6,0.14,1.07,1.8,0.0,6.3,5.1,3.6,79,71,63,61,59
2017-07-29 13:00,2215,85,80,0.00,11,761.50,,11.0,3.6,0.13,1.13,2.2,0.0,6.3,5.4,3.6,87,77,63,61,59
2017-07-29 14:00,2215,82,75,0.00,13,436.00,,16.5,5.7,0.18,1.02,2.4,0.7,7.0,5.4,3.6,92,81,63,61,59
2017-07-29 15:00,2215,75,57,0.23,27,49.34,,9.5,2.8,0.32,0.62,2.7,0.5,6.7,4.8,3.6,92,83,64,61,59
2017-07-29 16:00,2215,61,57,0.01,87,79.20,,7.3,2.5,0.40,0.51,2.0,0.4,6.7,5.4,3.6,85,83,65,61,59
2017-07-29 17:00,2215,62,60,0.00,73,66.76,,5.7,2.1,0.40,0.53,2.0,0.4,6.5,4.8,3.6,76,80,65,61,59
2017-07-29 18:00,2215,67,61,0.00,75,107.10,,4.7,1.7,0.40,0.60,2.2,0.0,7.0,5.4,4.4,71,77,66,61,59
2017-07-29 19:00,2215,61,56,0.00,67,2.56,,5.2,2.4,0.36,0.49,2.4,0.2,7.0,5.1,4.4,70,74,66,61,59
2017-07-29 20:00,2215,58,55,0.00,74,0.00,,6.3,2.3,0.32,0.45,2.7,0.0,7.0,5.4,3.9,66,72,67,60,59
2017-07-29 21:00,2215,56,54,0.00,74,0.00,,5.2,2.7,0.30,0.45,2.8,0.2,6.8,4.8,3.3,62,70,67,61,59
2017-07-29 22:00,2215,54,51,0.00,70,0.00,,5.3,2.6,0.29,0.41,3.0,0.0,6.8,5.1,3.3,60,67,66,61,59
2017-07-29 23:00,2215,52,49,0.00,76,0.00,,5.8,3.3,0.27,0.37,2.9,0.1,7.0,5.1,3.9,57,65,66,61,59
2017-07-30 00:00,2215,51,49,0.00,76,0.00,,6.7,2.2,0.27,0.37,2.7,0.1,7.0,5.4,4.4,55,64,66,61,59
2017-07-30 01:00,2215,51,49,0.00,73,0.00,,5.2,2.0,0.26,0.36,3.0,0.0,7.0,5.1,3.3,53,62,65,60,59
2017-07-30 02:00,2215,50,50,0.00,70,0.00,,4.3,1.8,0.26,0.36,3.1,0.0,6.5,5.4,3.9,52,60,65,61,59
2017-07-30 03:00,2215,52,49,0.00,68,0.00,,5.2,2.1,0.25,0.35,3.6,0.0,6.7,5.1,4.5,51,59,65,61,59
2017-07-30 04:00,2215,52,49,0.00,65,0.68,,5.9,3.0,0.26,0.37,3.1,0.0,6.7,5.4,3.3,50,58,64,61,59
2017-07-30 05:00,2215,55,50,0.00,71,37.94,,3.8,1.2,0.25,0.37,3.5,0.0,6.7,5.1,3.9,49,57,64,60,59
2017-07-30 06:00,2215,64,55,0.00,61,272.30,,3.5,0.8,0.30,0.50,3.1,0.0,7.0,5.1,3.6,48,56,63,61,59
2017-07-30 07:00,2215,69,64,0.00,45,478.90,,3.6,0.7,0.27,0.65,3.8,0.0,7.0,5.4,3.3,49,55,63,61,59
2017-07-30 08:00,2215,71,69,0.00,41,669.30,,6.1,2.4,0.28,0.73,4.0,0.0,6.5,5.1,3.3,50,55,62,61,59
2017-07-30 09:00,2215,77,71,0.00,33,850.00,,7.8,3.3,0.28,0.83,4.0,0.0,6.5,5.1,3.3,52,56,62,61,59
2017-07-30 10:00,2215,80,76,0.00,29,970.00,,9.3,3.4,0.23,0.96,4.7,0.0,6.5,5.1,3.9,58,59,61,61,59
2017-07-30 11:00,2215,80,79,0.00,19,1079.00,,9.0,2.9,0.16,1.02,5.0,0.2,6.5,5.1,4.8,67,64,61,61,59
2017-07-30 12:00,2215,82,79,0.00,20,887.00,,12.3,4.2,0.20,1.04,5.5,0.4,6.5,5.1,4.1,79,71,61,61,59
2017-07-30 13:00,2215,82,79,0.00,18,636.60,,9.8,3.2,0.19,1.02,5.8,0.5,6.5,4.5,3.6,87,78,61,61,59
2017-07-30 14:00,2215,82,78,0.00,16,523.40,,11.9,2.6,0.19,1.05,6.2,0.6,6.5,5.4,3.6,87,81,62,60,59
2017-07-30 15:00,2215,78,76,0.00,21,118.70,,11.3,2.8,0.20,0.94,7.0,1.3,6.3,5.1,3.6,91,84,62,60,59
2017-07-30 16:00,2215,76,71,0.00,26,94.70,,13.7,3.2,0.23,0.82,6.5,0.8,7.0,4.8,4.8,83,83,63,60,59
2017-07-30 17:00,2215,72,69,0.00,30,86.80,,7.4,1.2,0.27,0.74,6.6,0.6,6.7,5.4,3.6,78,80,64,60,59
2017-07-30 18:00,2215,71,64,0.00,37,28.50,,5.3,1.5,0.27,0.68,6.1,0.8,6.7,5.4,3.6,74,78,65,60,59
2017-07-30 19:00,2215,64,58,0.00,46,1.66,,5.0,2.2,0.27,0.56,6.0,0.5,6.5,4.8,3.6,70,75,65,60,59
2017-07-30 20:00,2215,59,58,0.00,52,0.00,,5.8,2.5,0.24,0.50,5.9,0.3,6.5,5.4,4.8,66,73,66,60,59
2017-07-30 21:00,2215,58,55,0.00,47,0.00,,5.6,2.4,0.23,0.47,5.9,0.5,6.3,4.8,3.6,63,70,66,60,59
2017-07-30 22:00,2215,56,54,0.00,53,0.00,,4.4,2.1,0.23,0.44,5.6,0.8,6.7,4.8,3.3,60,67,66,60,59
2017-07-30 23:00,2215,57,55,0.00,49,0.00,,4.5,1.8,0.22,0.45,5.5,0.5,6.7,4.8,3.6,58,65,65,60,59
2017-07-31 00:00,2215,55,53,0.00,52,0.00,,5.1,2.2,0.22,0.42,5.2,0.8,6.7,4.8,3.3,56,64,65,60,59
2017-07-31 01:00,2215,55,52,0.00,51,0.00,,4.6,2.3,0.22,0.41,5.0,0.1,6.7,5.4,3.6,54,62,65,60,59
2017-07-31 02:00,2215,55,53,0.00,50,0.00,,3.9,1.9,0.22,0.42,5.2,0.3,6.7,4.8,3.9,53,60,64,60,59
2017-07-31 03:00,2215,53,52,0.00,53,0.00,,5.1,1.8,0.22,0.40,4.9,0.3,6.7,5.4,4.1,52,59,64,60,59
2017-07-31 04:00,2215,53,51,0.00,55,0.63,,5.7,3.0,0.22,0.40,5.2,0.3,6.7,5.4,3.3,51,58,64,60,59
2017-07-31 05:00,2215,56,51,0.00,54,37.51,,5.2,2.4,0.22,0.39,5.0,0.1,7.0,5.1,3.9,50,57,63,60,59
2017-07-31 06:00,2215,67,56,0.00,56,267.20,,2.7,0.8,0.25,0.56,4.8,0.1,6.3,5.4,3.9,49,56,63,60,59
2017-07-31 07:00,2215,71,67,0.00,34,475.20,,4.3,1.6,0.25,0.70,4.8,0.1,6.5,5.4,3.3,50,56,63,60,59
2017-07-31 08:00,2215,75,71,0.00,30,664.30,,7.1,3.6,0.24,0.79,5.2,0.1,6.5,4.8,4.1,51,56,62,60,59
2017-07-31 09:00,2215,79,75,0.00,26,824.00,,6.4,2.0,0.24,0.96,5.2,0.0,6.5,4.8,3.9,53,57,61,60,59
2017-07-31 10:00,2215,82,79,0.00,24,932.00,,8.8,2.8,0.23,1.04,5.2,0.1,6.5,5.1,4.1,58,60,61,60,59
2017-07-31 11:00,2215,83,77,0.00,22,516.70,,10.7,3.2,0.24,1.05,5.7,0.6,6.8,4.8,3.6,68,66,61,60,59
2017-07-31 12:00,2215,84,77,0.00,25,698.10,,11.6,4.2,0.22,1.00,6.2,0.8,6.8,5.4,4.8,76,72,61,60,59
2017-07-31 13:00,2215,84,79,0.00,19,497.80,,8.0,3.0,0.22,1.05,6.1,1.3,6.5,4.8,4.3,79,75,61,60,59
2017-07-31 14:00,2215,82,78,0.00,19,438.30,,10.7,3.5,0.22,1.03,6.5,1.2,6.5,5.4,3.9,82,78,61,60,59
2017-07-31 15:00,2215,85,79,0.00,22,772.20,,8.5,2.7,0.20,1.12,6.5,0.8,6.5,5.4,4.3,83,80,62,60,59
2017-07-31 16:00,2215,85,79,0.00,17,420.00,,17.6,5.5,0.21,1.09,6.6,0.9,6.3,5.4,4.5,89,81,63,60,59
2017-07-31 17:00,2215,83,77,0.00,19,133.90,,10.3,2.3,0.21,1.01,6.8,1.4,7.0,4.8,3.9,88,82,64,60,59
2017-07-31 18:00,2215,77,73,0.00,22,36.98,,13.6,3.9,0.21,0.88,6.6,1.2,6.7,5.6,3.9,83,82,64,60,59
2017-07-31 19:00,2215,73,69,0.00,24,0.68,,6.4,2.7,0.21,0.77,6.5,0.9,6.7,5.0,3.9,78,79,65,60,59
2017-07-31 20:00,2215,69,61,0.00,31,0.00,,4.6,2.2,0.22,0.65,6.3,0.8,7.0,4.8,3.6,74,76,65,60,59
2017-07-31 21:00,2215,64,61,0.00,41,0.00,,7.1,3.2,0.22,0.56,6.4,1.4,7.0,5.4,4.5,70,74,66,60,59
2017-07-31 22:00,2215,63,60,0.00,38,0.00,,6.9,2.7,0.21,0.56,5.9,0.7,6.7,4.8,3.9,66,71,66,60,59
2017-07-31 23:00,2215,60,58,0.00,40,0.00,,4.4,1.6,0.21,0.50,5.6,0.9,7.0,4.8,4.3,64,69,66,60,59
