Date,Station Id,Air Temperature Maximum (degF),Air Temperature Minimum (degF),Precipitation Increment (in),Relative Humidity (pct),Solar Radiation Average (watt/m2),Solar Radiation/langley Total (langley),Wind Speed Maximum (mph),Wind Speed Average (mph),Vapor Pressure - Partial (inch_Hg),Vapor Pressure - Saturated (inch_Hg),Soil Moisture Percent -2in (pct),Soil Moisture Percent -4in (pct),Soil Moisture Percent -8in (pct),Soil Moisture Percent -20in (pct),Soil Moisture Percent -40in (pct),Soil Temperature Observed -2in (degF),Soil Temperature Observed -4in (degF),Soil Temperature Observed -8in (degF),Soil Temperature Observed -20in (degF),Soil Temperature Observed -40in (degF)
2017-01-01 00:00,2184,54,51,0.08,91,0.00,,10.5,5.1,0.35,0.39,16.7,23.3,22.7,11.6,9.6,54,56,58,61,69
2017-01-01 01:00,2184,54,51,0.05,83,0.00,,14.8,7.0,0.35,0.40,21.6,27.6,22.7,11.3,9.6,53,55,57,61,68
2017-01-01 02:00,2184,52,50,0.01,89,0.00,,24.7,16.8,0.32,0.38,21.8,29.2,23.0,11.3,9.6,53,54,57,61,68
2017-01-01 03:00,2184,51,50,0.00,81,0.00,,17.7,12.9,0.30,0.37,20.9,28.5,23.0,11.3,9.6,52,54,57,61,68
2017-01-01 04:00,2184,51,50,0.00,76,0.01,,19.0,10.9,0.28,0.37,20.0,27.5,22.7,11.3,10.0,51,53,57,61,68
2017-01-01 05:00,2184,50,49,0.00,79,0.00,,11.0,7.5,0.28,0.35,19.8,26.5,22.6,11.3,10.0,50,52,56,61,68
2017-01-01 06:00,2184,49,47,0.00,79,2.36,,11.3,8.1,0.27,0.34,19.5,25.7,22.9,11.3,9.6,49,51,56,61,68
2017-01-01 07:00,2184,50,47,0.00,84,125.60,,10.7,7.5,0.28,0.35,19.1,24.9,22.9,11.8,9.6,48,50,56,61,68
2017-01-01 08:00,2184,51,50,0.00,80,231.80,,13.4,10.1,0.28,0.37,19.3,24.6,23.1,11.8,9.6,49,50,55,61,68
2017-01-01 09:00,2184,54,51,0.00,74,421.70,,11.5,8.8,0.29,0.39,19.2,24.4,23.1,11.3,9.6,51,51,55,61,68
2017-01-01 10:00,2184,56,54,0.00,72,515.20,,12.8,9.1,0.30,0.43,19.1,23.9,22.5,11.3,9.6,55,53,54,61,68
2017-01-01 11:00,2184,58,56,0.00,73,569.60,,14.2,8.7,0.30,0.47,19.6,23.4,22.5,11.3,9.6,58,56,54,61,68
2017-01-01 12:00,2184,60,58,0.00,63,564.50,,10.2,5.3,0.30,0.50,19.7,23.6,22.7,11.3,9.6,61,58,55,61,68
2017-01-01 13:00,2184,61,60,0.00,58,477.40,,8.5,4.6,0.30,0.53,19.8,23.4,23.0,11.3,9.6,64,60,55,61,68
2017-01-01 14:00,2184,62,61,0.00,52,345.40,,7.3,3.9,0.29,0.54,19.6,23.1,23.1,11.3,9.6,66,62,56,61,68
2017-01-01 15:00,2184,63,62,0.00,52,193.20,,7.8,3.5,0.30,0.57,19.4,22.9,23.5,11.3,9.6,65,62,57,61,68
2017-01-01 16:00,2184,62,59,0.00,55,27.26,,8.7,5.5,0.30,0.53,18.9,22.8,23.6,11.3,9.6,64,62,57,61,68
2017-01-01 17:00,2184,59,56,0.00,61,0.09,,10.1,5.6,0.30,0.49,18.8,21.8,22.8,11.8,9.6,60,60,58,61,68
2017-01-01 18:00,2184,58,56,0.00,65,0.01,,10.6,5.9,0.28,0.46,18.1,21.6,23.4,11.8,9.6,57,58,58,61,68
2017-01-01 19:00,2184,56,54,0.00,62,0.01,,7.9,5.1,0.28,0.43,18.1,21.3,23.2,11.8,9.6,55,56,58,61,68
2017-01-01 20:00,2184,55,53,0.00,65,0.00,,11.3,5.9,0.27,0.42,18.1,20.9,23.9,11.8,9.6,53,55,58,61,68
2017-01-01 21:00,2184,54,53,0.00,72,0.00,,12.6,6.1,0.28,0.41,17.7,20.9,23.4,11.8,9.6,52,53,58,61,68
2017-01-01 22:00,2184,53,52,0.00,66,0.00,,19.4,11.9,0.26,0.41,17.5,20.5,23.4,11.6,9.6,51,52,57,61,68
2017-01-01 23:00,2184,53,52,0.00,67,0.00,,15.9,8.6,0.26,0.40,17.5,20.0,23.7,11.6,9.6,50,52,57,61,68
2017-01-02 00:00,2184,54,51,0.00,64,0.00,,18.2,10.0,0.26,0.40,17.1,20.3,23.6,11.6,9.6,50,51,56,61,68
2017-01-02 01:00,2184,52,50,0.00,68,0.00,,10.8,7.6,0.26,0.38,17.3,20.0,23.8,11.6,9.6,49,51,56,61,68
2017-01-02 02:00,2184,51,51,0.00,69,0.00,,13.4,8.4,0.26,0.38,17.3,20.0,23.8,11.6,9.6,49,51,55,61,68
2017-01-02 03:00,2184,52,50,0.00,70,0.00,,11.4,8.0,0.26,0.38,16.9,19.4,23.8,11.6,9.6,49,50,55,61,68
2017-01-02 04:00,2184,52,51,0.00,72,0.00,,12.9,7.4,0.27,0.38,16.7,19.4,24.1,11.6,9.8,49,50,55,61,68
2017-01-02 05:00,2184,51,50,0.00,73,0.00,,10.3,6.8,0.28,0.37,16.6,19.2,24.1,11.6,9.6,49,50,54,61,68
2017-01-02 06:00,2184,50,50,0.00,82,1.29,,10.8,7.8,0.30,0.36,16.7,19.6,24.2,11.6,9.6,49,50,54,61,68
2017-01-02 07:00,2184,52,50,0.00,84,42.33,,13.0,9.2,0.30,0.37,16.7,19.4,24.0,11.6,9.6,49,50,54,61,68
2017-01-02 08:00,2184,54,52,0.00,77,139.10,,13.7,10.4,0.30,0.40,16.7,19.1,23.1,11.6,9.8,49,50,54,61,68
2017-01-02 09:00,2184,54,54,0.00,73,149.50,,11.8,8.4,0.32,0.42,16.6,19.3,23.1,11.6,9.6,51,51,53,61,68
2017-01-02 10:00,2184,55,54,0.00,77,169.30,,13.6,10.1,0.32,0.43,16.7,19.1,23.9,11.6,9.6,52,52,53,61,68
2017-01-02 11:00,2184,57,55,0.00,72,210.90,,13.6,10.3,0.32,0.45,16.6,19.1,23.1,11.6,9.8,53,53,53,61,68
2017-01-02 12:00,2184,58,57,0.00,69,150.60,,12.2,7.9,0.30,0.48,16.5,19.0,24.0,11.6,9.8,55,54,53,61,68
2017-01-02 13:00,2184,58,58,0.00,57,92.80,,12.0,7.6,0.27,0.48,16.8,19.1,23.8,11.6,9.8,56,55,54,61,68
2017-01-02 14:00,2184,58,57,0.00,58,88.70,,10.0,6.5,0.29,0.48,16.1,18.9,23.8,11.6,9.8,55,55,54,61,68
2017-01-02 15:00,2184,57,56,0.00,62,68.90,,8.4,5.0,0.30,0.47,16.4,18.5,23.5,11.6,9.8,55,55,54,61,68
2017-01-02 16:00,2184,56,55,0.00,67,13.23,,5.8,4.0,0.31,0.45,16.3,18.8,24.0,11.8,9.6,55,55,55,61,68
2017-01-02 17:00,2184,55,53,0.00,70,0.04,,5.3,4.1,0.30,0.43,16.0,19.0,23.9,11.6,9.8,54,54,55,61,68
2017-01-02 18:00,2184,53,52,0.00,72,0.01,,5.5,2.9,0.30,0.40,15.8,18.5,23.9,11.8,9.8,52,53,55,61,68
2017-01-02 19:00,2184,54,52,0.00,75,0.01,,5.9,3.1,0.29,0.41,15.8,18.5,24.0,11.6,9.8,51,52,55,61,68
2017-01-02 20:00,2184,52,49,0.00,74,0.00,,7.3,4.6,0.30,0.37,15.6,18.1,23.9,11.8,9.6,50,51,55,61,68
2017-01-02 21:00,2184,50,48,0.00,80,0.00,,4.7,2.2,0.29,0.35,15.5,17.9,24.0,11.8,9.6,49,51,54,61,68
2017-01-02 22:00,2184,49,48,0.00,89,0.00,,5.0,3.1,0.30,0.34,15.3,18.0,24.0,11.6,9.8,48,50,54,61,68
2017-01-02 23:00,2184,48,47,0.00,90,0.00,,4.3,2.4,0.30,0.33,15.1,17.7,23.8,11.6,9.6,47,49,54,61,68
2017-01-03 00:00,2184,47,46,0.00,93,0.00,,3.9,2.8,0.30,0.32,15.2,17.4,23.9,11.8,9.8,47,48,53,61,68
2017-01-03 01:00,2184,46,45,0.00,94,0.00,,5.9,2.1,0.30,0.31,14.9,17.6,23.9,11.8,9.6,46,48,53,61,68
2017-01-03 02:00,2184,45,44,0.00,96,0.00,,4.6,2.1,0.28,0.30,15.0,17.8,23.3,11.8,9.8,45,47,53,61,68
2017-01-03 03:00,2184,44,43,0.00,96,0.00,,5.0,2.4,0.28,0.29,14.8,17.6,23.6,11.8,9.8,45,47,52,61,68
2017-01-03 04:00,2184,45,43,0.00,97,0.00,,3.3,1.6,0.28,0.29,15.0,17.4,23.6,11.8,9.8,44,46,52,60,68
2017-01-03 05:00,2184,46,45,0.00,98,0.00,,3.8,2.0,0.29,0.30,15.0,17.2,23.8,11.8,9.8,44,46,51,60,68
2017-01-03 06:00,2184,46,43,0.00,97,2.16,,2.5,1.0,0.29,0.30,15.3,17.2,23.8,11.8,9.8,44,46,51,60,68
2017-01-03 07:00,2184,44,43,0.00,98,45.63,,1.8,0.3,0.28,0.28,15.0,17.1,23.5,11.8,9.8,44,46,51,60,68
2017-01-03 08:00,2184,48,44,0.00,98,170.40,,4.1,1.4,0.30,0.31,14.9,17.1,23.5,11.3,9.8,45,46,51,60,68
2017-01-03 09:00,2184,51,48,0.00,94,268.10,,2.7,0.9,0.32,0.35,15.2,17.3,23.7,11.3,9.8,47,47,50,60,68
2017-01-03 10:00,2184,55,51,0.00,85,339.20,,3.2,0.8,0.33,0.40,15.3,17.2,23.7,11.3,9.8,51,49,50,60,68
2017-01-03 11:00,2184,56,55,0.00,80,304.20,,6.0,2.8,0.35,0.44,15.8,17.2,23.7,11.3,9.8,54,52,50,60,68
2017-01-03 12:00,2184,57,55,0.00,75,213.70,,9.8,4.1,0.35,0.46,16.1,17.7,23.5,11.3,9.8,57,55,51,60,68
2017-01-03 13:00,2184,56,55,0.00,83,219.90,,9.8,5.5,0.36,0.45,15.6,17.6,23.8,11.3,9.8,58,56,51,60,68
2017-01-03 14:00,2184,57,56,0.00,78,184.30,,6.6,4.2,0.35,0.46,15.3,17.6,23.6,11.3,9.8,58,57,52,60,68
2017-01-03 15:00,2184,57,57,0.00,74,82.80,,4.3,2.0,0.35,0.47,15.1,17.6,24.1,11.3,9.8,58,57,53,60,68
2017-01-03 16:00,2184,57,56,0.00,74,14.97,,2.3,0.9,0.36,0.46,15.2,17.7,24.0,11.6,9.8,57,57,53,60,68
2017-01-03 17:00,2184,56,53,0.00,79,0.02,,3.0,1.7,0.36,0.43,14.8,17.4,24.1,11.6,9.8,56,56,54,60,68
2017-01-03 18:00,2184,53,52,0.00,89,0.00,,2.7,1.4,0.36,0.40,15.0,17.6,23.8,11.6,9.8,54,55,54,60,68
2017-01-03 19:00,2184,52,51,0.00,90,0.00,,3.5,1.6,0.34,0.38,14.8,17.7,23.8,11.6,9.8,53,54,54,60,68
2017-01-03 20:00,2184,51,49,0.00,90,0.01,,2.6,1.3,0.33,0.37,14.8,17.1,24.3,11.6,9.8,51,53,54,60,68
2017-01-03 21:00,2184,49,49,0.00,93,0.00,,3.0,1.3,0.33,0.35,14.5,16.9,24.0,11.6,9.8,50,52,54,60,68
2017-01-03 22:00,2184,49,48,0.00,94,0.00,,4.5,2.1,0.32,0.34,14.5,16.8,24.0,11.6,9.8,49,51,54,60,68
2017-01-03 23:00,2184,48,47,0.00,95,0.00,,4.8,2.3,0.31,0.33,14.7,16.5,24.1,11.6,9.8,49,50,54,60,68
2017-01-04 00:00,2184,47,45,0.00,95,0.00,,3.6,1.5,0.30,0.31,14.6,16.6,24.1,11.6,9.8,47,49,53,60,68
2017-01-04 01:00,2184,45,44,0.00,96,0.00,,3.8,2.6,0.28,0.30,14.3,16.3,24.0,11.6,9.8,46,48,53,60,68
2017-01-04 02:00,2184,44,43,0.00,97,0.00,,4.7,2.1,0.27,0.28,14.0,16.3,23.8,11.6,9.8,45,47,53,60,68
2017-01-04 03:00,2184,43,42,0.00,97,0.00,,3.6,2.0,0.27,0.27,14.2,16.3,23.8,11.6,9.8,45,47,52,60,68
2017-01-04 04:00,2184,42,41,0.00,98,0.00,,5.6,3.2,0.26,0.27,14.1,16.4,24.0,11.6,9.8,44,46,52,60,68
2017-01-04 05:00,2184,42,41,0.00,98,0.00,,4.3,1.8,0.25,0.26,14.1,16.5,23.7,11.6,9.8,43,45,51,60,68
2017-01-04 06:00,2184,41,40,0.00,98,3.69,,4.2,1.6,0.25,0.25,14.3,16.3,24.0,11.6,9.8,42,45,51,60,68
2017-01-04 07:00,2184,44,40,0.00,98,98.80,,2.7,0.9,0.25,0.25,13.9,16.1,23.5,11.6,9.8,42,44,51,60,68
2017-01-04 08:00,2184,45,44,0.00,97,257.60,,5.0,1.5,0.27,0.29,14.3,16.1,23.4,11.6,9.8,43,44,50,60,68
2017-01-04 09:00,2184,48,44,0.00,92,355.80,,4.0,1.4,0.29,0.32,14.0,16.1,23.6,11.6,9.8,46,46,50,60,68
2017-01-04 10:00,2184,54,48,0.00,90,486.10,,4.7,1.8,0.32,0.36,14.8,16.6,23.6,11.6,9.8,51,48,50,60,68
2017-01-04 11:00,2184,57,54,0.01,85,538.00,,5.5,2.8,0.35,0.43,14.9,16.7,23.6,11.6,9.8,56,52,50,60,68
2017-01-04 12:00,2184,60,57,0.00,76,418.70,,9.3,4.5,0.35,0.48,15.3,17.2,23.4,11.8,9.8,60,56,50,60,68
2017-01-04 13:00,2184,62,60,0.00,67,477.20,,8.2,4.7,0.35,0.54,14.9,17.3,23.5,11.6,9.8,63,58,51,60,68
2017-01-04 14:00,2184,63,62,0.00,60,309.50,,9.6,5.9,0.34,0.57,15.4,17.6,23.7,11.6,9.8,65,60,52,59,68
2017-01-04 15:00,2184,64,63,0.00,60,137.90,,9.8,6.7,0.35,0.59,15.1,17.4,23.6,11.8,9.8,65,61,53,59,68
2017-01-04 16:00,2184,63,59,0.00,58,27.14,,9.8,5.2,0.32,0.57,14.8,17.4,23.5,11.8,9.8,63,60,54,59,68
2017-01-04 17:00,2184,60,57,0.00,65,0.09,,6.8,2.8,0.32,0.50,14.7,17.3,23.9,11.6,9.8,60,59,55,59,68
2017-01-04 18:00,2184,57,54,0.00,72,0.01,,5.9,3.5,0.33,0.45,14.0,16.9,24.1,11.8,9.8,57,57,56,59,68
2017-01-04 19:00,2184,54,52,0.00,81,0.00,,3.7,1.7,0.33,0.40,13.7,16.8,24.1,11.6,9.8,55,56,56,59,68
2017-01-04 20:00,2184,53,51,0.00,84,0.00,,4.1,1.2,0.33,0.38,14.2,16.8,24.3,11.2,9.8,53,54,56,59,68
2017-01-04 21:00,2184,52,51,0.00,88,0.00,,3.0,0.8,0.32,0.38,13.7,16.5,24.3,11.6,9.8,52,53,56,59,68
2017-01-04 22:00,2184,52,50,0.00,85,0.00,,3.2,1.9,0.32,0.37,14.1,16.5,24.0,10.9,9.8,51,52,55,59,68
2017-01-04 23:00,2184,50,47,0.00,87,0.00,,5.7,3.5,0.30,0.33,13.9,16.3,24.2,10.9,9.8,49,51,55,59,68
2017-01-05 00:00,2184,48,46,0.00,95,0.00,,5.7,3.0,0.31,0.32,13.8,16.0,24.4,11.6,9.8,49,50,55,59,68
2017-01-05 01:00,2184,48,47,0.00,93,0.00,,3.6,1.3,0.31,0.33,13.1,16.4,23.6,11.6,9.8,48,50,54,60,68
2017-01-05 02:00,2184,47,45,0.00,93,0.00,,3.6,1.6,0.30,0.32,13.7,16.0,23.8,11.6,9.8,47,49,54,60,68
2017-01-05 03:00,2184,46,45,0.00,94,0.00,,5.9,3.1,0.28,0.30,13.6,16.3,23.6,11.6,9.8,47,49,53,60,67
2017-01-05 04:00,2184,47,44,0.00,94,0.00,,5.9,3.4,0.29,0.32,13.6,15.9,23.6,11.6,9.8,46,48,53,60,67
2017-01-05 05:00,2184,45,44,0.00,94,0.00,,6.1,3.7,0.28,0.30,13.5,15.7,23.7,11.6,9.8,46,47,53,60,68
2017-01-05 06:00,2184,45,43,0.00,96,3.21,,5.8,2.8,0.28,0.29,12.9,15.8,24.0,11.6,9.8,45,47,52,60,68
2017-01-05 07:00,2184,47,43,0.00,96,101.80,,5.9,3.8,0.28,0.30,13.0,15.4,23.4,11.6,9.8,45,46,52,60,67
2017-01-05 08:00,2184,52,47,0.00,93,263.80,,5.1,2.3,0.31,0.35,13.3,15.4,23.4,11.6,9.2,46,46,52,60,67
2017-01-05 09:00,2184,56,52,0.00,82,405.50,,4.0,2.1,0.32,0.40,13.9,15.9,23.1,11.6,9.2,49,48,51,60,67
2017-01-05 10:00,2184,58,56,0.00,75,510.30,,3.9,1.6,0.35,0.47,14.0,16.4,23.1,11.6,9.8,55,51,51,60,67
2017-01-05 11:00,2184,60,58,0.00,74,556.80,,8.0,4.5,0.36,0.50,14.3,16.6,23.7,11.6,9.8,60,55,51,60,67
2017-01-05 12:00,2184,63,60,0.00,72,539.80,,6.7,3.6,0.37,0.54,14.9,17.0,23.4,11.6,9.8,65,59,52,60,67
2017-01-05 13:00,2184,65,63,0.00,64,468.20,,5.6,2.9,0.38,0.60,14.8,17.1,24.0,11.8,9.8,69,62,53,60,67
2017-01-05 14:00,2184,65,65,0.00,62,347.20,,6.2,3.7,0.38,0.62,14.6,17.5,24.1,11.6,9.8,70,64,54,59,67
2017-01-05 15:00,2184,66,65,0.00,61,181.50,,7.0,5.1,0.39,0.63,14.5,17.4,24.2,11.8,9.8,70,65,55,59,67
2017-01-05 16:00,2184,65,62,0.00,64,28.70,,6.0,3.7,0.41,0.59,14.4,17.3,24.4,11.8,9.8,68,65,57,59,67
2017-01-05 17:00,2184,65,62,0.00,75,0.14,,11.5,3.9,0.40,0.58,14.0,16.9,23.9,11.6,9.8,64,63,58,59,67
2017-01-05 18:00,2184,67,64,0.00,60,0.03,,11.0,3.7,0.35,0.63,13.6,16.9,24.5,11.6,9.8,61,61,58,59,67
2017-01-05 19:00,2184,68,65,0.00,54,0.04,,13.5,6.6,0.33,0.66,13.6,16.8,24.5,11.6,9.8,59,60,58,59,67
2017-01-05 20:00,2184,65,63,0.00,52,0.04,,8.5,3.9,0.32,0.61,13.3,16.4,24.7,11.6,9.2,58,58,58,59,67
2017-01-05 21:00,2184,64,58,0.00,52,0.04,,6.5,3.7,0.32,0.54,13.3,16.2,23.9,11.6,9.2,56,57,58,60,67
2017-01-05 22:00,2184,60,55,0.00,62,0.01,,8.6,4.2,0.32,0.48,13.3,16.5,24.1,11.6,9.2,55,56,58,60,67
2017-01-05 23:00,2184,58,54,0.00,75,0.01,,10.3,6.0,0.32,0.43,12.8,15.9,23.9,11.6,9.8,54,55,58,60,67
2017-01-06 00:00,2184,59,57,0.00,66,0.00,,14.9,10.9,0.31,0.48,13.1,15.7,24.1,11.6,9.8,52,54,57,60,67
2017-01-06 01:00,2184,60,58,0.00,62,0.01,,21.9,11.6,0.28,0.50,13.1,15.8,23.2,11.3,9.2,52,54,57,60,67
2017-01-06 02:00,2184,59,58,0.00,47,0.02,,29.2,18.9,0.22,0.51,13.1,15.6,23.4,11.3,9.2,52,53,57,60,67
2017-01-06 03:00,2184,59,54,0.00,40,0.01,,20.2,12.2,0.21,0.47,13.1,15.9,23.7,11.3,9.2,53,53,56,60,67
2017-01-06 04:00,2184,54,53,0.00,48,0.00,,16.6,8.8,0.18,0.42,13.3,15.5,23.7,11.3,9.2,53,53,56,60,67
2017-01-06 05:00,2184,54,52,0.00,37,0.00,,15.3,8.4,0.15,0.40,13.3,15.5,23.7,11.3,9.8,51,52,56,60,67
2017-01-06 06:00,2184,53,47,0.00,34,3.50,,11.1,6.3,0.15,0.36,12.8,15.4,23.9,11.3,9.8,51,51,56,60,67
2017-01-06 07:00,2184,48,47,0.00,40,107.60,,14.4,10.4,0.13,0.33,12.8,15.2,23.3,11.8,9.4,49,50,55,60,67
2017-01-06 08:00,2184,52,48,0.00,37,283.90,,14.4,9.3,0.12,0.36,12.8,15.4,23.6,11.3,9.4,49,49,55,60,67
2017-01-06 09:00,2184,55,52,0.00,27,445.40,,16.8,11.5,0.10,0.41,12.8,15.6,23.0,11.3,9.4,50,50,55,60,67
2017-01-06 10:00,2184,55,54,0.00,23,537.80,,21.2,14.8,0.10,0.43,13.5,15.7,23.3,11.3,9.4,53,52,54,60,67
2017-01-06 11:00,2184,55,54,0.00,24,588.70,,19.2,14.2,0.10,0.43,13.2,15.8,23.3,11.8,9.4,56,55,54,60,67
2017-01-06 12:00,2184,55,55,0.00,24,605.10,,20.5,15.6,0.11,0.43,13.6,15.8,23.3,11.3,9.4,59,57,54,60,67
2017-01-06 13:00,2184,56,55,0.00,24,502.90,,17.2,10.5,0.11,0.45,13.4,16.2,23.8,11.8,9.4,61,59,55,60,67
2017-01-06 14:00,2184,57,56,0.00,23,365.10,,13.6,8.8,0.12,0.46,13.9,16.1,23.9,11.8,9.4,63,60,55,60,67
2017-01-06 15:00,2184,58,57,0.00,24,207.20,,12.6,7.6,0.11,0.48,13.7,16.1,23.9,11.8,9.4,63,61,56,60,67
2017-01-06 16:00,2184,57,54,0.00,23,36.77,,12.2,7.5,0.11,0.46,13.4,16.2,23.7,11.8,9.4,62,60,56,60,67
2017-01-06 17:00,2184,54,53,0.00,27,0.10,,10.9,4.7,0.12,0.41,13.3,15.7,23.7,11.8,9.4,59,58,57,60,67
2017-01-06 18:00,2184,54,49,0.00,27,0.00,,7.9,3.5,0.13,0.39,12.6,15.6,23.4,11.6,9.4,56,56,57,60,67
2017-01-06 19:00,2184,49,46,0.00,45,0.00,,8.1,5.0,0.16,0.33,12.5,15.5,23.7,11.6,9.4,53,54,57,60,67
2017-01-06 20:00,2184,46,43,0.00,52,0.00,,5.6,2.6,0.17,0.30,12.5,15.1,23.7,11.8,9.4,51,52,57,60,67
2017-01-06 21:00,2184,43,42,0.00,63,0.00,,7.2,2.7,0.17,0.27,12.1,15.3,23.4,11.6,9.4,49,50,57,60,67
2017-01-06 22:00,2184,42,40,0.00,61,0.00,,7.4,3.7,0.16,0.26,12.6,14.8,23.9,11.6,9.4,47,49,56,60,67
2017-01-06 23:00,2184,42,40,0.00,67,0.00,,6.7,3.0,0.16,0.26,12.0,15.0,23.3,11.6,9.4,46,47,55,60,67
2017-01-07 00:00,2184,41,40,0.00,61,0.00,,7.9,5.1,0.15,0.25,11.8,14.4,23.3,11.6,9.4,45,46,55,60,67
2017-01-07 01:00,2184,41,39,0.00,61,0.00,,10.6,8.1,0.15,0.25,12.3,14.6,23.5,11.6,9.4,44,45,54,60,67
2017-01-07 02:00,2184,42,38,0.00,65,0.00,,10.4,3.7,0.16,0.25,11.8,14.3,23.4,11.6,9.4,43,44,53,60,67
2017-01-07 03:00,2184,38,36,0.00,81,0.00,,6.2,2.7,0.18,0.22,12.3,14.3,23.0,11.6,9.4,42,44,53,60,67
2017-01-07 04:00,2184,41,38,0.00,72,0.00,,7.2,3.2,0.16,0.23,12.1,13.9,23.5,11.6,9.4,41,43,52,60,67
2017-01-07 05:00,2184,41,40,0.00,60,0.00,,7.6,4.2,0.16,0.25,11.5,14.1,23.0,11.6,9.4,41,42,52,60,67
2017-01-07 06:00,2184,41,40,0.00,65,2.04,,5.7,3.3,0.18,0.25,11.5,14.1,23.1,11.6,9.4,42,43,51,60,67
2017-01-07 07:00,2184,43,41,0.00,69,37.62,,7.8,2.6,0.18,0.27,12.3,14.1,22.9,11.6,9.4,42,43,51,60,67
2017-01-07 08:00,2184,44,42,0.00,69,73.28,,7.2,3.0,0.19,0.27,12.1,14.0,22.9,11.6,9.4,43,44,50,60,67
2017-01-07 09:00,2184,47,44,0.00,72,205.50,,4.1,1.6,0.19,0.30,12.3,14.3,22.3,11.6,9.4,44,45,50,60,67
2017-01-07 10:00,2184,48,47,0.00,56,162.60,,4.0,0.9,0.18,0.33,12.2,14.2,23.3,11.6,9.4,46,46,50,60,67
2017-01-07 11:00,2184,51,47,0.00,52,255.20,,3.7,1.8,0.17,0.35,12.3,14.7,22.5,11.8,9.4,49,48,49,60,67
2017-01-07 12:00,2184,52,51,0.00,45,294.80,,4.3,1.7,0.16,0.38,12.3,14.7,22.6,11.6,9.4,51,50,50,60,67
2017-01-07 13:00,2184,54,52,0.00,41,243.90,,3.3,0.9,0.14,0.40,12.8,15.2,23.0,11.8,9.4,54,52,50,60,67
2017-01-07 14:00,2184,56,54,0.00,33,245.70,,3.3,1.1,0.14,0.43,12.6,15.2,22.9,11.8,9.4,55,54,51,60,67
2017-01-07 15:00,2184,56,53,0.00,33,116.30,,4.7,2.0,0.14,0.43,13.0,15.4,22.9,11.3,9.4,56,55,51,60,67
2017-01-07 16:00,2184,53,51,0.00,40,24.41,,3.3,2.0,0.18,0.41,12.9,15.2,22.9,11.3,9.4,56,54,52,59,67
2017-01-07 17:00,2184,51,50,0.00,56,0.04,,5.2,3.4,0.22,0.38,12.5,15.4,23.3,11.3,9.4,54,53,52,59,67
2017-01-07 18:00,2184,50,49,0.00,60,0.00,,4.2,2.2,0.23,0.35,12.6,14.9,23.0,11.3,9.4,52,52,53,59,67
2017-01-07 19:00,2184,49,48,0.00,65,0.00,,5.3,3.1,0.22,0.35,12.0,14.7,23.3,11.3,9.4,51,51,53,59,67
2017-01-07 20:00,2184,48,47,0.00,67,0.00,,4.8,3.2,0.23,0.34,12.1,14.5,23.0,11.3,9.4,50,50,53,59,67
2017-01-07 21:00,2184,47,46,0.00,74,0.00,,6.4,3.5,0.24,0.32,12.2,14.7,23.3,11.3,9.4,49,50,53,59,67
2017-01-07 22:00,2184,47,45,0.00,74,0.00,,6.0,4.0,0.23,0.31,12.2,14.9,23.4,11.3,9.4,48,49,52,59,67
2017-01-07 23:00,2184,46,44,0.00,80,0.00,,6.2,4.0,0.24,0.31,12.1,14.6,23.4,11.6,9.4,47,48,52,59,67
2017-01-08 00:00,2184,48,44,0.00,81,0.00,,13.2,9.8,0.22,0.31,11.8,14.4,22.9,11.6,9.4,47,47,52,59,67
2017-01-08 01:00,2184,48,46,0.00,62,0.00,,10.8,5.2,0.22,0.33,11.8,14.0,23.2,11.6,9.4,46,47,52,59,67
2017-01-08 02:00,2184,46,45,0.00,77,0.00,,5.0,2.9,0.24,0.31,11.8,14.0,23.1,11.6,9.4,47,47,51,59,67
2017-01-08 03:00,2184,45,42,0.00,79,0.00,,5.0,2.9,0.23,0.29,11.5,14.2,22.6,11.6,9.4,46,47,51,59,67
2017-01-08 04:00,2184,43,42,0.00,86,0.05,,3.7,2.0,0.23,0.27,11.9,14.0,22.6,11.6,9.4,45,46,51,59,67
2017-01-08 05:00,2184,43,41,0.00,82,0.00,,3.4,0.7,0.23,0.27,11.4,13.9,22.9,11.6,9.4,44,45,51,59,67
2017-01-08 06:00,2184,42,41,0.00,86,2.83,,5.7,3.2,0.22,0.27,11.4,14.1,23.0,11.6,9.4,44,45,51,59,67
2017-01-08 07:00,2184,44,42,0.00,84,56.27,,2.9,0.9,0.23,0.28,11.7,13.8,22.2,11.6,9.4,43,44,50,59,67
2017-01-08 08:00,2184,46,44,0.00,82,110.10,,4.4,2.3,0.24,0.29,11.4,13.8,22.7,11.6,9.7,44,44,50,59,67
2017-01-08 09:00,2184,51,46,0.00,81,261.20,,3.2,1.2,0.25,0.35,11.7,14.1,22.9,11.8,9.4,45,45,50,59,67
2017-01-08 10:00,2184,52,51,0.00,65,281.40,,3.7,1.3,0.23,0.38,12.0,14.7,22.7,11.6,9.4,48,48,49,59,67
2017-01-08 11:00,2184,56,52,0.00,58,404.50,,4.1,2.1,0.22,0.41,12.2,14.7,22.7,11.6,9.7,51,50,49,59,67
2017-01-08 12:00,2184,59,56,0.00,48,491.10,,3.4,1.3,0.22,0.48,12.2,14.9,22.9,11.8,9.4,54,53,50,59,67
2017-01-08 13:00,2184,65,59,0.00,40,469.70,,3.2,0.9,0.19,0.53,12.8,15.2,22.4,11.6,9.4,58,56,50,58,67
2017-01-08 14:00,2184,65,63,0.00,30,453.30,,4.1,1.4,0.19,0.60,13.2,15.6,22.5,11.6,9.4,62,59,51,58,67
2017-01-08 15:00,2184,64,63,0.00,33,248.40,,4.0,2.2,0.20,0.59,13.4,15.8,22.6,11.8,9.4,65,61,52,58,67
2017-01-08 16:00,2184,63,60,0.00,37,44.55,,4.6,2.6,0.23,0.56,12.9,15.6,22.9,10.9,9.4,65,61,53,58,67
2017-01-08 17:00,2184,60,56,0.00,49,0.13,,3.8,2.0,0.26,0.49,12.9,15.5,22.7,11.8,9.4,62,60,54,58,67
2017-01-08 18:00,2184,56,55,0.00,66,0.01,,2.3,1.1,0.28,0.45,12.7,15.1,23.1,10.9,9.4,59,58,55,58,67
2017-01-08 19:00,2184,55,52,0.00,59,0.00,,2.8,0.6,0.27,0.41,12.4,14.8,23.4,10.9,9.4,56,56,55,58,67
2017-01-08 20:00,2184,53,49,0.00,67,0.00,,4.0,1.4,0.27,0.38,12.4,14.7,22.8,11.6,9.4,54,54,55,58,67
2017-01-08 21:00,2184,49,48,0.00,82,0.00,,4.3,1.7,0.28,0.34,11.7,14.5,22.9,11.1,9.4,52,53,55,58,67
2017-01-08 22:00,2184,48,47,0.00,85,0.00,,4.5,2.2,0.28,0.33,11.5,14.3,23.0,11.1,9.4,51,52,55,58,67
2017-01-08 23:00,2184,48,47,0.00,84,0.00,,10.7,3.3,0.28,0.32,12.1,14.4,23.3,10.9,9.4,50,51,55,58,67
2017-01-09 00:00,2184,47,47,0.00,84,0.00,,7.2,2.6,0.27,0.32,11.6,14.2,23.0,11.6,9.4,49,50,54,58,67
2017-01-09 01:00,2184,49,47,0.00,84,0.00,,12.2,5.8,0.27,0.33,11.9,14.3,23.0,11.6,9.4,48,49,54,59,67
2017-01-09 02:00,2184,48,47,0.00,82,0.00,,4.6,2.4,0.28,0.33,11.5,14.2,23.2,11.6,9.4,48,49,54,59,67
2017-01-09 03:00,2184,48,46,0.00,84,0.00,,9.0,3.9,0.28,0.33,11.5,14.2,22.6,11.6,9.4,48,49,53,59,67
2017-01-09 04:00,2184,47,46,0.00,88,0.00,,6.7,3.8,0.28,0.32,11.9,14.2,22.6,11.6,9.4,48,49,53,59,67
2017-01-09 05:00,2184,48,47,0.00,88,0.00,,4.0,1.9,0.28,0.33,11.2,14.3,22.9,11.6,9.4,48,49,53,59,67
2017-01-09 06:00,2184,48,47,0.00,82,0.69,,5.0,2.8,0.28,0.33,11.6,14.3,22.9,11.6,9.4,48,49,52,59,67
2017-01-09 07:00,2184,48,47,0.00,85,21.04,,4.2,1.7,0.29,0.33,11.6,14.3,22.6,11.6,9.4,48,49,52,59,67
2017-01-09 08:00,2184,54,48,0.00,88,58.51,,18.0,10.2,0.29,0.36,11.5,14.3,22.6,11.6,9.4,48,49,52,59,67
2017-01-09 09:00,2184,57,54,0.00,66,139.90,,12.0,6.5,0.28,0.44,11.4,14.2,22.7,11.6,9.4,49,49,52,59,67
2017-01-09 10:00,2184,55,54,0.00,68,79.72,,6.9,2.7,0.29,0.43,11.7,14.5,22.7,11.8,9.6,51,51,52,59,67
2017-01-09 11:00,2184,60,54,0.00,74,323.40,,6.5,3.3,0.31,0.44,12.1,14.3,22.7,11.6,9.4,52,52,52,59,67
2017-01-09 12:00,2184,62,60,0.00,56,377.30,,5.2,2.2,0.29,0.53,12.3,14.7,22.6,11.8,9.4,54,53,52,59,67
2017-01-09 13:00,2184,66,60,0.00,57,470.20,,8.2,3.8,0.30,0.56,12.3,14.8,22.6,11.6,9.6,58,57,52,59,67
2017-01-09 14:00,2184,68,66,0.00,49,309.20,,7.4,3.8,0.30,0.67,12.6,15.5,22.9,11.6,9.4,62,60,53,59,67
2017-01-09 15:00,2184,68,65,0.00,43,99.60,,6.5,4.0,0.33,0.65,12.9,15.2,22.7,11.6,9.4,64,62,54,59,67
2017-01-09 16:00,2184,65,62,0.00,57,32.35,,8.1,4.0,0.35,0.60,12.4,15.1,23.2,11.6,9.7,63,61,54,59,67
2017-01-09 17:00,2184,62,58,0.00,62,0.14,,6.9,4.4,0.34,0.52,12.4,15.1,22.8,11.6,9.7,61,60,55,59,67
2017-01-09 18:00,2184,58,56,0.00,68,0.02,,5.4,3.3,0.33,0.48,12.2,14.9,22.5,11.6,9.7,58,58,56,59,67
2017-01-09 19:00,2184,57,54,0.00,74,0.01,,5.1,2.3,0.33,0.45,12.6,14.6,23.1,11.6,9.4,56,56,56,59,67
2017-01-09 20:00,2184,54,51,0.00,76,0.00,,6.1,3.5,0.32,0.40,12.0,14.7,23.1,11.6,9.4,54,55,56,59,67
2017-01-09 21:00,2184,51,50,0.00,86,0.00,,5.8,3.0,0.32,0.37,12.0,14.4,22.8,11.6,9.4,53,54,56,59,67
2017-01-09 22:00,2184,51,51,0.00,88,0.00,,7.9,4.1,0.33,0.37,12.0,14.3,22.8,11.6,9.4,51,53,56,59,67
2017-01-09 23:00,2184,51,49,0.00,89,0.00,,4.7,2.5,0.33,0.36,12.0,14.4,23.0,11.6,9.6,51,52,56,59,67
2017-01-10 00:00,2184,51,50,0.00,89,0.00,,3.6,1.6,0.32,0.37,12.1,14.0,22.5,11.6,9.6,51,52,55,59,67
2017-01-10 01:00,2184,50,49,0.00,89,0.00,,6.2,3.5,0.32,0.36,11.5,14.4,23.0,11.3,9.6,50,51,55,59,67
2017-01-10 02:00,2184,49,48,0.00,90,0.00,,7.2,2.6,0.31,0.35,11.6,14.5,22.7,11.3,9.6,50,51,55,59,67
2017-01-10 03:00,2184,49,45,0.00,90,0.00,,4.1,1.8,0.30,0.33,11.5,14.2,22.4,11.3,9.6,49,50,54,59,67
2017-01-10 04:00,2184,45,44,0.00,94,0.00,,3.7,1.0,0.28,0.30,11.6,14.4,22.4,11.3,9.4,49,50,54,59,67
2017-01-10 05:00,2184,45,43,0.00,96,0.00,,4.3,1.2,0.27,0.29,11.6,14.2,22.6,11.3,9.6,47,49,54,59,67
2017-01-10 06:00,2184,43,42,0.00,97,3.56,,4.5,2.9,0.27,0.27,11.4,14.1,22.9,11.3,9.6,46,47,53,59,67
2017-01-10 07:00,2184,45,42,0.00,98,81.80,,3.4,0.9,0.27,0.27,11.2,13.9,22.0,11.3,9.6,45,47,53,59,67
2017-01-10 08:00,2184,50,45,0.00,98,248.90,,4.1,1.8,0.30,0.32,11.4,14.0,22.0,11.3,9.6,45,46,52,59,67
2017-01-10 09:00,2184,55,50,0.00,94,363.30,,2.7,1.0,0.34,0.40,11.9,14.3,22.5,11.3,9.6,48,48,52,59,67
2017-01-10 10:00,2184,59,55,0.00,79,443.10,,3.9,1.0,0.34,0.47,12.1,14.4,22.5,11.3,9.6,52,51,52,59,67
2017-01-10 11:00,2184,61,58,0.00,67,558.60,,6.6,3.2,0.34,0.50,12.3,14.7,22.4,11.3,9.6,57,55,52,59,67
2017-01-10 12:00,2184,64,61,0.00,63,543.70,,7.0,2.1,0.33,0.56,12.6,14.9,22.5,11.3,9.6,61,58,52,59,66
2017-01-10 13:00,2184,65,64,0.00,54,448.70,,6.2,3.3,0.30,0.61,12.9,15.8,22.0,11.3,9.6,66,62,53,59,66
2017-01-10 14:00,2184,67,65,0.00,46,367.00,,7.6,3.2,0.27,0.64,12.7,15.4,22.9,11.3,9.6,68,64,54,59,67
2017-01-10 15:00,2184,67,66,0.00,40,189.40,,7.1,3.9,0.25,0.66,12.8,15.7,23.0,11.3,9.6,69,65,55,59,66
2017-01-10 16:00,2184,66,63,0.00,39,29.54,,5.2,2.9,0.27,0.62,12.6,15.5,23.0,11.3,9.6,67,64,56,59,66
2017-01-10 17:00,2184,64,62,0.00,50,0.14,,5.5,3.2,0.27,0.58,12.6,15.4,23.1,11.3,9.6,64,62,57,59,66
2017-01-10 18:00,2184,64,57,0.00,40,0.03,,4.8,1.9,0.27,0.53,12.3,15.1,22.9,11.3,9.9,61,60,58,59,66
2017-01-10 19:00,2184,60,56,0.00,68,0.01,,7.4,2.0,0.30,0.48,12.2,14.9,22.9,11.3,9.9,59,59,58,59,66
2017-01-10 20:00,2184,60,57,0.00,50,0.01,,6.3,2.5,0.27,0.50,12.1,14.6,23.2,11.7,9.6,57,57,58,59,66
2017-01-10 21:00,2184,57,54,0.00,63,0.01,,5.9,3.5,0.31,0.44,11.9,14.9,22.9,11.3,9.9,56,57,58,59,66
2017-01-10 22:00,2184,55,53,0.00,71,0.00,,2.6,0.8,0.30,0.42,12.1,14.7,23.2,11.7,9.6,55,56,58,59,66
2017-01-10 23:00,2184,53,51,0.00,79,0.00,,6.6,3.2,0.31,0.40,11.9,14.7,22.1,11.8,9.6,54,55,57,59,66
2017-01-11 00:00,2184,54,51,0.00,73,0.00,,4.9,1.4,0.30,0.40,11.6,14.4,22.6,11.8,9.6,53,54,57,59,66
2017-01-11 01:00,2184,54,51,0.00,80,0.00,,5.5,2.2,0.30,0.39,11.6,14.2,22.5,11.8,9.6,52,53,57,60,66
2017-01-11 02:00,2184,51,48,0.00,81,0.00,,3.6,1.5,0.30,0.36,11.8,14.0,22.8,11.6,9.9,51,52,57,60,66
2017-01-11 03:00,2184,51,48,0.00,78,0.00,,5.2,2.2,0.29,0.36,11.4,13.8,22.5,11.6,9.6,51,52,56,60,66
2017-01-11 04:00,2184,49,48,0.00,86,0.00,,4.3,1.5,0.29,0.34,11.6,14.0,22.7,11.6,9.6,50,51,56,60,66
2017-01-11 05:00,2184,48,47,0.00,85,0.00,,5.1,1.9,0.29,0.33,11.4,13.8,22.7,11.6,9.6,49,51,56,60,66
2017-01-11 06:00,2184,48,47,0.00,88,2.16,,6.7,3.4,0.29,0.33,11.6,13.9,22.9,11.6,9.9,49,50,55,60,66
2017-01-11 07:00,2184,48,47,0.00,85,45.85,,9.6,2.1,0.29,0.33,11.0,13.7,22.3,11.6,9.9,48,49,55,60,66
2017-01-11 08:00,2184,56,48,0.00,86,228.10,,4.3,1.6,0.30,0.36,11.0,13.9,22.3,11.6,9.6,48,49,54,60,66
2017-01-11 09:00,2184,60,56,0.00,72,397.60,,9.2,6.3,0.31,0.48,11.4,13.9,22.1,11.6,9.9,49,50,54,60,66
2017-01-11 10:00,2184,65,60,0.00,57,535.90,,10.3,6.6,0.30,0.57,11.7,14.2,22.7,11.6,9.9,54,53,54,60,66
2017-01-11 11:00,2184,67,65,0.00,46,587.30,,8.6,4.1,0.28,0.64,12.1,14.6,22.1,11.6,9.9,59,57,54,60,66
2017-01-11 12:00,2184,71,67,0.00,42,578.60,,10.1,4.1,0.27,0.71,12.8,15.1,22.6,11.6,9.9,65,61,54,60,66
2017-01-11 13:00,2184,72,71,0.00,37,538.90,,20.3,9.1,0.27,0.79,12.4,15.5,22.3,11.6,9.9,69,65,55,60,66
2017-01-11 14:00,2184,72,71,0.00,35,376.60,,18.8,12.8,0.28,0.79,13.1,15.3,22.7,11.6,9.9,72,68,56,60,66
2017-01-11 15:00,2184,71,70,0.00,37,210.80,,19.8,14.0,0.28,0.76,12.9,15.6,22.6,11.6,9.9,72,69,57,60,66
2017-01-11 16:00,2184,70,67,0.00,38,42.13,,19.3,14.0,0.29,0.71,12.8,15.5,22.9,11.6,9.9,71,67,58,60,66
2017-01-11 17:00,2184,67,64,0.00,47,0.36,,10.9,4.1,0.31,0.64,12.3,15.5,23.0,11.6,9.6,67,66,59,60,66
2017-01-11 18:00,2184,64,62,0.00,53,0.04,,7.9,4.6,0.32,0.58,12.5,15.0,22.8,11.6,9.6,64,64,60,60,66
2017-01-11 19:00,2184,64,62,0.00,50,0.02,,11.1,5.0,0.30,0.59,12.0,15.1,22.8,11.6,9.6,61,62,60,60,66
2017-01-11 20:00,2184,62,58,0.00,53,0.03,,6.7,3.4,0.30,0.52,11.6,14.6,23.0,11.6,9.6,59,60,60,60,66
2017-01-11 21:00,2184,61,58,0.00,59,0.01,,7.9,5.2,0.29,0.51,11.5,14.8,23.0,11.4,9.6,58,58,60,60,66
2017-01-11 22:00,2184,60,55,0.00,56,0.01,,7.1,3.6,0.29,0.49,11.9,14.6,22.7,11.4,9.6,57,58,60,60,66
2017-01-11 23:00,2184,58,56,0.00,60,0.02,,7.9,5.5,0.28,0.47,11.5,14.5,22.9,11.4,9.6,56,57,60,60,66
2017-01-12 00:00,2184,59,56,0.00,54,0.01,,7.0,2.8,0.26,0.48,11.2,14.2,22.4,11.8,9.6,55,56,59,60,66
2017-01-12 01:00,2184,58,55,0.00,53,0.01,,5.7,2.8,0.27,0.47,11.4,14.1,22.6,11.1,9.6,54,55,59,60,66
2017-01-12 02:00,2184,55,53,0.00,64,0.01,,6.4,2.8,0.29,0.42,11.7,14.2,22.6,11.8,9.9,54,55,58,60,66
2017-01-12 03:00,2184,55,53,0.00,71,0.01,,5.2,2.0,0.29,0.42,11.2,13.8,22.3,11.6,9.6,53,54,58,60,66
2017-01-12 04:00,2184,54,53,0.00,66,0.00,,5.3,2.9,0.29,0.41,11.2,14.3,22.5,11.2,9.5,53,54,58,61,66
2017-01-12 05:00,2184,54,52,0.00,64,0.00,,5.3,2.8,0.27,0.41,11.5,14.1,22.5,11.2,9.9,52,53,57,61,66
2017-01-12 06:00,2184,53,51,0.00,62,1.35,,7.0,3.1,0.26,0.40,11.2,13.9,22.0,11.6,9.6,51,53,57,61,66
2017-01-12 07:00,2184,54,51,0.00,71,43.41,,6.3,3.2,0.27,0.40,11.2,14.0,22.2,11.2,9.6,51,52,57,61,66
2017-01-12 08:00,2184,59,54,0.00,65,194.00,,12.1,6.2,0.27,0.44,11.2,14.0,22.6,11.2,9.6,51,52,56,61,66
2017-01-12 09:00,2184,62,59,0.00,50,276.20,,10.8,8.3,0.25,0.53,11.7,14.1,21.8,11.2,9.6,53,53,56,61,66
2017-01-12 10:00,2184,63,62,0.00,41,192.30,,11.4,8.3,0.24,0.56,11.7,14.2,21.8,11.2,9.6,56,56,56,61,66
2017-01-12 11:00,2184,64,63,0.00,42,165.10,,18.4,10.4,0.24,0.59,12.0,14.3,21.8,11.2,9.2,58,57,56,61,66
2017-01-12 12:00,2184,64,63,0.00,38,169.30,,18.3,13.0,0.23,0.59,11.7,14.6,22.8,11.2,9.5,59,58,56,61,66
2017-01-12 13:00,2184,63,63,0.00,39,109.80,,14.9,7.3,0.24,0.58,11.6,14.8,22.8,11.1,9.2,60,60,56,61,66
2017-01-12 14:00,2184,63,62,0.00,42,78.88,,10.0,6.5,0.25,0.58,11.7,14.8,22.6,11.2,9.5,60,60,57,61,66
2017-01-12 15:00,2184,62,62,0.00,46,43.89,,10.0,6.3,0.27,0.56,11.8,14.3,22.6,11.2,9.6,60,60,57,61,66
2017-01-12 16:00,2184,62,60,0.00,50,9.30,,10.3,5.3,0.29,0.55,11.5,14.6,22.4,11.2,9.6,60,60,58,61,66
2017-01-12 17:00,2184,61,59,0.00,59,0.06,,7.1,4.4,0.31,0.53,12.0,14.3,22.0,11.2,9.6,59,59,58,61,66
2017-01-12 18:00,2184,60,57,0.00,60,0.03,,4.9,3.4,0.32,0.50,11.5,14.0,23.2,11.2,9.2,58,58,58,61,66
2017-01-12 19:00,2184,57,57,0.00,67,0.01,,5.0,3.5,0.32,0.47,11.3,14.1,22.0,11.1,9.9,57,58,58,61,66
2017-01-12 20:00,2184,57,56,0.00,67,0.00,,4.2,2.6,0.32,0.47,11.5,14.2,22.0,11.1,9.6,57,57,58,61,66
2017-01-12 21:00,2184,57,56,0.00,70,0.01,,3.0,1.8,0.32,0.46,11.1,14.4,22.4,11.1,9.6,56,57,58,61,66
2017-01-12 22:00,2184,57,55,0.00,68,0.01,,3.2,1.4,0.33,0.45,11.2,14.0,22.0,11.1,9.5,55,56,58,61,66
2017-01-12 23:00,2184,55,55,0.00,77,0.01,,3.6,1.3,0.34,0.44,10.8,14.2,22.6,11.7,9.5,55,56,58,61,66
2017-01-13 00:00,2184,55,54,0.00,77,0.00,,4.7,2.9,0.33,0.43,11.4,13.9,22.6,11.7,9.6,54,55,57,61,66
2017-01-13 01:00,2184,54,54,0.00,84,0.00,,4.8,2.8,0.34,0.42,11.6,13.8,22.6,11.7,9.5,54,55,57,61,66
2017-01-13 02:00,2184,54,53,0.00,83,0.01,,3.6,1.2,0.34,0.41,10.9,14.1,22.3,11.7,9.6,53,54,57,61,66
2017-01-13 03:00,2184,53,52,0.00,86,0.00,,3.8,2.2,0.34,0.40,10.8,13.9,22.5,11.7,9.9,53,54,57,61,66
2017-01-13 04:00,2184,53,52,0.00,84,0.00,,4.0,2.7,0.34,0.40,11.1,13.9,22.3,11.7,9.9,52,54,57,61,66
2017-01-13 05:00,2184,53,52,0.00,86,0.00,,9.7,5.9,0.34,0.40,11.1,13.9,22.5,11.7,9.9,52,53,56,61,66
2017-01-13 06:00,2184,53,53,0.00,82,1.44,,13.5,10.2,0.33,0.40,11.0,13.9,22.7,11.7,9.6,52,53,56,61,66
2017-01-13 07:00,2184,56,52,0.00,83,49.43,,16.7,12.2,0.33,0.41,10.9,14.1,22.7,11.7,9.2,52,53,56,61,66
2017-01-13 08:00,2184,59,56,0.00,75,239.60,,20.2,15.7,0.33,0.46,10.9,13.7,22.2,11.7,9.5,52,53,56,61,66
2017-01-13 09:00,2184,60,59,0.00,66,415.10,,23.2,16.2,0.33,0.50,11.1,14.1,22.2,11.7,9.9,54,54,56,61,66
2017-01-13 10:00,2184,60,58,0.00,63,278.20,,26.0,19.0,0.33,0.50,11.5,14.4,22.2,11.7,9.6,58,57,56,61,66
2017-01-13 11:00,2184,60,59,0.00,65,357.00,,22.7,17.9,0.32,0.51,11.8,14.6,22.2,11.7,9.9,60,59,56,61,66
2017-01-13 12:00,2184,62,60,0.00,59,468.60,,22.1,17.6,0.31,0.53,11.8,14.6,21.9,11.7,9.9,62,60,56,61,66
2017-01-13 13:00,2184,62,61,0.00,56,383.00,,22.9,17.4,0.32,0.55,12.0,14.8,22.0,11.7,9.5,64,62,57,61,66
2017-01-13 14:00,2184,61,59,0.00,57,226.90,,22.9,18.2,0.31,0.53,11.8,15.0,22.6,11.7,9.9,65,64,57,61,66
2017-01-13 15:00,2184,61,59,0.00,60,212.40,,21.5,16.9,0.31,0.53,11.8,14.6,22.3,11.7,9.5,64,63,58,61,66
2017-01-13 16:00,2184,59,56,0.00,61,31.47,,22.2,16.0,0.30,0.49,11.8,14.6,22.6,11.7,9.5,63,62,58,61,66
2017-01-13 17:00,2184,56,55,0.00,66,0.23,,25.4,16.0,0.30,0.45,11.7,14.5,22.5,11.7,9.6,60,61,59,61,66
2017-01-13 18:00,2184,56,55,0.00,68,0.01,,24.8,17.3,0.30,0.44,11.5,14.6,22.5,11.7,9.9,58,59,59,61,66
2017-01-13 19:00,2184,55,54,0.00,69,0.02,,21.6,16.4,0.30,0.43,10.7,14.0,22.5,11.7,9.6,56,58,59,61,66
2017-01-13 20:00,2184,55,53,0.00,70,0.01,,21.7,16.7,0.30,0.43,11.0,14.0,22.6,11.7,9.9,55,56,59,61,66
2017-01-13 21:00,2184,53,52,0.00,73,0.00,,21.0,15.5,0.29,0.40,10.7,14.1,22.3,11.7,9.6,54,56,58,61,66
2017-01-13 22:00,2184,53,52,0.00,72,0.00,,21.3,15.6,0.29,0.40,10.7,13.7,22.3,11.7,9.2,53,55,58,61,66
2017-01-13 23:00,2184,53,52,0.00,74,0.00,,20.6,16.1,0.29,0.40,11.0,13.7,22.6,11.4,9.6,52,54,58,61,66
2017-01-14 00:00,2184,53,52,0.00,73,0.00,,21.2,15.2,0.29,0.40,11.0,13.9,21.8,11.4,9.6,52,53,57,61,66
2017-01-14 01:00,2184,52,51,0.00,75,0.01,,19.2,14.8,0.29,0.38,11.0,13.3,22.0,11.4,9.6,52,53,57,61,66
2017-01-14 02:00,2184,51,51,0.00,76,0.01,,18.6,14.9,0.29,0.38,10.7,13.5,22.2,11.4,9.6,51,53,57,61,66
2017-01-14 03:00,2184,52,51,0.00,76,0.01,,18.6,14.0,0.29,0.38,11.0,14.0,22.2,11.4,9.6,50,52,57,61,66
2017-01-14 04:00,2184,52,51,0.00,74,0.00,,18.1,14.2,0.29,0.38,11.0,13.8,21.9,11.4,9.6,50,52,56,61,66
2017-01-14 05:00,2184,51,50,0.00,77,0.00,,16.9,12.2,0.29,0.36,10.9,13.8,21.9,11.5,9.9,50,52,56,61,66
2017-01-14 06:00,2184,54,50,0.00,81,3.75,,17.4,13.0,0.29,0.39,10.9,13.8,22.2,11.4,9.5,50,51,56,61,66
2017-01-14 07:00,2184,55,52,0.00,67,72.73,,18.6,14.7,0.28,0.40,10.9,13.4,22.2,11.4,9.9,50,51,55,61,66
2017-01-14 08:00,2184,58,54,0.00,63,257.10,,20.9,17.1,0.27,0.45,10.7,13.8,21.6,11.4,9.9,51,51,55,61,66
2017-01-14 09:00,2184,63,58,0.00,55,441.40,,25.3,17.5,0.26,0.51,10.7,13.5,21.6,11.4,9.9,54,53,55,61,66
2017-01-14 10:00,2184,65,63,0.00,42,557.10,,29.5,23.0,0.24,0.60,11.4,14.0,21.6,11.4,9.5,58,56,55,61,66
2017-01-14 11:00,2184,66,64,0.00,37,576.40,,29.9,24.0,0.23,0.62,11.8,14.4,21.6,11.4,9.9,63,59,55,61,66
2017-01-14 12:00,2184,67,66,0.00,36,637.90,,31.5,22.7,0.23,0.66,12.1,14.6,22.2,11.4,9.9,66,63,56,61,66
2017-01-14 13:00,2184,67,65,0.00,35,186.00,,25.7,20.0,0.25,0.64,11.8,15.1,22.2,11.4,9.9,69,65,56,61,66
2017-01-14 14:00,2184,65,65,0.00,40,119.60,,23.2,17.7,0.25,0.61,11.5,15.1,22.0,11.4,9.6,68,66,57,61,66
2017-01-14 15:00,2184,65,62,0.00,43,169.80,,19.3,13.3,0.30,0.58,11.3,14.6,22.3,11.4,9.5,65,64,58,61,66
2017-01-14 16:00,2184,63,62,0.00,52,19.22,,19.3,10.3,0.30,0.57,11.7,14.9,22.1,11.4,9.9,65,64,59,61,66
2017-01-14 17:00,2184,62,59,0.00,58,0.18,,14.2,9.1,0.32,0.53,11.3,14.6,22.5,11.4,9.9,63,63,59,61,66
2017-01-14 18:00,2184,60,58,0.00,62,0.03,,10.1,7.3,0.31,0.51,11.2,14.3,22.5,11.4,9.9,60,61,60,61,66
2017-01-14 19:00,2184,58,55,0.00,64,0.02,,8.8,6.8,0.30,0.47,10.9,14.2,22.5,11.4,9.9,58,60,60,61,66
2017-01-14 20:00,2184,55,54,0.00,67,0.01,,9.7,7.7,0.29,0.43,10.9,14.0,21.9,11.4,9.5,56,58,60,61,66
2017-01-14 21:00,2184,55,54,0.00,67,0.01,,13.8,9.9,0.29,0.43,11.1,14.0,22.4,11.4,9.9,55,57,59,61,66
2017-01-14 22:00,2184,55,54,0.00,66,0.02,,13.2,10.0,0.28,0.43,11.1,13.7,22.3,11.4,9.9,54,56,59,61,66
2017-01-14 23:00,2184,56,54,0.00,63,0.00,,14.2,9.4,0.28,0.44,10.7,13.5,21.5,11.4,9.9,54,55,58,61,66
2017-01-15 00:00,2184,55,53,0.00,65,0.01,,9.9,6.3,0.29,0.42,10.9,13.7,22.1,11.9,9.9,53,55,58,61,66
2017-01-15 01:00,2184,57,54,0.00,66,0.00,,13.0,9.4,0.28,0.44,10.6,13.8,22.0,11.9,9.9,52,54,58,61,66
2017-01-15 02:00,2184,56,55,0.00,62,0.01,,11.1,7.1,0.28,0.45,10.9,13.8,22.3,11.7,9.9,52,54,58,61,66
2017-01-15 03:00,2184,56,55,0.00,62,0.01,,8.4,4.5,0.28,0.44,10.7,13.8,21.7,11.7,9.6,53,54,57,61,66
2017-01-15 04:00,2184,55,53,0.00,62,0.01,,10.0,7.3,0.27,0.43,10.7,13.8,22.2,11.7,9.6,53,54,57,61,66
2017-01-15 05:00,2184,54,51,0.00,67,0.01,,8.4,5.8,0.28,0.40,10.7,13.8,21.9,11.7,9.9,53,54,57,61,66
2017-01-15 06:00,2184,55,51,0.00,68,2.75,,11.7,6.7,0.25,0.40,10.6,13.6,22.2,11.7,9.6,52,53,57,61,66
2017-01-15 07:00,2184,56,55,0.00,57,112.90,,11.5,8.6,0.25,0.43,10.4,13.4,22.2,11.7,9.5,51,53,56,61,66
2017-01-15 08:00,2184,60,55,0.00,59,283.20,,8.4,3.8,0.25,0.48,10.4,13.8,21.7,11.7,9.9,52,53,56,61,66
2017-01-15 09:00,2184,64,60,0.00,46,435.80,,16.6,9.2,0.22,0.55,10.6,13.7,21.9,11.7,9.5,56,54,56,61,66
2017-01-15 10:00,2184,65,64,0.00,36,509.50,,13.5,9.3,0.21,0.60,11.0,14.2,21.6,11.7,9.5,61,58,56,61,66
2017-01-15 11:00,2184,67,65,0.00,33,584.50,,12.9,8.6,0.20,0.65,11.8,14.1,21.9,11.7,9.5,66,62,56,61,66
2017-01-15 12:00,2184,67,67,0.00,30,527.30,,13.8,9.1,0.20,0.66,11.6,14.6,21.7,11.7,9.5,70,65,57,61,66
2017-01-15 13:00,2184,68,67,0.00,30,423.00,,11.9,7.4,0.20,0.68,12.1,15.0,22.0,11.7,9.5,72,67,58,61,66
2017-01-15 14:00,2184,68,67,0.00,29,342.30,,11.6,6.9,0.20,0.68,11.8,15.0,21.8,11.7,9.9,73,69,59,61,66
2017-01-15 15:00,2184,68,67,0.00,29,157.80,,9.4,6.3,0.20,0.68,12.2,15.0,22.4,11.7,9.5,72,69,60,61,66
2017-01-15 16:00,2184,67,64,0.00,32,33.57,,5.5,4.1,0.22,0.63,11.5,15.1,22.8,11.7,9.5,70,68,61,61,66
2017-01-15 17:00,2184,64,59,0.00,38,0.24,,6.7,4.4,0.24,0.54,11.5,14.8,22.2,11.7,9.9,66,66,61,61,66
2017-01-15 18:00,2184,59,56,0.00,48,0.01,,7.4,6.0,0.24,0.49,11.0,14.3,22.0,11.7,9.9,62,63,62,61,66
2017-01-15 19:00,2184,56,56,0.00,52,0.01,,6.4,4.2,0.24,0.45,10.5,14.1,22.3,11.7,9.9,59,61,62,61,66
2017-01-15 20:00,2184,56,51,0.00,53,0.00,,4.9,3.4,0.24,0.43,10.5,13.8,22.5,11.7,9.9,57,59,62,61,66
2017-01-15 21:00,2184,53,51,0.00,66,0.00,,6.0,4.7,0.25,0.39,10.8,13.7,22.3,11.7,9.5,55,58,61,61,66
2017-01-15 22:00,2184,51,50,0.00,65,0.00,,5.6,2.9,0.25,0.37,10.6,13.4,22.5,11.7,9.9,54,56,60,61,66
2017-01-15 23:00,2184,51,50,0.00,69,0.00,,4.7,2.8,0.24,0.36,10.3,13.6,21.8,11.7,9.5,52,55,60,62,66
2017-01-16 00:00,2184,50,47,0.00,67,0.00,,5.7,3.7,0.25,0.34,10.3,13.4,22.1,11.4,9.5,51,54,60,62,66
2017-01-16 01:00,2184,49,46,0.00,78,0.00,,6.7,2.9,0.25,0.32,9.9,13.4,21.8,11.4,9.9,50,53,59,62,66
2017-01-16 02:00,2184,49,46,0.00,72,0.00,,8.2,3.8,0.25,0.32,9.9,13.2,22.0,11.4,9.9,49,52,58,62,66
2017-01-16 03:00,2184,48,45,0.00,80,0.00,,7.3,5.1,0.24,0.32,10.1,13.2,21.4,11.4,9.9,48,51,58,62,66
2017-01-16 04:00,2184,46,44,0.00,78,0.00,,5.9,4.3,0.24,0.30,10.1,13.3,21.9,11.4,9.9,47,50,57,62,66
2017-01-16 05:00,2184,47,44,0.00,84,0.00,,8.4,5.3,0.24,0.30,9.6,13.3,21.4,11.2,9.6,46,49,57,62,66
2017-01-16 06:00,2184,46,44,0.00,76,4.66,,6.4,3.8,0.24,0.30,9.9,12.9,21.5,11.9,9.5,46,48,56,62,66
2017-01-16 07:00,2184,49,46,0.00,77,126.90,,8.9,5.9,0.24,0.32,9.4,12.7,22.0,12.1,9.9,45,48,56,62,66
2017-01-16 08:00,2184,55,49,0.00,68,270.80,,14.5,8.1,0.24,0.39,9.8,12.9,21.5,12.1,9.5,47,48,55,62,66
2017-01-16 09:00,2184,60,55,0.00,57,456.10,,17.0,10.6,0.22,0.47,10.6,13.2,21.7,12.1,9.5,51,50,55,62,66
2017-01-16 10:00,2184,64,60,0.00,36,576.80,,17.0,7.3,0.19,0.55,11.2,13.4,21.7,12.1,9.5,56,54,54,62,66
2017-01-16 11:00,2184,64,62,0.00,30,565.80,,21.2,14.5,0.17,0.57,11.0,14.0,21.7,12.1,9.5,63,58,54,62,66
2017-01-16 12:00,2184,63,62,0.00,28,529.10,,18.9,13.3,0.17,0.57,11.4,14.1,21.5,11.4,9.6,66,62,55,62,66
2017-01-16 13:00,2184,63,62,0.00,30,483.30,,18.6,10.5,0.17,0.58,11.3,14.3,21.8,11.4,9.5,68,64,56,62,66
2017-01-16 14:00,2184,64,63,0.00,30,345.10,,14.6,8.6,0.17,0.58,11.3,15.0,21.4,11.4,9.5,69,65,57,62,66
2017-01-16 15:00,2184,64,63,0.00,29,237.00,,14.4,8.5,0.17,0.59,11.3,15.0,21.7,11.4,9.5,68,66,58,61,66
2017-01-16 16:00,2184,63,61,0.00,31,57.86,,12.1,6.6,0.18,0.57,11.2,14.6,22.2,11.4,9.9,67,65,59,61,66
2017-01-16 17:00,2184,61,58,0.00,32,0.45,,7.9,3.5,0.18,0.52,10.9,14.6,21.8,12.1,9.5,63,63,59,61,66
2017-01-16 18:00,2184,58,52,0.00,39,0.01,,5.6,2.7,0.20,0.44,10.8,14.1,21.8,11.4,9.5,59,61,60,61,66
2017-01-16 19:00,2184,52,49,0.00,52,0.00,,9.1,3.5,0.20,0.38,10.4,14.1,21.8,12.1,9.5,56,58,60,61,66
2017-01-16 20:00,2184,51,49,0.00,48,0.00,,10.1,6.3,0.17,0.37,10.1,13.7,21.8,11.4,9.5,54,56,60,61,66
2017-01-16 21:00,2184,51,49,0.00,46,0.00,,11.9,8.6,0.17,0.36,10.1,13.7,22.1,11.4,9.5,52,55,59,61,66
2017-01-16 22:00,2184,51,48,0.00,43,0.00,,11.1,9.2,0.17,0.35,9.9,13.6,21.5,11.4,9.5,51,53,59,61,66
2017-01-16 23:00,2184,49,47,0.00,47,0.00,,12.4,8.1,0.17,0.34,9.7,12.9,21.7,11.4,9.9,49,52,58,61,66
2017-01-17 00:00,2184,48,46,0.00,52,0.00,,10.5,7.4,0.17,0.32,9.2,13.3,21.4,12.1,9.6,48,51,58,61,66
2017-01-17 01:00,2184,48,46,0.00,47,0.00,,12.9,9.4,0.16,0.33,9.4,13.6,21.0,12.1,9.2,47,50,57,62,66
2017-01-17 02:00,2184,47,46,0.00,51,0.00,,13.9,9.6,0.16,0.31,9.7,12.9,21.3,12.1,9.5,47,49,56,62,66
2017-01-17 03:00,2184,48,47,0.00,49,0.00,,17.9,13.7,0.16,0.33,9.8,13.0,21.5,11.9,9.5,46,49,56,62,66
2017-01-17 04:00,2184,47,45,0.00,49,0.00,,16.2,12.5,0.16,0.31,9.4,13.2,21.8,12.1,9.5,46,48,55,62,66
2017-01-17 05:00,2184,47,45,0.00,53,0.00,,16.4,13.0,0.15,0.31,9.8,12.8,21.2,12.1,9.5,45,47,55,62,66
2017-01-17 06:00,2184,47,44,0.00,51,3.21,,15.2,11.3,0.15,0.30,9.7,12.8,21.4,11.7,9.6,45,47,54,61,66
2017-01-17 07:00,2184,49,47,0.00,46,111.40,,15.5,11.5,0.15,0.33,10.0,13.0,20.9,11.9,9.5,45,47,54,61,66
2017-01-17 08:00,2184,53,49,0.00,41,289.50,,16.0,12.2,0.14,0.38,9.4,13.0,21.5,12.1,9.5,46,47,54,61,66
2017-01-17 09:00,2184,58,53,0.00,35,443.90,,17.9,12.7,0.14,0.45,9.9,13.3,21.4,12.1,9.5,50,49,53,61,66
2017-01-17 10:00,2184,61,58,0.00,25,553.60,,19.4,13.4,0.12,0.52,10.6,13.2,21.8,12.1,9.5,55,52,53,61,66
2017-01-17 11:00,2184,63,61,0.00,20,606.40,,20.9,15.4,0.11,0.56,10.3,13.7,21.4,12.1,9.5,60,56,53,61,66
2017-01-17 12:00,2184,64,63,0.00,20,597.50,,21.4,15.1,0.11,0.58,10.5,13.8,21.1,12.1,9.6,64,60,54,61,66
2017-01-17 13:00,2184,65,64,0.00,16,527.40,,19.4,13.8,0.10,0.61,10.8,14.3,21.4,12.1,9.5,67,63,54,61,67
2017-01-17 14:00,2184,65,65,0.00,17,400.30,,18.4,12.7,0.11,0.63,11.2,14.6,21.0,12.1,9.9,68,64,55,61,66
2017-01-17 15:00,2184,65,65,0.00,16,234.10,,12.7,9.4,0.11,0.63,10.9,14.6,21.5,11.4,9.5,68,65,57,61,66
2017-01-17 16:00,2184,65,62,0.00,18,56.53,,13.6,7.6,0.11,0.60,10.7,14.3,21.6,11.4,9.5,66,64,57,61,66
2017-01-17 17:00,2184,62,57,0.00,20,0.31,,8.0,4.8,0.12,0.53,10.4,14.1,21.4,11.4,9.5,63,63,58,61,66
2017-01-17 18:00,2184,57,54,0.00,28,0.01,,8.9,5.8,0.14,0.44,10.4,14.4,21.7,11.2,9.2,59,60,59,61,66
2017-01-17 19:00,2184,55,53,0.00,30,0.00,,10.2,8.0,0.13,0.43,10.1,13.5,22.2,11.4,9.6,56,58,59,61,66
2017-01-17 20:00,2184,54,52,0.00,31,0.01,,12.0,7.8,0.13,0.40,9.8,13.9,21.2,11.4,9.5,54,56,59,61,66
2017-01-17 21:00,2184,54,51,0.00,33,0.00,,13.2,8.0,0.13,0.38,9.8,13.4,21.8,11.4,9.9,53,55,58,61,66
2017-01-17 22:00,2184,55,48,0.00,31,0.00,,14.8,9.3,0.14,0.38,9.9,13.2,22.0,11.4,9.5,51,54,58,61,66
2017-01-17 23:00,2184,50,49,0.00,40,0.00,,11.1,6.6,0.14,0.36,9.6,13.5,21.3,11.4,9.9,50,53,58,61,66
2017-01-18 00:00,2184,50,47,0.00,39,0.00,,12.0,7.7,0.14,0.35,9.4,13.5,21.9,11.4,9.2,49,52,57,61,66
2017-01-18 01:00,2184,47,46,0.00,46,0.00,,13.3,7.6,0.15,0.32,9.6,13.0,21.8,11.2,9.6,48,51,57,61,66
2017-01-18 02:00,2184,48,44,0.00,49,0.00,,10.1,4.0,0.16,0.31,9.4,13.0,21.6,12.1,9.5,47,50,56,61,66
2017-01-18 03:00,2184,45,43,0.00,55,0.00,,4.8,2.6,0.16,0.29,9.4,13.2,21.2,12.1,9.2,46,49,56,61,66
2017-01-18 04:00,2184,43,40,0.00,60,0.00,,5.4,3.6,0.17,0.26,9.8,12.6,20.9,12.1,9.5,45,48,55,61,66
2017-01-18 05:00,2184,41,39,0.00,68,0.00,,6.7,3.2,0.17,0.25,9.3,12.4,21.1,11.4,9.2,44,47,55,61,66
2017-01-18 06:00,2184,40,38,0.00,71,4.28,,4.0,1.8,0.17,0.24,9.2,12.6,21.4,11.8,9.5,43,46,54,61,66
2017-01-18 07:00,2184,44,38,0.00,73,120.30,,6.2,4.5,0.17,0.26,9.3,12.8,21.2,11.8,9.5,42,45,54,61,66
2017-01-18 08:00,2184,50,44,0.00,60,301.90,,6.5,2.0,0.17,0.31,9.3,12.8,21.6,12.1,9.5,43,45,53,61,66
2017-01-18 09:00,2184,52,50,0.00,48,457.60,,5.2,2.1,0.17,0.37,9.6,12.8,21.1,12.1,9.5,47,47,52,61,66
2017-01-18 10:00,2184,58,52,0.00,39,578.80,,8.2,3.6,0.15,0.44,9.9,13.0,21.3,12.1,9.9,53,50,52,61,66
2017-01-18 11:00,2184,61,58,0.00,32,629.40,,9.9,5.4,0.15,0.50,10.8,13.7,20.9,12.1,9.5,59,55,52,61,66
2017-01-18 12:00,2184,63,61,0.00,26,614.00,,9.8,4.1,0.14,0.56,11.1,14.1,21.2,12.1,9.5,64,59,52,61,67
2017-01-18 13:00,2184,66,63,0.00,23,540.10,,10.8,5.5,0.13,0.61,11.4,14.1,20.8,11.4,9.5,69,62,53,61,66
2017-01-18 14:00,2184,67,66,0.00,20,408.00,,14.8,9.2,0.12,0.65,11.4,14.3,20.6,11.4,9.5,70,65,55,60,66
2017-01-18 15:00,2184,67,66,0.00,18,238.30,,14.8,9.4,0.12,0.66,11.0,14.8,21.0,11.4,9.5,70,65,56,60,66
2017-01-18 16:00,2184,66,62,0.00,21,33.53,,14.5,6.8,0.14,0.62,10.8,14.2,22.2,11.4,9.5,68,65,57,60,66
2017-01-18 17:00,2184,63,61,0.00,27,0.29,,10.1,4.7,0.16,0.56,10.4,13.9,21.4,11.4,9.9,64,63,58,60,66
2017-01-18 18:00,2184,61,57,0.00,30,0.04,,8.5,5.0,0.18,0.50,10.1,13.9,21.6,11.4,9.5,60,60,58,60,66
2017-01-18 19:00,2184,59,57,0.00,41,0.01,,7.1,3.1,0.19,0.48,9.7,13.7,21.1,11.4,9.5,58,59,58,60,66
2017-01-18 20:00,2184,59,57,0.00,44,0.03,,6.1,2.2,0.20,0.48,9.9,13.9,21.9,11.4,9.5,56,57,58,60,66
2017-01-18 21:00,2184,60,59,0.00,39,0.02,,9.8,5.7,0.20,0.51,10.1,13.4,21.6,11.4,9.9,56,57,58,60,66
2017-01-18 22:00,2184,59,55,0.00,43,0.02,,6.6,3.7,0.21,0.46,9.9,13.7,21.2,11.4,9.5,55,56,58,60,66
2017-01-18 23:00,2184,57,55,0.00,50,0.02,,6.5,4.2,0.25,0.45,10.1,13.3,21.5,11.4,9.9,55,56,58,60,66
2017-01-19 00:00,2184,56,54,0.00,70,0.02,,7.5,3.2,0.30,0.44,9.7,13.4,21.5,11.4,9.5,55,56,58,60,66
2017-01-19 01:00,2184,55,54,0.00,75,0.00,,5.7,2.6,0.31,0.43,9.9,13.0,21.6,11.4,9.5,54,55,58,60,66
2017-01-19 02:00,2184,55,54,0.00,76,0.01,,8.3,3.8,0.31,0.42,9.4,13.5,21.6,11.4,9.9,53,55,57,61,66
2017-01-19 03:00,2184,54,53,0.00,71,0.01,,7.0,3.7,0.29,0.41,9.6,13.3,21.4,11.4,9.5,53,54,57,61,66
2017-01-19 04:00,2184,53,53,0.00,71,0.01,,4.8,2.0,0.30,0.40,9.9,13.5,21.4,12.1,9.9,52,54,57,61,66
2017-01-19 05:00,2184,54,53,0.00,71,0.01,,7.9,2.9,0.29,0.41,9.9,13.5,21.4,12.1,9.5,52,54,57,61,66
2017-01-19 06:00,2184,56,53,0.00,72,1.02,,10.4,2.3,0.28,0.42,9.2,13.3,21.6,12.1,9.5,52,53,56,61,66
2017-01-19 07:00,2184,56,54,0.00,59,57.77,,15.2,5.8,0.27,0.43,9.4,12.9,21.6,11.8,9.5,51,53,56,61,66
2017-01-19 08:00,2184,58,56,0.00,64,195.40,,18.0,10.2,0.28,0.46,9.6,13.5,20.8,12.1,9.5,52,53,56,61,66
2017-01-19 09:00,2184,60,58,0.00,56,251.40,,14.3,8.8,0.27,0.50,9.9,13.0,21.1,12.1,9.5,54,54,56,61,66
2017-01-19 10:00,2184,62,60,0.00,57,147.60,,13.0,6.5,0.32,0.53,10.1,13.4,21.1,12.1,9.5,57,56,56,61,66
2017-01-19 11:00,2184,61,60,0.00,66,170.70,,10.9,6.6,0.34,0.52,10.1,13.5,21.1,12.1,9.5,58,58,56,61,66
2017-01-19 12:00,2184,63,61,0.00,63,256.30,,16.2,10.5,0.34,0.55,10.1,13.9,20.8,12.1,9.5,58,58,56,61,66
2017-01-19 13:00,2184,65,62,0.00,58,447.20,,18.0,10.9,0.33,0.58,10.6,13.9,21.6,12.1,9.5,60,59,56,61,66
2017-01-19 14:00,2184,65,64,0.00,52,421.50,,14.7,6.3,0.30,0.61,10.5,13.9,21.6,12.1,9.5,64,61,57,61,66
2017-01-19 15:00,2184,65,65,0.00,47,240.00,,16.3,10.0,0.27,0.62,10.5,13.9,21.4,11.9,9.5,67,64,57,61,66
2017-01-19 16:00,2184,65,62,0.00,44,57.01,,14.8,9.1,0.27,0.59,10.5,13.9,21.1,11.9,9.5,66,64,58,61,66
2017-01-19 17:00,2184,62,60,0.00,49,0.53,,13.7,7.3,0.28,0.53,10.4,14.4,21.5,11.7,9.5,64,63,58,61,66
2017-01-19 18:00,2184,61,58,0.00,53,0.03,,11.2,6.0,0.28,0.51,10.2,14.1,21.2,11.7,9.5,60,61,59,61,66
2017-01-19 19:00,2184,58,54,0.00,57,0.01,,8.3,3.9,0.28,0.45,10.1,13.7,21.2,11.7,9.9,57,59,59,61,66
2017-01-19 20:00,2184,59,54,0.00,64,0.00,,11.4,4.6,0.24,0.46,9.7,13.3,21.2,11.7,9.5,55,57,59,61,66
2017-01-19 21:00,2184,55,52,0.00,60,0.01,,6.1,2.7,0.26,0.40,9.6,13.5,21.5,11.7,9.9,54,56,59,61,66
2017-01-19 22:00,2184,55,51,0.00,55,0.00,,5.2,2.0,0.24,0.41,9.4,13.5,21.5,11.7,9.9,52,55,58,61,66
2017-01-19 23:00,2184,52,49,0.00,68,0.00,,8.0,3.0,0.25,0.37,9.2,13.5,21.1,11.7,9.5,51,54,58,61,66
2017-01-20 00:00,2184,51,48,0.00,70,0.00,,6.9,2.9,0.25,0.35,9.6,13.1,21.4,11.7,9.5,50,53,58,61,66
2017-01-20 01:00,2184,49,47,0.00,71,0.00,,5.3,2.9,0.25,0.33,9.5,13.3,21.6,11.7,9.5,49,52,57,61,66
2017-01-20 02:00,2184,48,45,0.00,76,0.00,,6.6,2.3,0.25,0.32,9.6,12.8,20.8,11.9,9.5,49,51,57,61,66
2017-01-20 03:00,2184,47,45,0.00,77,0.00,,6.0,2.9,0.25,0.31,9.4,12.7,21.1,11.7,9.5,47,50,56,61,66
2017-01-20 04:00,2184,47,46,0.00,78,0.00,,6.1,3.4,0.25,0.32,9.4,12.8,21.3,11.7,9.5,47,49,56,61,66
2017-01-20 05:00,2184,49,47,0.00,78,0.00,,7.3,4.5,0.25,0.33,9.2,13.0,20.9,11.7,9.9,47,49,55,61,66
2017-01-20 06:00,2184,52,49,0.00,74,1.40,,8.2,3.0,0.26,0.37,9.4,13.0,21.2,11.7,9.5,47,49,55,61,66
2017-01-20 07:00,2184,56,51,0.00,71,27.53,,15.4,8.0,0.27,0.41,9.2,12.8,21.4,11.7,9.5,48,49,55,61,66
2017-01-20 08:00,2184,59,56,0.00,61,144.50,,17.5,11.8,0.27,0.47,9.7,13.0,20.6,11.7,9.6,49,50,54,61,66
2017-01-20 09:00,2184,59,57,0.00,54,130.30,,20.6,13.4,0.26,0.48,9.7,13.1,20.9,11.4,9.5,52,52,54,61,66
2017-01-20 10:00,2184,61,59,0.00,50,345.50,,18.3,12.8,0.25,0.51,10.1,13.3,20.9,11.7,9.5,54,54,54,61,66
2017-01-20 11:00,2184,60,60,0.00,45,172.90,,17.7,11.9,0.23,0.52,10.4,13.3,20.6,11.9,9.5,58,56,54,61,66
2017-01-20 12:00,2184,62,60,0.00,44,227.40,,24.4,14.5,0.25,0.53,10.4,13.5,20.6,11.7,9.5,59,58,55,61,66
2017-01-20 13:00,2184,62,61,0.00,54,209.10,,26.2,15.4,0.29,0.55,10.6,13.3,21.2,11.7,9.5,60,58,55,61,66
2017-01-20 14:00,2184,62,58,0.02,51,84.70,,23.2,13.1,0.33,0.51,10.4,13.9,20.9,11.7,9.5,62,60,56,61,66
2017-01-20 15:00,2184,58,56,0.03,76,45.79,,13.0,8.6,0.37,0.47,10.1,13.7,20.8,11.7,9.5,59,59,56,61,66
2017-01-20 16:00,2184,57,54,0.11,75,4.27,,22.6,9.0,0.35,0.45,10.3,13.7,21.3,11.7,9.5,57,58,56,61,66
2017-01-20 17:00,2184,55,54,0.00,76,0.21,,12.9,6.4,0.33,0.43,10.4,13.4,21.1,11.7,9.5,55,57,57,61,66
2017-01-20 18:00,2184,54,53,0.00,77,0.00,,15.8,8.7,0.33,0.42,12.4,18.4,21.1,11.7,9.5,54,55,57,61,66
2017-01-20 19:00,2184,55,54,0.01,78,0.00,,17.8,10.0,0.33,0.42,12.8,18.5,21.1,11.7,9.6,53,54,57,61,66
2017-01-20 20:00,2184,55,53,0.00,74,0.01,,16.2,8.1,0.32,0.43,12.9,18.2,21.1,11.7,9.2,52,54,56,61,66
2017-01-20 21:00,2184,53,52,0.00,74,0.00,,14.6,8.6,0.30,0.40,13.4,18.2,20.8,11.7,9.5,51,53,56,60,66
2017-01-20 22:00,2184,53,52,0.00,75,0.00,,13.3,9.1,0.28,0.40,13.5,17.8,20.8,11.7,9.2,49,52,56,60,66
2017-01-20 23:00,2184,53,52,0.00,69,0.00,,24.5,14.0,0.27,0.40,13.6,17.5,20.9,11.7,9.5,49,51,56,61,66
2017-01-21 00:00,2184,54,53,0.00,67,0.00,,14.9,4.2,0.26,0.40,13.8,17.4,21.2,11.7,9.5,48,51,55,61,66
2017-01-21 01:00,2184,54,52,0.00,63,0.00,,8.5,2.4,0.26,0.40,14.0,16.8,21.2,11.7,9.5,48,50,55,60,66
2017-01-21 02:00,2184,54,49,0.00,53,0.00,,9.4,5.1,0.25,0.39,13.7,17.0,20.6,11.7,9.2,47,49,55,60,66
2017-01-21 03:00,2184,50,47,0.00,73,0.00,,13.7,6.2,0.25,0.36,14.2,16.7,20.9,11.7,9.5,46,49,54,60,66
2017-01-21 04:00,2184,51,47,0.00,77,0.00,,9.8,5.7,0.24,0.35,13.8,16.7,20.9,11.7,9.5,45,48,54,60,66
2017-01-21 05:00,2184,49,46,0.00,70,0.00,,7.3,4.0,0.24,0.33,14.0,16.3,20.6,11.7,9.5,45,47,53,60,66
2017-01-21 06:00,2184,48,45,0.00,71,4.50,,8.2,4.4,0.22,0.32,14.1,16.8,20.8,11.7,9.5,44,46,53,60,66
2017-01-21 07:00,2184,51,47,0.00,67,119.10,,7.5,4.6,0.22,0.34,13.5,16.6,20.8,11.7,9.5,43,45,53,60,66
2017-01-21 08:00,2184,55,51,0.00,59,304.70,,13.5,8.0,0.23,0.40,14.2,16.4,20.2,11.7,9.5,44,45,52,60,66
2017-01-21 09:00,2184,57,55,0.00,54,464.70,,16.6,11.9,0.22,0.45,14.5,16.5,20.5,11.7,9.7,49,47,52,60,66
2017-01-21 10:00,2184,59,57,0.00,52,577.20,,18.9,13.6,0.23,0.48,14.5,16.7,20.5,11.7,9.7,54,51,51,60,66
2017-01-21 11:00,2184,61,59,0.00,38,630.30,,15.5,9.2,0.20,0.51,14.8,17.3,20.5,11.7,9.7,59,54,52,60,66
2017-01-21 12:00,2184,63,61,0.00,35,620.10,,12.7,6.9,0.19,0.56,15.0,17.3,21.0,11.9,9.5,64,57,52,60,66
2017-01-21 13:00,2184,63,62,0.00,34,546.40,,9.2,5.6,0.19,0.57,14.9,17.8,20.6,11.9,9.5,67,61,53,60,66
2017-01-21 14:00,2184,64,63,0.00,33,416.50,,18.0,5.6,0.18,0.60,14.9,17.9,20.6,11.9,9.5,70,63,54,60,66
2017-01-21 15:00,2184,64,63,0.00,29,245.10,,16.3,11.5,0.18,0.60,14.5,17.7,20.9,11.7,9.5,70,64,55,60,66
2017-01-21 16:00,2184,63,60,0.00,33,63.66,,12.9,7.6,0.20,0.56,14.2,17.6,21.1,11.9,9.5,66,63,56,60,66
2017-01-21 17:00,2184,60,56,0.00,43,0.62,,10.5,4.4,0.22,0.48,13.8,17.5,21.4,11.9,9.5,62,61,57,60,66
2017-01-21 18:00,2184,59,54,0.00,44,0.01,,11.1,7.3,0.23,0.46,13.1,17.0,21.1,11.9,9.5,57,59,58,60,66
2017-01-21 19:00,2184,55,53,0.00,57,0.01,,5.7,2.1,0.25,0.43,13.2,17.1,21.1,11.9,9.5,55,57,58,60,66
2017-01-21 20:00,2184,53,49,0.00,62,0.00,,6.8,2.8,0.26,0.37,13.0,16.8,21.4,11.9,9.5,53,55,58,60,66
2017-01-21 21:00,2184,50,50,0.00,73,0.00,,4.4,1.9,0.27,0.36,12.5,16.5,21.6,11.7,9.5,51,53,57,60,66
2017-01-21 22:00,2184,51,48,0.00,75,0.00,,5.3,1.4,0.27,0.37,12.9,16.5,21.6,11.7,9.5,50,52,57,60,66
2017-01-21 23:00,2184,48,46,0.00,80,0.00,,4.4,1.9,0.27,0.32,12.5,16.6,21.1,11.7,9.5,50,52,56,60,66
2017-01-22 00:00,2184,48,47,0.00,85,0.00,,6.5,3.3,0.28,0.33,12.5,16.0,21.3,11.9,9.2,48,51,56,60,66
2017-01-22 01:00,2184,49,48,0.00,83,0.00,,6.8,2.9,0.28,0.34,12.1,16.0,20.9,11.7,9.5,48,50,55,60,66
2017-01-22 02:00,2184,50,49,0.00,80,0.00,,8.2,5.3,0.28,0.35,12.2,16.1,21.2,11.9,9.5,48,50,55,60,66
2017-01-22 03:00,2184,50,49,0.00,77,0.00,,9.7,4.5,0.27,0.36,12.2,15.8,21.2,11.7,9.5,48,50,55,60,66
2017-01-22 04:00,2184,50,49,0.00,79,0.00,,5.3,3.5,0.28,0.36,12.3,15.8,20.4,11.7,9.5,49,50,54,60,66
2017-01-22 05:00,2184,51,50,0.00,77,0.00,,7.9,4.5,0.28,0.37,12.6,15.7,20.6,11.7,9.5,49,50,54,60,66
2017-01-22 06:00,2184,51,51,0.00,74,2.13,,8.7,5.7,0.27,0.38,12.3,15.9,20.6,11.7,9.5,49,50,54,60,66
2017-01-22 07:00,2184,51,51,0.00,75,25.22,,7.9,5.4,0.28,0.37,12.1,15.5,20.9,11.7,9.5,49,50,54,60,66
2017-01-22 08:00,2184,54,51,0.00,75,101.20,,9.9,6.2,0.29,0.40,12.1,15.5,20.9,11.7,9.5,49,50,53,60,66
2017-01-22 09:00,2184,59,54,0.00,70,224.00,,15.4,5.7,0.28,0.45,12.6,15.4,20.9,11.7,9.7,51,51,53,60,66
2017-01-22 10:00,2184,59,59,0.00,52,191.30,,15.4,11.3,0.26,0.50,12.4,15.6,20.9,11.7,9.5,54,53,53,60,66
2017-01-22 11:00,2184,60,59,0.00,53,175.10,,14.6,11.0,0.28,0.52,12.7,16.0,20.9,11.7,9.7,57,55,53,60,66
2017-01-22 12:00,2184,62,60,0.00,54,195.90,,14.5,11.1,0.29,0.54,12.7,15.7,20.6,11.7,9.5,58,56,54,60,66
2017-01-22 13:00,2184,63,62,0.00,55,195.80,,16.2,10.2,0.31,0.57,12.8,15.9,21.2,11.9,9.7,60,57,54,60,66
2017-01-22 14:00,2184,64,63,0.00,50,154.70,,18.3,10.2,0.30,0.59,12.8,16.2,21.2,11.7,9.5,61,58,55,60,66
2017-01-22 15:00,2184,65,64,0.00,53,127.60,,14.6,10.3,0.32,0.60,12.6,16.2,21.3,11.7,9.5,61,59,55,60,66
2017-01-22 16:00,2184,65,63,0.00,53,58.91,,16.3,11.0,0.32,0.61,12.6,16.2,21.3,11.7,9.7,61,60,56,60,66
2017-01-22 17:00,2184,63,62,0.00,54,0.38,,11.8,6.1,0.32,0.58,12.7,15.8,21.8,11.7,9.7,61,60,56,60,66
2017-01-22 18:00,2184,62,60,0.00,60,0.04,,13.9,8.0,0.34,0.54,12.2,15.9,21.6,11.7,9.7,59,59,57,60,66
2017-01-22 19:00,2184,60,58,0.02,62,0.03,,13.8,8.2,0.33,0.50,12.4,15.8,21.6,11.7,9.7,57,58,57,60,66
2017-01-22 20:00,2184,59,57,0.00,65,0.03,,9.5,5.9,0.32,0.48,12.4,15.8,21.4,11.7,9.7,56,57,57,60,66
2017-01-22 21:00,2184,57,55,0.00,69,0.03,,13.6,8.4,0.32,0.46,12.3,15.8,21.4,11.9,9.7,54,56,57,60,66
2017-01-22 22:00,2184,56,54,0.00,72,0.01,,9.7,5.9,0.31,0.44,12.7,15.3,21.4,11.9,9.7,53,55,57,60,66
2017-01-22 23:00,2184,56,54,0.00,74,0.00,,12.9,7.2,0.32,0.43,12.5,15.1,21.4,11.7,9.5,52,54,57,60,66
2017-01-23 00:00,2184,59,56,0.00,71,0.01,,15.2,8.0,0.33,0.48,12.3,15.1,21.6,11.7,9.7,51,53,56,60,66
2017-01-23 01:00,2184,59,57,0.00,72,0.02,,17.0,5.6,0.34,0.48,12.1,15.1,21.1,11.7,9.7,51,53,56,60,66
2017-01-23 02:00,2184,59,54,0.00,72,0.02,,13.8,5.5,0.35,0.47,12.5,15.2,21.1,11.7,9.7,51,52,56,60,66
2017-01-23 03:00,2184,55,53,0.00,80,0.00,,5.9,2.9,0.34,0.43,12.5,15.5,21.3,11.7,9.7,51,52,55,60,66
2017-01-23 04:00,2184,57,55,0.00,79,0.00,,13.9,4.8,0.34,0.45,12.5,15.2,21.3,11.7,9.7,50,51,55,60,66
2017-01-23 05:00,2184,56,55,0.00,71,0.00,,21.2,14.8,0.32,0.45,12.5,15.3,21.2,11.7,9.7,49,51,55,60,66
2017-01-23 06:00,2184,56,55,0.00,72,4.31,,14.7,11.1,0.32,0.44,12.3,15.3,21.4,11.7,9.7,49,51,55,60,66
2017-01-23 07:00,2184,58,55,0.00,72,104.60,,23.1,15.3,0.30,0.45,12.3,14.9,20.9,11.7,9.7,49,51,54,60,66
2017-01-23 08:00,2184,60,58,0.00,57,302.90,,23.3,16.0,0.26,0.49,12.5,15.3,20.9,11.7,9.7,51,51,54,60,66
2017-01-23 09:00,2184,61,60,0.00,45,469.20,,24.4,15.6,0.22,0.53,12.6,15.5,21.2,11.9,9.7,54,53,54,60,66
2017-01-23 10:00,2184,62,60,0.00,43,564.10,,23.7,16.6,0.22,0.53,13.1,15.4,21.2,11.7,9.7,60,56,54,60,66
2017-01-23 11:00,2184,62,61,0.00,41,511.60,,24.8,16.8,0.22,0.55,13.2,15.7,20.9,11.7,9.7,64,59,54,60,66
2017-01-23 12:00,2184,61,60,0.00,41,643.60,,28.1,19.7,0.22,0.54,13.4,15.9,21.2,11.9,9.7,66,61,55,60,66
2017-01-23 13:00,2184,62,60,0.00,40,596.90,,28.6,21.7,0.22,0.54,13.4,16.6,21.1,11.7,9.7,69,63,56,60,66
2017-01-23 14:00,2184,61,60,0.00,43,574.90,,26.0,16.1,0.22,0.53,12.9,16.8,21.4,11.7,9.7,69,64,57,60,66
2017-01-23 15:00,2184,61,58,0.00,41,248.20,,23.0,15.8,0.21,0.51,13.3,16.7,21.5,11.7,9.7,71,65,57,60,66
2017-01-23 16:00,2184,58,56,0.00,44,39.68,,18.1,9.7,0.22,0.47,12.6,16.4,21.6,11.7,9.7,67,65,58,60,66
2017-01-23 17:00,2184,56,55,0.00,51,0.55,,14.9,8.4,0.20,0.45,12.4,16.1,21.5,11.7,9.7,62,63,59,60,66
2017-01-23 18:00,2184,55,53,0.00,50,0.01,,9.8,6.1,0.24,0.42,12.3,15.9,22.0,11.7,9.7,58,60,59,60,66
2017-01-23 19:00,2184,53,51,0.00,62,0.01,,12.1,7.1,0.24,0.40,11.9,15.7,21.5,11.4,9.7,56,58,59,60,66
2017-01-23 20:00,2184,51,49,0.00,59,0.00,,11.5,7.8,0.23,0.37,11.6,15.5,21.8,11.4,9.7,54,56,59,60,66
2017-01-23 21:00,2184,49,47,0.00,70,0.00,,6.5,2.3,0.25,0.34,11.4,15.0,21.2,11.4,9.7,52,55,59,60,66
2017-01-23 22:00,2184,47,45,0.00,75,0.00,,3.9,2.3,0.24,0.32,11.4,14.8,21.5,11.4,9.5,50,53,58,60,66
2017-01-23 23:00,2184,45,44,0.00,79,0.00,,4.5,2.0,0.24,0.30,11.4,14.9,21.6,11.4,9.7,48,51,58,60,66
2017-01-24 00:00,2184,46,43,0.00,83,0.00,,6.1,2.9,0.23,0.28,11.4,14.5,21.4,11.8,9.7,47,50,57,60,66
2017-01-24 01:00,2184,46,42,0.00,70,0.00,,7.6,3.7,0.22,0.29,10.9,14.7,21.6,11.8,9.7,45,49,56,60,66
2017-01-24 02:00,2184,44,42,0.00,72,0.00,,7.5,3.2,0.21,0.27,10.9,14.6,21.1,11.8,9.7,44,47,56,60,66
2017-01-24 03:00,2184,42,41,0.00,82,0.00,,5.7,3.8,0.21,0.26,11.1,14.0,21.4,11.8,9.7,43,47,55,60,66
2017-01-24 04:00,2184,41,40,0.00,83,0.00,,7.9,5.0,0.21,0.25,11.1,13.9,21.2,11.8,9.7,42,46,54,60,66
2017-01-24 05:00,2184,40,38,0.00,80,0.00,,5.6,2.9,0.20,0.24,11.1,13.7,21.3,11.8,9.7,41,45,54,60,66
2017-01-24 06:00,2184,40,39,0.00,82,5.08,,8.5,6.4,0.19,0.25,10.6,14.0,20.9,11.8,9.7,40,44,53,60,66
2017-01-24 07:00,2184,43,40,0.00,77,122.40,,8.9,7.1,0.19,0.25,10.8,14.0,21.0,11.7,9.7,39,43,52,60,66
2017-01-24 08:00,2184,47,43,0.00,76,307.00,,7.9,5.4,0.20,0.30,10.9,14.0,20.8,11.8,9.7,41,43,52,60,66
2017-01-24 09:00,2184,51,47,0.00,60,472.20,,13.6,9.5,0.18,0.36,10.9,14.2,21.0,11.8,9.7,46,45,51,60,66
2017-01-24 10:00,2184,54,51,0.00,46,584.20,,13.1,9.4,0.17,0.40,11.7,14.2,21.0,11.8,9.7,52,49,51,60,66
2017-01-24 11:00,2184,57,54,0.00,38,629.70,,13.7,8.8,0.15,0.44,11.9,14.7,21.0,11.8,9.7,58,53,51,60,66
2017-01-24 12:00,2184,58,57,0.00,30,647.70,,11.9,7.1,0.14,0.48,12.2,14.8,20.8,11.8,9.7,63,57,51,60,66
2017-01-24 13:00,2184,59,58,0.00,28,600.50,,13.8,4.9,0.14,0.49,12.0,15.3,21.0,11.8,9.7,67,60,52,60,66
2017-01-24 14:00,2184,59,58,0.00,26,337.60,,11.1,5.2,0.13,0.50,12.8,15.4,21.3,11.8,9.7,70,63,53,60,66
2017-01-24 15:00,2184,59,58,0.00,24,151.70,,10.5,4.7,0.12,0.50,12.5,15.4,21.4,11.4,9.7,67,63,54,60,66
2017-01-24 16:00,2184,58,56,0.00,28,27.83,,6.4,3.4,0.14,0.47,11.9,15.2,21.8,11.8,9.7,64,62,56,60,66
2017-01-24 17:00,2184,57,55,0.00,31,0.90,,8.6,3.2,0.15,0.44,11.2,15.1,21.4,11.4,9.7,59,59,56,60,66
2017-01-24 18:00,2184,56,51,0.00,36,0.00,,5.0,1.7,0.17,0.43,11.0,14.8,21.6,11.8,9.7,56,57,57,60,66
2017-01-24 19:00,2184,51,50,0.00,60,0.01,,8.0,3.3,0.21,0.37,10.9,14.4,21.5,11.4,9.7,53,55,57,60,66
2017-01-24 20:00,2184,50,46,0.00,58,0.00,,5.7,4.5,0.22,0.34,10.7,14.4,21.4,11.4,9.7,51,54,57,60,66
2017-01-24 21:00,2184,46,44,0.00,70,0.00,,7.0,5.5,0.22,0.31,10.9,14.6,21.6,11.4,9.7,49,52,56,60,66
2017-01-24 22:00,2184,44,43,0.00,76,0.00,,9.8,7.6,0.22,0.29,10.6,14.2,21.1,11.4,9.7,47,50,56,60,66
2017-01-24 23:00,2184,43,42,0.00,78,0.00,,11.1,9.0,0.21,0.28,10.6,14.2,21.3,11.4,9.7,46,49,55,60,66
2017-01-25 00:00,2184,43,42,0.00,74,0.00,,10.0,8.4,0.19,0.27,10.4,13.9,21.4,11.4,9.7,45,48,55,60,66
2017-01-25 01:00,2184,42,40,0.00,72,0.00,,10.0,6.6,0.19,0.25,10.7,13.7,20.8,11.4,9.7,44,47,54,60,66
2017-01-25 02:00,2184,42,39,0.00,69,0.00,,11.0,9.1,0.18,0.26,10.4,13.7,21.3,11.8,9.7,42,46,54,60,66
2017-01-25 03:00,2184,41,39,0.00,75,0.00,,12.1,10.1,0.18,0.25,9.9,13.5,20.9,11.4,9.7,42,45,53,60,66
2017-01-25 04:00,2184,42,40,0.00,68,0.00,,12.1,9.0,0.17,0.25,10.2,13.5,21.0,11.4,9.7,41,44,52,60,66
2017-01-25 05:00,2184,42,40,0.00,65,0.00,,9.8,7.0,0.17,0.25,9.9,13.1,20.8,11.8,9.7,40,43,52,60,66
2017-01-25 06:00,2184,46,39,0.00,67,5.36,,10.0,5.2,0.17,0.26,10.2,13.5,21.0,11.8,9.7,40,43,51,60,66
2017-01-25 07:00,2184,46,42,0.00,53,126.60,,10.9,5.1,0.17,0.28,10.2,13.3,20.5,11.4,9.7,39,42,51,60,66
2017-01-25 08:00,2184,47,43,0.00,66,313.70,,13.9,10.2,0.18,0.30,9.9,13.3,20.7,11.8,9.7,41,42,50,60,66
2017-01-25 09:00,2184,52,47,0.00,55,477.10,,15.8,12.2,0.18,0.35,10.4,13.5,20.6,11.4,9.7,46,44,50,59,66
2017-01-25 10:00,2184,54,52,0.00,43,594.20,,16.7,12.2,0.17,0.40,11.1,13.5,20.3,11.4,9.7,52,48,49,59,66
2017-01-25 11:00,2184,55,53,0.00,39,651.70,,16.8,10.9,0.16,0.43,11.4,14.2,20.8,11.4,9.7,57,52,49,59,66
2017-01-25 12:00,2184,57,55,0.00,34,646.00,,13.7,8.2,0.14,0.45,11.9,14.7,20.7,11.4,9.7,62,56,50,59,66
2017-01-25 13:00,2184,58,57,0.00,27,574.80,,18.1,10.2,0.13,0.48,11.8,15.0,21.0,11.4,9.7,66,59,51,59,66
2017-01-25 14:00,2184,58,58,0.00,27,444.30,,13.5,8.2,0.13,0.49,11.5,15.1,21.0,11.9,9.7,67,61,52,59,66
2017-01-25 15:00,2184,58,58,0.00,27,271.30,,10.9,6.6,0.13,0.49,11.4,15.1,20.2,11.7,9.7,67,62,53,59,66
2017-01-25 16:00,2184,58,56,0.00,26,81.50,,9.3,5.4,0.12,0.48,11.3,14.8,20.5,11.7,9.7,64,61,54,59,66
2017-01-25 17:00,2184,56,51,0.00,26,1.19,,4.3,3.3,0.14,0.42,11.2,14.8,21.1,11.7,9.7,60,59,55,59,66
2017-01-25 18:00,2184,51,47,0.00,43,0.00,,5.0,3.0,0.16,0.35,11.1,14.3,21.2,11.7,9.7,55,57,56,59,66
2017-01-25 19:00,2184,49,46,0.00,42,0.00,,6.5,3.4,0.15,0.34,10.4,13.6,21.8,11.7,9.7,52,54,56,59,66
2017-01-25 20:00,2184,48,45,0.00,51,0.00,,6.5,4.2,0.15,0.32,10.0,13.9,21.1,11.7,9.7,49,52,56,59,66
2017-01-25 21:00,2184,45,44,0.00,51,0.00,,10.8,7.1,0.16,0.30,10.1,13.8,21.3,11.7,9.7,47,50,55,59,66
2017-01-25 22:00,2184,44,42,0.00,54,0.00,,9.5,5.8,0.16,0.28,9.9,13.6,20.9,11.7,9.7,45,49,55,59,66
2017-01-25 23:00,2184,43,41,0.00,57,0.00,,10.0,7.5,0.16,0.27,10.2,13.6,21.2,11.9,9.7,44,47,54,59,66
2017-01-26 00:00,2184,44,41,0.00,60,0.00,,11.4,8.5,0.15,0.26,9.9,13.6,20.9,11.7,9.7,43,46,54,59,66
2017-01-26 01:00,2184,44,41,0.00,52,0.00,,13.9,11.2,0.15,0.27,9.5,13.3,21.0,11.7,9.7,42,45,53,59,66
2017-01-26 02:00,2184,41,39,0.00,60,0.00,,11.5,8.3,0.16,0.25,9.7,13.1,20.8,11.7,9.7,42,44,52,59,66
2017-01-26 03:00,2184,41,40,0.00,64,0.00,,13.5,8.5,0.16,0.25,9.8,12.9,21.0,11.7,9.7,41,44,52,59,66
2017-01-26 04:00,2184,41,39,0.00,60,0.00,,13.1,10.0,0.15,0.25,9.7,13.2,20.5,11.7,9.7,40,43,51,59,66
2017-01-26 05:00,2184,40,38,0.00,65,0.00,,14.5,10.6,0.16,0.24,10.0,13.4,20.7,11.7,9.7,40,42,51,59,66
2017-01-26 06:00,2184,40,38,0.00,69,5.67,,13.7,9.8,0.16,0.23,9.2,13.0,20.8,11.7,9.7,39,42,50,59,66
2017-01-26 07:00,2184,43,40,0.00,64,128.50,,15.3,11.6,0.16,0.25,9.2,12.8,20.6,11.7,9.7,38,41,50,59,66
2017-01-26 08:00,2184,47,43,0.00,56,315.90,,16.0,11.1,0.15,0.29,9.7,12.8,20.6,11.7,9.7,40,41,49,59,66
2017-01-26 09:00,2184,51,47,0.00,46,479.80,,16.6,12.7,0.15,0.35,10.4,13.4,20.3,11.7,9.7,45,44,49,59,66
2017-01-26 10:00,2184,55,51,0.00,37,596.40,,16.8,13.0,0.14,0.41,10.4,13.3,21.0,11.7,9.7,51,47,49,58,66
2017-01-26 11:00,2184,57,55,0.00,30,653.30,,20.1,13.8,0.12,0.45,11.1,13.7,20.3,11.7,9.7,57,51,49,58,66
2017-01-26 12:00,2184,58,57,0.00,23,647.30,,18.5,11.8,0.10,0.47,11.0,14.4,20.8,11.7,9.7,61,55,49,58,66
2017-01-26 13:00,2184,59,58,0.00,19,577.20,,19.4,12.3,0.08,0.49,11.3,14.6,20.3,11.9,9.7,64,58,50,58,66
2017-01-26 14:00,2184,59,59,0.00,15,446.80,,18.4,12.4,0.08,0.50,11.2,15.0,21.2,11.6,9.7,66,60,51,58,66
2017-01-26 15:00,2184,59,58,0.00,18,273.50,,16.9,13.1,0.09,0.50,10.7,14.6,20.8,11.6,9.7,65,61,52,58,66
2017-01-26 16:00,2184,58,56,0.00,19,91.30,,17.3,13.0,0.09,0.48,10.9,14.4,20.9,11.9,9.7,62,60,53,58,66
2017-01-26 17:00,2184,56,56,0.00,21,1.72,,16.2,11.8,0.10,0.45,10.9,14.4,21.2,11.8,9.7,59,58,54,58,66
2017-01-26 18:00,2184,56,52,0.00,22,0.01,,12.6,8.7,0.10,0.44,10.8,14.0,21.2,12.0,9.7,56,56,55,58,66
2017-01-26 19:00,2184,55,49,0.00,31,0.01,,14.3,7.7,0.11,0.40,10.4,14.1,20.9,11.8,9.7,53,55,55,58,66
2017-01-26 20:00,2184,53,47,0.00,23,0.00,,12.5,8.7,0.10,0.38,10.1,13.7,21.2,11.4,9.7,51,53,55,58,66
2017-01-26 21:00,2184,49,47,0.00,39,0.00,,15.8,10.7,0.13,0.33,10.4,13.7,21.2,12.0,9.7,49,51,55,58,66
2017-01-26 22:00,2184,48,47,0.00,38,0.00,,16.6,11.7,0.12,0.33,9.9,13.5,21.4,11.8,9.7,47,50,54,58,66
2017-01-26 23:00,2184,50,47,0.00,31,0.00,,15.6,9.9,0.10,0.33,9.9,13.3,20.9,11.8,9.7,46,49,54,58,65
2017-01-27 00:00,2184,50,47,0.00,25,0.00,,16.9,13.0,0.09,0.35,9.4,13.1,21.1,11.8,9.7,46,48,53,58,66
2017-01-27 01:00,2184,47,45,0.00,32,0.00,,15.9,10.3,0.11,0.31,9.4,13.3,20.8,11.8,9.7,45,47,53,58,65
2017-01-27 02:00,2184,50,46,0.00,29,0.00,,17.8,10.9,0.09,0.34,9.8,13.3,20.8,11.8,9.7,44,47,52,58,65
2017-01-27 03:00,2184,48,46,0.00,31,0.00,,19.2,13.1,0.10,0.32,9.4,13.3,21.0,11.8,9.7,44,46,52,58,66
2017-01-27 04:00,2184,48,46,0.00,31,0.00,,19.5,14.4,0.10,0.32,9.4,12.9,20.5,11.6,9.7,43,45,52,58,65
2017-01-27 05:00,2184,46,44,0.00,32,0.00,,18.9,13.7,0.10,0.29,9.7,13.1,20.7,11.6,9.7,43,45,51,58,65
2017-01-27 06:00,2184,45,44,0.00,35,6.29,,19.4,12.7,0.10,0.30,9.2,13.2,20.8,11.6,9.7,42,45,51,58,65
2017-01-27 07:00,2184,49,44,0.00,34,136.60,,18.1,11.4,0.09,0.32,9.4,12.4,20.4,11.9,9.7,42,44,51,58,65
2017-01-27 08:00,2184,52,49,0.00,24,329.10,,24.9,16.7,0.08,0.36,9.8,13.0,20.6,11.6,9.7,43,44,50,58,65
2017-01-27 09:00,2184,54,52,0.00,18,498.40,,33.2,19.3,0.07,0.40,10.3,13.3,20.8,11.6,9.7,47,46,50,58,65
2017-01-27 10:00,2184,55,54,0.00,16,613.80,,30.5,16.0,0.06,0.43,10.1,13.5,20.8,11.9,9.9,50,49,50,58,65
2017-01-27 11:00,2184,56,55,0.00,14,664.70,,30.7,16.6,0.06,0.45,10.4,13.3,20.6,12.0,9.3,54,53,50,58,65
2017-01-27 12:00,2184,57,55,0.00,15,658.40,,29.9,17.8,0.07,0.45,10.5,14.0,20.4,11.8,9.9,58,56,50,58,65
2017-01-27 13:00,2184,57,57,0.00,15,586.40,,31.8,19.2,0.07,0.47,10.5,14.2,20.7,12.0,9.1,60,59,51,58,65
2017-01-27 14:00,2184,58,57,0.00,14,454.00,,24.8,14.8,0.07,0.48,10.5,14.3,21.0,12.0,9.7,62,60,52,58,65
2017-01-27 15:00,2184,58,58,0.00,15,280.40,,27.1,12.6,0.07,0.49,11.1,14.3,20.5,11.8,9.7,62,60,53,58,65
2017-01-27 16:00,2184,58,56,0.00,15,90.40,,21.3,9.6,0.07,0.48,10.9,14.2,20.9,12.0,9.7,61,60,54,58,65
2017-01-27 17:00,2184,56,55,0.00,17,1.42,,17.0,10.0,0.08,0.45,10.2,14.2,21.4,11.2,9.7,58,58,54,58,65
2017-01-27 18:00,2184,56,55,0.00,18,0.01,,18.3,11.8,0.08,0.44,10.3,13.5,21.2,12.0,9.7,55,55,55,58,65
2017-01-27 19:00,2184,55,54,0.00,18,0.00,,17.1,10.7,0.08,0.43,10.0,13.8,21.2,11.4,9.9,53,54,55,58,65
2017-01-27 20:00,2184,55,51,0.00,17,0.00,,20.8,9.9,0.08,0.40,10.1,13.4,20.6,11.8,9.1,51,52,55,58,65
2017-01-27 21:00,2184,51,50,0.00,24,0.00,,20.4,14.2,0.09,0.37,10.1,13.5,20.6,12.0,9.7,50,51,55,58,65
2017-01-27 22:00,2184,52,50,0.00,26,0.00,,18.4,12.2,0.09,0.38,9.6,13.1,20.9,12.0,9.9,49,50,54,58,65
2017-01-27 23:00,2184,52,49,0.00,25,0.00,,17.0,12.2,0.10,0.39,9.8,13.2,21.1,11.8,9.9,48,49,54,58,65
2017-01-28 00:00,2184,52,49,0.00,27,0.00,,16.4,11.4,0.10,0.37,10.0,13.3,20.6,11.8,9.7,47,49,54,58,65
2017-01-28 01:00,2184,51,48,0.00,27,0.00,,18.9,12.9,0.09,0.37,9.6,13.1,20.8,11.8,9.1,47,48,53,58,65
2017-01-28 02:00,2184,48,46,0.00,30,0.00,,17.0,12.9,0.10,0.32,9.8,12.7,21.0,11.8,9.9,46,48,53,58,65
2017-01-28 03:00,2184,46,45,0.00,33,0.00,,19.3,14.8,0.11,0.30,9.4,13.1,20.5,11.6,9.7,46,47,52,58,65
2017-01-28 04:00,2184,47,45,0.00,36,0.00,,18.7,14.8,0.11,0.31,9.1,12.8,20.5,11.6,9.7,45,46,52,58,65
2017-01-28 05:00,2184,47,45,0.00,32,0.00,,17.1,13.0,0.11,0.32,9.4,12.5,20.7,11.6,9.1,44,46,52,58,65
2017-01-28 06:00,2184,46,44,0.00,36,6.97,,18.1,13.6,0.11,0.30,9.4,12.9,20.4,11.6,9.3,44,45,51,58,65
2017-01-28 07:00,2184,49,44,0.00,38,139.80,,21.1,14.6,0.11,0.33,9.6,12.8,20.4,11.6,9.3,43,45,51,58,65
2017-01-28 08:00,2184,53,47,0.00,32,331.20,,20.4,16.4,0.11,0.35,9.4,12.9,20.6,11.6,9.3,45,45,51,58,65
2017-01-28 09:00,2184,56,53,0.00,25,497.90,,22.8,17.0,0.10,0.43,9.9,13.1,20.1,11.6,9.3,48,47,50,58,65
2017-01-28 10:00,2184,59,56,0.00,23,616.20,,22.6,17.4,0.10,0.47,10.1,13.3,20.3,11.9,9.3,53,51,50,58,65
2017-01-28 11:00,2184,61,59,0.00,20,675.60,,22.4,17.1,0.09,0.51,10.4,13.8,20.8,11.9,9.3,57,54,50,58,65
2017-01-28 12:00,2184,64,61,0.00,17,671.20,,24.2,16.8,0.09,0.56,10.6,14.0,20.6,11.9,9.3,62,58,51,58,65
2017-01-28 13:00,2184,66,64,0.00,14,600.50,,21.9,15.9,0.08,0.61,11.1,14.4,20.2,11.6,9.3,65,61,52,58,65
2017-01-28 14:00,2184,66,65,0.00,14,468.50,,22.6,17.4,0.08,0.63,10.9,14.7,20.3,11.9,9.3,67,63,53,58,65
2017-01-28 15:00,2184,66,65,0.00,13,289.50,,24.1,17.1,0.09,0.63,10.7,14.6,20.6,11.9,9.3,67,64,54,58,65
2017-01-28 16:00,2184,65,63,0.00,14,95.50,,21.8,15.2,0.09,0.62,10.7,14.3,20.6,11.8,9.3,65,64,55,58,65
2017-01-28 17:00,2184,63,60,0.00,15,1.61,,15.2,10.1,0.09,0.56,10.4,13.8,20.9,11.8,9.9,63,62,56,58,65
2017-01-28 18:00,2184,60,55,0.00,18,0.02,,11.5,7.5,0.10,0.47,10.6,14.4,21.5,11.8,9.9,59,60,56,58,65
2017-01-28 19:00,2184,57,55,0.00,22,0.01,,16.0,10.0,0.11,0.45,10.3,14.0,21.3,11.6,9.3,56,57,57,58,65
2017-01-28 20:00,2184,56,53,0.00,25,0.01,,15.0,11.4,0.11,0.44,9.7,13.9,21.3,11.8,9.3,54,55,57,58,65
2017-01-28 21:00,2184,54,53,0.00,27,0.01,,15.8,12.3,0.11,0.41,9.4,13.3,21.0,11.6,9.3,53,54,56,58,65
2017-01-28 22:00,2184,54,53,0.00,26,0.01,,18.8,15.4,0.11,0.41,9.9,13.0,21.2,11.6,9.3,51,53,56,58,65
2017-01-28 23:00,2184,54,52,0.00,26,0.01,,20.4,15.5,0.11,0.41,9.8,13.3,20.6,11.6,9.3,51,52,56,58,65
2017-01-29 00:00,2184,54,52,0.00,29,0.00,,15.5,11.3,0.11,0.40,9.9,13.2,20.6,11.6,9.3,50,52,55,58,65
2017-01-29 01:00,2184,55,50,0.00,27,0.00,,14.2,9.0,0.11,0.40,9.4,12.9,20.4,11.6,9.3,49,51,55,58,65
2017-01-29 02:00,2184,54,49,0.00,28,0.00,,17.8,13.6,0.12,0.38,9.6,13.3,20.6,11.6,9.3,48,50,55,58,65
2017-01-29 03:00,2184,50,49,0.00,34,0.00,,18.2,13.8,0.12,0.35,9.4,13.0,20.9,11.7,9.3,48,50,54,58,65
2017-01-29 04:00,2184,52,49,0.00,33,0.00,,19.8,14.2,0.12,0.37,9.4,13.0,20.8,11.7,9.3,47,49,54,58,65
2017-01-29 05:00,2184,52,49,0.00,29,0.00,,20.3,15.4,0.12,0.37,9.6,13.0,20.3,11.7,9.3,47,49,54,58,65
2017-01-29 06:00,2184,49,48,0.00,34,7.29,,18.4,14.0,0.12,0.35,9.6,13.2,20.5,11.4,9.3,47,48,53,58,65
2017-01-29 07:00,2184,53,48,0.00,37,140.00,,21.2,14.1,0.12,0.36,9.6,12.8,20.5,11.4,9.3,47,48,53,58,65
2017-01-29 08:00,2184,58,53,0.00,30,329.50,,17.9,12.8,0.12,0.44,9.6,12.6,20.7,11.4,9.3,47,48,53,58,65
2017-01-29 09:00,2184,63,57,0.00,26,495.40,,20.6,15.2,0.11,0.55,10.1,13.0,20.2,11.4,9.3,51,50,52,58,65
2017-01-29 10:00,2184,65,63,0.00,16,613.60,,22.0,17.1,0.10,0.60,10.4,13.6,20.2,11.4,9.3,56,54,52,58,65
2017-01-29 11:00,2184,68,65,0.00,15,672.40,,19.5,11.5,0.09,0.65,10.5,13.9,20.2,11.4,9.3,61,58,52,58,65
2017-01-29 12:00,2184,69,68,0.00,14,665.70,,18.3,11.3,0.10,0.69,10.9,14.1,20.5,11.4,9.3,66,62,53,58,65
2017-01-29 13:00,2184,70,69,0.00,13,593.70,,19.9,13.8,0.10,0.72,10.7,14.3,21.0,11.4,9.3,70,65,54,58,65
2017-01-29 14:00,2184,71,70,0.00,14,464.10,,17.4,12.6,0.10,0.75,10.8,14.8,20.9,11.4,9.3,72,67,55,58,65
2017-01-29 15:00,2184,71,71,0.00,13,290.20,,16.5,12.0,0.10,0.76,11.2,14.6,20.5,11.4,9.3,72,69,56,58,65
2017-01-29 16:00,2184,71,68,0.00,13,96.70,,16.3,12.3,0.10,0.74,10.8,15.0,21.3,11.8,9.3,70,68,58,58,65
2017-01-29 17:00,2184,68,62,0.00,15,1.75,,14.9,9.9,0.10,0.66,10.7,14.8,20.9,11.4,9.3,67,66,58,58,65
2017-01-29 18:00,2184,62,60,0.00,21,0.06,,14.2,9.4,0.12,0.54,10.4,13.9,21.5,11.8,9.3,64,64,59,58,65
2017-01-29 19:00,2184,60,58,0.00,24,0.02,,16.3,11.7,0.12,0.50,10.2,14.4,21.2,11.8,9.3,60,62,60,58,65
2017-01-29 20:00,2184,59,55,0.00,25,0.02,,14.4,10.6,0.13,0.47,9.7,14.1,21.5,11.8,9.3,58,60,60,58,65
2017-01-29 21:00,2184,57,55,0.00,29,0.00,,16.4,10.0,0.13,0.45,9.4,13.7,21.9,11.8,9.3,56,58,59,59,65
2017-01-29 22:00,2184,57,54,0.00,27,0.01,,16.7,11.6,0.13,0.44,9.4,13.4,21.2,11.8,9.3,55,57,59,59,65
2017-01-29 23:00,2184,55,54,0.00,31,0.02,,16.1,12.1,0.13,0.43,9.9,13.4,21.1,11.8,9.3,54,56,59,59,65
2017-01-30 00:00,2184,54,53,0.00,31,0.00,,14.6,11.4,0.13,0.42,9.5,13.2,21.1,11.6,9.3,53,55,58,59,65
2017-01-30 01:00,2184,54,53,0.00,32,0.00,,15.2,12.1,0.13,0.41,9.5,13.3,21.0,11.6,9.3,52,54,58,59,65
2017-01-30 02:00,2184,54,52,0.00,32,0.00,,16.2,12.2,0.13,0.40,9.5,13.3,20.8,11.6,9.3,51,53,57,59,65
2017-01-30 03:00,2184,53,50,0.00,33,0.00,,13.3,10.7,0.13,0.38,9.6,13.5,20.9,11.6,9.3,51,52,57,59,65
2017-01-30 04:00,2184,50,47,0.00,39,0.00,,10.0,6.2,0.14,0.35,9.5,13.1,21.2,11.7,9.3,50,52,56,59,65
2017-01-30 05:00,2184,48,47,0.00,45,0.00,,10.6,7.7,0.14,0.33,9.0,12.9,20.7,11.7,9.3,49,51,56,59,65
2017-01-30 06:00,2184,48,46,0.00,42,10.72,,8.6,3.1,0.14,0.32,9.4,12.8,20.9,12.3,9.3,48,50,56,59,65
2017-01-30 07:00,2184,53,47,0.00,46,130.00,,9.0,5.5,0.14,0.36,9.2,12.8,21.1,12.3,9.3,47,49,55,60,65
2017-01-30 08:00,2184,54,51,0.00,36,268.80,,8.8,3.5,0.15,0.39,9.0,12.6,20.4,11.5,9.3,48,49,55,60,65
2017-01-30 09:00,2184,62,54,0.00,35,488.30,,14.2,7.7,0.14,0.49,9.2,13.0,20.3,12.1,9.3,51,51,54,60,65
2017-01-30 10:00,2184,67,62,0.00,25,620.90,,14.0,8.6,0.14,0.62,9.9,13.0,20.8,12.1,9.3,56,54,54,60,65
2017-01-30 11:00,2184,71,67,0.00,21,674.90,,17.2,11.3,0.13,0.70,10.4,13.5,20.8,12.1,9.3,63,59,54,60,65
2017-01-30 12:00,2184,72,71,0.00,17,670.30,,19.8,12.7,0.12,0.77,10.8,14.3,20.6,12.1,9.3,68,64,55,60,65
2017-01-30 13:00,2184,73,72,0.00,15,600.30,,16.9,12.4,0.12,0.80,10.7,14.6,20.9,12.1,9.3,72,67,56,59,65
2017-01-30 14:00,2184,74,72,0.00,14,470.90,,14.8,10.0,0.12,0.82,11.1,15.1,20.9,12.1,9.3,74,69,57,59,65
2017-01-30 15:00,2184,74,73,0.00,14,298.10,,11.0,8.2,0.12,0.83,11.4,14.6,21.0,12.1,9.3,74,70,58,59,65
2017-01-30 16:00,2184,73,68,0.00,15,93.00,,10.1,7.4,0.13,0.78,10.9,14.2,20.9,12.1,9.3,73,70,59,59,65
2017-01-30 17:00,2184,68,61,0.00,20,2.03,,9.4,7.7,0.14,0.62,10.4,14.6,21.8,12.1,9.3,70,69,60,59,65
2017-01-30 18:00,2184,61,59,0.00,28,0.05,,8.9,5.5,0.15,0.53,10.2,14.2,21.5,12.1,9.3,65,66,61,59,65
2017-01-30 19:00,2184,61,58,0.00,29,0.02,,11.1,6.0,0.14,0.52,10.0,13.8,21.0,12.1,9.3,62,63,61,60,65
2017-01-30 20:00,2184,58,56,0.00,30,0.02,,12.3,8.1,0.15,0.47,9.5,13.7,21.0,12.1,9.3,59,61,61,60,65
2017-01-30 21:00,2184,56,52,0.00,35,0.02,,11.2,8.0,0.17,0.42,9.2,13.3,21.8,12.1,9.3,57,59,61,60,65
2017-01-30 22:00,2184,53,51,0.00,44,0.01,,6.1,4.2,0.17,0.39,9.2,13.6,21.0,12.1,9.3,55,58,61,60,65
2017-01-30 23:00,2184,52,49,0.00,44,0.00,,7.1,3.6,0.18,0.36,9.6,13.2,21.2,11.8,9.3,54,56,60,60,65
2017-01-31 00:00,2184,51,49,0.00,50,0.00,,9.4,5.3,0.17,0.37,9.4,13.3,20.9,11.9,9.3,52,55,60,60,65
2017-01-31 01:00,2184,51,47,0.00,45,0.00,,4.4,2.6,0.17,0.35,9.4,13.1,21.1,11.9,9.3,51,53,59,60,65
2017-01-31 02:00,2184,47,45,0.00,53,0.00,,4.7,2.8,0.18,0.31,8.9,13.3,20.8,11.5,9.3,50,52,58,60,65
2017-01-31 03:00,2184,47,44,0.00,60,0.00,,7.0,4.3,0.18,0.30,9.3,13.1,21.0,11.5,9.3,48,51,58,60,65
2017-01-31 04:00,2184,47,42,0.00,54,0.00,,7.3,4.1,0.18,0.31,9.2,12.8,20.7,12.3,9.3,47,50,57,60,65
2017-01-31 05:00,2184,44,41,0.00,67,0.00,,5.1,2.5,0.18,0.27,8.7,12.6,20.7,11.9,9.3,46,49,57,60,65
2017-01-31 06:00,2184,42,40,0.00,70,8.51,,3.9,1.9,0.18,0.26,9.1,12.4,20.4,12.1,9.3,45,48,56,60,65
2017-01-31 07:00,2184,46,40,0.00,71,150.70,,3.3,1.6,0.19,0.27,8.9,12.4,20.6,11.8,9.3,44,47,55,60,65
2017-01-31 08:00,2184,56,46,0.00,60,342.10,,2.3,0.5,0.19,0.36,9.3,12.2,20.3,11.8,9.3,45,47,55,60,65
2017-01-31 09:00,2184,61,56,0.00,40,500.40,,2.7,0.5,0.17,0.50,9.5,12.4,20.5,11.8,9.3,50,49,54,60,65
2017-01-31 10:00,2184,65,61,0.00,30,628.40,,2.7,0.7,0.16,0.59,10.1,13.5,20.5,11.8,9.3,56,53,54,60,65
2017-01-31 11:00,2184,69,65,0.00,26,647.10,,4.7,1.7,0.16,0.66,10.4,13.9,20.5,11.8,9.3,64,58,54,60,65
2017-01-31 12:00,2184,73,69,0.00,21,663.30,,4.6,1.4,0.14,0.75,10.9,14.2,20.3,11.8,9.3,70,63,55,60,65
2017-01-31 13:00,2184,73,72,0.00,17,623.10,,4.6,1.4,0.14,0.81,11.1,14.4,20.4,11.8,9.3,74,67,55,60,65
2017-01-31 14:00,2184,74,72,0.00,17,365.30,,5.1,1.9,0.14,0.81,11.2,15.1,20.7,12.1,9.3,77,70,57,60,65
2017-01-31 15:00,2184,74,72,0.00,17,307.30,,5.2,2.6,0.14,0.82,10.7,14.9,20.8,12.1,9.3,76,71,58,60,65
2017-01-31 16:00,2184,73,70,0.00,17,104.10,,4.3,1.6,0.14,0.80,10.5,14.6,21.2,11.8,9.3,75,71,60,60,65
2017-01-31 17:00,2184,70,62,0.00,21,2.08,,2.9,1.4,0.16,0.67,10.2,14.2,21.0,11.8,9.3,71,69,61,60,65
2017-01-31 18:00,2184,62,58,0.00,29,0.08,,4.1,1.5,0.17,0.55,10.3,14.1,21.0,11.8,9.3,66,66,62,60,65
2017-01-31 19:00,2184,58,54,0.00,41,0.02,,3.7,2.0,0.19,0.45,9.9,13.8,21.3,11.8,9.3,62,63,62,60,65
2017-01-31 20:00,2184,54,51,0.00,44,0.00,,2.9,1.0,0.19,0.41,9.6,13.5,21.3,11.8,9.3,59,61,62,60,65
2017-01-31 21:00,2184,51,49,0.00,53,0.00,,3.8,1.7,0.20,0.36,9.2,13.6,20.7,11.8,9.3,57,59,62,60,65
2017-01-31 22:00,2184,50,47,0.00,57,0.00,,4.9,2.9,0.20,0.35,9.2,13.2,21.0,11.8,9.3,55,57,61,60,65
2017-01-31 23:00,2184,48,45,0.00,62,0.00,,4.5,1.6,0.20,0.32,8.9,13.5,20.9,11.8,9.3,53,55,60,60,65
