Date,Station Id,Air Temperature Maximum (degF),Air Temperature Minimum (degF),Precipitation Increment (in),Relative Humidity (pct),Solar Radiation Average (watt/m2),Solar Radiation/langley Total (langley),Wind Speed Maximum (mph),Wind Speed Average (mph),Vapor Pressure - Partial (inch_Hg),Vapor Pressure - Saturated (inch_Hg),Soil Moisture Percent -2in (pct),Soil Moisture Percent -4in (pct),Soil Moisture Percent -8in (pct),Soil Moisture Percent -20in (pct),Soil Moisture Percent -40in (pct),Soil Temperature Observed -2in (degF),Soil Temperature Observed -4in (degF),Soil Temperature Observed -8in (degF),Soil Temperature Observed -20in (degF),Soil Temperature Observed -40in (degF)
2017-01-01 00:00,2217,40,39,0.00,100,0.17,,3.8,1.2,0.24,0.24,25.4,26.8,21.9,21.9,31.3,42,44,46,50,58
2017-01-01 01:00,2217,40,39,0.00,100,0.18,,2.9,0.7,0.24,0.24,24.3,27.0,21.3,21.9,29.1,41,44,46,50,58
2017-01-01 02:00,2217,41,38,0.00,100,0.15,,6.6,2.4,0.25,0.25,25.1,26.2,22.2,21.9,29.1,41,43,46,50,58
2017-01-01 03:00,2217,45,40,0.01,100,0.17,,15.1,4.0,0.25,0.27,25.8,26.6,22.8,21.9,31.3,40,43,46,50,58
2017-01-01 04:00,2217,46,45,0.00,84,0.14,,13.9,8.5,0.29,0.30,25.0,26.6,22.7,21.6,31.3,40,42,46,50,58
2017-01-01 05:00,2217,46,42,0.00,82,0.12,,11.3,5.0,0.28,0.30,25.2,25.9,22.4,21.9,31.3,40,42,45,50,58
2017-01-01 06:00,2217,42,40,0.00,100,0.19,,8.3,3.0,0.25,0.25,25.2,26.2,21.5,21.6,31.3,40,42,45,50,58
2017-01-01 07:00,2217,43,41,0.00,100,18.77,,7.5,3.0,0.26,0.26,25.6,26.1,21.5,21.6,31.3,39,42,45,50,58
2017-01-01 08:00,2217,47,43,0.00,100,190.60,,4.9,1.8,0.29,0.30,25.5,26.1,21.3,21.6,31.3,39,41,44,50,58
2017-01-01 09:00,2217,49,47,0.00,84,351.90,,4.0,1.9,0.30,0.32,25.3,25.8,22.0,21.6,29.1,39,41,44,50,58
2017-01-01 10:00,2217,49,48,0.00,85,472.40,,9.8,5.5,0.32,0.34,25.4,26.1,22.5,21.6,31.3,39,41,44,50,58
2017-01-01 11:00,2217,51,49,0.00,87,492.10,,8.8,4.8,0.27,0.35,25.0,26.1,22.0,20.4,31.3,40,41,44,50,58
2017-01-01 12:00,2217,52,51,0.00,70,515.20,,7.3,3.7,0.25,0.38,25.1,26.2,22.4,20.4,31.3,42,42,44,50,58
2017-01-01 13:00,2217,52,50,0.00,73,327.40,,6.0,2.9,0.28,0.38,25.5,25.9,22.8,21.9,31.3,44,43,44,50,58
2017-01-01 14:00,2217,51,50,0.00,83,160.30,,5.8,2.7,0.30,0.36,25.4,26.6,22.0,21.9,31.3,46,44,44,50,58
2017-01-01 15:00,2217,50,50,0.00,78,95.70,,9.2,4.2,0.31,0.36,25.7,26.8,22.7,20.4,31.3,46,46,45,50,58
2017-01-01 16:00,2217,50,49,0.00,95,28.89,,7.5,3.6,0.35,0.35,26.0,27.2,22.4,21.6,29.6,47,46,45,50,58
2017-01-01 17:00,2217,49,47,0.00,99,0.19,,9.3,3.9,0.30,0.33,26.0,26.6,22.0,20.4,29.6,47,47,45,50,58
2017-01-01 18:00,2217,47,45,0.00,66,0.10,,11.7,7.8,0.21,0.31,26.0,26.4,21.3,21.9,31.3,47,47,46,50,58
2017-01-01 19:00,2217,45,44,0.00,70,0.12,,15.6,9.0,0.20,0.30,26.5,26.4,22.5,21.9,29.1,46,47,46,50,58
2017-01-01 20:00,2217,45,44,0.00,66,0.12,,14.0,10.3,0.19,0.30,24.6,26.6,23.3,21.9,31.3,45,46,46,50,58
2017-01-01 21:00,2217,46,44,0.00,64,0.10,,13.8,9.7,0.19,0.30,25.6,26.9,22.5,21.9,29.1,44,46,46,50,58
2017-01-01 22:00,2217,46,45,0.00,61,0.12,,13.5,9.8,0.18,0.30,25.0,27.1,22.5,21.9,29.1,44,45,46,50,58
2017-01-01 23:00,2217,46,45,0.00,57,0.10,,12.1,8.1,0.17,0.30,25.5,26.8,22.5,21.9,29.6,43,45,46,50,58
2017-01-02 00:00,2217,45,44,0.00,58,0.10,,12.9,8.8,0.17,0.30,25.3,26.8,21.7,21.9,29.1,43,45,46,50,58
2017-01-02 01:00,2217,45,44,0.00,58,0.11,,13.1,10.0,0.17,0.29,25.4,27.1,21.9,21.9,31.2,42,44,46,50,58
2017-01-02 02:00,2217,46,44,0.00,58,0.12,,13.2,8.1,0.17,0.31,25.1,26.3,22.8,21.9,31.3,42,44,46,50,58
2017-01-02 03:00,2217,45,44,0.00,54,0.09,,12.2,8.4,0.17,0.30,25.4,26.3,22.5,21.9,31.2,42,44,46,50,58
2017-01-02 04:00,2217,45,44,0.00,59,0.08,,9.5,5.0,0.17,0.29,25.1,26.3,22.2,21.9,29.1,42,43,46,50,58
2017-01-02 05:00,2217,45,44,0.00,56,0.11,,7.0,4.4,0.17,0.30,25.3,26.6,22.5,21.9,31.2,41,43,46,50,58
2017-01-02 06:00,2217,46,44,0.00,57,0.12,,6.3,3.8,0.18,0.30,25.5,26.6,22.7,21.9,31.2,41,43,45,50,58
2017-01-02 07:00,2217,46,45,0.00,59,12.82,,7.5,4.0,0.17,0.30,25.5,26.9,22.4,21.9,29.6,41,43,45,50,58
2017-01-02 08:00,2217,47,46,0.00,55,75.41,,10.8,5.7,0.17,0.32,25.4,25.9,22.4,21.9,31.2,41,43,45,50,58
2017-01-02 09:00,2217,47,46,0.00,57,136.40,,6.0,3.1,0.19,0.32,25.3,25.9,22.4,21.9,31.2,42,43,45,50,58
2017-01-02 10:00,2217,48,47,0.00,56,176.70,,3.0,1.4,0.18,0.33,24.9,25.9,21.5,20.7,31.2,42,43,45,50,58
2017-01-02 11:00,2217,49,48,0.00,55,241.50,,3.8,1.6,0.19,0.35,25.3,26.6,22.4,21.9,31.2,44,43,45,50,58
2017-01-02 12:00,2217,50,49,0.00,55,309.20,,5.0,2.3,0.20,0.36,25.4,25.5,21.5,21.9,29.6,45,44,45,50,58
2017-01-02 13:00,2217,50,50,0.00,56,178.70,,5.9,2.5,0.20,0.36,25.7,26.3,22.7,20.4,28.3,47,45,45,50,58
2017-01-02 14:00,2217,50,50,0.00,55,147.30,,7.7,3.5,0.20,0.36,25.6,26.4,21.0,21.9,31.2,48,46,45,50,58
2017-01-02 15:00,2217,50,50,0.00,59,63.19,,7.8,4.2,0.23,0.36,25.4,26.9,22.2,21.9,31.2,49,47,46,50,58
2017-01-02 16:00,2217,50,49,0.00,79,12.06,,6.4,3.1,0.27,0.35,26.0,26.4,22.8,21.9,31.2,49,47,46,50,58
2017-01-02 17:00,2217,49,48,0.00,72,0.22,,5.3,2.0,0.28,0.34,25.9,27.1,23.3,20.7,31.2,49,48,47,50,58
2017-01-02 18:00,2217,49,48,0.00,78,0.06,,12.8,6.3,0.27,0.34,26.1,27.1,22.8,20.7,31.2,48,48,47,50,58
2017-01-02 19:00,2217,49,48,0.00,82,0.07,,11.5,7.8,0.30,0.34,25.7,27.1,23.2,21.9,31.2,47,48,47,50,58
2017-01-02 20:00,2217,48,47,0.00,93,0.07,,13.1,8.0,0.32,0.32,25.7,27.5,21.4,20.7,31.2,47,48,47,50,58
2017-01-02 21:00,2217,48,47,0.00,100,0.08,,13.9,8.7,0.30,0.33,25.6,26.4,22.3,20.7,29.6,46,47,47,50,58
2017-01-02 22:00,2217,49,47,0.00,80,0.09,,10.2,5.3,0.26,0.35,25.9,26.7,22.3,20.4,31.2,46,47,47,50,58
2017-01-02 23:00,2217,49,46,0.00,84,0.07,,5.6,1.8,0.28,0.32,25.3,26.3,22.3,20.7,31.2,45,47,47,50,58
2017-01-03 00:00,2217,47,44,0.00,83,0.08,,8.4,2.3,0.29,0.32,25.6,26.9,22.3,20.7,31.2,45,47,47,50,57
2017-01-03 01:00,2217,45,44,0.00,100,0.10,,5.1,1.8,0.29,0.29,25.6,26.9,21.4,21.9,31.2,45,46,47,50,58
2017-01-03 02:00,2217,47,44,0.00,100,0.08,,5.2,2.3,0.30,0.31,25.6,27.2,23.4,21.9,29.6,45,46,47,50,57
2017-01-03 03:00,2217,47,44,0.00,93,0.11,,5.4,1.4,0.30,0.31,25.3,26.4,22.8,21.9,29.6,45,46,47,50,58
2017-01-03 04:00,2217,47,46,0.00,100,0.08,,6.4,3.6,0.30,0.32,25.3,26.8,22.8,21.9,29.6,45,46,47,50,58
2017-01-03 05:00,2217,48,47,0.00,77,0.09,,9.1,5.6,0.24,0.34,25.3,26.8,22.8,21.9,29.6,44,45,47,50,58
2017-01-03 06:00,2217,49,47,0.00,69,0.08,,10.8,3.5,0.23,0.34,25.5,26.8,22.8,21.9,31.2,44,45,47,50,58
2017-01-03 07:00,2217,48,47,0.00,76,9.48,,5.2,3.1,0.26,0.33,25.5,26.8,23.1,21.9,29.6,44,45,47,50,58
2017-01-03 08:00,2217,50,48,0.00,75,62.00,,5.2,1.9,0.27,0.34,25.5,26.8,21.3,21.9,31.2,44,45,47,50,58
2017-01-03 09:00,2217,50,49,0.00,74,147.30,,5.1,2.0,0.29,0.35,25.3,26.8,22.3,20.4,31.2,45,45,46,50,57
2017-01-03 10:00,2217,55,50,0.00,76,238.40,,7.2,2.2,0.28,0.40,24.7,26.8,21.7,20.7,28.3,45,45,46,50,58
2017-01-03 11:00,2217,56,55,0.00,64,368.40,,12.2,5.8,0.27,0.44,25.6,26.8,23.3,21.9,31.2,47,46,47,50,58
2017-01-03 12:00,2217,57,55,0.00,61,208.80,,12.8,7.5,0.27,0.45,25.5,26.9,21.3,21.9,29.6,48,47,47,50,57
2017-01-03 13:00,2217,58,57,0.00,58,136.80,,10.2,5.0,0.27,0.48,25.7,26.4,22.0,21.9,29.6,49,47,47,50,58
2017-01-03 14:00,2217,58,56,0.00,59,76.10,,14.4,7.5,0.28,0.47,25.9,27.1,22.6,21.9,29.6,50,49,47,50,58
2017-01-03 15:00,2217,57,56,0.00,62,62.18,,10.0,5.9,0.29,0.46,26.5,26.8,22.9,21.9,31.2,50,49,47,50,57
2017-01-03 16:00,2217,56,55,0.00,68,7.75,,11.6,6.5,0.31,0.45,26.5,26.5,22.4,21.6,31.2,51,49,48,50,58
2017-01-03 17:00,2217,55,54,0.00,69,0.15,,12.8,7.8,0.32,0.43,25.9,26.5,22.0,21.6,31.2,51,50,48,50,58
2017-01-03 18:00,2217,54,52,0.00,76,0.03,,15.0,8.2,0.35,0.40,26.1,27.6,23.5,21.9,31.2,50,50,49,50,58
2017-01-03 19:00,2217,52,51,0.01,96,0.02,,13.6,7.5,0.38,0.38,26.4,27.6,22.2,21.6,29.6,50,50,49,50,57
2017-01-03 20:00,2217,52,51,0.00,100,0.02,,14.8,8.5,0.38,0.38,25.6,27.6,23.0,21.6,29.6,49,49,49,50,57
2017-01-03 21:00,2217,51,49,0.00,100,0.02,,14.8,7.8,0.37,0.37,25.8,26.5,22.8,21.6,31.2,49,49,49,50,57
2017-01-03 22:00,2217,49,49,0.01,100,0.02,,13.3,6.4,0.35,0.35,25.8,26.8,22.0,21.6,29.6,49,49,49,50,58
2017-01-03 23:00,2217,54,49,0.00,100,0.01,,14.4,8.9,0.39,0.39,25.7,27.2,22.0,21.6,31.2,49,49,49,50,58
2017-01-04 00:00,2217,54,53,0.00,100,0.01,,16.9,10.0,0.41,0.41,25.7,26.8,22.8,21.0,31.2,49,49,49,51,57
2017-01-04 01:00,2217,53,53,0.00,100,0.01,,15.8,10.2,0.40,0.40,25.7,27.2,22.6,21.6,31.2,49,49,49,50,57
2017-01-04 02:00,2217,53,52,0.02,100,0.01,,16.1,10.1,0.40,0.40,25.7,26.8,22.8,21.6,31.2,48,49,49,51,58
2017-01-04 03:00,2217,53,51,0.09,100,0.01,,18.2,7.6,0.39,0.39,25.7,26.8,22.8,21.6,31.2,49,49,49,50,58
2017-01-04 04:00,2217,51,51,0.18,100,0.01,,14.7,8.0,0.37,0.37,25.7,26.8,22.6,21.6,29.6,49,49,49,50,57
2017-01-04 05:00,2217,52,51,0.02,100,0.01,,13.9,7.8,0.38,0.38,25.7,26.8,23.5,21.6,31.2,48,49,49,50,58
2017-01-04 06:00,2217,52,50,0.00,100,0.01,,7.2,3.4,0.38,0.38,25.5,26.8,22.0,21.1,29.6,49,49,49,51,57
2017-01-04 07:00,2217,51,50,0.04,100,6.18,,10.5,4.0,0.37,0.37,26.4,26.8,22.6,21.1,28.3,49,49,49,51,58
2017-01-04 08:00,2217,52,51,0.00,100,64.67,,10.9,4.8,0.38,0.38,26.1,26.5,22.6,21.9,31.2,49,49,49,51,57
2017-01-04 09:00,2217,55,51,0.00,100,137.30,,8.8,2.4,0.39,0.39,26.0,26.5,23.5,21.1,28.3,49,49,49,51,57
2017-01-04 10:00,2217,55,54,0.00,100,106.80,,6.1,2.5,0.43,0.43,25.8,26.5,23.5,21.9,30.0,49,49,49,51,57
2017-01-04 11:00,2217,55,54,0.00,100,108.50,,5.3,2.6,0.43,0.43,26.5,27.3,22.2,21.1,28.3,51,49,49,51,57
2017-01-04 12:00,2217,55,54,0.00,100,107.90,,6.2,1.9,0.43,0.43,26.3,27.7,23.1,21.1,30.0,51,50,49,51,57
2017-01-04 13:00,2217,58,55,0.00,100,114.20,,6.9,3.1,0.46,0.46,26.3,27.7,24.0,21.1,29.6,52,51,49,51,57
2017-01-04 14:00,2217,58,57,0.00,100,93.50,,3.2,1.0,0.47,0.47,26.3,27.7,23.5,21.9,29.6,53,51,50,51,57
2017-01-04 15:00,2217,58,57,0.00,100,66.66,,6.3,1.8,0.48,0.48,26.7,27.5,22.6,21.9,29.6,53,52,50,51,57
2017-01-04 16:00,2217,57,54,0.00,100,24.02,,2.6,1.2,0.46,0.46,27.0,27.8,22.6,21.6,30.0,54,52,50,51,57
2017-01-04 17:00,2217,54,54,0.00,100,0.48,,4.0,0.9,0.43,0.43,26.4,28.7,23.3,21.9,31.2,54,53,51,51,58
2017-01-04 18:00,2217,56,54,0.00,100,0.02,,7.3,1.2,0.43,0.43,27.0,28.7,22.9,21.9,31.2,53,52,51,51,57
2017-01-04 19:00,2217,55,53,0.00,100,0.03,,7.1,1.9,0.43,0.43,26.7,28.1,22.7,21.9,29.6,52,53,51,51,57
2017-01-04 20:00,2217,56,53,0.00,100,0.03,,3.6,1.3,0.42,0.42,26.4,28.1,22.2,21.3,30.0,52,52,51,51,57
2017-01-04 21:00,2217,57,55,0.00,100,0.02,,7.4,2.0,0.45,0.45,26.3,26.9,22.2,21.9,30.0,52,52,51,51,57
2017-01-04 22:00,2217,59,56,0.00,100,0.03,,6.9,2.5,0.47,0.47,26.0,27.8,22.2,21.6,29.6,52,52,51,51,58
2017-01-04 23:00,2217,60,56,0.00,100,0.02,,6.4,2.0,0.48,0.48,26.0,27.2,21.9,21.6,31.2,51,52,51,51,58
2017-01-05 00:00,2217,60,49,0.00,100,0.04,,15.6,7.3,0.41,0.41,26.9,27.8,21.9,21.0,31.2,51,52,51,51,58
2017-01-05 01:00,2217,49,48,0.00,100,0.05,,8.2,5.2,0.34,0.34,26.9,27.8,21.9,21.0,29.6,51,51,51,51,58
2017-01-05 02:00,2217,49,49,0.00,100,0.03,,8.5,5.5,0.35,0.35,27.2,27.8,21.9,20.4,29.6,51,52,51,51,57
2017-01-05 03:00,2217,49,49,0.01,100,0.02,,7.1,4.3,0.35,0.35,26.9,27.8,24.2,22.2,29.6,51,51,51,52,58
2017-01-05 04:00,2217,49,48,0.01,100,0.02,,9.0,5.2,0.34,0.34,26.3,27.8,24.2,21.7,29.6,51,51,51,51,57
2017-01-05 05:00,2217,48,47,0.00,100,0.02,,7.0,3.6,0.33,0.33,26.3,27.4,23.1,21.7,29.6,50,51,51,51,58
2017-01-05 06:00,2217,48,47,0.00,100,0.03,,4.9,2.3,0.33,0.33,27.2,27.4,21.9,21.7,31.2,50,51,51,51,57
2017-01-05 07:00,2217,48,47,0.00,100,4.92,,3.1,1.2,0.33,0.33,26.3,27.7,23.6,20.5,29.6,50,51,51,52,57
2017-01-05 08:00,2217,48,48,0.00,100,32.93,,6.8,2.9,0.33,0.33,26.5,27.7,22.2,21.7,29.6,50,51,51,52,57
2017-01-05 09:00,2217,48,47,0.00,100,61.62,,10.1,5.8,0.33,0.33,26.9,26.5,23.6,21.7,29.6,50,51,51,52,58
2017-01-05 10:00,2217,47,45,0.00,100,49.26,,10.5,5.7,0.32,0.32,26.9,27.7,23.6,21.7,29.6,50,50,51,52,57
2017-01-05 11:00,2217,46,45,0.00,100,56.99,,10.0,6.1,0.30,0.30,26.7,27.7,22.2,21.4,29.6,50,51,51,52,57
2017-01-05 12:00,2217,46,46,0.00,100,108.10,,9.3,5.8,0.31,0.31,26.9,26.5,21.5,21.7,29.6,50,50,51,52,57
2017-01-05 13:00,2217,46,45,0.00,100,90.80,,7.7,4.8,0.30,0.30,26.9,26.5,22.9,21.7,29.6,50,50,51,52,57
2017-01-05 14:00,2217,46,45,0.00,100,80.60,,6.1,3.9,0.30,0.30,27.2,27.7,22.9,21.7,30.0,50,50,51,52,57
2017-01-05 15:00,2217,47,46,0.00,100,84.40,,8.2,5.5,0.32,0.32,27.2,27.0,21.8,21.7,29.6,50,50,51,52,58
2017-01-05 16:00,2217,47,45,0.00,100,14.08,,12.2,7.0,0.31,0.31,27.3,27.0,22.3,21.4,30.0,50,50,51,52,57
2017-01-05 17:00,2217,45,43,0.00,100,0.58,,10.0,5.0,0.29,0.29,27.2,26.5,22.4,21.4,29.6,49,50,51,52,57
2017-01-05 18:00,2217,43,42,0.00,100,0.13,,8.9,4.9,0.27,0.27,26.8,27.0,24.1,21.4,31.2,49,50,51,52,58
2017-01-05 19:00,2217,43,42,0.00,76,0.17,,7.5,4.6,0.19,0.28,27.1,27.3,22.9,21.4,29.6,48,49,50,52,57
2017-01-05 20:00,2217,42,38,0.00,68,0.14,,6.8,2.2,0.21,0.25,26.4,26.9,22.3,21.4,29.6,47,49,51,52,57
2017-01-05 21:00,2217,41,38,0.00,100,0.20,,7.4,2.6,0.20,0.24,26.7,27.6,22.3,21.4,29.6,46,49,50,52,57
2017-01-05 22:00,2217,41,37,0.00,57,0.22,,7.3,2.6,0.16,0.25,26.6,26.7,23.5,22.2,31.2,45,48,50,52,58
2017-01-05 23:00,2217,40,38,0.00,61,0.20,,6.0,1.8,0.17,0.24,26.3,26.7,22.3,21.0,31.2,44,47,49,52,58
2017-01-06 00:00,2217,38,37,0.00,71,0.22,,3.1,1.0,0.17,0.22,26.7,26.4,23.5,22.2,29.6,43,47,49,52,57
2017-01-06 01:00,2217,37,36,0.00,86,0.27,,2.6,0.6,0.19,0.22,26.4,26.3,24.0,21.4,29.6,42,46,49,52,57
2017-01-06 02:00,2217,38,36,0.00,87,0.21,,5.8,1.9,0.20,0.21,26.3,26.8,22.0,21.4,31.2,42,45,49,52,58
2017-01-06 03:00,2217,38,36,0.00,78,0.23,,6.4,2.1,0.19,0.22,26.6,27.1,22.8,21.8,29.6,41,44,48,52,57
2017-01-06 04:00,2217,36,34,0.00,100,0.19,,4.7,0.9,0.20,0.20,25.9,26.3,22.9,22.2,28.3,40,44,48,52,57
2017-01-06 05:00,2217,35,33,0.00,100,0.27,,5.0,1.6,0.19,0.19,26.2,26.2,23.2,22.2,29.6,40,44,47,52,57
2017-01-06 06:00,2217,34,32,0.00,100,0.31,,5.0,1.5,0.19,0.19,26.4,26.6,22.6,21.0,29.6,39,43,47,52,58
2017-01-06 07:00,2217,34,32,0.00,100,17.12,,4.2,1.8,0.19,0.19,26.0,25.4,22.3,20.9,29.6,39,42,47,52,57
2017-01-06 08:00,2217,38,34,0.00,100,205.10,,3.6,1.0,0.20,0.21,25.5,26.1,22.8,22.2,29.6,38,42,46,52,57
2017-01-06 09:00,2217,39,38,0.00,81,347.20,,4.3,1.7,0.18,0.23,26.1,25.4,23.3,21.0,29.6,38,41,46,52,57
2017-01-06 10:00,2217,41,39,0.00,66,458.70,,4.1,1.6,0.17,0.25,26.1,25.7,21.9,21.4,29.6,38,41,45,52,57
2017-01-06 11:00,2217,43,40,0.00,69,516.20,,6.0,2.0,0.18,0.26,26.4,25.7,22.2,21.4,29.6,38,41,45,52,58
2017-01-06 12:00,2217,44,42,0.00,66,473.20,,6.0,2.4,0.19,0.27,26.3,25.6,21.9,21.4,29.6,39,41,45,52,58
2017-01-06 13:00,2217,46,44,0.00,68,468.90,,5.2,2.0,0.20,0.30,27.0,25.5,22.7,21.4,29.6,41,42,45,52,57
2017-01-06 14:00,2217,46,45,0.00,68,347.30,,7.0,3.4,0.22,0.31,26.1,25.9,21.9,21.4,31.2,43,43,45,52,58
2017-01-06 15:00,2217,46,45,0.00,72,156.10,,7.5,3.7,0.24,0.30,26.8,25.9,21.6,21.7,28.3,45,44,45,52,58
2017-01-06 16:00,2217,45,44,0.00,81,28.31,,4.1,2.0,0.25,0.30,25.9,26.7,22.5,21.4,29.6,46,45,46,52,58
2017-01-06 17:00,2217,44,43,0.00,100,0.28,,4.1,1.4,0.28,0.28,27.3,26.9,21.7,21.7,31.2,46,46,46,52,58
2017-01-06 18:00,2217,43,42,0.00,100,0.13,,3.1,1.3,0.27,0.27,27.3,26.9,21.9,21.7,29.6,46,46,46,52,57
2017-01-06 19:00,2217,43,43,0.00,100,0.14,,3.5,1.2,0.28,0.28,27.2,26.9,21.4,21.7,31.2,45,46,47,52,58
2017-01-06 20:00,2217,43,42,0.00,100,0.12,,3.4,0.7,0.27,0.27,27.2,26.9,23.2,21.7,31.2,45,46,47,52,58
2017-01-06 21:00,2217,43,43,0.00,100,0.12,,2.6,0.8,0.27,0.27,27.2,26.8,22.3,20.0,31.2,44,46,47,52,58
2017-01-06 22:00,2217,43,43,0.00,100,0.12,,3.0,1.6,0.28,0.28,27.2,26.8,23.2,21.7,29.6,44,46,47,51,58
2017-01-06 23:00,2217,44,43,0.00,100,0.12,,7.1,1.8,0.28,0.28,26.4,27.1,22.9,21.7,29.6,44,45,47,51,58
2017-01-07 00:00,2217,44,43,0.00,100,0.12,,6.3,2.4,0.28,0.28,27.2,27.1,22.3,20.4,31.2,44,45,47,51,57
2017-01-07 01:00,2217,45,43,0.00,100,0.09,,14.7,5.5,0.29,0.29,27.2,26.0,23.4,21.0,26.7,44,45,47,51,58
2017-01-07 02:00,2217,45,43,0.00,100,0.11,,15.9,10.6,0.30,0.30,26.4,26.0,22.9,21.6,31.2,44,45,47,52,58
2017-01-07 03:00,2217,44,43,0.03,100,0.08,,15.0,9.4,0.28,0.28,26.4,26.0,23.2,21.0,29.6,44,45,47,52,58
2017-01-07 04:00,2217,49,44,0.00,100,0.07,,16.3,9.3,0.33,0.33,26.9,26.0,23.1,21.6,29.6,44,45,47,51,58
2017-01-07 05:00,2217,50,48,0.04,100,0.06,,12.1,6.6,0.34,0.34,27.3,26.0,22.3,21.0,31.2,44,45,47,51,58
2017-01-07 06:00,2217,52,48,0.03,100,0.04,,14.6,7.3,0.37,0.37,27.0,26.0,22.3,21.6,29.6,44,45,47,51,58
2017-01-07 07:00,2217,52,51,0.00,100,7.11,,20.1,11.1,0.38,0.38,26.5,27.1,22.3,20.1,27.3,45,45,47,51,58
2017-01-07 08:00,2217,54,52,0.00,100,33.53,,21.4,13.3,0.41,0.41,27.2,27.1,22.3,21.6,31.2,45,46,47,51,58
2017-01-07 09:00,2217,53,51,0.00,100,66.17,,19.6,11.6,0.39,0.39,27.3,26.8,22.6,21.6,31.2,46,46,47,51,58
2017-01-07 10:00,2217,54,52,0.00,100,217.90,,18.5,9.8,0.40,0.40,26.4,26.4,22.3,21.6,31.2,46,46,47,51,58
2017-01-07 11:00,2217,54,52,0.00,100,153.80,,17.4,9.9,0.41,0.41,27.5,26.9,22.3,21.9,29.6,47,47,47,51,58
2017-01-07 12:00,2217,53,52,0.00,100,120.60,,13.4,7.4,0.39,0.39,28.0,27.1,22.0,21.6,31.2,49,47,47,51,58
2017-01-07 13:00,2217,55,52,0.00,100,185.60,,10.4,4.6,0.42,0.42,27.6,27.5,21.7,21.9,29.6,49,48,47,51,58
2017-01-07 14:00,2217,56,54,0.00,100,55.94,,12.8,5.1,0.43,0.43,28.0,26.8,22.0,21.9,29.1,50,49,47,51,58
2017-01-07 15:00,2217,56,54,0.00,100,16.69,,10.4,6.1,0.44,0.44,28.1,27.2,21.8,21.9,31.2,51,49,48,51,58
2017-01-07 16:00,2217,57,56,0.01,100,4.04,,16.8,7.9,0.45,0.45,28.1,27.6,22.2,21.6,29.6,51,50,48,51,58
2017-01-07 17:00,2217,56,55,0.02,100,0.08,,10.0,5.1,0.44,0.44,29.0,27.4,22.6,21.9,31.2,51,50,49,51,58
2017-01-07 18:00,2217,59,55,0.00,100,0.02,,9.5,4.3,0.47,0.47,28.4,27.3,23.5,21.6,31.2,51,50,49,51,58
2017-01-07 19:00,2217,58,55,0.00,100,0.01,,8.6,4.5,0.47,0.47,27.6,27.3,23.7,21.9,31.2,51,50,49,51,58
2017-01-07 20:00,2217,60,56,0.00,100,0.02,,9.5,5.4,0.47,0.47,27.9,27.3,22.6,21.9,29.1,51,50,49,51,58
2017-01-07 21:00,2217,60,56,0.04,100,0.01,,9.9,2.7,0.49,0.49,28.0,27.0,23.5,21.9,29.6,51,51,50,51,58
2017-01-07 22:00,2217,57,55,0.01,100,0.00,,7.1,3.0,0.45,0.45,28.5,27.0,22.6,21.9,29.6,51,51,50,51,58
2017-01-07 23:00,2217,56,54,0.03,100,0.00,,11.3,3.3,0.44,0.44,30.0,27.0,22.0,21.6,31.2,51,51,50,51,58
2017-01-08 00:00,2217,64,54,0.00,100,0.01,,20.1,7.6,0.43,0.43,31.9,27.7,22.6,21.9,29.6,51,51,50,51,58
2017-01-08 01:00,2217,64,63,0.00,91,0.01,,24.6,8.8,0.53,0.59,31.4,27.7,23.6,21.9,31.2,51,51,50,51,58
2017-01-08 02:00,2217,64,63,0.00,88,0.01,,18.8,9.9,0.48,0.59,32.0,27.7,23.3,21.9,31.2,51,51,50,51,58
2017-01-08 03:00,2217,64,63,0.00,78,0.01,,17.9,10.9,0.46,0.59,32.5,27.4,22.9,21.0,29.6,51,51,50,51,58
2017-01-08 04:00,2217,64,63,0.00,79,0.02,,23.8,14.6,0.43,0.59,32.8,27.0,22.9,21.6,31.2,52,51,50,51,58
2017-01-08 05:00,2217,64,63,0.00,71,0.01,,24.0,10.7,0.40,0.58,32.8,27.2,23.8,21.6,31.2,52,52,50,51,58
2017-01-08 06:00,2217,63,63,0.00,68,0.03,,24.2,11.4,0.40,0.58,32.6,27.8,22.7,21.6,29.6,52,52,51,52,58
2017-01-08 07:00,2217,64,63,0.00,73,9.07,,15.8,10.1,0.42,0.58,31.4,27.8,23.6,21.0,29.6,52,52,51,51,58
2017-01-08 08:00,2217,65,64,0.00,68,61.97,,20.0,11.8,0.40,0.61,32.6,27.8,23.4,21.0,31.2,52,52,51,51,58
2017-01-08 09:00,2217,65,65,0.00,63,111.30,,20.8,11.6,0.39,0.62,33.5,27.8,23.4,21.6,31.2,52,52,51,51,58
2017-01-08 10:00,2217,65,65,0.00,60,48.95,,20.9,10.4,0.38,0.63,33.1,28.9,22.9,21.6,31.2,53,52,51,51,58
2017-01-08 11:00,2217,66,65,0.00,63,108.30,,17.5,11.4,0.38,0.63,32.7,27.6,22.9,21.0,31.2,54,52,51,52,57
2017-01-08 12:00,2217,67,66,0.00,58,181.30,,14.6,8.4,0.39,0.66,32.7,27.6,23.2,21.0,31.2,54,53,51,52,57
2017-01-08 13:00,2217,67,67,0.00,63,66.55,,12.0,5.8,0.41,0.67,32.9,28.2,22.5,20.5,29.6,55,53,52,52,57
2017-01-08 14:00,2217,68,67,0.00,56,35.70,,12.3,5.4,0.39,0.68,31.3,28.2,22.9,21.7,29.6,56,54,52,52,57
2017-01-08 15:00,2217,67,64,0.00,60,15.13,,8.0,4.0,0.45,0.64,32.9,27.5,22.2,20.5,29.6,56,55,52,52,57
2017-01-08 16:00,2217,64,60,0.18,94,1.54,,6.2,3.0,0.55,0.56,32.9,28.7,23.9,20.5,31.2,56,55,53,52,58
2017-01-08 17:00,2217,62,60,0.06,100,0.06,,10.4,5.0,0.54,0.54,33.4,28.2,23.9,21.3,29.6,56,55,53,52,58
2017-01-08 18:00,2217,60,58,0.04,100,0.01,,12.9,5.5,0.52,0.52,38.9,27.9,23.5,21.0,31.2,56,55,53,52,57
2017-01-08 19:00,2217,58,56,0.00,100,0.01,,4.5,1.7,0.47,0.47,41.1,30.6,23.2,21.0,29.6,56,55,53,52,58
2017-01-08 20:00,2217,62,56,0.00,100,0.01,,17.6,3.5,0.48,0.48,41.6,30.3,24.2,21.0,29.6,56,55,53,52,57
2017-01-08 21:00,2217,62,58,0.00,100,0.01,,11.4,5.2,0.52,0.52,39.1,33.1,23.0,21.0,29.6,55,55,54,52,57
2017-01-08 22:00,2217,63,60,0.00,100,0.02,,11.3,4.5,0.55,0.55,38.8,33.4,24.2,22.2,31.2,55,55,54,52,58
2017-01-08 23:00,2217,64,61,0.00,85,0.01,,13.0,4.6,0.48,0.59,39.6,32.2,23.9,22.2,31.2,54,55,54,52,57
2017-01-09 00:00,2217,63,60,0.00,100,0.01,,11.4,4.2,0.47,0.56,37.4,33.3,23.0,21.7,31.2,54,55,54,52,58
2017-01-09 01:00,2217,62,58,0.00,100,0.00,,13.8,4.2,0.52,0.53,37.6,33.7,23.9,21.7,31.2,54,54,54,52,58
2017-01-09 02:00,2217,62,57,0.00,100,0.02,,10.7,2.4,0.48,0.49,38.5,33.6,23.0,21.7,29.6,54,54,53,52,58
2017-01-09 03:00,2217,62,61,0.00,67,0.03,,18.2,5.7,0.37,0.55,38.0,32.8,24.2,21.7,29.6,54,54,54,52,58
2017-01-09 04:00,2217,62,60,0.00,64,0.01,,17.7,8.1,0.35,0.55,37.4,32.6,24.2,21.7,31.2,53,54,53,53,58
2017-01-09 05:00,2217,61,57,0.00,71,0.01,,14.7,6.1,0.37,0.53,37.3,32.6,23.0,21.4,31.2,53,54,53,53,58
2017-01-09 06:00,2217,57,55,0.01,100,0.01,,11.5,6.8,0.45,0.45,38.3,34.4,23.0,21.7,31.2,52,54,53,53,58
2017-01-09 07:00,2217,56,53,0.00,100,12.70,,12.8,6.2,0.43,0.43,38.3,32.6,23.0,21.4,31.2,53,53,53,53,58
2017-01-09 08:00,2217,56,53,0.01,100,67.69,,6.8,3.7,0.39,0.43,38.3,33.6,23.2,21.4,31.2,52,53,53,53,57
2017-01-09 09:00,2217,56,54,0.00,100,182.20,,7.5,4.3,0.41,0.44,36.7,33.6,23.6,21.0,29.1,52,53,53,53,58
2017-01-09 10:00,2217,58,56,0.00,100,418.20,,5.9,3.0,0.38,0.47,37.4,33.6,23.0,21.0,31.2,52,53,53,53,58
2017-01-09 11:00,2217,60,57,0.00,81,344.40,,7.8,2.2,0.36,0.48,38.4,33.6,23.0,21.4,29.6,53,53,53,53,58
2017-01-09 12:00,2217,60,57,0.00,65,251.90,,10.6,5.5,0.44,0.49,38.1,32.4,24.2,22.2,29.1,54,53,53,53,58
2017-01-09 13:00,2217,58,56,0.00,85,121.70,,7.2,3.3,0.42,0.47,36.9,34.4,23.5,21.1,29.6,55,54,53,53,57
2017-01-09 14:00,2217,56,56,0.00,100,98.20,,7.2,3.9,0.45,0.45,36.9,33.7,23.2,21.9,31.2,56,55,53,53,58
2017-01-09 15:00,2217,56,56,0.00,100,60.34,,7.0,4.3,0.45,0.45,37.7,34.5,24.2,21.4,31.2,56,55,54,53,58
2017-01-09 16:00,2217,56,55,0.00,100,25.95,,6.2,3.5,0.44,0.44,37.7,34.5,23.6,21.5,29.1,56,55,54,53,58
2017-01-09 17:00,2217,55,54,0.00,100,0.22,,6.2,3.3,0.43,0.43,37.5,34.5,23.6,20.9,31.2,56,55,54,53,58
2017-01-09 18:00,2217,56,54,0.00,100,0.04,,6.1,2.9,0.40,0.43,37.1,33.5,23.5,20.9,31.2,56,56,54,53,58
2017-01-09 19:00,2217,55,53,0.00,88,0.04,,8.3,3.8,0.40,0.42,37.6,34.5,24.8,20.9,31.2,55,56,54,53,58
2017-01-09 20:00,2217,56,54,0.00,96,0.04,,7.8,5.5,0.35,0.43,36.9,34.5,24.8,21.8,31.2,54,55,54,53,58
2017-01-09 21:00,2217,56,54,0.00,65,0.04,,5.9,2.4,0.30,0.43,37.9,34.5,23.9,21.8,31.2,54,55,54,53,58
2017-01-09 22:00,2217,55,54,0.00,74,0.05,,3.3,1.6,0.34,0.43,36.9,33.7,23.5,21.8,29.1,54,54,54,54,58
2017-01-09 23:00,2217,54,53,0.00,85,0.06,,4.8,2.1,0.38,0.41,37.6,33.6,24.2,21.4,31.2,53,54,54,53,58
2017-01-10 00:00,2217,54,53,0.00,99,0.05,,4.5,2.7,0.41,0.41,36.2,33.6,23.6,21.4,31.2,53,54,54,53,58
2017-01-10 01:00,2217,55,54,0.00,100,0.03,,9.9,4.3,0.38,0.43,36.7,34.8,23.6,21.4,31.2,53,54,54,54,58
2017-01-10 02:00,2217,56,55,0.00,80,0.03,,11.7,6.5,0.36,0.45,36.6,32.9,23.8,21.4,29.6,52,54,54,54,58
2017-01-10 03:00,2217,56,54,0.00,79,0.03,,8.5,5.0,0.38,0.44,37.0,35.2,24.2,21.5,31.2,52,53,53,54,58
2017-01-10 04:00,2217,55,53,0.00,100,0.04,,5.8,2.3,0.41,0.42,36.8,35.1,22.8,21.5,31.2,52,53,53,54,58
2017-01-10 05:00,2217,54,53,0.00,100,0.02,,5.5,2.8,0.41,0.41,36.7,35.1,24.2,21.5,31.2,52,53,53,54,58
2017-01-10 06:00,2217,55,53,0.00,100,0.04,,5.9,3.6,0.40,0.42,37.2,36.7,23.2,20.9,31.2,52,53,53,54,58
2017-01-10 07:00,2217,57,54,0.00,94,3.94,,12.0,5.4,0.38,0.43,37.2,33.6,23.2,21.5,31.2,52,53,53,54,58
2017-01-10 08:00,2217,57,56,0.00,69,35.98,,11.2,7.4,0.35,0.46,35.4,34.4,23.2,21.5,31.2,52,53,53,54,58
2017-01-10 09:00,2217,58,56,0.00,80,65.52,,7.6,3.8,0.38,0.46,35.8,34.4,22.5,21.5,31.2,51,52,53,54,58
2017-01-10 10:00,2217,58,58,0.00,79,97.90,,8.4,4.8,0.38,0.48,36.2,35.2,24.4,21.5,31.3,52,52,53,54,58
2017-01-10 11:00,2217,60,58,0.00,74,189.10,,10.8,4.8,0.39,0.50,37.2,34.4,22.8,20.9,29.6,52,53,53,54,58
2017-01-10 12:00,2217,60,59,0.00,82,184.40,,9.4,4.8,0.45,0.51,36.8,34.4,23.5,21.5,31.3,53,53,53,54,58
2017-01-10 13:00,2217,59,57,0.00,92,108.80,,8.9,4.5,0.48,0.49,36.5,33.6,23.5,20.9,31.3,54,53,53,54,58
2017-01-10 14:00,2217,60,58,0.00,100,165.60,,10.6,5.7,0.50,0.50,37.0,35.2,24.4,20.9,29.6,55,54,53,54,58
2017-01-10 15:00,2217,60,58,0.00,83,64.32,,12.3,5.5,0.44,0.51,36.3,35.2,22.8,21.5,29.6,56,54,53,54,58
2017-01-10 16:00,2217,58,56,0.00,100,15.03,,13.0,8.4,0.48,0.48,36.3,34.5,24.2,20.9,31.3,56,55,53,54,58
2017-01-10 17:00,2217,56,55,0.00,100,0.66,,12.4,7.9,0.45,0.45,36.3,34.9,22.5,20.9,31.3,56,55,54,54,58
2017-01-10 18:00,2217,56,55,0.00,100,0.02,,13.0,7.4,0.45,0.45,37.0,33.7,23.6,20.9,31.3,55,55,54,54,58
2017-01-10 19:00,2217,56,54,0.00,100,0.02,,12.6,7.9,0.44,0.44,36.6,34.9,23.9,20.9,29.1,55,55,54,54,58
2017-01-10 20:00,2217,55,54,0.00,100,0.04,,17.7,7.0,0.43,0.43,35.6,34.9,23.5,20.9,29.1,54,55,54,54,58
2017-01-10 21:00,2217,60,54,0.02,100,0.03,,10.4,3.7,0.44,0.44,36.8,33.0,23.5,20.9,31.3,54,55,54,54,58
2017-01-10 22:00,2217,62,60,0.01,96,0.02,,14.2,6.9,0.44,0.54,35.9,35.2,23.5,20.9,29.6,53,54,54,54,58
2017-01-10 23:00,2217,62,54,0.01,80,0.04,,22.1,8.0,0.43,0.50,36.3,35.0,24.5,22.2,31.3,53,54,54,54,58
2017-01-11 00:00,2217,57,54,0.01,100,0.02,,13.7,6.4,0.44,0.44,37.3,35.2,24.8,22.2,31.3,53,54,54,54,58
2017-01-11 01:00,2217,57,55,0.00,95,0.03,,13.1,5.6,0.40,0.46,36.8,35.2,23.2,22.2,31.3,53,54,54,54,58
2017-01-11 02:00,2217,57,56,0.00,65,0.04,,13.5,7.8,0.29,0.47,36.1,36.2,23.2,22.2,29.1,53,54,54,54,58
2017-01-11 03:00,2217,56,54,0.00,63,0.04,,15.5,6.5,0.31,0.44,36.8,33.7,24.2,22.2,31.3,52,53,54,54,58
2017-01-11 04:00,2217,54,52,0.00,75,0.05,,10.4,5.2,0.36,0.41,36.5,34.4,24.2,22.2,28.1,52,53,54,54,58
2017-01-11 05:00,2217,52,51,0.00,100,0.06,,7.8,3.4,0.38,0.38,37.5,34.4,24.4,22.2,31.3,51,53,53,55,58
2017-01-11 06:00,2217,53,51,0.00,100,0.08,,10.8,5.8,0.37,0.39,35.4,33.7,22.8,22.2,31.3,51,52,53,54,58
2017-01-11 07:00,2217,54,50,0.00,91,22.81,,8.0,4.5,0.35,0.37,36.6,34.6,22.8,22.2,31.3,51,52,53,55,58
2017-01-11 08:00,2217,55,54,0.00,71,181.30,,9.5,4.6,0.30,0.43,36.9,35.3,24.2,21.9,29.6,50,51,53,54,58
2017-01-11 09:00,2217,57,55,0.00,65,360.40,,6.7,3.0,0.30,0.45,36.0,35.2,23.2,22.2,31.3,50,51,53,54,58
2017-01-11 10:00,2217,58,57,0.00,60,473.10,,6.1,2.7,0.30,0.48,36.9,32.7,23.5,21.9,31.3,50,51,53,54,58
2017-01-11 11:00,2217,58,56,0.00,62,173.50,,5.7,3.0,0.31,0.46,36.6,32.7,23.5,21.9,31.3,51,51,52,54,58
2017-01-11 12:00,2217,58,57,0.00,63,277.80,,7.0,2.8,0.32,0.48,36.2,32.7,22.8,22.2,30.8,51,51,52,55,58
2017-01-11 13:00,2217,58,56,0.00,78,196.20,,9.2,4.2,0.36,0.48,36.8,34.6,23.4,21.9,31.3,53,52,52,54,58
2017-01-11 14:00,2217,56,56,0.00,92,186.20,,9.1,5.0,0.42,0.45,37.4,33.5,23.5,21.9,31.3,54,53,52,54,58
2017-01-11 15:00,2217,56,55,0.00,92,98.20,,5.2,2.6,0.40,0.45,36.3,33.7,24.2,21.9,31.3,55,53,53,55,58
2017-01-11 16:00,2217,55,54,0.00,100,26.38,,7.2,4.0,0.43,0.43,37.7,35.2,22.8,21.9,29.1,56,54,53,54,58
2017-01-11 17:00,2217,54,51,0.00,100,0.43,,5.2,2.1,0.40,0.40,36.3,35.2,23.6,21.9,31.3,55,55,53,54,58
2017-01-11 18:00,2217,52,51,0.00,100,0.06,,6.3,2.8,0.38,0.38,36.8,35.2,24.8,21.9,31.3,55,55,54,54,58
2017-01-11 19:00,2217,52,50,0.00,100,0.06,,5.6,3.1,0.38,0.38,35.2,35.2,23.5,21.9,31.3,54,55,54,54,58
2017-01-11 20:00,2217,50,50,0.00,100,0.07,,4.9,3.0,0.37,0.37,37.3,35.2,23.5,21.9,30.8,53,54,54,54,58
2017-01-11 21:00,2217,50,49,0.00,100,0.09,,3.8,1.6,0.36,0.36,37.3,36.2,23.5,21.9,31.3,53,54,54,54,58
2017-01-11 22:00,2217,49,48,0.00,100,0.08,,3.3,2.0,0.35,0.35,36.2,33.7,23.5,21.9,30.8,52,54,54,54,58
2017-01-11 23:00,2217,49,49,0.00,100,0.06,,7.3,2.7,0.35,0.35,36.7,34.4,23.5,22.2,31.3,52,53,54,54,58
2017-01-12 00:00,2217,49,48,0.00,100,0.08,,2.6,0.9,0.35,0.35,36.5,34.4,23.5,21.9,30.8,51,53,53,54,58
2017-01-12 01:00,2217,49,48,0.01,100,0.06,,3.5,1.5,0.34,0.34,36.1,34.4,23.2,21.9,30.8,51,52,53,55,58
2017-01-12 02:00,2217,48,47,0.02,100,0.04,,9.1,4.0,0.33,0.33,36.1,33.7,24.8,21.9,31.3,51,52,53,54,58
2017-01-12 03:00,2217,48,47,0.01,100,0.03,,4.5,2.1,0.32,0.32,36.0,34.6,24.4,21.9,29.1,51,52,53,55,58
2017-01-12 04:00,2217,48,47,0.01,100,0.04,,4.9,1.7,0.33,0.33,36.0,34.6,24.4,21.9,30.8,51,52,53,55,58
2017-01-12 05:00,2217,48,47,0.01,100,0.03,,4.8,1.4,0.33,0.33,36.6,35.3,23.8,21.9,30.8,51,52,53,54,58
2017-01-12 06:00,2217,47,47,0.01,100,0.03,,3.3,1.0,0.32,0.32,36.4,34.4,23.8,21.9,30.8,50,52,53,55,58
2017-01-12 07:00,2217,47,46,0.00,100,7.94,,3.8,1.4,0.32,0.32,36.9,35.2,22.8,21.9,30.8,50,51,53,54,58
2017-01-12 08:00,2217,47,47,0.00,100,40.00,,4.9,2.7,0.32,0.32,36.0,35.2,24.1,21.9,30.8,50,51,52,55,58
2017-01-12 09:00,2217,49,47,0.00,100,126.90,,3.6,1.4,0.33,0.33,37.4,35.2,24.1,21.9,30.8,50,51,52,55,58
2017-01-12 10:00,2217,50,49,0.01,100,199.70,,9.8,5.1,0.36,0.36,37.5,35.2,24.1,21.9,30.8,50,51,52,55,58
2017-01-12 11:00,2217,52,49,0.01,100,253.60,,7.3,3.7,0.36,0.36,37.3,35.2,22.8,21.9,30.8,51,51,52,55,58
2017-01-12 12:00,2217,54,50,0.00,100,420.60,,7.4,3.5,0.35,0.39,38.7,34.6,24.1,21.9,30.8,52,52,52,55,59
2017-01-12 13:00,2217,55,52,0.00,68,470.20,,9.6,5.6,0.31,0.41,38.2,34.3,24.1,21.9,30.8,52,52,52,55,58
2017-01-12 14:00,2217,52,51,0.00,100,155.50,,8.8,4.2,0.39,0.39,37.2,34.4,23.8,21.9,30.8,53,53,52,55,58
2017-01-12 15:00,2217,52,51,0.00,100,130.20,,11.9,3.0,0.38,0.38,36.9,35.1,23.6,21.9,30.8,54,53,52,55,58
2017-01-12 16:00,2217,52,49,0.00,84,78.24,,6.4,2.6,0.35,0.38,37.4,35.2,22.8,21.9,30.8,54,54,53,55,58
2017-01-12 17:00,2217,49,48,0.00,100,1.86,,9.2,4.0,0.34,0.34,37.3,34.8,23.5,21.9,31.9,54,54,53,55,58
2017-01-12 18:00,2217,48,46,0.00,100,0.07,,10.7,7.2,0.32,0.32,36.8,33.6,23.2,21.9,30.8,53,54,53,54,58
2017-01-12 19:00,2217,46,46,0.00,100,0.11,,10.0,6.2,0.31,0.31,37.1,34.8,24.8,21.9,29.1,53,54,53,54,58
2017-01-12 20:00,2217,46,46,0.00,100,0.07,,7.3,4.7,0.31,0.31,37.4,34.8,23.5,21.9,30.8,52,54,53,54,58
2017-01-12 21:00,2217,46,45,0.00,100,0.08,,7.8,4.9,0.31,0.31,37.7,35.5,24.8,21.9,27.2,51,53,54,55,58
2017-01-12 22:00,2217,45,44,0.00,100,0.09,,4.8,2.9,0.30,0.30,37.3,35.1,24.8,21.9,31.9,51,52,53,55,58
2017-01-12 23:00,2217,44,44,0.00,100,0.12,,7.5,4.2,0.29,0.29,37.5,35.1,23.5,21.9,31.9,51,52,53,55,59
2017-01-13 00:00,2217,45,44,0.00,100,0.13,,9.7,5.2,0.29,0.29,36.9,36.1,24.8,21.9,30.9,50,52,53,55,58
2017-01-13 01:00,2217,45,40,0.00,100,0.16,,8.2,3.4,0.28,0.28,37.8,36.1,23.9,21.9,30.8,49,52,53,55,58
2017-01-13 02:00,2217,44,40,0.00,100,0.17,,5.8,1.7,0.25,0.25,36.3,34.3,23.2,21.9,31.9,49,51,53,55,58
2017-01-13 03:00,2217,44,42,0.00,100,0.14,,7.5,3.6,0.28,0.28,37.5,34.3,24.1,21.9,30.0,48,51,52,55,58
2017-01-13 04:00,2217,44,42,0.00,100,0.15,,8.5,4.2,0.28,0.28,37.5,33.6,23.5,21.9,30.9,48,50,52,55,58
2017-01-13 05:00,2217,43,41,0.00,100,0.12,,8.2,3.7,0.27,0.27,35.9,34.3,24.8,21.9,31.9,47,49,52,55,58
2017-01-13 06:00,2217,44,42,0.00,100,0.19,,7.8,4.5,0.28,0.28,37.3,34.3,23.2,21.9,30.9,47,49,52,55,58
2017-01-13 07:00,2217,44,42,0.00,100,19.75,,10.0,5.2,0.27,0.27,36.0,33.4,24.7,21.9,30.9,46,49,51,55,58
2017-01-13 08:00,2217,46,44,0.00,100,207.60,,10.1,6.6,0.30,0.30,37.1,34.4,24.7,21.9,30.9,46,48,51,55,58
2017-01-13 09:00,2217,49,46,0.00,100,364.50,,9.5,5.6,0.30,0.33,36.5,35.0,24.1,21.9,31.9,46,48,51,55,58
2017-01-13 10:00,2217,50,49,0.00,74,488.00,,10.6,6.1,0.28,0.35,37.3,33.4,24.1,21.9,31.9,46,48,50,55,58
2017-01-13 11:00,2217,50,49,0.00,95,525.50,,13.2,7.3,0.34,0.36,36.6,33.4,24.3,21.9,31.9,46,47,50,55,58
2017-01-13 12:00,2217,51,49,0.00,100,438.80,,12.1,7.8,0.36,0.37,36.6,34.4,25.0,21.9,31.9,47,48,50,55,59
2017-01-13 13:00,2217,53,51,0.00,93,455.70,,12.6,7.6,0.32,0.39,36.8,35.0,23.4,21.9,30.9,48,49,50,55,58
2017-01-13 14:00,2217,53,52,0.00,85,399.20,,10.9,6.5,0.32,0.40,36.8,34.4,24.8,21.9,31.9,49,49,50,55,58
2017-01-13 15:00,2217,53,50,0.00,82,215.80,,9.3,5.2,0.30,0.40,36.9,33.4,24.1,21.9,30.9,50,49,50,54,59
2017-01-13 16:00,2217,50,46,0.00,81,14.74,,5.1,2.7,0.32,0.34,36.9,32.7,22.8,21.9,30.9,50,50,51,54,58
2017-01-13 17:00,2217,47,45,0.00,100,1.63,,6.2,2.8,0.31,0.31,36.9,35.2,24.4,22.2,30.2,50,51,51,55,58
2017-01-13 18:00,2217,47,45,0.00,100,0.11,,6.9,2.7,0.31,0.31,36.4,35.2,23.4,22.2,30.9,49,51,51,54,59
2017-01-13 19:00,2217,46,43,0.00,100,0.16,,5.0,1.2,0.29,0.29,36.7,34.4,23.2,22.2,31.9,49,50,51,54,58
2017-01-13 20:00,2217,45,42,0.00,100,0.12,,4.9,1.6,0.28,0.28,35.7,34.4,25.1,22.2,30.2,48,50,51,54,58
2017-01-13 21:00,2217,49,43,0.00,100,0.15,,9.3,6.0,0.25,0.32,36.1,33.4,23.8,22.2,31.9,47,49,51,54,58
2017-01-13 22:00,2217,49,47,0.00,60,0.13,,8.0,3.7,0.20,0.34,36.0,34.4,23.2,22.2,30.2,47,49,51,54,58
2017-01-13 23:00,2217,47,44,0.00,65,0.12,,2.3,0.6,0.22,0.30,35.9,32.7,23.8,22.2,31.3,46,49,50,54,58
2017-01-14 00:00,2217,46,44,0.00,76,0.19,,4.9,1.6,0.22,0.29,36.3,35.0,24.1,22.2,30.2,46,48,50,54,58
2017-01-14 01:00,2217,46,43,0.00,68,0.19,,3.5,1.3,0.23,0.30,35.4,34.4,23.4,21.6,31.3,46,48,50,54,59
2017-01-14 02:00,2217,47,42,0.00,92,0.12,,4.0,1.3,0.26,0.28,35.8,34.4,24.1,20.9,31.9,45,48,50,54,58
2017-01-14 03:00,2217,47,42,0.00,66,0.15,,5.6,1.6,0.22,0.31,35.8,34.3,22.7,21.6,31.9,45,47,50,54,59
2017-01-14 04:00,2217,42,41,0.00,99,0.16,,2.8,1.0,0.26,0.26,35.2,35.1,24.1,22.2,31.1,44,47,49,54,58
2017-01-14 05:00,2217,41,39,0.00,100,0.11,,2.2,0.5,0.25,0.25,35.2,35.1,24.1,21.5,31.3,44,46,49,54,59
2017-01-14 06:00,2217,41,38,0.00,100,0.28,,2.5,0.7,0.24,0.24,34.8,32.9,24.1,20.9,31.3,43,46,49,54,59
2017-01-14 07:00,2217,38,37,0.00,100,20.72,,2.2,0.6,0.22,0.22,35.5,33.5,23.7,20.9,31.3,43,46,49,54,59
2017-01-14 08:00,2217,42,38,0.00,100,207.50,,2.1,0.5,0.25,0.25,35.7,35.4,24.1,21.5,30.2,42,45,48,54,58
2017-01-14 09:00,2217,44,42,0.00,100,369.00,,3.2,1.5,0.27,0.27,35.7,32.9,23.7,21.5,31.9,42,45,48,54,59
2017-01-14 10:00,2217,46,44,0.00,100,492.10,,3.8,2.1,0.30,0.30,34.5,33.5,24.0,21.5,27.2,42,45,48,54,58
2017-01-14 11:00,2217,49,46,0.00,100,560.00,,6.0,2.5,0.33,0.34,35.7,33.5,22.7,21.5,31.3,43,45,47,54,59
2017-01-14 12:00,2217,50,49,0.00,90,565.80,,6.4,3.2,0.33,0.35,35.5,32.4,22.7,21.5,31.9,44,45,47,54,58
2017-01-14 13:00,2217,51,50,0.00,100,512.10,,5.6,2.4,0.35,0.36,35.7,35.4,23.1,21.5,30.2,45,45,47,54,58
2017-01-14 14:00,2217,50,50,0.00,96,394.10,,6.2,3.0,0.35,0.36,35.7,34.4,22.7,21.5,31.3,46,46,47,54,58
2017-01-14 15:00,2217,51,48,0.00,91,218.30,,4.2,1.8,0.31,0.37,35.9,35.2,23.4,21.5,31.3,47,47,47,54,59
2017-01-14 16:00,2217,48,45,0.00,100,20.20,,4.8,1.8,0.32,0.32,35.7,34.3,23.5,21.4,31.3,48,48,48,54,58
2017-01-14 17:00,2217,45,41,0.00,100,1.28,,3.0,1.0,0.28,0.28,35.2,34.5,24.7,21.4,31.3,48,49,49,54,58
2017-01-14 18:00,2217,42,41,0.00,100,0.14,,6.2,2.4,0.26,0.26,35.6,33.5,24.4,21.8,29.2,47,49,49,54,58
2017-01-14 19:00,2217,41,40,0.00,100,0.16,,4.4,1.6,0.25,0.25,35.5,33.5,23.7,20.9,31.3,47,49,49,54,59
2017-01-14 20:00,2217,40,39,0.00,100,0.18,,3.7,1.3,0.25,0.25,35.5,34.4,24.4,20.9,31.3,46,49,49,53,58
2017-01-14 21:00,2217,39,38,0.00,100,0.18,,3.2,1.3,0.23,0.23,36.1,34.4,24.0,20.9,30.2,46,48,49,54,58
2017-01-14 22:00,2217,39,38,0.00,100,0.17,,5.5,1.6,0.23,0.23,35.3,34.3,24.0,20.9,31.3,45,47,49,54,58
2017-01-14 23:00,2217,39,38,0.00,100,0.18,,7.2,1.8,0.24,0.24,35.8,35.2,24.7,21.4,31.3,44,47,49,53,58
2017-01-15 00:00,2217,39,38,0.00,100,0.18,,3.3,0.5,0.24,0.24,34.6,32.9,24.7,20.9,30.2,44,46,49,53,58
2017-01-15 01:00,2217,38,38,0.00,100,0.24,,2.5,0.7,0.23,0.23,35.0,33.5,24.4,20.9,31.3,43,46,49,53,58
2017-01-15 02:00,2217,38,37,0.00,100,0.18,,2.9,0.5,0.22,0.22,35.1,34.1,24.6,21.4,31.3,43,46,48,53,58
2017-01-15 03:00,2217,38,36,0.00,100,0.22,,2.1,0.7,0.22,0.22,35.4,32.9,24.0,21.5,27.2,42,45,48,53,58
2017-01-15 04:00,2217,37,36,0.00,100,0.23,,2.0,0.8,0.22,0.22,34.3,33.5,24.6,21.5,27.2,42,45,48,53,59
2017-01-15 05:00,2217,38,37,0.00,100,0.19,,5.9,2.4,0.22,0.22,34.3,35.1,22.9,21.5,30.2,41,44,47,53,58
2017-01-15 06:00,2217,37,36,0.00,100,0.33,,5.6,1.4,0.22,0.22,34.9,33.9,23.6,21.5,31.3,41,44,47,53,58
2017-01-15 07:00,2217,41,36,0.00,100,25.47,,7.9,3.7,0.22,0.22,35.1,33.9,24.6,21.5,29.2,41,44,47,53,58
2017-01-15 08:00,2217,45,41,0.00,100,214.20,,4.6,1.7,0.26,0.26,34.4,34.4,24.0,21.9,30.9,40,43,47,53,59
2017-01-15 09:00,2217,45,44,0.00,100,365.60,,5.6,2.5,0.29,0.29,35.1,33.1,23.9,22.2,31.3,40,43,46,53,58
2017-01-15 10:00,2217,47,45,0.00,100,504.80,,6.6,2.5,0.31,0.31,35.1,33.9,24.6,21.9,30.2,41,43,46,53,58
2017-01-15 11:00,2217,48,45,0.00,100,491.40,,6.8,3.1,0.31,0.31,34.9,33.9,23.9,22.2,31.3,41,43,46,53,59
2017-01-15 12:00,2217,49,48,0.00,100,549.60,,6.1,2.9,0.34,0.34,33.7,33.1,24.6,21.9,31.3,43,43,46,53,58
2017-01-15 13:00,2217,51,48,0.00,100,499.60,,6.1,2.4,0.34,0.35,35.6,33.9,23.3,21.8,30.9,44,44,46,53,59
2017-01-15 14:00,2217,49,48,0.00,92,197.00,,7.4,3.2,0.33,0.34,36.2,35.2,24.6,21.4,30.2,46,45,46,53,59
2017-01-15 15:00,2217,48,46,0.00,100,36.78,,7.3,3.8,0.32,0.32,35.0,34.1,24.6,21.4,30.2,47,47,46,53,58
2017-01-15 16:00,2217,46,44,0.00,100,12.79,,5.6,2.9,0.30,0.30,35.5,33.6,23.6,21.4,30.2,47,47,47,53,58
2017-01-15 17:00,2217,44,44,0.00,100,0.53,,3.9,1.5,0.29,0.29,35.5,34.1,24.8,21.4,31.3,47,48,47,53,59
2017-01-15 18:00,2217,44,43,0.00,100,0.13,,5.7,3.4,0.28,0.28,35.5,35.2,24.5,21.4,31.3,47,48,47,53,58
2017-01-15 19:00,2217,43,43,0.00,100,0.12,,6.2,4.2,0.28,0.28,35.8,35.2,23.9,21.4,30.2,47,47,48,53,58
2017-01-15 20:00,2217,43,43,0.00,100,0.15,,6.9,3.5,0.28,0.28,35.4,35.2,25.4,21.7,27.2,47,48,48,52,58
2017-01-15 21:00,2217,43,42,0.00,100,0.12,,4.8,1.3,0.27,0.27,35.4,35.2,23.9,21.7,31.9,47,48,48,52,59
2017-01-15 22:00,2217,43,42,0.00,100,0.09,,6.5,2.2,0.27,0.27,35.2,35.2,23.9,21.7,30.9,46,47,48,53,58
2017-01-15 23:00,2217,42,42,0.00,100,0.15,,6.5,3.6,0.27,0.27,35.4,32.9,26.1,21.7,31.9,46,47,48,52,58
2017-01-16 00:00,2217,42,42,0.00,100,0.15,,6.2,3.5,0.27,0.27,35.6,32.9,25.4,21.7,27.2,46,47,48,53,58
2017-01-16 01:00,2217,42,41,0.00,100,0.13,,7.4,4.9,0.26,0.26,33.9,32.9,25.2,21.7,31.9,46,47,48,52,59
2017-01-16 02:00,2217,42,41,0.00,100,0.14,,6.9,2.6,0.26,0.26,34.2,33.6,24.2,21.7,31.3,46,47,48,52,58
2017-01-16 03:00,2217,42,41,0.00,100,0.12,,5.3,2.1,0.27,0.27,34.7,33.6,23.9,21.7,27.2,45,47,48,52,58
2017-01-16 04:00,2217,42,41,0.00,100,0.15,,5.8,2.3,0.27,0.27,35.3,33.6,25.0,21.7,31.3,45,46,48,52,58
2017-01-16 05:00,2217,42,41,0.00,100,0.13,,3.8,2.1,0.26,0.26,35.1,35.5,25.3,21.7,31.9,45,46,48,52,58
2017-01-16 06:00,2217,42,41,0.00,100,0.16,,2.7,0.9,0.27,0.27,34.3,34.4,26.0,21.7,28.3,45,46,48,52,58
2017-01-16 07:00,2217,42,41,0.00,100,6.95,,5.3,1.9,0.27,0.27,34.3,34.4,24.2,21.7,31.9,45,46,47,52,59
2017-01-16 08:00,2217,42,42,0.00,100,42.11,,4.9,2.0,0.27,0.27,35.7,34.1,25.3,22.3,31.9,45,46,47,52,58
2017-01-16 09:00,2217,43,42,0.00,100,106.60,,8.0,3.3,0.27,0.27,34.9,35.5,25.0,21.7,30.9,45,46,47,52,58
2017-01-16 10:00,2217,44,43,0.00,100,180.30,,8.2,4.5,0.28,0.28,34.3,34.1,24.7,22.3,31.9,45,46,47,52,59
2017-01-16 11:00,2217,44,44,0.00,100,264.90,,8.8,4.7,0.29,0.29,34.7,34.1,25.0,21.7,30.9,46,46,47,52,58
2017-01-16 12:00,2217,47,44,0.00,100,492.80,,8.4,3.5,0.30,0.31,36.0,35.5,25.8,22.3,31.9,47,46,47,52,58
2017-01-16 13:00,2217,47,47,0.00,88,500.60,,10.1,3.2,0.29,0.32,35.7,34.7,24.4,21.4,31.9,48,47,47,52,58
2017-01-16 14:00,2217,48,46,0.00,94,356.80,,6.8,3.0,0.31,0.33,35.7,34.2,25.3,21.6,30.8,49,48,47,52,58
2017-01-16 15:00,2217,46,46,0.00,100,152.70,,6.2,3.0,0.32,0.32,35.6,33.7,24.9,21.6,31.9,50,49,48,52,58
2017-01-16 16:00,2217,46,44,0.00,100,41.72,,6.9,3.2,0.30,0.30,36.3,34.5,24.7,21.7,30.8,50,49,48,52,58
2017-01-16 17:00,2217,44,40,0.00,100,1.84,,5.3,2.1,0.27,0.27,36.3,33.5,24.7,22.7,30.8,50,50,49,52,58
2017-01-16 18:00,2217,40,39,0.00,100,0.18,,5.6,2.6,0.25,0.25,35.7,33.5,25.1,22.2,30.2,49,50,49,52,58
2017-01-16 19:00,2217,40,39,0.00,100,0.20,,6.5,1.5,0.24,0.24,34.9,33.5,24.7,21.6,30.8,48,49,49,52,58
2017-01-16 20:00,2217,39,38,0.00,100,0.21,,7.1,1.5,0.24,0.24,35.4,34.5,25.2,21.6,30.0,47,49,49,52,58
2017-01-16 21:00,2217,40,38,0.00,100,0.21,,3.6,1.4,0.24,0.24,35.0,34.3,25.2,21.6,31.9,46,48,49,52,58
2017-01-16 22:00,2217,39,37,0.00,100,0.20,,5.8,1.3,0.23,0.23,34.4,35.2,26.0,21.6,31.9,46,47,49,52,58
2017-01-16 23:00,2217,40,37,0.00,100,0.26,,5.9,1.4,0.23,0.23,35.1,33.6,25.2,21.6,30.8,45,47,49,52,58
2017-01-17 00:00,2217,39,36,0.00,100,0.24,,3.8,1.2,0.23,0.23,34.7,34.5,26.4,21.6,31.9,44,47,49,52,58
2017-01-17 01:00,2217,38,37,0.00,100,0.19,,2.3,0.8,0.22,0.22,34.9,34.1,26.0,22.2,30.8,44,46,48,52,58
2017-01-17 02:00,2217,38,36,0.00,100,0.26,,2.9,0.7,0.22,0.22,35.2,34.7,26.0,22.7,30.8,43,46,48,52,58
2017-01-17 03:00,2217,38,37,0.00,100,0.19,,3.3,0.9,0.22,0.22,34.4,35.2,25.7,22.2,27.2,42,45,48,52,58
2017-01-17 04:00,2217,38,36,0.00,100,0.24,,6.0,2.0,0.22,0.22,33.9,34.0,25.7,21.6,30.8,42,45,47,52,58
2017-01-17 05:00,2217,37,36,0.00,100,0.23,,2.9,0.5,0.22,0.22,34.2,34.5,25.6,21.6,30.8,42,44,47,52,58
2017-01-17 06:00,2217,37,35,0.00,100,0.40,,4.4,1.4,0.22,0.22,34.2,33.1,26.9,21.5,31.9,41,44,47,52,58
2017-01-17 07:00,2217,41,35,0.00,100,31.66,,5.2,2.4,0.22,0.22,33.3,33.1,25.1,21.4,28.1,41,43,47,52,58
2017-01-17 08:00,2217,45,41,0.00,100,228.00,,4.8,2.2,0.28,0.28,34.0,34.6,25.1,21.5,30.8,40,43,46,52,58
2017-01-17 09:00,2217,47,45,0.00,100,381.70,,7.5,3.0,0.31,0.31,33.7,33.1,26.8,21.6,30.8,40,43,46,52,58
2017-01-17 10:00,2217,48,46,0.00,100,488.30,,7.0,3.0,0.32,0.32,33.3,33.1,26.8,21.6,30.8,41,43,46,52,58
2017-01-17 11:00,2217,48,47,0.00,100,418.00,,7.0,3.4,0.33,0.33,34.3,33.1,25.1,21.6,29.1,42,43,45,52,58
2017-01-17 12:00,2217,49,48,0.00,100,335.70,,5.6,2.4,0.34,0.34,34.2,32.6,27.6,21.6,28.1,44,43,46,52,58
2017-01-17 13:00,2217,50,49,0.00,100,399.10,,6.9,2.5,0.35,0.35,34.7,33.1,27.4,21.6,30.8,45,44,46,52,58
2017-01-17 14:00,2217,52,50,0.00,100,377.30,,7.5,2.3,0.37,0.37,34.5,34.0,25.4,21.6,30.8,47,45,46,52,58
2017-01-17 15:00,2217,52,50,0.00,100,224.00,,4.8,2.2,0.38,0.38,34.1,33.2,25.7,21.6,29.1,47,46,46,52,58
2017-01-17 16:00,2217,50,45,0.00,100,23.62,,3.8,2.1,0.34,0.34,35.1,34.2,27.0,21.6,30.8,48,47,46,52,58
2017-01-17 17:00,2217,45,43,0.00,100,1.14,,2.9,1.1,0.30,0.30,33.8,34.8,27.2,21.6,30.8,48,48,47,52,58
2017-01-17 18:00,2217,45,43,0.00,100,0.10,,3.9,0.9,0.29,0.29,34.5,33.6,26.6,21.9,30.8,47,48,47,52,58
2017-01-17 19:00,2217,44,42,0.00,100,0.14,,4.3,1.4,0.28,0.28,34.9,33.6,25.6,21.9,30.8,47,48,47,52,58
2017-01-17 20:00,2217,43,42,0.00,100,0.17,,6.2,2.3,0.27,0.27,34.8,33.6,27.4,21.9,29.1,46,47,48,52,58
2017-01-17 21:00,2217,45,41,0.00,100,0.18,,8.5,2.0,0.27,0.27,34.3,35.5,25.6,21.9,30.8,46,47,48,52,58
2017-01-17 22:00,2217,45,43,0.00,100,0.16,,8.7,2.9,0.29,0.29,35.0,34.2,28.6,21.9,30.8,45,47,48,52,58
2017-01-17 23:00,2217,44,43,0.00,100,0.14,,5.3,2.6,0.28,0.28,33.8,34.1,27.5,21.9,31.3,45,46,48,52,58
2017-01-18 00:00,2217,44,42,0.00,100,0.14,,6.0,1.8,0.27,0.27,34.2,34.7,27.0,21.9,31.3,44,46,48,51,58
2017-01-18 01:00,2217,45,43,0.00,100,0.15,,5.2,1.3,0.29,0.29,34.2,33.1,28.4,21.9,30.8,44,46,47,52,58
2017-01-18 02:00,2217,44,43,0.00,100,0.14,,3.8,1.1,0.28,0.28,33.7,33.1,26.6,21.9,30.8,44,46,47,51,58
2017-01-18 03:00,2217,43,42,0.00,100,0.13,,2.8,0.7,0.27,0.27,33.7,34.0,26.8,21.9,30.8,44,45,47,51,58
2017-01-18 04:00,2217,44,43,0.00,100,0.13,,5.4,2.2,0.28,0.28,33.7,34.0,26.3,21.9,31.3,44,45,47,51,58
2017-01-18 05:00,2217,45,43,0.00,100,0.12,,3.0,1.2,0.28,0.28,33.7,34.0,26.3,21.9,31.3,44,45,47,51,58
2017-01-18 06:00,2217,46,44,0.00,100,0.13,,4.7,2.0,0.30,0.30,33.7,34.5,28.1,21.9,30.8,44,45,47,51,58
2017-01-18 07:00,2217,45,43,0.00,100,13.84,,6.4,2.1,0.29,0.29,33.7,34.0,27.3,21.9,31.3,44,45,47,51,58
2017-01-18 08:00,2217,45,43,0.00,100,68.24,,5.8,2.5,0.29,0.29,33.3,34.0,28.2,21.9,29.1,44,45,47,52,58
2017-01-18 09:00,2217,47,45,0.01,100,94.40,,6.1,1.4,0.31,0.31,33.7,34.0,26.7,21.9,30.8,44,45,46,51,58
2017-01-18 10:00,2217,50,46,0.00,100,108.80,,5.9,2.5,0.32,0.32,34.2,34.0,25.8,21.9,29.1,45,45,47,51,58
2017-01-18 11:00,2217,50,47,0.04,100,60.58,,8.8,3.1,0.35,0.35,33.8,33.1,25.1,21.9,29.1,46,46,47,52,58
2017-01-18 12:00,2217,51,47,0.02,100,38.42,,7.6,2.5,0.34,0.34,34.8,33.9,27.6,21.9,30.8,46,46,47,52,58
2017-01-18 13:00,2217,49,47,0.06,100,18.88,,9.4,5.8,0.34,0.34,34.4,35.2,26.9,21.9,31.3,47,46,47,51,58
2017-01-18 14:00,2217,48,48,0.10,100,16.02,,10.7,6.8,0.34,0.34,35.1,34.7,27.7,21.9,31.3,47,46,47,51,58
2017-01-18 15:00,2217,48,47,0.09,100,12.86,,16.0,8.1,0.33,0.33,38.0,33.2,26.9,21.9,31.3,47,47,47,52,58
2017-01-18 16:00,2217,49,47,0.07,100,5.53,,23.4,14.6,0.34,0.34,43.2,40.9,26.3,21.6,29.1,47,47,47,51,58
2017-01-18 17:00,2217,48,47,0.04,100,0.07,,29.8,18.8,0.33,0.33,44.7,43.3,28.2,21.6,31.3,46,47,47,51,58
2017-01-18 18:00,2217,47,47,0.00,100,0.03,,31.2,18.6,0.33,0.33,44.7,46.3,27.6,21.6,31.3,47,47,47,51,58
2017-01-18 19:00,2217,47,46,0.01,100,0.04,,31.4,17.1,0.32,0.32,44.0,46.8,28.3,21.6,31.3,47,47,47,51,58
2017-01-18 20:00,2217,47,46,0.00,100,0.04,,24.6,13.8,0.32,0.32,42.5,48.0,37.7,21.6,29.1,46,47,47,51,58
2017-01-18 21:00,2217,47,46,0.00,100,0.06,,19.8,8.6,0.32,0.32,42.6,46.5,40.4,21.6,29.6,46,47,47,51,58
2017-01-18 22:00,2217,48,46,0.00,100,0.06,,15.4,6.7,0.32,0.32,42.7,45.9,38.9,21.6,30.8,46,47,47,51,58
2017-01-18 23:00,2217,56,48,0.00,100,0.06,,20.5,6.8,0.33,0.37,41.4,45.0,42.5,21.9,31.3,46,47,47,51,58
2017-01-19 00:00,2217,56,48,0.00,71,0.04,,18.4,6.0,0.34,0.43,42.7,46.2,38.2,21.9,31.3,46,47,47,51,58
2017-01-19 01:00,2217,49,47,0.00,100,0.05,,4.8,1.7,0.33,0.33,41.8,46.0,38.2,21.9,31.3,46,47,47,51,58
2017-01-19 02:00,2217,54,49,0.00,100,0.06,,13.2,4.7,0.36,0.39,41.7,44.4,34.3,21.9,30.8,46,47,47,51,58
2017-01-19 03:00,2217,54,53,0.00,97,0.06,,10.7,6.1,0.36,0.41,41.0,45.2,45.0,21.9,31.3,46,46,47,51,58
2017-01-19 04:00,2217,53,48,0.00,82,0.06,,10.0,4.5,0.34,0.39,40.6,45.0,41.6,21.9,29.1,45,47,47,51,58
2017-01-19 05:00,2217,52,49,0.00,100,0.06,,7.6,3.8,0.36,0.37,40.8,43.7,38.8,21.9,30.8,45,46,47,51,58
2017-01-19 06:00,2217,52,49,0.00,100,0.10,,8.2,2.5,0.34,0.37,40.4,44.2,40.8,21.9,29.1,45,46,47,51,58
2017-01-19 07:00,2217,52,50,0.00,92,11.25,,18.8,9.3,0.32,0.38,40.7,42.9,32.2,21.9,31.3,45,46,47,51,58
2017-01-19 08:00,2217,53,50,0.00,77,144.20,,12.4,6.4,0.26,0.38,39.9,43.6,34.4,21.6,31.3,45,46,47,51,58
2017-01-19 09:00,2217,54,53,0.00,64,198.20,,13.9,5.3,0.27,0.41,40.9,45.0,38.5,21.6,31.3,45,46,47,51,58
2017-01-19 10:00,2217,56,54,0.00,67,337.70,,4.4,1.8,0.29,0.43,40.1,43.8,39.8,21.6,29.1,45,46,47,51,58
2017-01-19 11:00,2217,56,54,0.00,71,164.10,,7.8,3.9,0.37,0.43,40.9,44.3,41.6,21.9,31.3,46,47,47,51,58
2017-01-19 12:00,2217,54,52,0.09,100,102.10,,6.5,3.5,0.41,0.41,39.8,44.3,36.1,21.9,31.3,47,47,47,51,58
2017-01-19 13:00,2217,55,52,0.03,100,300.90,,8.2,3.1,0.40,0.40,41.9,44.3,41.9,21.9,31.2,48,47,47,51,58
2017-01-19 14:00,2217,57,54,0.00,83,418.00,,8.6,4.0,0.37,0.44,44.6,44.4,40.4,21.9,31.3,49,47,47,51,58
2017-01-19 15:00,2217,56,53,0.00,100,215.90,,14.3,5.9,0.41,0.43,45.3,45.1,43.1,21.9,29.1,50,48,48,51,58
2017-01-19 16:00,2217,54,50,0.00,95,34.74,,11.8,5.6,0.37,0.38,44.5,46.8,44.9,21.6,31.2,51,49,48,51,58
2017-01-19 17:00,2217,51,48,0.01,100,0.71,,8.1,4.0,0.36,0.36,43.8,45.3,36.4,21.9,27.8,51,50,48,51,58
2017-01-19 18:00,2217,50,49,0.00,100,0.06,,9.1,5.4,0.36,0.36,44.5,45.3,44.1,21.9,29.6,50,51,49,51,58
2017-01-19 19:00,2217,51,50,0.00,100,0.04,,9.1,5.4,0.37,0.37,44.9,46.7,42.1,21.9,31.2,50,50,49,51,58
2017-01-19 20:00,2217,51,51,0.00,100,0.06,,10.8,6.8,0.38,0.38,43.8,45.3,43.2,21.9,31.2,49,50,49,51,58
2017-01-19 21:00,2217,51,50,0.00,92,0.05,,9.0,4.8,0.36,0.38,44.3,46.6,40.6,21.9,29.6,49,50,49,51,58
2017-01-19 22:00,2217,53,49,0.00,100,0.05,,10.2,4.0,0.33,0.36,43.4,47.2,36.4,21.9,29.6,49,49,49,51,58
2017-01-19 23:00,2217,53,51,0.00,67,0.07,,13.2,6.6,0.27,0.39,42.8,46.4,38.9,21.9,31.2,49,49,49,51,58
2017-01-20 00:00,2217,52,50,0.00,58,0.05,,15.2,5.8,0.24,0.37,43.5,46.4,40.9,21.9,31.2,48,49,49,51,58
2017-01-20 01:00,2217,51,50,0.00,67,0.05,,15.7,7.2,0.26,0.37,42.6,46.4,42.1,21.9,31.2,48,49,49,51,58
2017-01-20 02:00,2217,50,48,0.00,79,0.04,,12.9,8.0,0.32,0.36,42.4,45.1,43.4,21.9,31.2,48,49,49,51,58
2017-01-20 03:00,2217,48,47,0.01,100,0.07,,13.4,7.0,0.34,0.34,41.5,46.1,39.9,21.9,29.6,48,48,49,51,58
2017-01-20 04:00,2217,48,47,0.00,100,0.05,,28.2,14.2,0.33,0.33,42.2,45.3,41.0,21.9,31.2,47,48,49,51,58
2017-01-20 05:00,2217,47,46,0.10,100,0.04,,24.8,13.6,0.32,0.32,42.4,45.3,36.1,21.9,29.1,47,48,49,51,58
2017-01-20 06:00,2217,47,46,0.17,100,0.03,,21.6,13.1,0.32,0.32,43.7,45.3,37.5,21.9,28.3,47,48,49,51,58
2017-01-20 07:00,2217,47,46,0.07,100,16.27,,21.4,10.5,0.32,0.32,47.7,52.9,38.2,21.9,28.3,47,48,49,51,58
2017-01-20 08:00,2217,50,47,0.03,100,124.40,,21.3,11.6,0.34,0.34,47.4,52.0,52.0,21.9,29.6,47,48,49,51,58
2017-01-20 09:00,2217,51,47,0.00,100,249.80,,19.6,9.0,0.34,0.34,47.2,52.6,47.9,21.6,29.1,47,47,49,51,58
2017-01-20 10:00,2217,51,50,0.00,100,225.30,,11.3,5.6,0.37,0.37,46.9,51.3,46.8,21.6,31.2,47,47,49,51,58
2017-01-20 11:00,2217,53,51,0.00,100,334.90,,6.5,3.1,0.39,0.39,45.5,51.5,46.6,22.4,29.6,48,48,48,52,57
2017-01-20 12:00,2217,57,53,0.00,100,573.40,,17.3,10.3,0.30,0.44,46.2,51.9,48.3,22.4,31.2,49,48,48,52,58
2017-01-20 13:00,2217,58,56,0.00,56,600.50,,21.2,10.4,0.25,0.47,45.5,51.9,48.7,21.6,29.6,50,49,49,51,57
2017-01-20 14:00,2217,58,56,0.00,47,464.60,,17.0,8.8,0.22,0.47,45.4,51.5,45.1,22.4,29.6,50,49,49,51,58
2017-01-20 15:00,2217,58,54,0.00,46,160.50,,16.1,7.3,0.22,0.45,43.5,50.8,45.1,21.6,29.6,51,50,49,52,58
2017-01-20 16:00,2217,54,50,0.00,59,47.35,,18.9,8.8,0.24,0.41,44.4,50.8,46.6,22.4,30.2,51,51,49,51,58
2017-01-20 17:00,2217,50,47,0.00,71,1.52,,18.1,6.2,0.30,0.35,44.4,50.3,45.1,21.6,29.6,51,51,49,51,57
2017-01-20 18:00,2217,48,44,0.00,100,0.05,,11.7,2.9,0.29,0.32,43.8,49.4,45.1,22.4,31.2,50,51,50,51,58
2017-01-20 19:00,2217,47,44,0.00,100,0.08,,9.3,3.9,0.30,0.30,43.1,49.4,47.3,22.4,31.2,50,51,50,52,58
2017-01-20 20:00,2217,47,46,0.00,100,0.08,,15.0,8.4,0.27,0.32,43.9,49.3,43.7,22.4,29.6,49,50,50,52,58
2017-01-20 21:00,2217,47,46,0.01,73,0.09,,19.7,11.4,0.24,0.32,42.4,49.1,44.0,22.4,28.9,48,50,50,52,57
2017-01-20 22:00,2217,46,45,0.00,78,0.07,,12.9,7.2,0.23,0.31,43.2,49.1,44.6,22.4,29.6,48,49,50,51,57
2017-01-20 23:00,2217,45,43,0.00,89,0.08,,10.2,3.4,0.28,0.29,42.2,47.8,47.1,21.9,29.6,47,49,50,51,57
2017-01-21 00:00,2217,46,43,0.00,90,0.11,,9.0,3.9,0.27,0.29,42.4,48.8,43.7,21.9,29.6,47,48,50,52,57
2017-01-21 01:00,2217,47,45,0.00,82,0.08,,14.9,7.4,0.24,0.31,42.2,47.6,43.7,21.9,29.6,47,48,49,52,57
2017-01-21 02:00,2217,47,45,0.00,75,0.12,,12.1,4.4,0.23,0.32,41.7,48.2,45.2,21.9,31.2,46,48,49,51,58
2017-01-21 03:00,2217,47,45,0.00,81,0.11,,8.2,3.4,0.25,0.31,41.8,48.5,44.4,21.3,31.2,46,48,49,52,58
2017-01-21 04:00,2217,48,45,0.00,86,0.11,,12.9,7.0,0.26,0.32,42.2,47.7,45.5,21.3,29.6,45,47,49,51,58
2017-01-21 05:00,2217,48,47,0.00,75,0.09,,11.3,6.1,0.27,0.33,41.4,48.0,43.0,21.9,29.6,45,47,49,52,57
2017-01-21 06:00,2217,47,47,0.00,77,0.21,,8.1,4.8,0.26,0.32,41.6,46.8,44.2,21.3,27.8,45,47,48,52,57
2017-01-21 07:00,2217,48,46,0.00,82,11.76,,6.4,2.9,0.28,0.33,41.6,47.4,42.1,21.3,29.6,45,46,48,52,58
2017-01-21 08:00,2217,50,46,0.00,100,148.30,,5.4,2.8,0.30,0.33,41.6,47.4,42.2,21.3,29.6,45,46,48,52,57
2017-01-21 09:00,2217,53,50,0.00,89,330.50,,5.0,2.0,0.27,0.39,41.2,46.2,42.2,21.9,30.2,45,46,48,52,57
2017-01-21 10:00,2217,54,52,0.00,63,238.40,,5.1,1.5,0.25,0.40,41.6,46.2,45.1,21.9,29.6,45,46,48,52,57
2017-01-21 11:00,2217,54,53,0.00,57,369.70,,11.4,5.1,0.25,0.41,41.4,46.7,46.0,21.3,29.6,46,47,48,52,58
2017-01-21 12:00,2217,53,53,0.00,65,268.10,,12.7,8.0,0.27,0.40,41.1,47.3,43.2,21.9,29.6,48,47,48,52,57
2017-01-21 13:00,2217,53,53,0.00,77,235.10,,14.7,8.8,0.32,0.40,41.9,46.3,46.0,21.9,29.6,49,48,48,52,57
2017-01-21 14:00,2217,53,53,0.00,80,229.70,,13.2,8.0,0.30,0.41,42.0,46.4,44.9,21.9,29.6,50,49,48,52,57
2017-01-21 15:00,2217,53,53,0.00,73,113.50,,12.9,7.8,0.31,0.40,42.0,46.4,42.3,21.3,29.6,51,49,48,52,57
2017-01-21 16:00,2217,53,52,0.00,89,29.82,,11.9,7.4,0.37,0.39,41.6,46.5,41.2,21.9,29.6,51,50,49,52,57
2017-01-21 17:00,2217,52,51,0.00,100,0.34,,11.6,6.0,0.39,0.39,42.0,45.8,44.6,21.3,29.6,51,50,49,52,57
2017-01-21 18:00,2217,52,51,0.00,100,0.04,,10.8,4.7,0.38,0.38,40.7,45.8,43.3,21.6,29.6,50,50,49,51,58
2017-01-21 19:00,2217,52,50,0.00,75,0.04,,14.5,5.8,0.30,0.37,41.0,46.5,43.3,21.3,29.6,50,50,50,51,57
2017-01-21 20:00,2217,50,49,0.00,74,0.07,,18.6,11.1,0.28,0.36,41.2,46.5,40.6,21.9,29.6,49,50,49,51,57
2017-01-21 21:00,2217,51,50,0.01,72,0.04,,21.8,11.4,0.29,0.36,41.2,46.5,45.3,21.3,29.6,49,50,50,52,58
2017-01-21 22:00,2217,51,48,0.00,76,0.04,,14.6,8.1,0.31,0.35,40.3,46.5,43.4,21.3,29.6,49,50,50,52,58
2017-01-21 23:00,2217,49,48,0.04,100,0.04,,19.3,10.2,0.34,0.34,41.2,45.1,41.2,21.3,29.6,49,49,49,52,57
2017-01-22 00:00,2217,49,47,0.07,100,0.03,,23.1,14.8,0.34,0.34,40.7,45.1,45.0,21.9,27.9,48,49,50,51,58
2017-01-22 01:00,2217,48,47,0.00,100,0.05,,23.5,12.9,0.33,0.33,43.0,45.1,42.4,21.9,30.0,48,49,49,51,57
2017-01-22 02:00,2217,49,48,0.00,100,0.08,,21.2,11.4,0.34,0.34,44.8,47.0,42.4,21.9,29.6,48,49,49,51,58
2017-01-22 03:00,2217,52,49,0.00,100,0.07,,18.7,8.1,0.33,0.36,46.0,48.6,43.4,21.6,30.0,48,49,49,52,57
2017-01-22 04:00,2217,52,48,0.00,77,0.04,,27.3,15.7,0.34,0.37,44.7,47.7,44.2,22.2,30.0,47,49,49,51,58
2017-01-22 05:00,2217,48,47,0.00,100,0.06,,29.0,17.1,0.32,0.32,45.1,47.0,43.7,22.2,30.0,47,49,49,52,58
2017-01-22 06:00,2217,48,47,0.00,100,0.11,,20.7,11.9,0.33,0.33,45.3,49.6,43.0,22.2,30.0,47,48,49,52,57
2017-01-22 07:00,2217,48,48,0.00,100,22.90,,18.6,8.8,0.33,0.33,44.9,47.7,47.0,22.2,28.8,47,48,49,52,57
2017-01-22 08:00,2217,49,48,0.05,100,21.60,,13.9,7.3,0.34,0.34,44.1,47.7,43.0,21.7,30.0,47,48,49,52,57
2017-01-22 09:00,2217,49,47,0.11,100,47.61,,5.8,2.8,0.33,0.33,45.1,49.6,43.0,21.7,29.6,47,48,49,52,57
2017-01-22 10:00,2217,53,47,0.00,100,221.20,,10.2,6.3,0.35,0.35,48.3,51.3,43.0,21.7,30.0,47,48,49,52,57
2017-01-22 11:00,2217,53,52,0.01,100,345.00,,7.2,3.4,0.40,0.40,48.5,52.3,45.7,21.7,30.0,48,48,49,52,58
2017-01-22 12:00,2217,54,52,0.02,100,312.50,,12.7,6.1,0.40,0.40,48.6,51.4,49.2,21.7,30.0,49,49,49,52,57
2017-01-22 13:00,2217,55,54,0.00,100,344.10,,12.0,7.5,0.43,0.43,47.4,51.4,46.4,21.7,30.0,51,49,49,52,58
2017-01-22 14:00,2217,59,55,0.00,100,355.30,,14.6,8.2,0.42,0.46,48.2,52.8,47.8,21.7,30.0,52,50,49,52,58
2017-01-22 15:00,2217,59,57,0.00,57,203.60,,18.2,6.1,0.27,0.48,47.9,52.6,46.4,21.7,30.0,53,51,49,52,57
2017-01-22 16:00,2217,57,54,0.00,57,51.74,,14.8,6.9,0.26,0.45,46.8,51.4,47.0,21.7,28.8,54,52,50,52,57
2017-01-22 17:00,2217,54,53,0.00,64,1.93,,16.8,6.7,0.27,0.40,47.0,51.2,48.0,21.7,30.0,53,52,50,52,57
2017-01-22 18:00,2217,53,49,0.00,62,0.03,,15.4,7.2,0.25,0.40,45.4,51.2,47.5,21.7,30.0,52,52,51,52,57
2017-01-22 19:00,2217,49,47,0.00,100,0.05,,9.0,4.4,0.35,0.35,45.4,51.6,49.2,22.2,28.8,52,52,51,51,57
2017-01-22 20:00,2217,48,47,0.10,100,0.03,,10.6,5.5,0.33,0.33,46.0,50.3,49.7,21.7,30.0,51,52,51,52,58
2017-01-22 21:00,2217,48,46,0.03,100,0.03,,7.1,3.1,0.33,0.33,48.3,51.2,45.9,21.7,30.0,51,51,51,52,57
2017-01-22 22:00,2217,46,46,0.01,100,0.05,,5.9,2.5,0.31,0.31,48.7,50.9,47.0,21.7,30.0,50,51,51,52,58
2017-01-22 23:00,2217,47,46,0.05,100,0.05,,8.2,2.9,0.31,0.31,48.4,50.8,48.5,21.7,30.0,49,50,51,52,58
2017-01-23 00:00,2217,47,44,0.00,100,0.05,,6.8,3.3,0.31,0.31,49.5,52.2,49.4,22.4,30.0,49,50,51,52,57
2017-01-23 01:00,2217,45,44,0.00,100,0.08,,6.9,2.9,0.29,0.29,48.4,50.8,50.9,21.9,30.0,49,50,51,52,57
2017-01-23 02:00,2217,45,42,0.00,100,0.09,,4.9,1.8,0.29,0.29,48.3,51.5,52.3,22.6,30.0,48,49,51,52,57
2017-01-23 03:00,2217,46,43,0.00,100,0.07,,6.8,1.9,0.30,0.30,48.0,52.9,50.6,23.4,28.8,47,49,50,52,57
2017-01-23 04:00,2217,46,43,0.00,100,0.11,,8.3,5.7,0.25,0.30,47.7,52.4,48.0,24.1,30.0,47,49,50,52,57
2017-01-23 05:00,2217,46,46,0.00,79,0.16,,7.5,4.8,0.24,0.31,46.9,51.9,50.3,24.9,30.0,47,49,50,52,57
2017-01-23 06:00,2217,46,43,0.00,76,0.15,,7.6,5.4,0.27,0.31,46.3,51.9,49.7,25.8,30.0,47,48,50,52,57
2017-01-23 07:00,2217,43,42,0.00,100,16.37,,8.0,4.4,0.28,0.28,46.0,51.9,46.9,26.7,30.0,46,48,50,52,58
2017-01-23 08:00,2217,44,43,0.00,100,113.80,,6.0,3.2,0.28,0.28,45.6,50.4,47.7,26.9,30.0,46,47,49,52,57
2017-01-23 09:00,2217,45,44,0.00,100,155.20,,4.7,1.7,0.29,0.29,46.4,51.7,50.6,26.9,30.0,46,47,49,52,57
2017-01-23 10:00,2217,49,45,0.00,100,304.00,,8.6,2.1,0.32,0.32,44.6,50.5,47.8,27.6,30.0,47,47,49,52,58
2017-01-23 11:00,2217,49,48,0.00,80,332.00,,15.9,9.0,0.27,0.35,45.3,51.1,46.5,28.3,30.0,47,48,49,52,58
2017-01-23 12:00,2217,53,48,0.00,63,593.50,,13.6,7.7,0.22,0.37,44.3,51.1,48.8,28.8,30.0,48,48,49,52,57
2017-01-23 13:00,2217,53,51,0.00,64,557.60,,16.6,10.0,0.23,0.39,45.4,49.4,47.0,29.4,30.0,49,49,49,52,58
2017-01-23 14:00,2217,53,51,0.00,48,294.90,,15.0,8.4,0.21,0.39,44.5,50.5,47.4,29.9,30.0,49,49,49,52,57
2017-01-23 15:00,2217,51,48,0.00,60,163.30,,13.8,8.6,0.22,0.37,43.7,50.5,48.1,30.4,30.0,50,49,49,52,58
2017-01-23 16:00,2217,48,47,0.00,69,44.19,,14.6,7.0,0.22,0.34,44.0,50.5,46.9,30.7,30.0,50,50,49,52,57
2017-01-23 17:00,2217,48,46,0.00,64,4.85,,11.2,4.7,0.20,0.32,43.7,49.3,46.9,31.0,30.0,49,50,49,52,57
2017-01-23 18:00,2217,47,46,0.00,63,0.08,,13.7,8.8,0.18,0.32,44.2,49.3,46.9,30.1,30.0,49,50,50,52,57
2017-01-23 19:00,2217,46,46,0.00,57,0.10,,13.2,9.8,0.18,0.31,43.6,49.3,49.0,30.1,30.0,48,49,50,52,57
2017-01-23 20:00,2217,46,46,0.00,59,0.09,,12.1,8.4,0.19,0.31,43.2,49.1,45.6,29.6,30.0,47,49,50,52,58
2017-01-23 21:00,2217,46,41,0.00,61,0.14,,6.2,3.1,0.22,0.28,43.4,49.0,45.6,29.1,30.0,47,49,50,52,58
2017-01-23 22:00,2217,42,40,0.00,82,0.14,,7.0,3.3,0.24,0.26,42.9,49.6,46.1,28.6,30.0,47,48,49,52,58
2017-01-23 23:00,2217,40,40,0.00,100,0.18,,5.6,2.9,0.24,0.25,43.1,48.8,46.1,28.4,30.0,46,48,49,52,57
2017-01-24 00:00,2217,41,39,0.00,97,0.15,,6.3,2.4,0.23,0.25,42.6,48.1,46.7,29.1,30.0,45,47,49,52,58
2017-01-24 01:00,2217,40,39,0.00,100,0.16,,6.4,1.6,0.24,0.24,41.2,47.5,46.7,29.9,30.0,45,47,49,52,57
2017-01-24 02:00,2217,40,39,0.00,95,0.22,,5.8,2.4,0.24,0.24,42.5,48.1,47.6,30.1,30.0,44,47,49,52,57
2017-01-24 03:00,2217,40,39,0.00,100,0.17,,6.2,1.7,0.24,0.24,42.8,48.4,45.0,30.3,30.0,44,46,49,52,57
2017-01-24 04:00,2217,39,37,0.00,100,0.16,,4.6,0.8,0.23,0.23,41.6,47.0,47.3,30.3,30.0,44,46,48,52,57
2017-01-24 05:00,2217,39,36,0.00,100,0.21,,4.4,1.6,0.22,0.22,42.2,47.9,47.6,30.3,30.0,43,46,48,52,57
2017-01-24 06:00,2217,39,37,0.00,100,0.34,,2.7,0.8,0.22,0.22,41.8,48.5,47.6,30.3,30.0,43,45,48,52,57
2017-01-24 07:00,2217,42,37,0.00,100,41.44,,4.4,1.1,0.22,0.22,41.6,47.3,46.0,30.3,30.0,42,45,47,52,58
2017-01-24 08:00,2217,46,42,0.00,100,217.30,,2.7,0.7,0.27,0.29,41.6,47.3,46.5,30.9,30.6,42,45,47,52,57
2017-01-24 09:00,2217,45,44,0.00,100,392.50,,4.0,2.1,0.30,0.30,41.6,48.1,45.4,31.5,30.0,42,44,47,52,57
2017-01-24 10:00,2217,46,44,0.00,100,513.40,,6.3,2.4,0.30,0.30,41.6,48.1,45.9,32.0,30.0,42,44,47,52,57
2017-01-24 11:00,2217,47,46,0.00,100,586.50,,7.2,4.0,0.32,0.32,41.6,48.1,43.9,32.6,28.8,43,44,47,52,57
2017-01-24 12:00,2217,50,46,0.00,98,534.60,,6.3,2.7,0.31,0.33,42.1,46.5,44.6,32.6,30.0,44,44,47,52,57
2017-01-24 13:00,2217,51,47,0.00,81,393.40,,7.4,3.5,0.31,0.35,41.6,47.1,44.6,31.5,28.8,45,45,46,52,57
2017-01-24 14:00,2217,52,49,0.00,74,470.10,,8.8,4.1,0.27,0.37,41.7,47.2,44.6,31.5,30.0,46,46,47,52,58
2017-01-24 15:00,2217,50,47,0.00,73,97.30,,7.6,4.1,0.32,0.34,42.3,46.7,46.3,29.8,30.0,47,47,47,52,57
2017-01-24 16:00,2217,47,44,0.00,100,25.43,,5.0,2.2,0.30,0.30,42.3,46.3,44.6,29.2,28.8,48,47,47,52,57
2017-01-24 17:00,2217,44,41,0.00,100,3.39,,3.7,1.6,0.27,0.27,42.7,48.1,44.2,28.5,30.0,47,48,47,51,57
2017-01-24 18:00,2217,44,41,0.00,100,0.14,,8.8,3.9,0.27,0.27,41.7,48.1,44.2,27.8,30.0,47,48,48,51,57
2017-01-24 19:00,2217,45,44,0.00,100,0.12,,10.5,7.0,0.28,0.29,40.9,47.5,44.2,28.5,30.0,46,48,48,52,57
2017-01-24 20:00,2217,45,44,0.00,81,0.14,,10.2,7.3,0.23,0.30,41.2,46.3,46.0,28.5,30.0,46,47,48,51,57
2017-01-24 21:00,2217,45,45,0.00,72,0.10,,9.8,6.8,0.22,0.30,41.4,46.3,46.0,29.2,30.0,45,47,48,52,57
2017-01-24 22:00,2217,45,44,0.00,71,0.13,,6.8,4.7,0.21,0.30,41.7,47.3,46.0,29.2,30.0,45,47,48,51,57
2017-01-24 23:00,2217,45,44,0.00,68,0.15,,7.6,5.2,0.20,0.30,40.8,47.3,44.7,29.2,30.0,44,46,48,51,57
2017-01-25 00:00,2217,45,44,0.00,65,0.12,,9.1,7.2,0.19,0.30,41.1,46.0,46.4,30.0,30.0,44,46,47,51,57
2017-01-25 01:00,2217,45,44,0.00,65,0.16,,12.8,8.9,0.19,0.29,41.1,46.0,44.6,30.9,30.0,44,46,47,51,57
2017-01-25 02:00,2217,45,44,0.00,64,0.13,,14.1,9.9,0.18,0.30,40.8,46.4,43.8,30.3,30.0,43,45,47,51,57
2017-01-25 03:00,2217,46,44,0.00,59,0.11,,11.3,8.4,0.18,0.30,41.0,47.0,45.0,29.8,30.0,43,45,47,51,57
2017-01-25 04:00,2217,44,41,0.00,60,0.12,,11.3,3.7,0.18,0.28,40.9,46.9,45.6,28.7,30.0,43,45,47,51,58
2017-01-25 05:00,2217,43,39,0.00,74,0.16,,7.6,3.1,0.19,0.26,40.4,45.2,45.6,28.7,30.0,42,45,47,51,58
2017-01-25 06:00,2217,44,39,0.00,88,0.37,,6.2,2.8,0.20,0.26,40.7,45.1,43.8,27.7,30.0,42,44,47,51,57
2017-01-25 07:00,2217,44,40,0.00,91,35.15,,9.1,3.9,0.21,0.27,40.7,45.6,43.8,27.7,30.0,42,44,47,51,57
2017-01-25 08:00,2217,50,44,0.00,69,229.50,,3.8,1.2,0.20,0.31,41.2,46.1,46.9,27.7,30.0,41,44,46,51,58
2017-01-25 09:00,2217,50,49,0.00,52,398.80,,5.9,2.2,0.20,0.36,40.9,45.8,45.0,28.5,30.0,41,43,46,51,57
2017-01-25 10:00,2217,52,49,0.00,64,527.30,,5.8,3.2,0.22,0.36,40.4,45.8,45.9,29.4,30.0,41,43,46,51,57
2017-01-25 11:00,2217,53,52,0.00,61,601.20,,7.5,3.1,0.23,0.39,41.3,45.8,45.8,29.4,30.0,42,44,46,51,57
2017-01-25 12:00,2217,54,53,0.00,59,614.40,,6.3,2.4,0.22,0.41,41.0,45.9,44.2,29.4,28.8,43,44,45,51,57
2017-01-25 13:00,2217,54,53,0.00,56,562.30,,6.1,2.7,0.22,0.42,40.3,45.9,45.3,30.2,30.0,44,44,46,51,58
2017-01-25 14:00,2217,56,54,0.00,50,452.00,,6.4,2.6,0.21,0.43,40.5,46.0,44.2,30.9,30.0,46,45,46,51,58
2017-01-25 15:00,2217,54,54,0.00,53,292.50,,6.2,2.2,0.22,0.42,40.6,45.5,44.2,31.7,30.0,47,46,46,51,58
2017-01-25 16:00,2217,54,48,0.00,51,42.87,,4.7,1.9,0.22,0.39,40.4,45.1,45.4,32.4,28.8,48,47,47,51,57
2017-01-25 17:00,2217,48,44,0.00,75,5.56,,5.6,3.3,0.27,0.32,41.2,45.1,44.3,32.4,30.0,48,48,47,51,58
2017-01-25 18:00,2217,44,44,0.00,100,0.11,,6.9,4.7,0.29,0.29,40.4,45.7,46.2,31.5,30.0,47,48,47,51,57
2017-01-25 19:00,2217,44,43,0.00,99,0.09,,8.1,4.6,0.28,0.29,40.6,45.8,44.5,30.7,30.0,47,48,47,51,57
2017-01-25 20:00,2217,45,43,0.00,100,0.15,,6.6,2.7,0.26,0.29,40.9,45.7,46.2,29.6,30.0,47,48,48,51,57
2017-01-25 21:00,2217,44,42,0.00,84,0.12,,6.9,2.4,0.25,0.28,41.0,46.3,44.5,28.5,30.0,46,47,48,51,57
2017-01-25 22:00,2217,42,42,0.00,100,0.13,,6.2,3.1,0.26,0.27,40.9,46.3,43.3,29.5,30.0,45,47,48,51,57
2017-01-25 23:00,2217,43,41,0.00,93,0.17,,6.4,2.8,0.24,0.27,41.1,45.1,45.1,29.5,30.0,45,47,48,51,58
2017-01-26 00:00,2217,44,41,0.00,82,0.19,,5.4,2.3,0.23,0.27,40.3,45.0,45.1,29.7,30.0,44,47,48,51,58
2017-01-26 01:00,2217,44,42,0.00,70,0.21,,5.7,2.0,0.21,0.29,40.5,45.4,45.1,29.7,30.0,44,46,47,51,57
2017-01-26 02:00,2217,43,41,0.00,89,0.15,,5.2,1.8,0.25,0.27,40.5,45.4,45.5,29.7,30.0,43,46,47,51,57
2017-01-26 03:00,2217,41,40,0.00,100,0.14,,5.8,2.7,0.26,0.26,40.8,44.8,46.0,29.7,30.0,43,45,47,51,58
2017-01-26 04:00,2217,42,40,0.00,100,0.17,,6.0,2.6,0.26,0.26,40.3,44.8,44.3,29.5,30.0,42,45,47,51,57
2017-01-26 05:00,2217,42,39,0.00,100,0.17,,2.9,0.8,0.26,0.26,40.3,45.9,44.3,28.9,30.0,42,44,47,51,57
2017-01-26 06:00,2217,41,39,0.00,100,0.40,,4.8,1.4,0.25,0.25,40.5,46.3,44.9,28.2,28.8,42,44,47,51,57
2017-01-26 07:00,2217,44,41,0.00,100,28.18,,6.1,3.6,0.27,0.27,39.9,45.1,46.6,28.7,30.0,42,44,46,51,57
2017-01-26 08:00,2217,47,44,0.00,100,97.60,,5.8,3.2,0.30,0.31,39.7,45.5,45.2,29.2,30.0,41,44,46,51,57
2017-01-26 09:00,2217,50,47,0.00,91,205.00,,5.6,2.0,0.28,0.33,40.1,45.5,43.5,29.8,28.8,42,43,46,51,57
2017-01-26 10:00,2217,50,49,0.00,73,479.80,,7.1,3.2,0.28,0.36,39.5,43.7,43.5,30.4,30.0,42,44,46,51,57
2017-01-26 11:00,2217,51,49,0.00,80,369.40,,8.2,4.3,0.31,0.36,40.1,45.5,42.2,30.4,30.7,43,44,46,51,57
2017-01-26 12:00,2217,53,49,0.00,97,570.60,,6.8,3.0,0.30,0.37,39.8,45.5,42.2,30.4,30.7,45,45,46,51,57
2017-01-26 13:00,2217,53,53,0.00,65,563.80,,8.7,3.3,0.26,0.40,40.4,45.6,46.4,30.4,30.7,46,45,46,50,57
2017-01-26 14:00,2217,54,53,0.00,68,413.60,,7.1,3.3,0.27,0.41,40.1,45.3,42.3,30.4,28.8,47,46,46,51,57
2017-01-26 15:00,2217,,,,63,,,,,,,39.9,44.9,44.4,29.9,30.7,48,47,46,51,57
2017-01-26 16:00,2217,53,47,0.00,,53.27,,6.9,3.4,0.29,0.37,,,,,,,,,,
2017-01-26 17:00,2217,47,44,0.00,100,4.45,,4.8,1.8,0.30,0.30,40.0,45.6,45.7,29.3,30.7,48,48,47,50,57
2017-01-26 18:00,2217,47,45,0.00,100,0.11,,6.5,3.9,0.32,0.32,40.6,45.6,45.8,28.5,30.7,48,48,47,51,57
2017-01-26 19:00,2217,47,46,0.00,100,0.08,,8.5,5.4,0.28,0.32,39.7,45.6,45.8,27.7,30.7,47,48,48,51,57
2017-01-26 20:00,2217,47,47,0.00,78,0.10,,9.5,5.9,0.25,0.32,40.1,45.6,42.5,27.3,30.7,47,48,48,51,57
2017-01-26 21:00,2217,47,47,0.00,78,0.09,,9.2,6.6,0.25,0.32,40.6,45.0,43.5,26.9,28.8,46,48,48,51,57
2017-01-26 22:00,2217,47,47,0.00,74,0.08,,9.2,6.3,0.23,0.32,39.5,44.9,45.8,27.7,30.0,46,47,48,50,57
2017-01-26 23:00,2217,47,47,0.00,66,0.07,,8.2,5.8,0.21,0.32,39.7,44.9,44.1,28.6,30.7,45,47,48,50,57
2017-01-27 00:00,2217,47,47,0.00,64,0.09,,7.9,5.6,0.21,0.32,39.1,43.5,46.5,29.4,30.7,45,47,48,51,57
2017-01-27 01:00,2217,47,42,0.00,66,0.11,,6.4,3.2,0.23,0.30,39.5,43.4,41.9,29.4,30.0,44,46,47,51,57
2017-01-27 02:00,2217,44,42,0.00,95,0.12,,6.1,2.5,0.25,0.28,39.5,44.5,44.5,29.4,30.7,44,46,47,50,57
2017-01-27 03:00,2217,43,42,0.00,95,0.16,,6.9,3.6,0.27,0.27,39.5,44.5,43.3,29.4,30.7,44,46,47,51,57
2017-01-27 04:00,2217,42,39,0.00,100,0.16,,6.8,2.8,0.26,0.26,38.6,44.5,43.3,29.4,30.7,43,45,47,50,57
2017-01-27 05:00,2217,42,40,0.00,100,0.14,,5.2,2.2,0.25,0.25,39.5,43.8,45.0,28.9,30.7,43,45,47,51,57
2017-01-27 06:00,2217,41,40,0.00,100,0.40,,7.6,2.3,0.25,0.25,39.5,44.5,45.0,28.9,30.0,42,45,47,50,57
2017-01-27 07:00,2217,44,40,0.00,100,38.54,,6.9,1.7,0.25,0.26,39.0,44.3,45.0,28.9,30.7,42,44,47,50,57
2017-01-27 08:00,2217,46,44,0.00,100,222.30,,5.2,2.6,0.28,0.30,39.3,44.3,45.0,28.9,29.6,42,44,46,51,57
2017-01-27 09:00,2217,47,45,0.00,92,388.40,,3.7,1.9,0.28,0.31,39.2,44.2,45.6,28.9,30.7,42,44,46,51,57
2017-01-27 10:00,2217,49,47,0.00,90,550.20,,4.1,1.9,0.28,0.34,39.3,44.8,42.5,29.6,31.2,42,43,46,51,57
2017-01-27 11:00,2217,52,49,0.00,79,612.40,,5.0,2.1,0.27,0.37,39.0,44.0,42.5,30.3,29.6,42,44,46,51,57
2017-01-27 12:00,2217,53,52,0.00,69,619.70,,6.0,2.7,0.27,0.39,39.5,44.0,44.2,29.8,30.0,43,44,46,51,57
2017-01-27 13:00,2217,54,52,0.00,64,565.80,,7.9,2.7,0.26,0.41,39.3,44.1,44.6,29.3,30.7,45,45,46,51,57
2017-01-27 14:00,2217,54,53,0.00,63,453.40,,5.7,2.2,0.26,0.42,40.0,43.5,45.1,28.8,28.8,46,45,46,51,57
2017-01-27 15:00,2217,54,54,0.00,62,292.80,,7.6,3.3,0.27,0.42,40.2,45.3,43.1,28.3,31.2,47,47,46,50,57
2017-01-27 16:00,2217,54,49,0.00,63,44.88,,6.2,3.4,0.28,0.39,39.3,44.4,42.5,27.2,28.8,49,47,47,50,57
2017-01-27 17:00,2217,49,46,0.00,100,4.13,,6.6,3.9,0.34,0.34,39.3,45.6,43.9,27.2,30.7,49,49,47,50,57
2017-01-27 18:00,2217,46,44,0.00,100,0.09,,6.2,2.6,0.30,0.30,39.7,44.3,45.6,26.2,30.7,48,49,47,50,57
2017-01-27 19:00,2217,47,44,0.00,100,0.13,,5.4,2.0,0.29,0.29,39.5,44.3,45.1,26.2,30.7,48,49,48,50,57
2017-01-27 20:00,2217,47,43,0.00,100,0.12,,4.3,1.4,0.30,0.30,39.4,44.3,44.5,26.2,30.7,47,48,48,50,57
2017-01-27 21:00,2217,44,43,0.00,100,0.14,,4.9,1.9,0.28,0.28,39.1,44.7,43.4,27.0,30.7,46,48,48,50,57
2017-01-27 22:00,2217,44,43,0.00,100,0.17,,6.3,3.7,0.29,0.29,39.1,44.4,45.1,27.8,30.7,46,47,48,50,57
2017-01-27 23:00,2217,45,42,0.00,100,0.16,,8.1,4.4,0.28,0.28,39.3,44.3,43.4,28.4,30.7,45,47,48,50,57
2017-01-28 00:00,2217,45,43,0.00,100,0.14,,8.1,4.4,0.29,0.29,38.9,45.0,44.0,28.4,28.8,45,47,48,50,57
2017-01-28 01:00,2217,43,42,0.00,100,0.18,,7.2,3.9,0.27,0.27,39.1,45.3,42.2,28.8,31.2,44,47,48,50,57
2017-01-28 02:00,2217,43,42,0.00,100,0.17,,6.9,3.6,0.27,0.27,39.1,43.5,44.0,28.8,30.7,44,46,47,50,57
2017-01-28 03:00,2217,44,40,0.00,91,0.16,,7.3,3.8,0.25,0.27,39.0,43.5,44.9,29.3,30.7,44,46,47,50,57
2017-01-28 04:00,2217,41,40,0.00,100,0.14,,7.6,3.0,0.25,0.25,38.3,44.1,44.3,29.3,30.7,43,45,47,50,57
2017-01-28 05:00,2217,42,41,0.00,100,0.15,,10.4,4.5,0.26,0.26,38.5,44.1,44.3,29.3,28.8,43,45,47,50,57
2017-01-28 06:00,2217,41,40,0.00,100,0.75,,6.9,3.1,0.25,0.26,38.4,44.5,41.3,29.3,29.6,42,45,47,50,57
2017-01-28 07:00,2217,44,40,0.00,100,45.96,,6.8,2.5,0.25,0.25,38.0,44.4,41.8,29.3,29.6,42,44,47,50,57
2017-01-28 08:00,2217,51,44,0.00,100,249.10,,3.0,0.9,0.27,0.32,38.6,43.3,42.4,29.3,29.6,42,44,46,50,57
2017-01-28 09:00,2217,52,47,0.00,68,414.90,,6.0,2.3,0.27,0.36,38.6,43.9,42.4,29.3,28.8,42,44,46,50,57
2017-01-28 10:00,2217,51,48,0.00,87,549.10,,4.2,1.4,0.28,0.36,38.6,43.8,43.4,29.3,30.7,42,43,46,50,57
2017-01-28 11:00,2217,54,51,0.00,78,623.10,,4.7,1.7,0.28,0.39,38.5,43.9,44.4,29.3,27.7,42,44,46,50,57
2017-01-28 12:00,2217,56,54,0.00,66,635.40,,6.4,2.9,0.28,0.43,38.5,43.9,43.0,29.3,29.6,44,44,45,50,57
2017-01-28 13:00,2217,57,56,0.00,65,583.80,,6.8,2.9,0.30,0.45,39.1,43.3,43.4,28.6,31.2,45,45,46,50,57
2017-01-28 14:00,2217,58,57,0.00,62,472.10,,7.3,3.5,0.29,0.48,38.6,44.0,43.0,27.8,29.6,47,46,46,50,57
2017-01-28 15:00,2217,58,58,0.00,57,307.10,,6.4,3.3,0.28,0.48,39.0,43.7,43.4,27.1,30.7,48,47,46,50,57
2017-01-28 16:00,2217,58,51,0.00,61,51.18,,5.8,2.3,0.30,0.44,39.8,43.6,44.5,26.3,28.8,49,48,47,50,57
2017-01-28 17:00,2217,51,47,0.00,95,4.90,,4.1,1.3,0.34,0.35,39.6,43.2,43.6,27.3,29.6,49,49,47,50,57
2017-01-28 18:00,2217,47,46,0.00,100,0.08,,5.3,2.3,0.32,0.32,38.6,44.5,42.0,27.3,29.6,49,49,48,50,57
2017-01-28 19:00,2217,46,45,0.00,100,0.11,,8.3,2.2,0.31,0.31,39.2,44.5,43.3,28.3,31.2,48,49,48,50,57
2017-01-28 20:00,2217,46,45,0.00,100,0.12,,4.2,1.0,0.31,0.31,38.6,43.2,43.3,28.3,27.7,47,49,48,50,57
2017-01-28 21:00,2217,46,44,0.00,100,0.12,,4.1,1.0,0.30,0.30,38.6,43.7,45.0,28.3,30.7,47,49,48,50,57
2017-01-28 22:00,2217,45,44,0.00,100,0.12,,2.6,1.0,0.30,0.30,38.9,43.7,43.3,28.3,31.2,46,48,48,50,57
2017-01-28 23:00,2217,46,44,0.00,100,0.17,,7.3,2.5,0.29,0.29,38.0,43.6,43.3,28.3,30.7,46,47,48,50,57
2017-01-29 00:00,2217,46,44,0.00,100,0.12,,7.1,3.6,0.30,0.30,38.7,44.2,43.3,28.3,31.2,45,47,48,50,57
2017-01-29 01:00,2217,47,44,0.00,100,0.14,,9.3,4.6,0.30,0.30,38.2,44.6,43.3,28.3,29.6,45,47,48,50,57
2017-01-29 02:00,2217,47,44,0.00,92,0.13,,7.4,3.6,0.29,0.30,38.2,43.4,42.5,28.3,31.2,44,46,48,50,57
2017-01-29 03:00,2217,44,42,0.00,100,0.15,,2.1,0.4,0.27,0.28,38.5,44.0,42.5,28.3,30.7,44,46,47,50,57
2017-01-29 04:00,2217,42,42,0.00,100,0.17,,4.7,1.4,0.27,0.27,38.4,44.0,43.6,28.3,31.2,43,46,47,50,57
2017-01-29 05:00,2217,42,42,0.00,100,0.16,,4.4,1.2,0.26,0.26,38.3,44.0,43.1,29.2,31.2,43,45,47,50,57
2017-01-29 06:00,2217,42,41,0.00,100,0.54,,4.4,1.3,0.26,0.26,38.3,42.8,43.5,29.2,29.6,42,45,47,50,57
2017-01-29 07:00,2217,44,41,0.00,100,42.47,,3.5,0.5,0.26,0.26,38.0,43.2,44.5,30.0,30.7,42,45,47,50,57
2017-01-29 08:00,2217,52,44,0.00,100,248.20,,3.0,1.0,0.28,0.33,38.0,43.2,43.4,30.0,30.1,42,44,46,50,57
2017-01-29 09:00,2217,52,51,0.00,68,422.80,,4.3,1.7,0.27,0.38,38.2,41.9,43.4,30.0,29.6,42,44,46,50,57
2017-01-29 10:00,2217,53,52,0.00,81,551.80,,4.5,1.9,0.30,0.39,38.0,43.5,45.0,30.0,27.7,42,44,46,50,57
2017-01-29 11:00,2217,56,53,0.00,71,632.10,,3.3,1.2,0.29,0.43,39.1,42.4,41.1,30.0,31.2,43,44,46,50,57
2017-01-29 12:00,2217,58,55,0.00,68,629.20,,4.8,1.6,0.30,0.46,38.6,42.4,42.3,30.0,30.6,44,44,46,50,57
2017-01-29 13:00,2217,60,57,0.00,61,577.20,,5.4,1.7,0.28,0.48,38.8,42.0,43.2,29.2,31.6,45,45,46,50,57
2017-01-29 14:00,2217,60,59,0.00,55,466.10,,6.8,2.9,0.27,0.51,38.5,43.3,45.0,28.5,30.0,47,46,46,50,57
2017-01-29 15:00,2217,60,57,0.00,52,278.30,,4.0,2.3,0.26,0.51,37.9,42.9,44.7,28.8,27.7,48,47,46,50,57
2017-01-29 16:00,2217,57,53,0.00,54,69.49,,3.8,1.3,0.27,0.44,38.7,42.3,41.7,29.2,29.6,49,48,47,50,57
2017-01-29 17:00,2217,53,49,0.00,81,6.53,,8.1,2.5,0.34,0.38,38.5,43.8,44.3,29.0,30.0,50,49,47,50,57
2017-01-29 18:00,2217,49,48,0.00,100,0.06,,5.9,1.6,0.35,0.35,39.1,43.8,44.3,28.9,29.6,49,49,47,50,57
2017-01-29 19:00,2217,48,47,0.00,100,0.08,,6.4,2.8,0.34,0.34,37.9,43.8,43.1,28.2,31.6,49,49,48,50,57
2017-01-29 20:00,2217,48,47,0.00,100,0.10,,3.1,1.0,0.32,0.32,38.5,43.8,42.5,27.6,31.6,48,49,48,50,57
2017-01-29 21:00,2217,50,47,0.00,100,0.13,,7.0,3.4,0.30,0.35,38.5,43.8,43.7,26.9,31.6,47,48,48,50,57
2017-01-29 22:00,2217,48,46,0.00,89,0.11,,3.1,0.8,0.31,0.32,38.9,44.2,42.5,26.3,30.0,47,48,48,50,57
2017-01-29 23:00,2217,46,45,0.00,100,0.14,,5.1,1.0,0.30,0.30,37.5,44.1,42.5,27.3,30.6,46,48,48,50,57
2017-01-30 00:00,2217,46,44,0.00,100,0.15,,7.0,2.1,0.30,0.30,38.5,42.3,42.5,27.3,30.0,46,47,48,50,57
2017-01-30 01:00,2217,46,44,0.00,100,0.17,,5.3,1.0,0.30,0.30,38.4,42.9,43.5,28.2,31.6,45,47,48,50,57
2017-01-30 02:00,2217,45,44,0.00,100,0.18,,6.1,1.5,0.29,0.30,38.6,42.9,43.5,28.2,30.6,45,47,48,50,57
2017-01-30 03:00,2217,45,43,0.00,100,0.16,,4.3,1.0,0.28,0.29,37.9,43.7,43.5,28.2,30.0,44,47,48,50,57
2017-01-30 04:00,2217,44,43,0.00,100,0.15,,1.6,0.4,0.28,0.28,38.1,42.1,44.3,28.2,30.0,44,46,47,50,57
2017-01-30 05:00,2217,44,42,0.00,100,0.17,,2.6,0.6,0.28,0.28,37.0,42.1,43.5,28.2,30.0,43,46,47,50,57
2017-01-30 06:00,2217,44,42,0.00,100,0.64,,2.8,1.0,0.28,0.28,37.9,42.5,40.5,28.2,30.6,43,46,47,50,57
2017-01-30 07:00,2217,49,42,0.00,100,59.78,,2.5,0.3,0.28,0.28,37.9,42.5,42.7,28.2,30.0,42,45,47,50,57
2017-01-30 08:00,2217,54,49,0.00,75,268.90,,2.6,0.5,0.25,0.38,37.4,43.1,42.1,28.2,30.6,42,45,47,50,56
2017-01-30 09:00,2217,54,52,0.00,60,368.00,,2.9,1.5,0.28,0.40,37.0,41.9,43.2,27.3,28.2,42,44,47,50,56
2017-01-30 10:00,2217,56,53,0.00,77,542.80,,4.3,1.8,0.34,0.43,37.9,41.9,41.1,26.3,30.6,43,44,46,51,56
2017-01-30 11:00,2217,58,55,0.00,80,614.60,,5.6,2.7,0.36,0.45,38.0,41.9,41.6,26.8,30.6,44,44,46,50,56
2017-01-30 12:00,2217,60,57,0.00,73,615.60,,6.3,2.8,0.35,0.49,38.1,41.3,44.3,26.8,30.6,45,45,46,50,57
2017-01-30 13:00,2217,61,59,0.00,67,514.90,,5.6,2.0,0.34,0.52,38.7,42.0,43.5,27.3,30.0,47,46,46,50,56
2017-01-30 14:00,2217,62,60,0.00,61,443.50,,4.4,1.7,0.34,0.54,39.0,43.2,42.1,28.1,30.6,48,47,46,50,57
2017-01-30 15:00,2217,62,60,0.00,60,260.50,,3.8,1.2,0.34,0.55,37.4,42.8,42.1,29.0,30.6,50,48,47,50,56
2017-01-30 16:00,2217,60,55,0.00,67,59.20,,2.8,0.9,0.40,0.47,38.7,42.5,43.3,29.0,30.6,51,49,47,50,56
2017-01-30 17:00,2217,55,52,0.00,76,8.92,,3.0,1.0,0.32,0.42,38.0,42.4,41.5,29.0,30.6,51,50,48,50,56
2017-01-30 18:00,2217,52,49,0.00,90,0.07,,5.6,1.9,0.36,0.37,39.0,42.5,42.8,29.0,30.0,50,50,48,50,57
2017-01-30 19:00,2217,50,48,0.00,100,0.08,,5.4,2.5,0.36,0.36,38.5,42.4,41.8,29.0,30.6,50,50,49,50,56
2017-01-30 20:00,2217,50,48,0.00,100,0.14,,9.2,2.0,0.35,0.35,38.8,42.4,42.8,29.0,28.2,49,50,49,50,57
2017-01-30 21:00,2217,51,49,0.00,100,0.10,,7.8,2.9,0.35,0.35,38.3,42.4,41.4,29.0,30.6,48,49,49,50,56
2017-01-30 22:00,2217,51,49,0.00,100,0.09,,8.4,2.5,0.37,0.37,38.6,42.4,41.4,29.0,30.6,48,49,49,50,56
2017-01-30 23:00,2217,50,48,0.00,100,0.12,,2.3,0.7,0.35,0.35,38.0,43.1,43.6,29.0,30.6,47,49,49,50,56
2017-01-31 00:00,2217,49,47,0.00,100,0.13,,3.4,0.9,0.33,0.33,37.6,41.7,41.4,29.0,30.0,47,49,49,50,56
2017-01-31 01:00,2217,47,46,0.00,100,0.16,,2.7,0.8,0.32,0.32,38.4,42.2,44.4,29.0,30.6,46,48,49,50,56
2017-01-31 02:00,2217,46,44,0.00,100,0.14,,2.7,0.6,0.30,0.30,37.5,42.8,41.9,28.9,30.6,46,47,49,50,57
2017-01-31 03:00,2217,45,43,0.00,100,0.16,,4.9,1.3,0.30,0.30,36.5,42.2,44.4,29.3,30.6,45,47,49,50,56
2017-01-31 04:00,2217,46,43,0.00,100,0.18,,8.0,2.7,0.30,0.30,36.9,43.2,42.8,29.3,30.6,45,47,48,51,56
2017-01-31 05:00,2217,44,43,0.00,100,0.13,,4.0,0.8,0.29,0.29,37.3,42.0,41.3,29.0,30.6,44,47,48,50,56
2017-01-31 06:00,2217,45,44,0.00,100,0.38,,4.7,1.4,0.29,0.29,37.5,42.0,43.3,29.0,30.6,44,46,48,50,57
2017-01-31 07:00,2217,48,44,0.00,100,43.60,,6.7,1.6,0.30,0.30,37.1,42.0,43.3,28.1,30.6,44,46,48,50,57
2017-01-31 08:00,2217,54,47,0.00,100,246.60,,2.5,1.2,0.36,0.37,36.7,40.7,42.2,28.1,30.6,43,45,47,51,56
2017-01-31 09:00,2217,55,53,0.00,100,424.40,,4.3,1.9,0.43,0.43,37.1,42.0,40.8,27.4,30.6,43,45,47,51,56
2017-01-31 10:00,2217,55,53,0.00,100,553.10,,5.0,2.3,0.43,0.43,37.1,40.7,40.8,26.7,30.6,44,45,47,51,57
2017-01-31 11:00,2217,58,55,0.00,100,626.90,,5.2,1.8,0.47,0.47,37.3,41.2,40.8,26.4,28.4,45,45,47,51,57
2017-01-31 12:00,2217,60,58,0.00,100,638.40,,5.3,2.3,0.49,0.50,37.9,42.0,40.7,26.2,30.6,46,46,47,51,57
2017-01-31 13:00,2217,61,60,0.00,92,580.40,,5.9,2.2,0.47,0.53,38.1,41.3,43.1,27.2,30.0,47,47,47,50,56
2017-01-31 14:00,2217,62,60,0.00,87,434.00,,5.6,1.9,0.45,0.55,38.3,40.9,43.4,27.2,28.2,49,48,47,51,56
2017-01-31 15:00,2217,62,60,0.00,85,293.40,,3.8,1.4,0.45,0.54,37.7,42.9,40.8,27.8,31.2,51,49,47,51,57
2017-01-31 16:00,2217,61,55,0.00,91,75.91,,3.4,0.9,0.48,0.50,38.3,43.6,40.3,28.4,30.6,52,51,48,51,57
2017-01-31 17:00,2217,55,53,0.00,100,8.01,,6.2,2.4,0.42,0.42,38.8,42.0,42.2,29.0,31.2,52,51,49,51,57
2017-01-31 18:00,2217,53,51,0.00,100,0.04,,5.8,1.5,0.40,0.40,38.3,41.2,44.4,29.6,28.2,52,51,49,50,56
2017-01-31 19:00,2217,52,51,0.00,100,0.04,,7.6,2.3,0.38,0.38,38.5,43.3,42.8,29.0,30.6,51,51,49,51,57
2017-01-31 20:00,2217,54,51,0.00,100,0.05,,6.2,3.0,0.40,0.40,38.1,44.0,44.5,28.4,28.2,51,51,50,51,56
2017-01-31 21:00,2217,52,50,0.00,100,0.07,,5.2,1.4,0.39,0.39,38.3,42.0,41.5,28.4,30.6,50,51,50,50,56
2017-01-31 22:00,2217,51,50,0.00,100,0.08,,3.5,0.7,0.37,0.37,38.3,42.5,41.9,28.4,27.7,49,51,50,50,56
2017-01-31 23:00,2217,51,50,0.00,100,0.10,,2.5,0.6,0.37,0.37,37.5,42.5,44.5,29.0,30.6,49,50,50,50,57
