Date,Station Id,Air Temperature Maximum (degF),Air Temperature Minimum (degF),Precipitation Increment (in),Relative Humidity (pct),Solar Radiation Average (watt/m2),Solar Radiation/langley Total (langley),Wind Speed Maximum (mph),Wind Speed Average (mph),Vapor Pressure - Partial (inch_Hg),Vapor Pressure - Saturated (inch_Hg),Soil Moisture Percent -2in (pct),Soil Moisture Percent -4in (pct),Soil Moisture Percent -8in (pct),Soil Moisture Percent -20in (pct),Soil Moisture Percent -40in (pct),Soil Temperature Observed -2in (degF),Soil Temperature Observed -4in (degF),Soil Temperature Observed -8in (degF),Soil Temperature Observed -20in (degF),Soil Temperature Observed -40in (degF)
2017-01-01 00:00,2183,53,51,0.11,91,0.13,,10.0,4.9,0.37,0.38,,,,,,,,,,
2017-01-01 01:00,2183,52,50,0.00,99,0.16,,22.8,14.6,0.32,0.38,,,,,,,,,,
2017-01-01 02:00,2183,50,50,0.00,78,0.15,,20.1,13.7,0.29,0.36,,,,,,,,,,
2017-01-01 03:00,2183,50,49,0.00,77,0.15,,19.8,10.6,0.27,0.36,,,,,,,,,,
2017-01-01 04:00,2183,50,49,0.00,75,0.15,,12.4,8.2,0.26,0.35,,,,,,,,,,
2017-01-01 05:00,2183,49,49,0.00,72,0.16,,15.9,10.9,0.25,0.35,,,,,,,,,,
2017-01-01 06:00,2183,49,48,0.00,70,1.56,,12.7,9.5,0.25,0.35,,,,,,,,,,
2017-01-01 07:00,2183,50,49,0.00,69,44.71,,11.5,6.7,0.25,0.35,,,,,,,,,,
2017-01-01 08:00,2183,54,50,0.00,67,313.10,,12.4,8.6,0.25,0.39,,,,,,,,,,
2017-01-01 09:00,2183,56,54,0.00,62,480.60,,13.7,9.0,0.26,0.43,,,,,,,,,,
2017-01-01 10:00,2183,58,56,0.00,60,525.70,,12.7,6.8,0.27,0.46,,,,,,,,,,
2017-01-01 11:00,2183,58,56,0.00,63,582.60,,12.0,4.3,0.29,0.46,,,,,,,,,,
2017-01-01 12:00,2183,58,58,0.00,59,549.50,,12.2,7.7,0.30,0.48,,,,,,,,,,
2017-01-01 13:00,2183,60,58,0.00,64,468.40,,9.3,4.4,0.31,0.50,,,,,,,,,,
2017-01-01 14:00,2183,61,60,0.00,62,338.40,,5.8,3.1,0.30,0.53,,,,,,,,,,
2017-01-01 15:00,2183,61,60,0.00,56,167.60,,5.7,3.1,0.29,0.54,,,,,,,,,,
2017-01-01 16:00,2183,60,58,0.00,56,21.18,,4.6,1.9,0.31,0.51,,,,,,,,,,
2017-01-01 17:00,2183,58,56,0.00,67,0.21,,3.9,1.0,0.32,0.47,,,,,,,,,,
2017-01-01 18:00,2183,56,55,0.00,72,0.18,,4.4,2.4,0.32,0.45,,,,,,,,,,
2017-01-01 19:00,2183,56,53,0.00,69,0.16,,4.4,0.9,0.30,0.42,,,,,,,,,,
2017-01-01 20:00,2183,53,53,0.00,69,0.18,,2.8,0.9,0.28,0.40,,,,,,,,,,
2017-01-01 21:00,2183,53,51,0.00,70,0.17,,4.8,1.9,0.28,0.39,,,,,,,,,,
2017-01-01 22:00,2183,53,51,0.00,69,0.18,,6.2,2.7,0.27,0.40,,,,,,,,,,
2017-01-01 23:00,2183,52,51,0.00,72,0.20,,5.9,1.9,0.27,0.38,,,,,,,,,,
2017-01-02 00:00,2183,52,51,0.00,71,0.16,,6.6,3.3,0.27,0.38,,,,,,,,,,
2017-01-02 01:00,2183,51,50,0.00,69,0.16,,2.5,0.6,0.26,0.37,,,,,,,,,,
2017-01-02 02:00,2183,51,50,0.00,66,0.16,,8.9,2.8,0.25,0.37,,,,,,,,,,
2017-01-02 03:00,2183,50,49,0.00,69,0.18,,4.8,1.6,0.25,0.36,,,,,,,,,,
2017-01-02 04:00,2183,50,49,0.00,71,0.16,,5.7,2.1,0.25,0.36,,,,,,,,,,
2017-01-02 05:00,2183,50,50,0.00,72,0.15,,8.1,3.5,0.26,0.36,,,,,,,,,,
2017-01-02 06:00,2183,50,49,0.00,73,1.34,,10.2,4.1,0.27,0.36,,,,,,,,,,
2017-01-02 07:00,2183,50,49,0.00,84,31.78,,9.3,3.1,0.30,0.36,,,,,,,,,,
2017-01-02 08:00,2183,52,50,0.00,86,110.60,,3.2,0.8,0.31,0.37,,,,,,,,,,
2017-01-02 09:00,2183,54,52,0.00,76,128.00,,3.6,0.8,0.29,0.40,,,,,,,,,,
2017-01-02 10:00,2183,55,54,0.00,69,181.30,,12.4,4.4,0.29,0.42,,,,,,,,,,
2017-01-02 11:00,2183,55,55,0.00,69,163.00,,12.2,7.3,0.30,0.43,,,,,,,,,,
2017-01-02 12:00,2183,56,55,0.00,68,141.70,,10.8,4.7,0.28,0.45,,,,,,,,,,
2017-01-02 13:00,2183,56,56,0.00,59,84.20,,4.4,1.2,0.27,0.46,,,,,,,,,,
2017-01-02 14:00,2183,57,56,0.00,54,100.70,,2.5,0.9,0.25,0.46,,,,,,,,,,
2017-01-02 15:00,2183,57,57,0.00,53,57.69,,4.7,1.6,0.25,0.47,,,,,,,,,,
2017-01-02 16:00,2183,57,53,0.00,61,17.81,,4.3,2.4,0.30,0.44,,,,,,,,,,
2017-01-02 17:00,2183,53,52,0.00,77,0.25,,3.8,1.1,0.30,0.40,,,,,,,,,,
2017-01-02 18:00,2183,53,52,0.00,76,0.17,,4.8,2.2,0.30,0.40,,,,,,,,,,
2017-01-02 19:00,2183,55,51,0.00,72,0.20,,5.0,1.4,0.28,0.40,,,,,,,,,,
2017-01-02 20:00,2183,52,50,0.00,76,0.17,,4.1,2.7,0.28,0.38,,,,,,,,,,
2017-01-02 21:00,2183,51,50,0.00,79,0.19,,4.9,2.2,0.28,0.37,,,,,,,,,,
2017-01-02 22:00,2183,51,48,0.00,79,0.19,,3.8,1.1,0.28,0.36,,,,,,,,,,
2017-01-02 23:00,2183,49,47,0.00,83,0.20,,3.7,1.8,0.29,0.34,,,,,,,,,,
2017-01-03 00:00,2183,49,45,0.00,88,0.19,,4.0,1.5,0.30,0.33,,,,,,,,,,
2017-01-03 01:00,2183,47,45,0.00,94,0.18,,5.1,3.0,0.29,0.31,,,,,,,,,,
2017-01-03 02:00,2183,49,46,0.00,91,0.19,,3.4,2.0,0.30,0.34,,,,,,,,,,
2017-01-03 03:00,2183,48,45,0.00,92,0.17,,3.7,1.3,0.30,0.31,,,,,,,,,,
2017-01-03 04:00,2183,48,44,0.00,93,0.19,,4.4,1.5,0.29,0.31,,,,,,,,,,
2017-01-03 05:00,2183,46,44,0.00,98,0.18,,2.5,1.4,0.30,0.30,,,,,,,,,,
2017-01-03 06:00,2183,47,44,0.00,99,2.04,,3.8,0.9,0.30,0.30,,,,,,,,,,
2017-01-03 07:00,2183,49,47,0.00,100,71.50,,2.7,0.8,0.32,0.33,,,,,,,,,,
2017-01-03 08:00,2183,52,49,0.00,98,175.10,,4.2,1.4,0.34,0.36,,,,,,,,,,
2017-01-03 09:00,2183,52,49,0.00,94,260.00,,3.5,1.8,0.33,0.36,,,,,,,,,,
2017-01-03 10:00,2183,54,52,0.00,83,340.60,,4.5,1.8,0.34,0.40,,,,,,,,,,
2017-01-03 11:00,2183,54,53,0.00,84,274.00,,3.5,1.8,0.34,0.41,,,,,,,,,,
2017-01-03 12:00,2183,56,54,0.00,78,249.80,,6.0,2.8,0.31,0.44,,,,,,,,,,
2017-01-03 13:00,2183,57,56,0.00,65,225.10,,5.9,3.3,0.32,0.46,,,,,,,,,,
2017-01-03 14:00,2183,57,56,0.00,76,191.90,,5.9,3.3,0.34,0.46,,,,,,,,,,
2017-01-03 15:00,2183,57,56,0.00,71,82.50,,4.2,2.2,0.33,0.46,,,,,,,,,,
2017-01-03 16:00,2183,56,55,0.00,73,15.82,,2.2,0.6,0.35,0.45,,,,,,,,,,
2017-01-03 17:00,2183,55,54,0.00,83,0.21,,1.9,0.5,0.36,0.42,,,,,,,,,,
2017-01-03 18:00,2183,54,53,0.00,84,0.16,,2.3,0.8,0.35,0.42,,,,,,,,,,
2017-01-03 19:00,2183,53,51,0.00,90,0.17,,2.1,0.9,0.36,0.39,,,,,,,,,,
2017-01-03 20:00,2183,52,49,0.00,94,0.18,,2.7,0.4,0.36,0.38,,,,,,,,,,
2017-01-03 21:00,2183,51,49,0.00,96,0.16,,3.6,1.4,0.35,0.36,,,,,,,,,,
2017-01-03 22:00,2183,51,48,0.00,92,0.17,,2.7,1.1,0.34,0.37,,,,,,,,,,
2017-01-03 23:00,2183,48,47,0.00,96,0.34,,3.0,0.8,0.32,0.33,,,,,,,,,,
2017-01-04 00:00,2183,48,46,0.00,99,0.55,,2.9,1.2,0.32,0.32,,,,,,,,,,
2017-01-04 01:00,2183,47,46,0.00,100,0.34,,3.1,1.7,0.32,0.32,,,,,,,,,,
2017-01-04 02:00,2183,47,45,0.00,98,0.19,,4.7,2.5,0.31,0.32,,,,,,,,,,
2017-01-04 03:00,2183,45,43,0.00,98,0.46,,4.1,2.3,0.28,0.29,,,,,,,,,,
2017-01-04 04:00,2183,44,42,0.00,100,0.41,,4.4,1.8,0.29,0.29,,,,,,,,,,
2017-01-04 05:00,2183,42,40,0.00,100,0.43,,4.1,2.1,0.26,0.26,,,,,,,,,,
2017-01-04 06:00,2183,44,40,0.00,100,3.52,,4.3,2.1,0.27,0.27,,,,,,,,,,
2017-01-04 07:00,2183,46,40,0.00,100,100.80,,4.1,1.5,0.28,0.28,,,,,,,,,,
2017-01-04 08:00,2183,49,46,0.00,100,265.40,,3.4,1.5,0.31,0.32,,,,,,,,,,
2017-01-04 09:00,2183,52,49,0.00,89,412.40,,4.8,2.3,0.32,0.37,,,,,,,,,,
2017-01-04 10:00,2183,56,52,0.00,85,453.60,,4.3,1.3,0.33,0.42,,,,,,,,,,
2017-01-04 11:00,2183,56,56,0.00,75,485.00,,8.4,3.5,0.34,0.45,,,,,,,,,,
2017-01-04 12:00,2183,58,56,0.00,73,422.10,,9.5,5.1,0.34,0.47,,,,,,,,,,
2017-01-04 13:00,2183,60,58,0.00,74,466.50,,7.7,4.3,0.35,0.49,,,,,,,,,,
2017-01-04 14:00,2183,61,60,0.00,67,312.80,,6.4,4.1,0.35,0.53,,,,,,,,,,
2017-01-04 15:00,2183,62,61,0.00,64,182.40,,5.6,2.4,0.34,0.55,,,,,,,,,,
2017-01-04 16:00,2183,62,59,0.00,61,29.69,,2.2,0.5,0.33,0.54,,,,,,,,,,
2017-01-04 17:00,2183,59,58,0.00,65,0.28,,3.9,1.4,0.34,0.49,,,,,,,,,,
2017-01-04 18:00,2183,58,56,0.00,75,0.16,,4.8,2.9,0.37,0.47,,,,,,,,,,
2017-01-04 19:00,2183,58,55,0.00,72,0.18,,5.4,3.2,0.32,0.47,,,,,,,,,,
2017-01-04 20:00,2183,56,55,0.00,72,0.16,,4.4,2.6,0.31,0.44,,,,,,,,,,
2017-01-04 21:00,2183,55,52,0.00,71,0.19,,3.4,1.1,0.32,0.43,,,,,,,,,,
2017-01-04 22:00,2183,53,52,0.00,81,0.20,,2.7,1.1,0.32,0.39,,,,,,,,,,
2017-01-04 23:00,2183,54,52,0.00,77,0.16,,4.7,2.4,0.32,0.40,,,,,,,,,,
2017-01-05 00:00,2183,55,53,0.00,75,0.18,,7.7,3.7,0.31,0.42,,,,,,,,,,
2017-01-05 01:00,2183,53,49,0.00,73,0.17,,4.0,2.0,0.31,0.38,,,,,,,,,,
2017-01-05 02:00,2183,51,49,0.00,87,0.17,,2.7,1.3,0.32,0.36,,,,,,,,,,
2017-01-05 03:00,2183,51,50,0.00,85,0.17,,3.7,1.3,0.32,0.37,,,,,,,,,,
2017-01-05 04:00,2183,50,48,0.00,91,0.16,,4.3,1.6,0.32,0.35,,,,,,,,,,
2017-01-05 05:00,2183,48,45,0.00,96,0.19,,4.3,1.9,0.30,0.32,,,,,,,,,,
2017-01-05 06:00,2183,48,46,0.00,99,2.98,,4.3,1.9,0.31,0.32,,,,,,,,,,
2017-01-05 07:00,2183,51,48,0.00,96,98.90,,3.9,1.7,0.32,0.34,,,,,,,,,,
2017-01-05 08:00,2183,53,50,0.00,90,263.40,,5.5,2.8,0.32,0.37,,,,,,,,,,
2017-01-05 09:00,2183,56,53,0.00,82,411.90,,4.2,1.5,0.34,0.43,,,,,,,,,,
2017-01-05 10:00,2183,59,56,0.00,73,513.80,,4.7,2.1,0.34,0.46,,,,,,,,,,
2017-01-05 11:00,2183,62,59,0.00,65,560.60,,5.0,1.7,0.33,0.53,,,,,,,,,,
2017-01-05 12:00,2183,64,62,0.00,61,553.40,,6.0,2.7,0.35,0.56,,,,,,,,,,
2017-01-05 13:00,2183,65,64,0.00,61,426.50,,5.7,2.7,0.36,0.61,,,,,,,,,,
2017-01-05 14:00,2183,64,64,0.00,61,156.10,,4.8,1.7,0.36,0.60,,,,,,,,,,
2017-01-05 15:00,2183,66,64,0.00,60,101.10,,3.4,1.2,0.36,0.61,,,,,,,,,,
2017-01-05 16:00,2183,66,62,0.00,53,26.97,,4.5,2.0,0.36,0.61,,,,,,,,,,
2017-01-05 17:00,2183,66,62,0.00,67,0.26,,9.4,4.3,0.36,0.59,,,,,,,,,,
2017-01-05 18:00,2183,66,63,0.00,50,0.18,,9.5,5.5,0.32,0.62,,,,,,,,,,
2017-01-05 19:00,2183,64,63,0.00,55,0.18,,8.8,4.9,0.31,0.59,,,,,,,,,,
2017-01-05 20:00,2183,65,62,0.00,54,0.18,,13.4,6.1,0.31,0.58,,,,,,,,,,
2017-01-05 21:00,2183,65,61,0.00,44,0.15,,12.0,6.1,0.27,0.59,,,,,,,,,,
2017-01-05 22:00,2183,63,61,0.00,50,0.16,,11.9,7.9,0.28,0.56,,,,,,,,,,
2017-01-05 23:00,2183,63,62,0.00,53,0.16,,14.7,9.2,0.28,0.57,,,,,,,,,,
2017-01-06 00:00,2183,62,60,0.00,49,0.17,,13.3,8.4,0.28,0.54,,,,,,,,,,
2017-01-06 01:00,2183,60,56,0.00,55,0.17,,17.0,10.8,0.28,0.48,,,,,,,,,,
2017-01-06 02:00,2183,59,57,0.00,44,0.17,,21.9,12.7,0.19,0.49,,,,,,,,,,
2017-01-06 03:00,2183,57,54,0.00,31,0.15,,16.7,7.7,0.15,0.45,,,,,,,,,,
2017-01-06 04:00,2183,54,53,0.00,47,0.19,,14.5,7.4,0.16,0.41,,,,,,,,,,
2017-01-06 05:00,2183,53,51,0.00,36,0.16,,15.2,5.4,0.14,0.39,,,,,,,,,,
2017-01-06 06:00,2183,52,49,0.00,30,3.64,,17.3,10.8,0.11,0.37,,,,,,,,,,
2017-01-06 07:00,2183,49,48,0.00,27,111.40,,23.5,13.7,0.09,0.34,,,,,,,,,,
2017-01-06 08:00,2183,49,48,0.00,23,287.60,,20.6,13.6,0.08,0.35,,,,,,,,,,
2017-01-06 09:00,2183,52,49,0.00,23,436.40,,19.4,10.4,0.09,0.37,,,,,,,,,,
2017-01-06 10:00,2183,53,52,0.00,24,543.50,,15.1,9.1,0.09,0.40,,,,,,,,,,
2017-01-06 11:00,2183,54,53,0.00,24,508.40,,16.9,8.6,0.10,0.41,,,,,,,,,,
2017-01-06 12:00,2183,56,54,0.00,26,538.00,,14.0,7.5,0.11,0.43,,,,,,,,,,
2017-01-06 13:00,2183,57,56,0.00,22,495.80,,11.8,4.8,0.09,0.46,,,,,,,,,,
2017-01-06 14:00,2183,58,57,0.00,20,364.00,,13.4,7.6,0.09,0.47,,,,,,,,,,
2017-01-06 15:00,2183,58,56,0.00,19,199.40,,15.5,9.0,0.10,0.46,,,,,,,,,,
2017-01-06 16:00,2183,56,54,0.00,23,32.24,,12.8,8.6,0.10,0.44,,,,,,,,,,
2017-01-06 17:00,2183,54,54,0.00,24,0.26,,14.3,7.2,0.10,0.42,,,,,,,,,,
2017-01-06 18:00,2183,54,53,0.00,20,0.20,,13.5,8.2,0.08,0.41,,,,,,,,,,
2017-01-06 19:00,2183,53,49,0.00,18,0.17,,13.3,4.9,0.08,0.40,,,,,,,,,,
2017-01-06 20:00,2183,49,48,0.00,36,0.19,,8.1,2.6,0.13,0.35,,,,,,,,,,
2017-01-06 21:00,2183,49,45,0.00,41,0.19,,4.6,2.4,0.14,0.33,,,,,,,,,,
2017-01-06 22:00,2183,47,44,0.00,51,0.18,,4.8,1.6,0.14,0.31,,,,,,,,,,
2017-01-06 23:00,2183,44,42,0.00,51,0.17,,2.6,1.3,0.16,0.28,,,,,,,,,,
2017-01-07 00:00,2183,42,38,0.00,62,0.18,,3.3,1.1,0.18,0.25,,,,,,,,,,
2017-01-07 01:00,2183,43,41,0.00,72,0.18,,3.6,1.3,0.17,0.27,,,,,,,,,,
2017-01-07 02:00,2183,41,36,0.00,61,0.18,,5.3,1.9,0.17,0.23,,,,,,,,,,
2017-01-07 03:00,2183,41,36,0.00,82,0.16,,5.1,2.6,0.16,0.23,,,,,,,,,,
2017-01-07 04:00,2183,41,39,0.00,52,0.16,,3.9,1.5,0.15,0.25,,,,,,,,,,
2017-01-07 05:00,2183,42,39,0.00,64,0.16,,3.2,1.1,0.16,0.25,,,,,,,,,,
2017-01-07 06:00,2183,44,42,0.00,59,2.20,,4.8,1.8,0.15,0.27,,,,,,,,,,
2017-01-07 07:00,2183,44,42,0.00,70,20.03,,6.9,2.7,0.18,0.27,,,,,,,,,,
2017-01-07 08:00,2183,46,44,0.00,56,64.21,,6.7,2.0,0.15,0.29,,,,,,,,,,
2017-01-07 09:00,2183,48,46,0.00,51,126.00,,4.3,1.9,0.14,0.32,,,,,,,,,,
2017-01-07 10:00,2183,50,48,0.00,39,180.60,,3.4,1.5,0.13,0.35,,,,,,,,,,
2017-01-07 11:00,2183,53,50,0.00,38,362.80,,5.6,2.2,0.13,0.38,,,,,,,,,,
2017-01-07 12:00,2183,53,52,0.00,32,246.60,,5.7,2.2,0.13,0.40,,,,,,,,,,
2017-01-07 13:00,2183,54,53,0.00,32,201.80,,3.2,1.3,0.13,0.41,,,,,,,,,,
2017-01-07 14:00,2183,56,54,0.00,33,295.80,,4.0,1.3,0.14,0.44,,,,,,,,,,
2017-01-07 15:00,2183,55,54,0.00,31,94.10,,4.0,1.5,0.13,0.43,,,,,,,,,,
2017-01-07 16:00,2183,54,52,0.00,36,23.51,,2.6,0.4,0.16,0.42,,,,,,,,,,
2017-01-07 17:00,2183,52,52,0.00,51,0.24,,1.6,0.3,0.19,0.39,,,,,,,,,,
2017-01-07 18:00,2183,52,51,0.00,45,0.19,,2.2,1.0,0.17,0.38,,,,,,,,,,
2017-01-07 19:00,2183,51,51,0.00,51,0.18,,3.2,2.2,0.18,0.38,,,,,,,,,,
2017-01-07 20:00,2183,51,50,0.00,52,0.17,,3.2,2.0,0.17,0.38,,,,,,,,,,
2017-01-07 21:00,2183,50,48,0.00,51,0.17,,4.5,1.4,0.20,0.35,,,,,,,,,,
2017-01-07 22:00,2183,48,45,0.00,61,0.20,,3.9,1.7,0.22,0.32,,,,,,,,,,
2017-01-07 23:00,2183,48,46,0.00,74,0.18,,4.0,1.6,0.21,0.32,,,,,,,,,,
2017-01-08 00:00,2183,47,45,0.00,65,0.17,,3.7,1.2,0.22,0.32,,,,,,,,,,
2017-01-08 01:00,2183,46,44,0.00,80,0.17,,3.6,1.0,0.23,0.30,,,,,,,,,,
2017-01-08 02:00,2183,47,45,0.00,79,0.16,,4.7,3.1,0.21,0.31,,,,,,,,,,
2017-01-08 03:00,2183,47,44,0.00,64,0.16,,3.6,0.9,0.21,0.30,,,,,,,,,,
2017-01-08 04:00,2183,45,42,0.00,75,0.15,,3.8,1.4,0.22,0.30,,,,,,,,,,
2017-01-08 05:00,2183,45,42,0.00,84,0.15,,5.0,1.7,0.23,0.27,,,,,,,,,,
2017-01-08 06:00,2183,45,42,0.00,71,2.88,,3.5,1.4,0.21,0.30,,,,,,,,,,
2017-01-08 07:00,2183,47,42,0.00,86,43.38,,2.8,1.3,0.23,0.28,,,,,,,,,,
2017-01-08 08:00,2183,47,45,0.00,70,87.10,,6.0,2.4,0.22,0.32,,,,,,,,,,
2017-01-08 09:00,2183,47,46,0.00,69,129.80,,5.9,2.3,0.21,0.32,,,,,,,,,,
2017-01-08 10:00,2183,51,47,0.00,68,264.50,,2.4,1.0,0.22,0.34,,,,,,,,,,
2017-01-08 11:00,2183,56,51,0.00,57,375.50,,3.1,1.1,0.20,0.40,,,,,,,,,,
2017-01-08 12:00,2183,58,56,0.00,45,479.50,,6.5,1.5,0.20,0.46,,,,,,,,,,
2017-01-08 13:00,2183,63,58,0.00,41,619.10,,11.0,5.9,0.21,0.53,,,,,,,,,,
2017-01-08 14:00,2183,63,63,0.00,33,444.30,,10.1,6.8,0.19,0.58,,,,,,,,,,
2017-01-08 15:00,2183,64,63,0.00,32,256.70,,9.0,4.6,0.18,0.59,,,,,,,,,,
2017-01-08 16:00,2183,63,59,0.00,33,34.23,,5.1,1.9,0.19,0.55,,,,,,,,,,
2017-01-08 17:00,2183,59,58,0.00,40,0.26,,2.8,0.7,0.21,0.50,,,,,,,,,,
2017-01-08 18:00,2183,58,55,0.00,48,0.18,,2.2,0.1,0.23,0.47,,,,,,,,,,
2017-01-08 19:00,2183,55,54,0.00,54,0.17,,3.2,1.4,0.24,0.43,,,,,,,,,,
2017-01-08 20:00,2183,54,51,0.00,59,0.18,,3.5,1.0,0.26,0.40,,,,,,,,,,
2017-01-08 21:00,2183,52,49,0.00,65,0.15,,3.6,1.0,0.26,0.37,,,,,,,,,,
2017-01-08 22:00,2183,53,48,0.00,67,0.18,,3.6,1.4,0.27,0.37,,,,,,,,,,
2017-01-08 23:00,2183,50,46,0.00,78,0.17,,8.1,2.9,0.27,0.33,,,,,,,,,,
2017-01-09 00:00,2183,54,50,0.00,70,0.14,,6.2,3.8,0.25,0.38,,,,,,,,,,
2017-01-09 01:00,2183,55,50,0.00,54,0.16,,7.6,4.7,0.24,0.40,,,,,,,,,,
2017-01-09 02:00,2183,54,49,0.00,68,0.16,,9.7,4.6,0.24,0.39,,,,,,,,,,
2017-01-09 03:00,2183,50,49,0.00,76,0.19,,5.6,2.2,0.26,0.35,,,,,,,,,,
2017-01-09 04:00,2183,50,48,0.00,75,0.18,,6.1,2.9,0.27,0.35,,,,,,,,,,
2017-01-09 05:00,2183,52,49,0.00,72,0.16,,3.8,1.5,0.26,0.36,,,,,,,,,,
2017-01-09 06:00,2183,52,47,0.00,64,1.16,,5.8,1.4,0.26,0.35,,,,,,,,,,
2017-01-09 07:00,2183,53,47,0.00,87,24.11,,4.2,1.7,0.27,0.35,,,,,,,,,,
2017-01-09 08:00,2183,57,51,0.00,61,62.48,,11.1,4.5,0.28,0.41,,,,,,,,,,
2017-01-09 09:00,2183,56,52,0.00,66,103.90,,15.4,7.1,0.27,0.41,,,,,,,,,,
2017-01-09 10:00,2183,56,52,0.00,63,89.40,,7.8,3.7,0.31,0.41,,,,,,,,,,
2017-01-09 11:00,2183,60,53,0.00,73,497.40,,8.4,4.9,0.30,0.44,,,,,,,,,,
2017-01-09 12:00,2183,63,60,0.00,57,418.80,,7.8,4.0,0.26,0.54,,,,,,,,,,
2017-01-09 13:00,2183,67,63,0.00,44,439.20,,11.2,5.7,0.24,0.62,,,,,,,,,,
2017-01-09 14:00,2183,68,65,0.00,45,306.60,,9.7,3.9,0.28,0.66,,,,,,,,,,
2017-01-09 15:00,2183,67,66,0.00,45,104.20,,10.9,5.1,0.30,0.65,,,,,,,,,,
2017-01-09 16:00,2183,66,65,0.00,47,32.10,,8.3,3.1,0.31,0.64,,,,,,,,,,
2017-01-09 17:00,2183,65,59,0.00,51,0.30,,5.4,1.4,0.33,0.58,,,,,,,,,,
2017-01-09 18:00,2183,59,56,0.00,67,0.19,,3.3,1.1,0.34,0.48,,,,,,,,,,
2017-01-09 19:00,2183,56,53,0.00,74,0.17,,4.3,0.9,0.34,0.43,,,,,,,,,,
2017-01-09 20:00,2183,54,51,0.00,88,0.16,,7.0,3.6,0.35,0.39,,,,,,,,,,
2017-01-09 21:00,2183,57,52,0.00,90,0.14,,9.7,6.1,0.35,0.43,,,,,,,,,,
2017-01-09 22:00,2183,57,52,0.00,66,0.17,,8.0,2.6,0.32,0.43,,,,,,,,,,
2017-01-09 23:00,2183,53,51,0.00,85,0.17,,4.3,1.3,0.33,0.38,,,,,,,,,,
2017-01-10 00:00,2183,51,51,0.00,91,0.15,,4.2,1.6,0.34,0.38,,,,,,,,,,
2017-01-10 01:00,2183,52,51,0.00,89,0.17,,4.1,1.8,0.34,0.38,,,,,,,,,,
2017-01-10 02:00,2183,53,51,0.00,82,0.16,,4.0,1.9,0.31,0.40,,,,,,,,,,
2017-01-10 03:00,2183,51,47,0.00,82,0.19,,4.7,1.4,0.31,0.35,,,,,,,,,,
2017-01-10 04:00,2183,48,45,0.00,95,0.18,,4.3,1.7,0.31,0.33,,,,,,,,,,
2017-01-10 05:00,2183,47,45,0.00,94,0.17,,3.6,1.5,0.29,0.30,,,,,,,,,,
2017-01-10 06:00,2183,46,44,0.00,98,4.18,,5.3,1.6,0.29,0.30,,,,,,,,,,
2017-01-10 07:00,2183,50,46,0.00,90,90.80,,4.9,1.4,0.29,0.32,,,,,,,,,,
2017-01-10 08:00,2183,55,50,0.00,83,252.00,,3.0,1.2,0.30,0.38,,,,,,,,,,
2017-01-10 09:00,2183,56,55,0.00,68,329.90,,6.2,2.2,0.30,0.44,,,,,,,,,,
2017-01-10 10:00,2183,58,55,0.00,68,477.90,,5.8,3.5,0.30,0.46,,,,,,,,,,
2017-01-10 11:00,2183,61,58,0.00,59,553.10,,8.2,4.5,0.30,0.51,,,,,,,,,,
2017-01-10 12:00,2183,63,60,0.00,56,525.20,,8.6,5.3,0.28,0.54,,,,,,,,,,
2017-01-10 13:00,2183,64,63,0.00,46,412.50,,7.4,4.4,0.28,0.58,,,,,,,,,,
2017-01-10 14:00,2183,65,64,0.00,46,329.30,,8.2,5.3,0.27,0.60,,,,,,,,,,
2017-01-10 15:00,2183,65,64,0.00,44,191.90,,7.3,4.4,0.26,0.62,,,,,,,,,,
2017-01-10 16:00,2183,64,62,0.00,43,26.77,,5.0,1.8,0.26,0.59,,,,,,,,,,
2017-01-10 17:00,2183,63,61,0.00,47,0.28,,7.5,2.7,0.26,0.56,,,,,,,,,,
2017-01-10 18:00,2183,62,60,0.00,46,0.18,,5.0,1.2,0.25,0.53,,,,,,,,,,
2017-01-10 19:00,2183,62,60,0.00,43,0.15,,10.6,2.0,0.24,0.54,,,,,,,,,,
2017-01-10 20:00,2183,61,59,0.00,45,0.16,,11.0,4.8,0.25,0.53,,,,,,,,,,
2017-01-10 21:00,2183,59,58,0.00,49,0.17,,9.8,4.7,0.25,0.50,,,,,,,,,,
2017-01-10 22:00,2183,58,54,0.00,54,0.16,,7.3,3.9,0.26,0.47,,,,,,,,,,
2017-01-10 23:00,2183,56,54,0.00,66,0.16,,7.3,4.6,0.26,0.44,,,,,,,,,,
2017-01-11 00:00,2183,57,54,0.00,57,0.17,,6.8,3.6,0.25,0.45,,,,,,,,,,
2017-01-11 01:00,2183,55,52,0.00,59,0.17,,6.9,2.0,0.26,0.42,,,,,,,,,,
2017-01-11 02:00,2183,53,51,0.00,70,0.19,,5.1,1.6,0.27,0.39,,,,,,,,,,
2017-01-11 03:00,2183,54,51,0.00,72,0.17,,4.1,1.4,0.27,0.40,,,,,,,,,,
2017-01-11 04:00,2183,52,49,0.00,71,0.16,,4.4,1.0,0.27,0.37,,,,,,,,,,
2017-01-11 05:00,2183,49,48,0.00,77,0.19,,5.1,1.2,0.28,0.34,,,,,,,,,,
2017-01-11 06:00,2183,49,48,0.00,86,2.28,,5.6,2.4,0.29,0.34,,,,,,,,,,
2017-01-11 07:00,2183,53,48,0.00,86,43.79,,6.7,3.5,0.28,0.35,,,,,,,,,,
2017-01-11 08:00,2183,56,53,0.00,70,176.50,,3.0,1.1,0.28,0.42,,,,,,,,,,
2017-01-11 09:00,2183,59,56,0.00,62,436.60,,4.7,1.4,0.28,0.48,,,,,,,,,,
2017-01-11 10:00,2183,62,58,0.00,56,540.30,,5.9,3.1,0.28,0.53,,,,,,,,,,
2017-01-11 11:00,2183,65,62,0.00,50,585.70,,9.8,4.0,0.28,0.59,,,,,,,,,,
2017-01-11 12:00,2183,69,65,0.00,44,574.00,,8.9,4.8,0.27,0.66,,,,,,,,,,
2017-01-11 13:00,2183,71,69,0.00,36,502.70,,18.5,9.2,0.25,0.75,,,,,,,,,,
2017-01-11 14:00,2183,72,71,0.00,32,372.20,,16.6,10.4,0.25,0.77,,,,,,,,,,
2017-01-11 15:00,2183,72,70,0.00,31,206.30,,17.1,10.2,0.24,0.77,,,,,,,,,,
2017-01-11 16:00,2183,70,66,0.00,31,38.46,,13.5,7.1,0.25,0.71,,,,,,,,,,
2017-01-11 17:00,2183,66,63,0.00,41,0.38,,10.5,4.5,0.28,0.62,,,,,,,,,,
2017-01-11 18:00,2183,63,62,0.00,51,0.17,,5.6,2.1,0.29,0.57,,,,,,,,,,
2017-01-11 19:00,2183,63,63,0.00,49,0.16,,9.3,5.8,0.27,0.58,,,,,,,,,,
2017-01-11 20:00,2183,63,60,0.00,44,0.18,,7.2,4.3,0.25,0.55,,,,,,,,,,
2017-01-11 21:00,2183,62,58,0.00,45,0.17,,10.8,5.5,0.25,0.53,,,,,,,,,,
2017-01-11 22:00,2183,58,53,0.00,57,0.16,,5.7,3.3,0.29,0.45,,,,,,,,,,
2017-01-11 23:00,2183,57,54,0.00,63,0.15,,6.8,4.1,0.25,0.44,,,,,,,,,,
2017-01-12 00:00,2183,58,55,0.00,54,0.18,,8.8,3.0,0.25,0.46,,,,,,,,,,
2017-01-12 01:00,2183,57,55,0.00,57,0.17,,7.3,3.0,0.24,0.45,,,,,,,,,,
2017-01-12 02:00,2183,57,55,0.00,50,0.16,,7.4,2.9,0.24,0.45,,,,,,,,,,
2017-01-12 03:00,2183,57,54,0.00,47,0.16,,7.2,3.1,0.23,0.45,,,,,,,,,,
2017-01-12 04:00,2183,56,54,0.00,53,0.16,,3.9,2.3,0.22,0.43,,,,,,,,,,
2017-01-12 05:00,2183,55,54,0.00,50,0.20,,4.2,2.1,0.21,0.43,,,,,,,,,,
2017-01-12 06:00,2183,55,53,0.00,50,3.19,,6.4,2.4,0.21,0.42,,,,,,,,,,
2017-01-12 07:00,2183,54,52,0.00,52,60.20,,4.5,1.5,0.22,0.41,,,,,,,,,,
2017-01-12 08:00,2183,57,54,0.00,51,160.40,,2.8,1.0,0.22,0.44,,,,,,,,,,
2017-01-12 09:00,2183,61,57,0.00,49,297.30,,4.9,2.3,0.22,0.49,,,,,,,,,,
2017-01-12 10:00,2183,61,60,0.00,38,204.30,,7.0,2.9,0.22,0.53,,,,,,,,,,
2017-01-12 11:00,2183,63,60,0.00,42,230.20,,6.8,1.9,0.21,0.54,,,,,,,,,,
2017-01-12 12:00,2183,63,62,0.00,37,212.80,,8.5,5.5,0.22,0.58,,,,,,,,,,
2017-01-12 13:00,2183,64,63,0.00,39,129.00,,7.8,2.3,0.22,0.59,,,,,,,,,,
2017-01-12 14:00,2183,63,62,0.00,36,83.70,,6.1,2.0,0.22,0.58,,,,,,,,,,
2017-01-12 15:00,2183,63,62,0.00,39,53.61,,8.2,2.7,0.22,0.57,,,,,,,,,,
2017-01-12 16:00,2183,62,61,0.00,41,7.76,,9.2,3.6,0.24,0.55,,,,,,,,,,
2017-01-12 17:00,2183,61,58,0.00,49,0.24,,9.4,4.4,0.28,0.52,,,,,,,,,,
2017-01-12 18:00,2183,58,57,0.00,62,0.17,,4.3,1.5,0.33,0.48,,,,,,,,,,
2017-01-12 19:00,2183,58,57,0.00,75,0.16,,4.3,1.8,0.35,0.48,,,,,,,,,,
2017-01-12 20:00,2183,58,57,0.00,72,0.17,,2.2,0.5,0.33,0.47,,,,,,,,,,
2017-01-12 21:00,2183,57,56,0.00,68,0.18,,3.1,1.1,0.32,0.46,,,,,,,,,,
2017-01-12 22:00,2183,57,56,0.00,71,0.17,,2.7,0.7,0.33,0.46,,,,,,,,,,
2017-01-12 23:00,2183,56,54,0.00,76,0.18,,2.9,0.7,0.34,0.44,,,,,,,,,,
2017-01-13 00:00,2183,55,54,0.00,78,0.15,,3.1,1.0,0.34,0.43,,,,,,,,,,
2017-01-13 01:00,2183,56,54,0.00,81,0.15,,3.2,1.7,0.33,0.43,,,,,,,,,,
2017-01-13 02:00,2183,56,54,0.00,72,0.17,,3.6,1.1,0.33,0.44,,,,,,,,,,
2017-01-13 03:00,2183,54,52,0.00,82,0.17,,3.6,0.9,0.35,0.40,,,,,,,,,,
2017-01-13 04:00,2183,54,52,0.00,90,0.16,,5.1,1.2,0.34,0.41,,,,,,,,,,
2017-01-13 05:00,2183,55,53,0.00,81,0.17,,6.6,2.2,0.34,0.41,,,,,,,,,,
2017-01-13 06:00,2183,55,54,0.00,73,3.07,,14.8,7.3,0.32,0.44,,,,,,,,,,
2017-01-13 07:00,2183,55,54,0.00,73,50.04,,19.4,12.8,0.31,0.43,,,,,,,,,,
2017-01-13 08:00,2183,58,55,0.00,72,263.60,,19.8,11.6,0.30,0.44,,,,,,,,,,
2017-01-13 09:00,2183,58,56,0.00,66,223.70,,19.1,9.5,0.31,0.47,,,,,,,,,,
2017-01-13 10:00,2183,57,56,0.00,66,237.90,,20.4,14.4,0.30,0.46,,,,,,,,,,
2017-01-13 11:00,2183,57,56,0.00,64,216.10,,20.9,16.3,0.30,0.46,,,,,,,,,,
2017-01-13 12:00,2183,58,56,0.00,66,327.90,,22.0,16.4,0.30,0.47,,,,,,,,,,
2017-01-13 13:00,2183,58,57,0.00,64,311.00,,24.9,17.1,0.30,0.47,,,,,,,,,,
2017-01-13 14:00,2183,58,57,0.00,63,265.90,,23.9,18.1,0.29,0.48,,,,,,,,,,
2017-01-13 15:00,2183,57,56,0.00,62,101.90,,25.9,16.7,0.29,0.46,,,,,,,,,,
2017-01-13 16:00,2183,56,54,0.00,64,13.53,,26.5,15.8,0.28,0.44,,,,,,,,,,
2017-01-13 17:00,2183,54,54,0.00,63,0.36,,25.2,15.9,0.27,0.43,,,,,,,,,,
2017-01-13 18:00,2183,54,53,0.00,64,0.16,,23.7,15.7,0.27,0.42,,,,,,,,,,
2017-01-13 19:00,2183,54,53,0.00,65,0.15,,21.7,14.6,0.27,0.41,,,,,,,,,,
2017-01-13 20:00,2183,54,53,0.00,63,0.18,,20.4,11.0,0.27,0.42,,,,,,,,,,
2017-01-13 21:00,2183,54,51,0.00,64,0.16,,18.2,10.2,0.27,0.41,,,,,,,,,,
2017-01-13 22:00,2183,54,51,0.00,76,0.13,,22.0,10.6,0.27,0.39,,,,,,,,,,
2017-01-13 23:00,2183,54,50,0.00,64,0.14,,20.3,8.8,0.27,0.40,,,,,,,,,,
2017-01-14 00:00,2183,54,51,0.00,74,0.14,,20.5,8.4,0.27,0.40,,,,,,,,,,
2017-01-14 01:00,2183,54,49,0.00,72,0.18,,15.5,2.8,0.28,0.37,,,,,,,,,,
2017-01-14 02:00,2183,54,54,0.00,65,0.12,,19.3,13.8,0.27,0.42,,,,,,,,,,
2017-01-14 03:00,2183,55,54,0.00,61,0.16,,20.1,13.4,0.26,0.43,,,,,,,,,,
2017-01-14 04:00,2183,56,55,0.00,59,0.15,,20.2,13.6,0.26,0.45,,,,,,,,,,
2017-01-14 05:00,2183,56,55,0.00,58,0.14,,18.5,13.2,0.25,0.45,,,,,,,,,,
2017-01-14 06:00,2183,56,56,0.00,54,4.72,,19.5,14.6,0.24,0.45,,,,,,,,,,
2017-01-14 07:00,2183,58,56,0.00,51,113.50,,21.5,12.0,0.23,0.46,,,,,,,,,,
2017-01-14 08:00,2183,60,58,0.00,48,296.30,,22.1,14.5,0.23,0.50,,,,,,,,,,
2017-01-14 09:00,2183,61,60,0.00,44,328.00,,22.0,12.6,0.23,0.52,,,,,,,,,,
2017-01-14 10:00,2183,64,61,0.00,40,558.30,,19.6,14.6,0.23,0.57,,,,,,,,,,
2017-01-14 11:00,2183,66,64,0.00,37,566.00,,24.2,16.3,0.22,0.62,,,,,,,,,,
2017-01-14 12:00,2183,67,65,0.00,34,480.20,,22.5,15.7,0.22,0.64,,,,,,,,,,
2017-01-14 13:00,2183,66,64,0.00,35,207.00,,22.2,11.4,0.24,0.62,,,,,,,,,,
2017-01-14 14:00,2183,65,61,0.00,41,95.20,,24.5,13.0,0.27,0.58,,,,,,,,,,
2017-01-14 15:00,2183,63,61,0.00,43,50.30,,20.3,11.7,0.27,0.56,,,,,,,,,,
2017-01-14 16:00,2183,62,62,0.00,48,15.37,,14.9,10.6,0.26,0.56,,,,,,,,,,
2017-01-14 17:00,2183,62,61,0.00,46,0.40,,17.1,10.6,0.25,0.55,,,,,,,,,,
2017-01-14 18:00,2183,61,59,0.00,45,0.17,,13.8,10.1,0.25,0.53,,,,,,,,,,
2017-01-14 19:00,2183,60,58,0.00,52,0.19,,14.6,10.1,0.25,0.50,,,,,,,,,,
2017-01-14 20:00,2183,60,59,0.00,48,0.14,,13.7,10.2,0.24,0.51,,,,,,,,,,
2017-01-14 21:00,2183,59,58,0.00,48,0.16,,12.8,9.0,0.25,0.50,,,,,,,,,,
2017-01-14 22:00,2183,60,58,0.00,51,0.16,,11.8,6.0,0.25,0.50,,,,,,,,,,
2017-01-14 23:00,2183,60,56,0.00,48,0.17,,11.4,6.9,0.25,0.49,,,,,,,,,,
2017-01-15 00:00,2183,58,55,0.00,57,0.17,,9.5,2.9,0.26,0.46,,,,,,,,,,
2017-01-15 01:00,2183,57,55,0.00,53,0.16,,9.1,3.3,0.26,0.45,,,,,,,,,,
2017-01-15 02:00,2183,59,55,0.00,60,0.12,,14.2,7.7,0.24,0.48,,,,,,,,,,
2017-01-15 03:00,2183,60,57,0.00,53,0.15,,12.8,7.4,0.22,0.50,,,,,,,,,,
2017-01-15 04:00,2183,59,58,0.00,43,0.15,,16.3,10.2,0.22,0.50,,,,,,,,,,
2017-01-15 05:00,2183,58,55,0.00,43,0.16,,10.6,3.2,0.23,0.47,,,,,,,,,,
2017-01-15 06:00,2183,58,55,0.00,57,2.57,,13.0,6.1,0.23,0.46,,,,,,,,,,
2017-01-15 07:00,2183,59,58,0.00,42,82.40,,16.1,11.6,0.21,0.49,,,,,,,,,,
2017-01-15 08:00,2183,61,59,0.00,41,289.40,,17.2,12.3,0.20,0.51,,,,,,,,,,
2017-01-15 09:00,2183,62,61,0.00,36,441.90,,15.5,9.9,0.19,0.55,,,,,,,,,,
2017-01-15 10:00,2183,65,62,0.00,35,548.10,,13.4,7.1,0.19,0.59,,,,,,,,,,
2017-01-15 11:00,2183,66,65,0.00,31,561.20,,14.2,7.5,0.19,0.63,,,,,,,,,,
2017-01-15 12:00,2183,67,66,0.00,30,560.00,,11.5,5.0,0.19,0.66,,,,,,,,,,
2017-01-15 13:00,2183,68,67,0.00,27,408.60,,12.1,5.9,0.17,0.68,,,,,,,,,,
2017-01-15 14:00,2183,68,67,0.00,25,348.30,,12.6,6.7,0.18,0.68,,,,,,,,,,
2017-01-15 15:00,2183,68,67,0.00,26,199.70,,11.9,7.0,0.18,0.68,,,,,,,,,,
2017-01-15 16:00,2183,67,64,0.00,28,29.91,,8.4,4.5,0.18,0.63,,,,,,,,,,
2017-01-15 17:00,2183,64,62,0.00,31,0.38,,8.0,4.4,0.19,0.59,,,,,,,,,,
2017-01-15 18:00,2183,62,58,0.00,33,0.17,,5.1,2.4,0.19,0.56,,,,,,,,,,
2017-01-15 19:00,2183,58,56,0.00,45,0.18,,6.3,3.4,0.22,0.48,,,,,,,,,,
2017-01-15 20:00,2183,58,55,0.00,44,0.16,,4.6,1.9,0.22,0.45,,,,,,,,,,
2017-01-15 21:00,2183,56,54,0.00,52,0.14,,4.7,2.8,0.23,0.44,,,,,,,,,,
2017-01-15 22:00,2183,54,50,0.00,54,0.18,,4.5,2.1,0.23,0.39,,,,,,,,,,
2017-01-15 23:00,2183,52,48,0.00,62,0.19,,3.5,1.1,0.23,0.37,,,,,,,,,,
2017-01-16 00:00,2183,48,46,0.00,73,0.18,,2.4,0.5,0.25,0.32,,,,,,,,,,
2017-01-16 01:00,2183,48,46,0.00,80,0.20,,2.8,0.7,0.25,0.32,,,,,,,,,,
2017-01-16 02:00,2183,48,46,0.00,80,0.18,,3.4,0.9,0.25,0.32,,,,,,,,,,
2017-01-16 03:00,2183,47,46,0.00,74,0.17,,4.6,0.8,0.25,0.32,,,,,,,,,,
2017-01-16 04:00,2183,47,45,0.00,79,0.17,,4.7,1.2,0.25,0.31,,,,,,,,,,
2017-01-16 05:00,2183,45,45,0.00,84,0.16,,4.0,1.2,0.25,0.30,,,,,,,,,,
2017-01-16 06:00,2183,45,44,0.00,82,4.77,,2.9,0.6,0.25,0.29,,,,,,,,,,
2017-01-16 07:00,2183,51,44,0.00,88,127.70,,7.5,1.3,0.25,0.31,,,,,,,,,,
2017-01-16 08:00,2183,58,51,0.00,62,294.00,,13.7,7.4,0.22,0.44,,,,,,,,,,
2017-01-16 09:00,2183,60,58,0.00,42,422.60,,14.8,9.7,0.19,0.50,,,,,,,,,,
2017-01-16 10:00,2183,60,60,0.00,35,459.70,,16.1,10.4,0.18,0.52,,,,,,,,,,
2017-01-16 11:00,2183,62,60,0.00,34,524.40,,14.6,9.4,0.17,0.53,,,,,,,,,,
2017-01-16 12:00,2183,63,61,0.00,28,557.30,,15.0,5.4,0.15,0.56,,,,,,,,,,
2017-01-16 13:00,2183,63,63,0.00,27,508.30,,16.0,6.7,0.16,0.58,,,,,,,,,,
2017-01-16 14:00,2183,64,63,0.00,28,404.00,,13.4,7.0,0.17,0.58,,,,,,,,,,
2017-01-16 15:00,2183,64,63,0.00,27,225.60,,14.7,8.7,0.16,0.59,,,,,,,,,,
2017-01-16 16:00,2183,63,62,0.00,28,49.90,,11.2,7.4,0.15,0.57,,,,,,,,,,
2017-01-16 17:00,2183,62,58,0.00,26,0.59,,10.7,6.8,0.14,0.54,,,,,,,,,,
2017-01-16 18:00,2183,58,53,0.00,31,0.17,,5.7,2.9,0.15,0.46,,,,,,,,,,
2017-01-16 19:00,2183,57,53,0.00,39,0.15,,13.7,7.6,0.14,0.44,,,,,,,,,,
2017-01-16 20:00,2183,56,55,0.00,28,0.15,,14.7,9.7,0.13,0.45,,,,,,,,,,
2017-01-16 21:00,2183,55,54,0.00,30,0.18,,13.4,10.2,0.13,0.43,,,,,,,,,,
2017-01-16 22:00,2183,55,49,0.00,30,0.16,,13.9,5.2,0.14,0.40,,,,,,,,,,
2017-01-16 23:00,2183,54,49,0.00,43,0.16,,12.8,7.4,0.13,0.40,,,,,,,,,,
2017-01-17 00:00,2183,54,46,0.00,30,0.16,,8.2,3.2,0.14,0.38,,,,,,,,,,
2017-01-17 01:00,2183,47,46,0.00,50,0.17,,5.0,2.2,0.16,0.32,,,,,,,,,,
2017-01-17 02:00,2183,47,46,0.00,49,0.17,,4.7,1.8,0.15,0.32,,,,,,,,,,
2017-01-17 03:00,2183,49,44,0.00,50,0.16,,6.1,2.7,0.15,0.33,,,,,,,,,,
2017-01-17 04:00,2183,49,43,0.00,53,0.19,,7.1,1.7,0.16,0.28,,,,,,,,,,
2017-01-17 05:00,2183,50,49,0.00,38,0.15,,8.0,3.0,0.13,0.35,,,,,,,,,,
2017-01-17 06:00,2183,52,49,0.00,38,3.22,,12.2,7.3,0.12,0.38,,,,,,,,,,
2017-01-17 07:00,2183,55,52,0.00,27,117.20,,13.8,9.6,0.11,0.41,,,,,,,,,,
2017-01-17 08:00,2183,57,54,0.00,24,298.70,,16.0,10.2,0.10,0.44,,,,,,,,,,
2017-01-17 09:00,2183,58,57,0.00,22,453.20,,17.4,12.8,0.10,0.48,,,,,,,,,,
2017-01-17 10:00,2183,61,58,0.00,21,560.00,,18.6,12.4,0.10,0.51,,,,,,,,,,
2017-01-17 11:00,2183,63,61,0.00,18,608.60,,17.8,10.6,0.09,0.56,,,,,,,,,,
2017-01-17 12:00,2183,64,63,0.00,16,595.80,,13.0,5.4,0.10,0.59,,,,,,,,,,
2017-01-17 13:00,2183,65,64,0.00,16,522.60,,12.0,3.6,0.10,0.62,,,,,,,,,,
2017-01-17 14:00,2183,66,65,0.00,15,394.30,,10.1,4.0,0.10,0.63,,,,,,,,,,
2017-01-17 15:00,2183,66,65,0.00,15,227.40,,8.8,4.0,0.09,0.64,,,,,,,,,,
2017-01-17 16:00,2183,66,64,0.00,15,51.67,,10.4,6.5,0.09,0.63,,,,,,,,,,
2017-01-17 17:00,2183,64,62,0.00,15,0.45,,9.7,6.2,0.09,0.58,,,,,,,,,,
2017-01-17 18:00,2183,62,57,0.00,17,0.19,,6.9,3.5,0.10,0.53,,,,,,,,,,
2017-01-17 19:00,2183,57,51,0.00,24,0.16,,5.3,2.1,0.12,0.43,,,,,,,,,,
2017-01-17 20:00,2183,51,47,0.00,36,0.17,,3.0,0.4,0.14,0.36,,,,,,,,,,
2017-01-17 21:00,2183,48,46,0.00,45,0.17,,3.5,0.7,0.16,0.32,,,,,,,,,,
2017-01-17 22:00,2183,50,46,0.00,46,0.19,,4.9,1.9,0.14,0.35,,,,,,,,,,
2017-01-17 23:00,2183,47,44,0.00,49,0.17,,2.7,0.8,0.15,0.31,,,,,,,,,,
2017-01-18 00:00,2183,47,44,0.00,53,0.18,,5.3,1.9,0.15,0.30,,,,,,,,,,
2017-01-18 01:00,2183,48,43,0.00,49,0.19,,6.4,2.3,0.15,0.31,,,,,,,,,,
2017-01-18 02:00,2183,44,42,0.00,58,0.18,,7.5,2.0,0.16,0.28,,,,,,,,,,
2017-01-18 03:00,2183,46,42,0.00,52,0.16,,2.8,1.4,0.15,0.29,,,,,,,,,,
2017-01-18 04:00,2183,44,40,0.00,56,0.16,,3.2,1.0,0.15,0.28,,,,,,,,,,
2017-01-18 05:00,2183,41,40,0.00,64,0.17,,2.8,0.5,0.16,0.26,,,,,,,,,,
2017-01-18 06:00,2183,42,41,0.00,59,4.52,,3.6,1.9,0.16,0.26,,,,,,,,,,
2017-01-18 07:00,2183,46,42,0.00,57,130.30,,4.3,1.0,0.16,0.28,,,,,,,,,,
2017-01-18 08:00,2183,49,46,0.00,50,306.10,,4.2,1.9,0.16,0.32,,,,,,,,,,
2017-01-18 09:00,2183,55,49,0.00,45,467.00,,6.8,2.5,0.15,0.39,,,,,,,,,,
2017-01-18 10:00,2183,57,55,0.00,33,575.10,,8.5,4.3,0.14,0.45,,,,,,,,,,
2017-01-18 11:00,2183,61,57,0.00,29,625.30,,6.9,3.6,0.13,0.51,,,,,,,,,,
2017-01-18 12:00,2183,63,61,0.00,21,610.50,,8.3,4.5,0.12,0.56,,,,,,,,,,
2017-01-18 13:00,2183,64,63,0.00,21,534.40,,10.2,5.5,0.12,0.59,,,,,,,,,,
2017-01-18 14:00,2183,65,64,0.00,18,369.00,,10.8,6.5,0.12,0.61,,,,,,,,,,
2017-01-18 15:00,2183,66,65,0.00,18,242.60,,7.0,3.5,0.11,0.64,,,,,,,,,,
2017-01-18 16:00,2183,66,61,0.00,17,24.93,,5.4,2.3,0.11,0.61,,,,,,,,,,
2017-01-18 17:00,2183,61,59,0.00,23,0.40,,7.0,3.9,0.13,0.53,,,,,,,,,,
2017-01-18 18:00,2183,60,58,0.00,28,0.17,,8.4,4.6,0.15,0.50,,,,,,,,,,
2017-01-18 19:00,2183,60,58,0.00,29,0.15,,7.0,4.2,0.15,0.50,,,,,,,,,,
2017-01-18 20:00,2183,59,58,0.00,34,0.12,,5.8,3.2,0.17,0.49,,,,,,,,,,
2017-01-18 21:00,2183,60,59,0.00,36,0.17,,8.8,4.8,0.18,0.51,,,,,,,,,,
2017-01-18 22:00,2183,60,57,0.00,36,0.12,,11.4,6.7,0.19,0.51,,,,,,,,,,
2017-01-18 23:00,2183,57,54,0.00,59,0.16,,14.1,6.4,0.27,0.44,,,,,,,,,,
2017-01-19 00:00,2183,55,54,0.00,68,0.17,,10.6,3.5,0.28,0.43,,,,,,,,,,
2017-01-19 01:00,2183,55,55,0.00,62,0.15,,9.4,4.6,0.27,0.44,,,,,,,,,,
2017-01-19 02:00,2183,55,53,0.00,62,0.15,,6.8,2.6,0.27,0.42,,,,,,,,,,
2017-01-19 03:00,2183,53,52,0.00,72,0.16,,4.5,1.7,0.30,0.40,,,,,,,,,,
2017-01-19 04:00,2183,52,51,0.00,75,0.14,,4.0,1.8,0.30,0.39,,,,,,,,,,
2017-01-19 05:00,2183,53,52,0.00,71,0.16,,3.4,1.1,0.28,0.40,,,,,,,,,,
2017-01-19 06:00,2183,53,52,0.00,66,0.95,,7.4,1.8,0.27,0.40,,,,,,,,,,
2017-01-19 07:00,2183,54,52,0.00,68,52.15,,3.9,1.1,0.27,0.40,,,,,,,,,,
2017-01-19 08:00,2183,55,53,0.00,64,117.20,,4.5,1.4,0.28,0.42,,,,,,,,,,
2017-01-19 09:00,2183,57,55,0.00,61,181.00,,4.0,1.4,0.27,0.45,,,,,,,,,,
2017-01-19 10:00,2183,60,57,0.00,61,235.80,,9.2,4.0,0.28,0.48,,,,,,,,,,
2017-01-19 11:00,2183,60,56,0.00,59,228.90,,10.7,6.2,0.31,0.50,,,,,,,,,,
2017-01-19 12:00,2183,60,56,0.02,78,421.00,,10.5,6.2,0.38,0.46,,,,,,,,,,
2017-01-19 13:00,2183,62,60,0.00,66,521.40,,15.3,8.5,0.33,0.54,,,,,,,,,,
2017-01-19 14:00,2183,63,62,0.00,54,397.40,,16.5,9.1,0.29,0.57,,,,,,,,,,
2017-01-19 15:00,2183,63,63,0.00,48,228.30,,15.6,10.7,0.27,0.58,,,,,,,,,,
2017-01-19 16:00,2183,63,60,0.00,43,49.09,,13.7,6.6,0.26,0.56,,,,,,,,,,
2017-01-19 17:00,2183,60,59,0.00,52,0.68,,6.1,2.1,0.26,0.51,,,,,,,,,,
2017-01-19 18:00,2183,59,57,0.00,51,0.19,,7.8,3.8,0.25,0.49,,,,,,,,,,
2017-01-19 19:00,2183,58,57,0.00,54,0.15,,9.5,5.2,0.27,0.47,,,,,,,,,,
2017-01-19 20:00,2183,57,55,0.00,60,0.17,,13.5,8.4,0.27,0.46,,,,,,,,,,
2017-01-19 21:00,2183,55,54,0.00,63,0.17,,10.1,5.7,0.27,0.43,,,,,,,,,,
2017-01-19 22:00,2183,55,55,0.00,58,0.16,,10.5,6.6,0.24,0.43,,,,,,,,,,
2017-01-19 23:00,2183,55,54,0.00,53,0.18,,11.4,6.8,0.24,0.43,,,,,,,,,,
2017-01-20 00:00,2183,54,53,0.00,59,0.19,,9.6,5.4,0.25,0.41,,,,,,,,,,
2017-01-20 01:00,2183,54,52,0.00,61,0.18,,10.2,5.4,0.24,0.41,,,,,,,,,,
2017-01-20 02:00,2183,54,52,0.00,61,0.14,,11.4,7.3,0.24,0.40,,,,,,,,,,
2017-01-20 03:00,2183,53,52,0.00,59,0.15,,8.9,5.6,0.24,0.40,,,,,,,,,,
2017-01-20 04:00,2183,53,49,0.00,60,0.18,,6.0,2.1,0.25,0.38,,,,,,,,,,
2017-01-20 05:00,2183,49,47,0.00,69,0.20,,6.0,2.2,0.25,0.33,,,,,,,,,,
2017-01-20 06:00,2183,50,49,0.00,72,1.26,,4.8,1.3,0.25,0.35,,,,,,,,,,
2017-01-20 07:00,2183,52,50,0.00,68,27.03,,5.3,2.5,0.25,0.37,,,,,,,,,,
2017-01-20 08:00,2183,56,52,0.00,64,124.90,,7.3,1.4,,,,,,,,,,,,
2017-01-20 09:00,2183,58,56,0.00,53,98.90,,10.6,5.0,0.25,0.46,,,,,,,,,,
2017-01-20 10:00,2183,60,58,0.00,52,250.10,,17.0,8.4,0.24,0.50,,,,,,,,,,
2017-01-20 11:00,2183,60,59,0.00,44,165.70,,18.1,10.0,0.23,0.51,,,,,,,,,,
2017-01-20 12:00,2183,61,60,0.00,45,210.10,,17.5,10.9,0.23,0.52,,,,,,,,,,
2017-01-20 13:00,2183,61,59,0.00,41,147.10,,16.2,8.9,0.24,0.53,,,,,,,,,,
2017-01-20 14:00,2183,59,56,0.03,59,76.28,,15.6,8.2,0.31,0.48,,,,,,,,,,
2017-01-20 15:00,2183,56,55,0.01,75,30.40,,13.5,7.5,0.33,0.45,,,,,,,,,,
2017-01-20 16:00,2183,55,52,0.14,80,4.23,,13.9,4.4,0.36,0.41,,,,,,,,,,
2017-01-20 17:00,2183,52,51,0.07,93,0.23,,9.4,3.1,0.36,0.39,,,,,,,,,,
2017-01-20 18:00,2183,51,51,0.00,96,0.19,,3.9,1.8,0.37,0.38,,,,,,,,,,
2017-01-20 19:00,2183,52,51,0.01,97,0.18,,8.3,1.5,0.37,0.39,,,,,,,,,,
2017-01-20 20:00,2183,53,52,0.00,91,0.17,,7.3,2.7,0.35,0.40,,,,,,,,,,
2017-01-20 21:00,2183,52,52,0.00,85,0.18,,9.6,4.9,0.31,0.39,,,,,,,,,,
2017-01-20 22:00,2183,53,52,0.00,74,0.16,,10.1,4.8,0.29,0.39,,,,,,,,,,
2017-01-20 23:00,2183,53,52,0.00,72,0.17,,13.2,7.5,0.27,0.40,,,,,,,,,,
2017-01-21 00:00,2183,52,51,0.00,67,0.17,,12.0,7.6,0.26,0.38,,,,,,,,,,
2017-01-21 01:00,2183,52,50,0.00,70,0.16,,13.8,8.3,0.26,0.38,,,,,,,,,,
2017-01-21 02:00,2183,51,50,0.00,72,0.19,,13.7,8.2,0.26,0.37,,,,,,,,,,
2017-01-21 03:00,2183,51,49,0.00,69,0.15,,13.7,8.2,0.25,0.36,,,,,,,,,,
2017-01-21 04:00,2183,51,49,0.00,68,0.16,,12.2,6.3,0.23,0.37,,,,,,,,,,
2017-01-21 05:00,2183,50,49,0.00,67,0.18,,9.2,4.3,0.21,0.35,,,,,,,,,,
2017-01-21 06:00,2183,50,48,0.00,54,4.51,,7.9,5.1,0.19,0.35,,,,,,,,,,
2017-01-21 07:00,2183,53,48,0.00,59,125.80,,12.1,5.1,0.20,0.36,,,,,,,,,,
2017-01-21 08:00,2183,54,53,0.00,50,312.90,,8.6,3.7,0.20,0.41,,,,,,,,,,
2017-01-21 09:00,2183,57,54,0.00,47,471.10,,11.1,6.1,0.19,0.44,,,,,,,,,,
2017-01-21 10:00,2183,59,57,0.00,40,581.30,,13.1,8.0,0.17,0.47,,,,,,,,,,
2017-01-21 11:00,2183,61,59,0.00,34,632.40,,14.5,9.6,0.17,0.51,,,,,,,,,,
2017-01-21 12:00,2183,62,61,0.00,33,621.60,,16.9,10.7,0.18,0.55,,,,,,,,,,
2017-01-21 13:00,2183,64,62,0.00,29,544.10,,15.4,7.1,0.17,0.57,,,,,,,,,,
2017-01-21 14:00,2183,64,63,0.00,29,410.20,,16.0,6.8,0.18,0.60,,,,,,,,,,
2017-01-21 15:00,2183,63,62,0.00,33,233.70,,16.8,9.3,0.18,0.58,,,,,,,,,,
2017-01-21 16:00,2183,62,60,0.00,33,53.53,,17.5,8.8,0.18,0.53,,,,,,,,,,
2017-01-21 17:00,2183,60,56,0.00,32,0.73,,15.6,7.2,0.17,0.50,,,,,,,,,,
2017-01-21 18:00,2183,56,55,0.00,41,0.18,,9.5,4.4,0.19,0.44,,,,,,,,,,
2017-01-21 19:00,2183,56,55,0.00,41,0.16,,10.1,4.9,0.19,0.45,,,,,,,,,,
2017-01-21 20:00,2183,56,55,0.00,47,0.19,,9.8,5.5,0.20,0.44,,,,,,,,,,
2017-01-21 21:00,2183,56,55,0.00,45,0.16,,8.2,4.4,0.20,0.44,,,,,,,,,,
2017-01-21 22:00,2183,56,50,0.00,44,0.18,,6.1,1.7,0.23,0.40,,,,,,,,,,
2017-01-21 23:00,2183,50,49,0.00,67,0.20,,4.2,2.1,0.25,0.36,,,,,,,,,,
2017-01-22 00:00,2183,52,50,0.00,65,0.15,,6.0,1.4,0.23,0.38,,,,,,,,,,
2017-01-22 01:00,2183,51,50,0.00,64,0.16,,5.2,2.2,0.25,0.37,,,,,,,,,,
2017-01-22 02:00,2183,51,51,0.00,69,0.13,,4.2,1.7,0.25,0.38,,,,,,,,,,
2017-01-22 03:00,2183,52,51,0.00,69,0.16,,3.4,1.5,0.25,0.38,,,,,,,,,,
2017-01-22 04:00,2183,51,49,0.00,68,0.16,,3.0,1.2,0.26,0.36,,,,,,,,,,
2017-01-22 05:00,2183,50,49,0.00,75,0.16,,1.8,0.5,0.27,0.35,,,,,,,,,,
2017-01-22 06:00,2183,50,50,0.00,75,2.06,,4.6,1.8,0.27,0.36,,,,,,,,,,
2017-01-22 07:00,2183,51,50,0.00,74,27.61,,4.2,2.2,0.27,0.37,,,,,,,,,,
2017-01-22 08:00,2183,54,51,0.00,73,86.10,,10.2,2.5,0.26,0.40,,,,,,,,,,
2017-01-22 09:00,2183,57,54,0.00,59,248.00,,13.9,8.2,0.25,0.43,,,,,,,,,,
2017-01-22 10:00,2183,58,57,0.00,52,280.70,,13.0,8.8,0.25,0.47,,,,,,,,,,
2017-01-22 11:00,2183,59,58,0.00,55,290.00,,16.3,9.6,0.27,0.50,,,,,,,,,,
2017-01-22 12:00,2183,60,59,0.00,54,341.00,,17.3,12.1,0.28,0.52,,,,,,,,,,
2017-01-22 13:00,2183,62,60,0.00,51,237.90,,18.4,11.8,0.30,0.55,,,,,,,,,,
2017-01-22 14:00,2183,61,61,0.00,58,109.80,,14.6,8.5,0.32,0.54,,,,,,,,,,
2017-01-22 15:00,2183,62,61,0.00,58,67.25,,11.4,6.7,0.32,0.55,,,,,,,,,,
2017-01-22 16:00,2183,62,61,0.00,58,20.62,,8.7,4.8,0.32,0.55,,,,,,,,,,
2017-01-22 17:00,2183,62,58,0.04,61,0.31,,9.1,5.1,0.33,0.54,,,,,,,,,,
2017-01-22 18:00,2183,58,58,0.02,73,0.19,,14.5,6.9,0.35,0.49,,,,,,,,,,
2017-01-22 19:00,2183,58,57,0.01,71,0.14,,15.7,9.4,0.35,0.48,,,,,,,,,,
2017-01-22 20:00,2183,58,57,0.00,74,0.16,,16.5,9.7,0.34,0.47,,,,,,,,,,
2017-01-22 21:00,2183,57,56,0.00,67,0.15,,17.4,9.2,0.31,0.47,,,,,,,,,,
2017-01-22 22:00,2183,56,56,0.00,67,0.15,,18.1,9.1,0.31,0.46,,,,,,,,,,
2017-01-22 23:00,2183,57,56,0.00,67,0.12,,14.6,8.5,0.31,0.46,,,,,,,,,,
2017-01-23 00:00,2183,58,57,0.00,69,0.13,,17.3,8.4,0.32,0.47,,,,,,,,,,
2017-01-23 01:00,2183,58,55,0.00,68,0.18,,16.6,5.5,0.33,0.46,,,,,,,,,,
2017-01-23 02:00,2183,56,54,0.00,76,0.18,,7.0,2.6,0.33,0.44,,,,,,,,,,
2017-01-23 03:00,2183,57,55,0.00,71,0.14,,11.5,5.0,0.31,0.45,,,,,,,,,,
2017-01-23 04:00,2183,55,55,0.00,66,0.16,,10.3,5.3,0.30,0.44,,,,,,,,,,
2017-01-23 05:00,2183,57,55,0.00,68,0.14,,16.7,9.4,0.29,0.46,,,,,,,,,,
2017-01-23 06:00,2183,56,56,0.00,59,4.53,,19.0,11.2,0.26,0.46,,,,,,,,,,
2017-01-23 07:00,2183,57,56,0.00,53,126.80,,15.2,8.3,0.24,0.45,,,,,,,,,,
2017-01-23 08:00,2183,58,57,0.00,51,313.60,,15.5,8.6,0.26,0.47,,,,,,,,,,
2017-01-23 09:00,2183,59,58,0.00,52,463.50,,15.3,8.4,0.25,0.49,,,,,,,,,,
2017-01-23 10:00,2183,60,58,0.00,55,578.80,,19.1,10.6,0.26,0.50,,,,,,,,,,
2017-01-23 11:00,2183,60,60,0.00,48,631.80,,16.5,10.2,0.25,0.52,,,,,,,,,,
2017-01-23 12:00,2183,61,60,0.00,46,664.30,,20.4,10.6,0.23,0.53,,,,,,,,,,
2017-01-23 13:00,2183,61,58,0.00,39,594.30,,20.6,11.7,0.22,0.53,,,,,,,,,,
2017-01-23 14:00,2183,58,55,0.00,49,274.00,,15.8,9.4,0.25,0.45,,,,,,,,,,
2017-01-23 15:00,2183,57,55,0.00,50,251.80,,20.4,12.5,0.21,0.46,,,,,,,,,,
2017-01-23 16:00,2183,55,54,0.00,46,36.86,,16.0,10.7,0.21,0.43,,,,,,,,,,
2017-01-23 17:00,2183,54,53,0.00,52,0.60,,14.9,9.0,0.22,0.41,,,,,,,,,,
2017-01-23 18:00,2183,53,53,0.00,47,0.15,,12.0,7.1,0.19,0.40,,,,,,,,,,
2017-01-23 19:00,2183,53,50,0.00,48,0.15,,14.1,8.9,0.20,0.38,,,,,,,,,,
2017-01-23 20:00,2183,50,48,0.00,62,0.18,,12.4,4.4,0.23,0.35,,,,,,,,,,
2017-01-23 21:00,2183,49,48,0.00,66,0.17,,6.7,3.0,0.22,0.34,,,,,,,,,,
2017-01-23 22:00,2183,48,47,0.00,62,0.15,,8.4,3.8,0.21,0.33,,,,,,,,,,
2017-01-23 23:00,2183,48,45,0.00,60,0.18,,5.8,3.8,0.21,0.32,,,,,,,,,,
2017-01-24 00:00,2183,48,44,0.00,71,0.16,,12.6,5.9,0.20,0.31,,,,,,,,,,
2017-01-24 01:00,2183,47,45,0.00,63,0.17,,8.9,5.3,0.20,0.31,,,,,,,,,,
2017-01-24 02:00,2183,46,44,0.00,65,0.18,,7.5,4.2,0.19,0.30,,,,,,,,,,
2017-01-24 03:00,2183,45,43,0.00,64,0.18,,5.8,3.4,0.19,0.29,,,,,,,,,,
2017-01-24 04:00,2183,47,40,0.00,62,0.18,,7.6,3.1,0.18,0.29,,,,,,,,,,
2017-01-24 05:00,2183,45,41,0.00,72,0.13,,10.3,4.8,0.17,0.28,,,,,,,,,,
2017-01-24 06:00,2183,45,43,0.00,54,5.26,,9.8,3.6,0.17,0.29,,,,,,,,,,
2017-01-24 07:00,2183,48,44,0.00,59,133.40,,7.2,4.0,0.17,0.30,,,,,,,,,,
2017-01-24 08:00,2183,51,48,0.00,49,321.70,,10.7,5.9,0.16,0.35,,,,,,,,,,
2017-01-24 09:00,2183,52,51,0.00,42,478.30,,12.6,7.0,0.15,0.38,,,,,,,,,,
2017-01-24 10:00,2183,54,52,0.00,39,589.80,,12.6,6.4,0.16,0.41,,,,,,,,,,
2017-01-24 11:00,2183,57,54,0.00,36,648.10,,14.1,4.7,0.15,0.43,,,,,,,,,,
2017-01-24 12:00,2183,57,56,0.00,29,543.20,,13.7,7.2,0.13,0.47,,,,,,,,,,
2017-01-24 13:00,2183,59,56,0.00,27,548.70,,14.2,5.3,0.12,0.49,,,,,,,,,,
2017-01-24 14:00,2183,58,57,0.00,21,290.50,,9.5,4.8,0.11,0.48,,,,,,,,,,
2017-01-24 15:00,2183,59,56,0.00,23,141.40,,13.1,6.9,0.11,0.49,,,,,,,,,,
2017-01-24 16:00,2183,57,55,0.00,28,59.90,,7.5,2.6,0.14,0.46,,,,,,,,,,
2017-01-24 17:00,2183,55,54,0.00,32,0.82,,5.8,3.1,0.15,0.43,,,,,,,,,,
2017-01-24 18:00,2183,54,50,0.00,34,0.17,,4.0,1.3,0.16,0.40,,,,,,,,,,
2017-01-24 19:00,2183,53,50,0.00,48,0.14,,3.1,1.6,0.17,0.38,,,,,,,,,,
2017-01-24 20:00,2183,50,45,0.00,49,0.20,,6.1,2.8,0.19,0.33,,,,,,,,,,
2017-01-24 21:00,2183,49,46,0.00,63,0.14,,9.4,4.4,0.17,0.33,,,,,,,,,,
2017-01-24 22:00,2183,49,45,0.00,44,0.16,,6.3,1.3,0.17,0.33,,,,,,,,,,
2017-01-24 23:00,2183,46,44,0.00,64,0.18,,5.4,1.7,0.19,0.30,,,,,,,,,,
2017-01-25 00:00,2183,48,42,0.00,65,0.14,,8.4,4.1,0.17,0.30,,,,,,,,,,
2017-01-25 01:00,2183,47,42,0.00,59,0.16,,4.6,1.7,0.17,0.29,,,,,,,,,,
2017-01-25 02:00,2183,45,42,0.00,64,0.14,,9.8,3.1,0.17,0.27,,,,,,,,,,
2017-01-25 03:00,2183,43,42,0.00,58,0.16,,8.5,3.0,0.16,0.27,,,,,,,,,,
2017-01-25 04:00,2183,46,42,0.00,56,0.14,,12.3,4.1,0.16,0.28,,,,,,,,,,
2017-01-25 05:00,2183,46,43,0.00,52,0.12,,10.8,5.2,0.16,0.30,,,,,,,,,,
2017-01-25 06:00,2183,45,41,0.00,60,5.20,,7.6,2.9,0.17,0.27,,,,,,,,,,
2017-01-25 07:00,2183,48,42,0.00,60,137.40,,13.3,7.0,0.16,0.30,,,,,,,,,,
2017-01-25 08:00,2183,49,48,0.00,47,326.10,,17.2,12.3,0.16,0.34,,,,,,,,,,
2017-01-25 09:00,2183,51,49,0.00,44,485.80,,15.6,10.7,0.15,0.37,,,,,,,,,,
2017-01-25 10:00,2183,55,51,0.00,41,596.80,,13.9,8.2,0.15,0.41,,,,,,,,,,
2017-01-25 11:00,2183,56,55,0.00,30,650.80,,15.3,8.9,0.13,0.44,,,,,,,,,,
2017-01-25 12:00,2183,58,56,0.00,28,639.20,,13.7,8.5,0.12,0.46,,,,,,,,,,
2017-01-25 13:00,2183,58,57,0.00,25,563.20,,17.9,10.5,0.11,0.47,,,,,,,,,,
2017-01-25 14:00,2183,58,58,0.00,20,433.50,,15.1,8.4,0.10,0.49,,,,,,,,,,
2017-01-25 15:00,2183,58,58,0.00,20,261.20,,12.8,6.1,0.09,0.49,,,,,,,,,,
2017-01-25 16:00,2183,58,56,0.00,20,73.02,,8.5,3.4,0.10,0.48,,,,,,,,,,
2017-01-25 17:00,2183,56,53,0.00,23,1.26,,3.8,1.0,0.11,0.43,,,,,,,,,,
2017-01-25 18:00,2183,54,49,0.00,25,0.20,,4.0,1.5,0.11,0.40,,,,,,,,,,
2017-01-25 19:00,2183,49,46,0.00,40,0.18,,4.8,2.0,0.14,0.34,,,,,,,,,,
2017-01-25 20:00,2183,47,45,0.00,44,0.15,,5.0,2.4,0.14,0.31,,,,,,,,,,
2017-01-25 21:00,2183,48,42,0.00,45,0.16,,7.6,2.6,0.14,0.30,,,,,,,,,,
2017-01-25 22:00,2183,43,42,0.00,56,0.17,,4.0,1.0,0.17,0.27,,,,,,,,,,
2017-01-25 23:00,2183,43,42,0.00,64,0.15,,3.7,1.5,0.16,0.27,,,,,,,,,,
2017-01-26 00:00,2183,44,42,0.00,55,0.16,,3.8,2.0,0.15,0.27,,,,,,,,,,
2017-01-26 01:00,2183,46,39,0.00,57,0.15,,7.5,2.6,0.14,0.28,,,,,,,,,,
2017-01-26 02:00,2183,42,38,0.00,56,0.17,,7.1,2.0,0.15,0.25,,,,,,,,,,
2017-01-26 03:00,2183,42,38,0.00,67,0.15,,5.5,2.3,0.15,0.25,,,,,,,,,,
2017-01-26 04:00,2183,42,37,0.00,53,0.18,,4.9,1.6,0.16,0.24,,,,,,,,,,
2017-01-26 05:00,2183,37,37,0.00,75,0.14,,4.3,1.3,0.17,0.22,,,,,,,,,,
2017-01-26 06:00,2183,37,35,0.00,76,5.01,,4.5,1.1,0.17,0.21,,,,,,,,,,
2017-01-26 07:00,2183,42,37,0.00,76,135.20,,4.4,1.5,0.17,0.24,,,,,,,,,,
2017-01-26 08:00,2183,46,42,0.00,60,324.20,,6.0,3.0,0.16,0.29,,,,,,,,,,
2017-01-26 09:00,2183,51,46,0.00,56,486.30,,6.0,3.8,0.16,0.34,,,,,,,,,,
2017-01-26 10:00,2183,55,51,0.00,39,599.10,,7.2,3.1,0.14,0.40,,,,,,,,,,
2017-01-26 11:00,2183,56,55,0.00,31,651.40,,7.5,3.2,0.12,0.45,,,,,,,,,,
2017-01-26 12:00,2183,58,56,0.00,22,640.80,,11.8,3.1,0.11,0.46,,,,,,,,,,
2017-01-26 13:00,2183,59,58,0.00,21,567.20,,14.9,5.0,0.10,0.49,,,,,,,,,,
2017-01-26 14:00,2183,59,58,0.00,17,437.40,,14.6,8.4,0.08,0.50,,,,,,,,,,
2017-01-26 15:00,2183,,,,14,,,,,,,,,,,,,,,,
2017-01-26 16:00,2183,59,57,0.00,,105.20,,15.0,5.2,0.07,0.48,,,,,,,,,,
2017-01-26 17:00,2183,57,57,0.00,16,1.80,,12.3,6.4,0.08,0.47,,,,,,,,,,
2017-01-26 18:00,2183,57,55,0.00,17,0.16,,10.8,4.5,0.09,0.45,,,,,,,,,,
2017-01-26 19:00,2183,56,53,0.00,21,0.18,,7.3,4.1,0.10,0.43,,,,,,,,,,
2017-01-26 20:00,2183,53,49,0.00,27,0.16,,8.6,3.9,0.11,0.39,,,,,,,,,,
2017-01-26 21:00,2183,51,49,0.00,33,0.18,,12.7,6.4,0.11,0.37,,,,,,,,,,
2017-01-26 22:00,2183,53,50,0.00,30,0.17,,14.6,7.5,0.09,0.39,,,,,,,,,,
2017-01-26 23:00,2183,54,51,0.00,20,0.17,,16.3,5.9,0.07,0.39,,,,,,,,,,
2017-01-27 00:00,2183,53,51,0.00,16,0.16,,16.7,7.5,0.07,0.40,,,,,,,,,,
2017-01-27 01:00,2183,53,48,0.00,19,0.16,,12.9,8.0,0.08,0.37,,,,,,,,,,
2017-01-27 02:00,2183,50,48,0.00,29,0.15,,10.6,5.0,0.09,0.35,,,,,,,,,,
2017-01-27 03:00,2183,50,49,0.00,25,0.18,,12.9,5.0,0.08,0.36,,,,,,,,,,
2017-01-27 04:00,2183,51,50,0.00,19,0.14,,18.6,9.2,0.07,0.37,,,,,,,,,,
2017-01-27 05:00,2183,51,43,0.00,20,0.17,,16.6,5.2,0.08,0.33,,,,,,,,,,
2017-01-27 06:00,2183,50,48,0.00,27,5.70,,16.6,7.3,0.07,0.35,,,,,,,,,,
2017-01-27 07:00,2183,49,48,0.00,22,144.60,,18.0,9.3,0.08,0.34,,,,,,,,,,
2017-01-27 08:00,2183,53,49,0.00,23,338.70,,18.0,9.6,0.07,0.37,,,,,,,,,,
2017-01-27 09:00,2183,54,53,0.00,14,503.20,,24.4,12.9,0.06,0.40,,,,,,,,,,
2017-01-27 10:00,2183,54,53,0.00,14,615.70,,29.3,13.7,0.05,0.42,,,,,,,,,,
2017-01-27 11:00,2183,56,54,0.00,13,660.90,,27.6,12.9,0.06,0.44,,,,,,,,,,
2017-01-27 12:00,2183,56,55,0.00,14,646.80,,23.8,12.7,0.06,0.45,,,,,,,,,,
2017-01-27 13:00,2183,57,56,0.00,14,565.60,,22.6,9.2,0.06,0.46,,,,,,,,,,
2017-01-27 14:00,2183,58,57,0.00,13,444.00,,20.2,8.9,0.06,0.47,,,,,,,,,,
2017-01-27 15:00,2183,58,57,0.00,13,274.90,,19.2,7.2,0.06,0.47,,,,,,,,,,
2017-01-27 16:00,2183,57,56,0.00,14,80.60,,18.8,10.0,0.06,0.47,,,,,,,,,,
2017-01-27 17:00,2183,56,55,0.00,14,1.64,,21.0,10.2,0.06,0.45,,,,,,,,,,
2017-01-27 18:00,2183,55,53,0.00,15,0.16,,14.1,4.7,0.07,0.44,,,,,,,,,,
2017-01-27 19:00,2183,54,53,0.00,18,0.17,,8.4,2.1,0.07,0.41,,,,,,,,,,
2017-01-27 20:00,2183,54,51,0.00,17,0.19,,8.7,3.2,0.07,0.40,,,,,,,,,,
2017-01-27 21:00,2183,53,50,0.00,20,0.16,,10.1,4.4,0.08,0.39,,,,,,,,,,
2017-01-27 22:00,2183,50,48,0.00,23,0.17,,7.9,2.7,0.09,0.35,,,,,,,,,,
2017-01-27 23:00,2183,49,46,0.00,24,0.19,,7.6,2.6,0.09,0.34,,,,,,,,,,
2017-01-28 00:00,2183,51,46,0.00,33,0.19,,11.4,4.5,0.09,0.34,,,,,,,,,,
2017-01-28 01:00,2183,51,50,0.00,23,0.16,,14.6,5.8,0.09,0.37,,,,,,,,,,
2017-01-28 02:00,2183,51,46,0.00,26,0.16,,16.0,6.6,0.09,0.34,,,,,,,,,,
2017-01-28 03:00,2183,51,50,0.00,24,0.15,,19.7,12.5,0.09,0.37,,,,,,,,,,
2017-01-28 04:00,2183,51,47,0.00,24,0.15,,16.6,9.3,0.09,0.37,,,,,,,,,,
2017-01-28 05:00,2183,48,44,0.00,30,0.19,,4.5,1.7,0.10,0.31,,,,,,,,,,
2017-01-28 06:00,2183,49,44,0.00,38,5.82,,16.0,7.9,0.10,0.32,,,,,,,,,,
2017-01-28 07:00,2183,51,49,0.00,26,145.20,,18.6,13.5,0.09,0.37,,,,,,,,,,
2017-01-28 08:00,2183,53,51,0.00,23,337.90,,19.0,13.8,0.09,0.40,,,,,,,,,,
2017-01-28 09:00,2183,56,53,0.00,21,502.20,,18.9,14.2,0.09,0.43,,,,,,,,,,
2017-01-28 10:00,2183,60,56,0.00,19,617.40,,20.5,12.7,0.08,0.48,,,,,,,,,,
2017-01-28 11:00,2183,63,60,0.00,16,673.00,,16.8,10.8,0.08,0.54,,,,,,,,,,
2017-01-28 12:00,2183,64,62,0.00,14,665.00,,14.3,5.6,0.08,0.58,,,,,,,,,,
2017-01-28 13:00,2183,67,64,0.00,13,591.60,,18.0,10.0,0.08,0.63,,,,,,,,,,
2017-01-28 14:00,2183,68,66,0.00,11,459.70,,18.0,11.7,0.07,0.66,,,,,,,,,,
2017-01-28 15:00,2183,68,66,0.00,11,284.30,,17.8,9.0,0.07,0.67,,,,,,,,,,
2017-01-28 16:00,2183,66,65,0.00,12,87.60,,14.4,7.3,0.07,0.64,,,,,,,,,,
2017-01-28 17:00,2183,65,61,0.00,12,1.76,,14.1,8.3,0.08,0.58,,,,,,,,,,
2017-01-28 18:00,2183,61,60,0.00,14,0.17,,13.8,9.6,0.08,0.54,,,,,,,,,,
2017-01-28 19:00,2183,61,60,0.00,16,0.16,,19.0,12.2,0.08,0.53,,,,,,,,,,
2017-01-28 20:00,2183,61,60,0.00,16,0.16,,20.8,13.3,0.08,0.53,,,,,,,,,,
2017-01-28 21:00,2183,60,58,0.00,15,0.16,,17.1,10.8,0.08,0.52,,,,,,,,,,
2017-01-28 22:00,2183,59,58,0.00,18,0.13,,15.6,11.2,0.09,0.49,,,,,,,,,,
2017-01-28 23:00,2183,59,58,0.00,18,0.16,,18.9,13.3,0.09,0.50,,,,,,,,,,
2017-01-29 00:00,2183,59,59,0.00,17,0.13,,19.0,13.7,0.09,0.50,,,,,,,,,,
2017-01-29 01:00,2183,59,58,0.00,18,0.17,,15.6,11.5,0.09,0.50,,,,,,,,,,
2017-01-29 02:00,2183,59,57,0.00,18,0.14,,18.8,12.4,0.09,0.49,,,,,,,,,,
2017-01-29 03:00,2183,59,58,0.00,18,0.15,,20.3,13.4,0.09,0.49,,,,,,,,,,
2017-01-29 04:00,2183,58,57,0.00,18,0.13,,19.5,13.0,0.09,0.48,,,,,,,,,,
2017-01-29 05:00,2183,58,54,0.00,18,0.16,,18.4,9.6,0.09,0.47,,,,,,,,,,
2017-01-29 06:00,2183,55,52,0.00,23,6.16,,14.2,8.5,0.10,0.42,,,,,,,,,,
2017-01-29 07:00,2183,58,55,0.00,22,146.10,,17.8,11.6,0.09,0.46,,,,,,,,,,
2017-01-29 08:00,2183,62,58,0.00,19,337.80,,21.0,12.3,0.09,0.52,,,,,,,,,,
2017-01-29 09:00,2183,64,61,0.00,16,501.40,,22.4,10.9,0.09,0.56,,,,,,,,,,
2017-01-29 10:00,2183,66,64,0.00,15,615.10,,15.7,8.9,0.09,0.61,,,,,,,,,,
2017-01-29 11:00,2183,68,66,0.00,13,669.80,,12.2,5.7,0.08,0.67,,,,,,,,,,
2017-01-29 12:00,2183,70,68,0.00,11,660.30,,18.5,6.9,0.08,0.72,,,,,,,,,,
2017-01-29 13:00,2183,71,69,0.00,11,586.40,,16.8,8.0,0.08,0.74,,,,,,,,,,
2017-01-29 14:00,2183,72,71,0.00,11,455.40,,13.7,7.0,0.08,0.77,,,,,,,,,,
2017-01-29 15:00,2183,72,71,0.00,11,281.40,,13.7,6.8,0.09,0.77,,,,,,,,,,
2017-01-29 16:00,2183,71,70,0.00,11,88.10,,12.7,5.0,0.09,0.75,,,,,,,,,,
2017-01-29 17:00,2183,70,67,0.00,12,1.94,,12.6,5.0,0.09,0.70,,,,,,,,,,
2017-01-29 18:00,2183,69,63,0.00,12,0.20,,6.6,3.6,0.10,0.63,,,,,,,,,,
2017-01-29 19:00,2183,65,63,0.00,18,0.14,,14.4,8.7,0.10,0.60,,,,,,,,,,
2017-01-29 20:00,2183,65,62,0.00,16,0.16,,15.9,8.1,0.10,0.59,,,,,,,,,,
2017-01-29 21:00,2183,63,62,0.00,18,0.13,,21.6,9.9,0.10,0.57,,,,,,,,,,
2017-01-29 22:00,2183,63,62,0.00,17,0.15,,18.7,12.7,0.10,0.57,,,,,,,,,,
2017-01-29 23:00,2183,62,62,0.00,19,0.16,,18.1,13.0,0.10,0.56,,,,,,,,,,
2017-01-30 00:00,2183,62,62,0.00,19,0.13,,17.9,12.0,0.11,0.56,,,,,,,,,,
2017-01-30 01:00,2183,62,61,0.00,19,0.17,,15.6,9.8,0.11,0.55,,,,,,,,,,
2017-01-30 02:00,2183,61,55,0.00,20,0.18,,14.6,5.8,0.11,0.49,,,,,,,,,,
2017-01-30 03:00,2183,56,52,0.00,25,0.18,,6.4,2.3,0.12,0.41,,,,,,,,,,
2017-01-30 04:00,2183,53,51,0.00,31,0.16,,5.1,2.5,0.12,0.39,,,,,,,,,,
2017-01-30 05:00,2183,52,49,0.00,32,0.15,,5.0,1.8,0.13,0.37,,,,,,,,,,
2017-01-30 06:00,2183,49,44,0.00,39,9.86,,2.9,0.6,0.15,0.30,,,,,,,,,,
2017-01-30 07:00,2183,50,47,0.00,46,120.50,,4.6,0.9,0.15,0.33,,,,,,,,,,
2017-01-30 08:00,2183,56,50,0.00,44,277.50,,4.9,2.0,0.16,0.40,,,,,,,,,,
2017-01-30 09:00,2183,62,56,0.00,33,504.70,,5.1,2.6,0.14,0.50,,,,,,,,,,
2017-01-30 10:00,2183,67,62,0.00,24,593.60,,5.5,3.0,0.14,0.60,,,,,,,,,,
2017-01-30 11:00,2183,72,67,0.00,18,670.70,,6.5,2.4,0.11,0.71,,,,,,,,,,
2017-01-30 12:00,2183,72,71,0.00,14,666.10,,10.9,5.0,0.11,0.77,,,,,,,,,,
2017-01-30 13:00,2183,75,72,0.00,13,594.60,,8.1,2.8,0.10,0.83,,,,,,,,,,
2017-01-30 14:00,2183,74,73,0.00,12,463.80,,13.9,4.1,0.10,0.84,,,,,,,,,,
2017-01-30 15:00,2183,74,72,0.00,13,277.90,,11.6,7.1,0.11,0.82,,,,,,,,,,
2017-01-30 16:00,2183,72,69,0.00,14,86.50,,10.1,5.8,0.12,0.78,,,,,,,,,,
2017-01-30 17:00,2183,69,64,0.00,19,2.33,,4.3,2.2,0.14,0.66,,,,,,,,,,
2017-01-30 18:00,2183,64,60,0.00,25,0.16,,5.8,3.6,0.14,0.58,,,,,,,,,,
2017-01-30 19:00,2183,61,60,0.00,28,0.18,,3.6,2.0,0.15,0.53,,,,,,,,,,
2017-01-30 20:00,2183,60,51,0.00,31,0.15,,4.3,2.2,0.17,0.47,,,,,,,,,,
2017-01-30 21:00,2183,55,49,0.00,52,0.13,,4.2,1.6,0.19,0.40,,,,,,,,,,
2017-01-30 22:00,2183,51,49,0.00,53,0.20,,3.2,1.4,0.18,0.36,,,,,,,,,,
2017-01-30 23:00,2183,54,50,0.00,49,0.14,,7.2,2.3,0.17,0.39,,,,,,,,,,
2017-01-31 00:00,2183,54,49,0.00,38,0.16,,3.4,1.0,0.17,0.38,,,,,,,,,,
2017-01-31 01:00,2183,52,49,0.00,42,0.19,,3.3,0.8,0.17,0.37,,,,,,,,,,
2017-01-31 02:00,2183,50,48,0.00,48,0.19,,3.2,0.4,0.17,0.35,,,,,,,,,,
2017-01-31 03:00,2183,49,44,0.00,52,0.18,,3.9,0.8,0.18,0.31,,,,,,,,,,
2017-01-31 04:00,2183,49,45,0.00,61,0.17,,3.3,1.7,0.18,0.32,,,,,,,,,,
2017-01-31 05:00,2183,50,45,0.00,58,0.16,,4.8,2.1,0.17,0.31,,,,,,,,,,
2017-01-31 06:00,2183,50,42,0.00,45,8.26,,7.5,2.3,0.17,0.30,,,,,,,,,,
2017-01-31 07:00,2183,49,45,0.00,57,165.60,,3.1,0.7,0.17,0.34,,,,,,,,,,
2017-01-31 08:00,2183,57,49,0.00,48,329.60,,3.4,1.3,0.16,0.40,,,,,,,,,,
2017-01-31 09:00,2183,60,57,0.00,33,511.50,,6.5,3.0,0.16,0.48,,,,,,,,,,
2017-01-31 10:00,2183,65,60,0.00,31,596.90,,7.7,3.2,0.15,0.56,,,,,,,,,,
2017-01-31 11:00,2183,68,65,0.00,23,616.00,,5.3,2.6,0.14,0.63,,,,,,,,,,
2017-01-31 12:00,2183,70,68,0.00,20,671.20,,7.1,2.7,0.14,0.71,,,,,,,,,,
2017-01-31 13:00,2183,72,70,0.00,20,613.40,,9.3,4.7,0.14,0.77,,,,,,,,,,
2017-01-31 14:00,2183,74,72,0.00,14,480.10,,10.8,6.6,0.12,0.82,,,,,,,,,,
2017-01-31 15:00,2183,73,72,0.00,14,292.70,,10.4,6.0,0.12,0.81,,,,,,,,,,
2017-01-31 16:00,2183,72,69,0.00,17,95.70,,7.8,4.0,0.13,0.76,,,,,,,,,,
2017-01-31 17:00,2183,69,65,0.00,18,2.24,,3.2,1.3,0.13,0.66,,,,,,,,,,
2017-01-31 18:00,2183,65,63,0.00,23,0.16,,2.1,1.1,0.14,0.61,,,,,,,,,,
2017-01-31 19:00,2183,63,58,0.00,26,0.16,,4.1,2.2,0.16,0.53,,,,,,,,,,
2017-01-31 20:00,2183,60,52,0.00,30,0.15,,4.7,2.4,0.17,0.48,,,,,,,,,,
2017-01-31 21:00,2183,56,51,0.00,51,0.12,,3.6,1.8,0.18,0.43,,,,,,,,,,
2017-01-31 22:00,2183,54,51,0.00,49,0.19,,2.9,0.4,0.18,0.40,,,,,,,,,,
2017-01-31 23:00,2183,53,45,0.00,52,0.16,,3.9,1.2,0.19,0.37,,,,,,,,,,
