Date,Station Id,Air Temperature Maximum (degF),Air Temperature Minimum (degF),Precipitation Increment (in),Relative Humidity (pct),Solar Radiation Average (watt/m2),Solar Radiation/langley Total (langley),Wind Speed Maximum (mph),Wind Speed Average (mph),Vapor Pressure - Partial (inch_Hg),Vapor Pressure - Saturated (inch_Hg),Soil Moisture Percent -2in (pct),Soil Moisture Percent -4in (pct),Soil Moisture Percent -8in (pct),Soil Moisture Percent -20in (pct),Soil Moisture Percent -40in (pct),Soil Temperature Observed -2in (degF),Soil Temperature Observed -4in (degF),Soil Temperature Observed -8in (degF),Soil Temperature Observed -20in (degF),Soil Temperature Observed -40in (degF)
2017-01-01 00:00,2192,17,16,0.00,100,0.00,,1.8,0.1,0.09,0.09,2.8,1.9,1.7,3.5,6.6,28,35,32,34,38
2017-01-01 01:00,2192,17,15,0.00,100,0.00,,2.0,0.4,0.09,0.09,2.8,1.9,1.5,3.8,6.6,27,35,32,34,38
2017-01-01 02:00,2192,15,15,0.00,100,0.00,,2.5,0.2,0.09,0.09,2.8,1.1,1.7,3.5,6.6,27,35,32,34,38
2017-01-01 03:00,2192,15,13,0.00,100,0.00,,1.9,0.2,0.08,0.08,3.0,1.5,1.7,3.8,6.0,27,35,32,34,38
2017-01-01 04:00,2192,15,12,0.00,98,0.00,,2.7,0.5,0.08,0.08,3.0,1.8,1.7,3.2,6.6,27,35,32,34,38
2017-01-01 05:00,2192,18,15,0.00,100,0.00,,2.0,0.3,0.09,0.09,3.0,1.8,1.5,4.4,6.6,26,34,32,34,37
2017-01-01 06:00,2192,18,15,0.00,100,0.00,,2.8,0.3,0.09,0.09,3.0,1.8,1.5,4.4,6.6,26,34,32,34,37
2017-01-01 07:00,2192,18,12,0.00,100,5.38,,3.6,0.6,0.09,0.09,3.0,1.3,0.9,4.4,6.9,26,34,32,34,37
2017-01-01 08:00,2192,22,15,0.00,100,45.03,,3.0,0.4,0.10,0.11,2.8,1.3,1.7,3.2,6.6,26,34,32,34,37
2017-01-01 09:00,2192,28,22,0.00,97,89.90,,4.8,0.8,0.12,0.13,3.0,1.3,1.1,3.8,6.6,26,34,32,34,37
2017-01-01 10:00,2192,31,28,0.00,76,122.20,,4.4,1.5,0.12,0.16,3.0,1.3,1.1,2.8,6.6,27,34,32,34,37
2017-01-01 11:00,2192,31,31,0.00,72,128.60,,4.2,2.1,0.13,0.17,3.0,1.3,1.1,4.4,6.6,28,34,32,34,37
2017-01-01 12:00,2192,33,31,0.00,78,202.20,,4.4,1.8,0.14,0.18,2.8,1.3,0.8,4.4,6.0,28,34,32,34,37
2017-01-01 13:00,2192,33,31,0.00,72,128.00,,5.2,1.9,0.12,0.18,2.6,1.3,1.3,4.4,6.9,29,34,32,34,37
2017-01-01 14:00,2192,33,30,0.00,44,74.34,,4.9,1.7,0.08,0.18,3.2,1.3,1.9,2.8,6.9,30,35,32,34,37
2017-01-01 15:00,2192,30,28,0.00,50,40.24,,5.8,1.4,0.08,0.17,3.2,1.3,0.8,2.9,6.6,30,35,32,34,37
2017-01-01 16:00,2192,28,27,0.00,56,10.91,,4.1,1.8,0.09,0.15,3.2,1.3,0.8,3.5,6.6,29,35,32,34,37
2017-01-01 17:00,2192,27,24,0.00,67,0.02,,3.6,0.8,0.10,0.14,3.2,1.3,0.8,3.8,6.9,29,35,32,34,37
2017-01-01 18:00,2192,25,24,0.00,78,0.00,,4.9,0.9,0.10,0.13,3.2,2.0,1.3,3.5,6.6,29,35,32,34,37
2017-01-01 19:00,2192,25,22,0.00,63,0.00,,3.5,0.6,0.09,0.13,2.8,1.3,1.3,4.1,6.9,29,35,32,34,37
2017-01-01 20:00,2192,23,22,0.00,74,0.00,,4.1,0.8,0.09,0.12,2.8,2.0,0.8,3.5,6.6,29,35,32,34,37
2017-01-01 21:00,2192,23,22,0.00,82,0.00,,2.9,0.5,0.11,0.12,2.8,1.3,1.3,4.1,6.6,28,35,32,34,37
2017-01-01 22:00,2192,22,21,0.00,96,0.00,,3.9,0.4,0.11,0.12,2.8,1.3,1.3,4.4,6.9,28,35,32,34,37
2017-01-01 23:00,2192,21,20,0.00,97,0.00,,2.1,0.3,0.11,0.11,2.8,1.3,1.3,4.4,6.6,29,35,32,34,37
2017-01-02 00:00,2192,21,21,0.00,98,0.00,,2.7,0.2,0.11,0.11,3.5,1.3,1.3,4.4,6.6,29,35,32,33,37
2017-01-02 01:00,2192,21,20,0.00,98,0.00,,5.2,1.1,0.11,0.11,3.5,1.3,1.1,2.9,6.6,29,35,32,34,37
2017-01-02 02:00,2192,20,20,0.00,85,0.00,,4.0,1.0,0.10,0.11,2.8,1.3,1.1,4.1,6.6,29,35,32,34,37
2017-01-02 03:00,2192,20,20,0.00,98,0.00,,3.8,0.8,0.10,0.11,3.5,1.3,1.1,4.4,6.6,29,35,32,34,37
2017-01-02 04:00,2192,20,20,0.00,97,0.00,,4.1,1.1,0.10,0.11,2.8,1.3,1.3,3.8,6.3,29,35,32,33,37
2017-01-02 05:00,2192,20,18,0.00,93,0.00,,3.4,0.8,0.10,0.11,3.5,1.3,1.1,3.5,6.3,29,35,32,34,37
2017-01-02 06:00,2192,20,18,0.00,97,0.00,,5.2,1.1,0.10,0.11,3.2,1.3,1.1,2.9,6.8,29,35,32,34,37
2017-01-02 07:00,2192,21,20,0.00,91,0.74,,5.1,1.9,0.10,0.11,3.2,1.3,0.8,4.1,6.0,29,35,32,34,37
2017-01-02 08:00,2192,22,21,0.00,99,6.65,,3.0,0.8,0.11,0.11,3.2,1.3,0.8,3.1,6.6,29,35,32,34,37
2017-01-02 09:00,2192,23,21,0.00,96,19.37,,5.7,2.4,0.11,0.12,3.2,1.3,1.3,4.4,6.6,29,35,32,34,37
2017-01-02 10:00,2192,23,22,0.00,96,28.22,,4.7,2.2,0.11,0.12,3.2,1.3,1.3,3.7,6.0,29,35,32,34,37
2017-01-02 11:00,2192,25,22,0.00,96,24.96,,2.9,1.1,0.12,0.13,3.2,1.3,1.3,3.3,6.6,29,35,32,34,37
2017-01-02 12:00,2192,25,24,0.00,92,21.96,,4.3,1.3,0.12,0.13,3.2,1.3,1.4,3.5,6.6,30,35,32,33,37
2017-01-02 13:00,2192,26,24,0.00,94,26.50,,4.3,2.0,0.12,0.13,3.2,1.1,1.3,4.4,6.6,30,35,32,34,37
2017-01-02 14:00,2192,26,24,0.00,93,15.72,,3.6,1.6,0.13,0.14,3.2,1.3,1.4,4.4,6.6,30,35,32,34,37
2017-01-02 15:00,2192,24,24,0.00,97,7.24,,5.4,2.0,0.12,0.13,3.0,1.1,1.3,3.3,6.6,30,35,32,34,37
2017-01-02 16:00,2192,24,23,0.00,96,1.34,,4.9,1.7,0.12,0.12,3.4,2.0,1.3,3.8,6.8,30,35,32,34,37
2017-01-02 17:00,2192,23,23,0.00,99,0.00,,5.4,2.0,0.12,0.12,3.4,1.8,1.3,2.9,6.3,30,35,32,34,37
2017-01-02 18:00,2192,24,23,0.00,97,0.00,,4.8,1.5,0.12,0.13,3.4,1.1,1.3,3.8,6.0,30,35,32,34,37
2017-01-02 19:00,2192,23,23,0.00,99,0.00,,3.7,0.8,0.12,0.12,3.4,1.8,1.3,4.4,7.1,30,35,32,34,37
2017-01-02 20:00,2192,23,23,0.00,99,0.00,,2.8,0.4,0.12,0.12,3.4,1.8,1.1,4.1,6.3,30,35,32,33,37
2017-01-02 21:00,2192,24,23,0.00,100,0.00,,3.1,0.3,0.12,0.12,3.4,1.1,1.3,3.8,6.3,30,35,32,33,37
2017-01-02 22:00,2192,24,23,0.00,100,0.00,,3.0,0.2,0.13,0.13,3.4,1.8,1.1,3.2,6.6,30,36,32,34,37
2017-01-02 23:00,2192,24,23,0.00,100,0.00,,2.6,0.4,0.13,0.13,3.4,1.8,1.3,4.4,6.6,30,36,32,34,37
2017-01-03 00:00,2192,24,24,0.00,100,0.00,,2.9,0.1,0.13,0.13,3.2,1.8,1.3,3.3,6.0,30,35,32,34,37
2017-01-03 01:00,2192,24,24,0.00,100,0.00,,3.5,0.1,0.13,0.13,3.4,1.8,1.1,4.4,6.3,30,36,32,34,37
2017-01-03 02:00,2192,24,24,0.00,99,0.00,,3.4,0.1,0.13,0.13,3.2,1.8,1.1,4.1,6.8,31,36,32,34,37
2017-01-03 03:00,2192,25,24,0.00,98,0.00,,3.4,0.5,0.13,0.13,3.4,1.8,1.3,3.3,6.0,31,36,32,34,37
2017-01-03 04:00,2192,25,25,0.00,98,0.00,,2.8,0.2,0.13,0.14,3.4,2.2,1.1,2.8,6.6,31,36,32,33,37
2017-01-03 05:00,2192,26,25,0.00,99,0.00,,4.6,0.7,0.14,0.14,3.2,1.5,1.4,3.7,6.6,31,36,32,34,37
2017-01-03 06:00,2192,26,26,0.00,99,0.00,,6.1,1.6,0.14,0.14,3.2,1.5,1.1,4.1,6.3,31,36,32,33,37
2017-01-03 07:00,2192,26,25,0.00,97,0.72,,4.0,0.9,0.13,0.14,3.2,1.5,1.1,4.4,6.3,31,36,32,34,37
2017-01-03 08:00,2192,27,26,0.00,96,6.98,,3.1,0.5,0.14,0.14,3.2,1.9,1.4,2.9,6.3,31,36,32,34,37
2017-01-03 09:00,2192,28,27,0.00,93,13.07,,5.4,1.5,0.14,0.15,3.2,1.9,1.7,2.8,6.3,31,36,32,34,37
2017-01-03 10:00,2192,29,28,0.00,97,28.05,,5.7,1.5,0.15,0.15,2.9,1.9,1.7,3.5,6.3,31,36,32,33,37
2017-01-03 11:00,2192,30,29,0.00,96,128.70,,4.2,0.6,0.15,0.17,2.9,1.9,1.1,2.9,6.3,31,36,32,34,37
2017-01-03 12:00,2192,30,29,0.04,92,54.46,,1.8,0.4,0.15,0.16,2.9,1.9,1.1,3.3,6.3,31,36,32,34,37
2017-01-03 13:00,2192,30,29,0.02,94,30.11,,2.2,0.1,0.16,0.17,2.9,1.9,1.1,3.3,6.6,31,36,32,34,37
2017-01-03 14:00,2192,30,28,0.01,96,18.51,,6.3,1.2,0.15,0.16,3.4,1.6,0.9,4.1,6.6,31,36,32,33,37
2017-01-03 15:00,2192,29,28,0.01,99,9.68,,0.0,0.0,0.15,0.16,3.2,1.9,0.9,4.2,6.6,31,36,32,34,37
2017-01-03 16:00,2192,28,28,0.00,99,2.23,,0.0,0.0,0.15,0.15,3.4,1.9,1.7,4.4,6.6,31,36,32,33,37
2017-01-03 17:00,2192,28,28,0.00,100,0.00,,0.0,0.0,0.15,0.15,3.2,1.6,0.9,2.9,6.6,31,36,32,34,37
2017-01-03 18:00,2192,29,28,0.00,100,0.00,,0.0,0.0,0.15,0.15,3.2,1.6,1.5,3.1,6.3,31,36,32,34,37
2017-01-03 19:00,2192,29,29,0.00,100,0.00,,0.0,0.0,0.16,0.16,3.2,1.4,1.5,3.5,6.3,31,36,32,33,37
2017-01-03 20:00,2192,29,29,0.00,100,0.00,,0.0,0.0,0.16,0.16,3.2,1.4,1.5,4.1,6.6,31,36,32,33,37
2017-01-03 21:00,2192,30,29,0.00,100,0.00,,0.0,0.0,0.16,0.16,3.2,1.4,1.5,4.8,6.0,31,36,32,34,37
2017-01-03 22:00,2192,31,30,0.00,100,0.00,,0.3,0.0,0.17,0.17,3.2,1.1,1.5,3.2,6.8,31,36,32,34,37
2017-01-03 23:00,2192,31,30,0.00,100,0.00,,0.0,0.0,0.17,0.17,3.2,1.5,1.5,3.5,6.0,31,36,32,33,37
2017-01-04 00:00,2192,30,30,0.00,100,0.00,,0.0,0.0,0.17,0.17,3.5,1.1,1.7,3.2,6.3,31,36,32,34,37
2017-01-04 01:00,2192,31,30,0.00,100,0.00,,0.0,0.0,0.17,0.17,3.2,0.9,1.2,4.1,6.3,31,36,32,33,37
2017-01-04 02:00,2192,31,31,0.00,100,0.00,,0.0,0.0,0.17,0.17,3.5,1.6,1.7,4.8,6.3,31,36,32,34,37
2017-01-04 03:00,2192,31,31,0.00,100,0.00,,5.7,0.1,0.17,0.17,3.5,1.4,1.7,2.9,6.6,31,36,32,33,37
2017-01-04 04:00,2192,32,31,0.00,100,0.00,,4.0,1.2,0.18,0.18,3.5,1.4,1.7,3.1,6.6,31,36,32,34,37
2017-01-04 05:00,2192,32,31,0.03,100,0.00,,3.2,1.0,0.18,0.18,3.5,1.4,2.0,3.5,6.3,32,36,32,34,37
2017-01-04 06:00,2192,33,32,0.03,100,0.00,,3.6,1.4,0.18,0.18,3.4,1.1,1.7,3.8,6.3,32,36,32,34,37
2017-01-04 07:00,2192,33,32,0.03,99,2.65,,3.6,1.6,0.18,0.18,3.4,3.8,1.7,4.4,6.3,32,35,32,34,37
2017-01-04 08:00,2192,32,31,0.06,100,22.28,,3.6,1.4,0.18,0.18,3.6,7.2,1.5,3.2,6.3,32,35,32,34,37
2017-01-04 09:00,2192,31,31,0.03,100,40.49,,5.3,1.3,0.17,0.17,3.8,10.4,1.5,3.2,6.4,32,34,32,34,37
2017-01-04 10:00,2192,32,31,0.03,96,65.46,,10.7,0.8,0.17,0.17,3.7,11.4,1.5,2.8,6.8,32,35,32,33,37
2017-01-04 11:00,2192,32,30,0.05,91,92.20,,3.2,0.6,0.16,0.17,4.0,11.5,2.1,3.3,6.3,32,35,32,34,37
2017-01-04 12:00,2192,30,29,0.02,95,77.91,,4.3,1.0,0.15,0.17,3.8,11.6,1.9,4.1,6.3,32,35,32,33,37
2017-01-04 13:00,2192,30,29,0.02,91,96.70,,5.7,1.2,0.14,0.16,4.0,11.4,2.3,4.1,6.6,32,34,32,34,37
2017-01-04 14:00,2192,29,29,0.01,84,80.10,,5.2,1.1,0.13,0.16,3.9,11.1,2.3,4.1,6.8,32,35,32,33,37
2017-01-04 15:00,2192,29,28,0.01,80,49.25,,2.9,0.7,0.13,0.16,4.4,11.3,2.4,3.5,6.6,32,35,32,34,37
2017-01-04 16:00,2192,28,27,0.00,78,10.90,,3.0,0.4,0.12,0.15,4.6,11.0,2.2,2.8,6.6,32,35,32,34,37
2017-01-04 17:00,2192,27,25,0.00,85,0.02,,2.9,0.4,0.12,0.14,4.5,10.9,2.2,3.1,6.8,32,35,32,34,37
2017-01-04 18:00,2192,25,24,0.00,84,0.00,,2.9,0.3,0.12,0.13,4.4,11.0,2.2,4.4,7.1,32,35,32,34,37
2017-01-04 19:00,2192,24,24,0.00,90,0.00,,0.9,0.0,0.12,0.13,4.8,10.9,1.8,4.1,6.8,32,35,32,33,37
2017-01-04 20:00,2192,24,22,0.00,90,0.00,,2.5,0.2,0.11,0.12,4.4,10.8,2.1,3.2,6.6,32,35,32,34,37
2017-01-04 21:00,2192,22,22,0.00,93,0.00,,2.5,0.3,0.11,0.12,4.5,10.6,2.5,4.1,6.6,32,35,32,33,37
2017-01-04 22:00,2192,22,21,0.00,86,0.00,,1.1,0.1,0.10,0.12,4.9,10.6,2.4,3.7,6.6,32,35,32,34,37
2017-01-04 23:00,2192,21,21,0.00,92,0.00,,1.7,0.3,0.10,0.12,4.7,10.6,2.4,2.8,6.6,32,35,32,34,37
2017-01-05 00:00,2192,21,20,0.00,91,0.00,,3.1,0.8,0.10,0.11,4.5,10.4,2.6,2.9,6.6,32,35,32,34,37
2017-01-05 01:00,2192,20,19,0.00,84,0.00,,3.7,1.1,0.09,0.11,4.7,10.7,2.9,4.4,7.2,32,35,32,34,37
2017-01-05 02:00,2192,20,19,0.00,85,0.00,,1.9,0.4,0.09,0.11,5.3,10.3,2.7,2.9,6.6,32,35,32,34,37
2017-01-05 03:00,2192,20,18,0.00,84,0.00,,4.7,1.0,0.09,0.11,5.3,10.3,3.2,3.1,6.9,32,35,32,34,37
2017-01-05 04:00,2192,18,17,0.00,89,0.00,,2.0,0.4,0.09,0.10,5.1,9.9,3.2,3.7,7.0,32,35,32,34,37
2017-01-05 05:00,2192,17,17,0.00,94,0.00,,4.0,0.5,0.09,0.10,5.2,10.1,3.1,4.1,6.9,32,35,32,33,37
2017-01-05 06:00,2192,17,15,0.00,90,0.00,,2.6,0.4,0.08,0.09,4.9,9.9,3.2,3.5,6.7,32,35,32,33,37
2017-01-05 07:00,2192,15,14,0.00,89,3.28,,2.2,0.2,0.08,0.09,4.9,9.9,3.3,4.1,6.7,32,35,32,34,37
2017-01-05 08:00,2192,15,12,0.00,92,21.78,,4.7,1.0,0.08,0.09,4.9,9.9,3.6,3.7,6.7,32,35,32,33,37
2017-01-05 09:00,2192,15,11,0.00,84,68.57,,4.3,1.2,0.06,0.08,4.9,10.3,3.1,4.4,7.0,32,35,32,34,37
2017-01-05 10:00,2192,15,14,0.00,77,160.50,,6.4,2.3,0.06,0.09,5.1,9.9,3.8,3.5,6.7,32,35,32,34,37
2017-01-05 11:00,2192,19,14,0.00,72,255.20,,5.0,1.7,0.06,0.09,5.2,9.6,3.6,4.4,7.2,32,35,32,34,37
2017-01-05 12:00,2192,23,19,0.00,65,320.70,,4.8,1.4,0.07,0.12,5.0,10.1,4.2,4.1,6.8,32,35,32,34,37
2017-01-05 13:00,2192,22,21,0.00,60,108.00,,5.9,1.6,0.07,0.12,5.0,9.7,3.9,3.3,7.2,32,35,32,34,37
2017-01-05 14:00,2192,22,20,0.00,62,69.00,,5.8,1.4,0.07,0.12,5.0,9.9,4.0,2.8,6.8,32,35,32,34,37
2017-01-05 15:00,2192,20,18,0.00,67,23.06,,3.8,1.2,0.07,0.11,4.7,9.6,4.3,4.4,6.8,32,35,32,34,37
2017-01-05 16:00,2192,18,14,0.00,69,6.93,,2.7,0.3,0.07,0.09,5.0,9.6,4.3,3.3,6.8,32,35,32,34,37
2017-01-05 17:00,2192,14,10,0.00,79,0.05,,1.6,0.2,0.06,0.08,4.7,9.9,4.3,4.1,6.8,32,35,32,33,37
2017-01-05 18:00,2192,10,7,0.00,86,0.00,,2.2,0.3,0.06,0.07,4.7,9.7,4.0,3.5,6.8,32,35,32,33,37
2017-01-05 19:00,2192,7,5,0.00,91,0.00,,2.0,0.3,0.05,0.06,4.7,9.8,3.7,3.3,7.2,32,35,33,34,37
2017-01-05 20:00,2192,5,2,0.00,95,0.00,,1.3,0.2,0.05,0.05,4.7,9.8,4.3,3.2,6.8,32,35,32,33,37
2017-01-05 21:00,2192,2,2,0.00,91,0.00,,0.9,0.1,0.04,0.05,4.7,9.8,4.1,3.1,6.8,32,35,32,34,37
2017-01-05 22:00,2192,2,-1,0.00,91,0.00,,1.1,0.2,0.04,0.04,4.7,9.5,3.9,4.7,6.8,32,35,32,34,37
2017-01-05 23:00,2192,0,-3,0.00,92,0.00,,1.3,0.2,0.04,0.04,5.0,9.4,4.3,4.4,7.2,32,35,32,34,37
2017-01-06 00:00,2192,0,-3,0.00,88,0.00,,1.2,0.3,0.04,0.04,5.0,9.7,4.3,4.1,7.2,32,35,32,34,37
2017-01-06 01:00,2192,0,0,0.00,91,0.00,,1.1,0.1,0.04,0.04,5.0,9.6,4.4,3.1,6.8,32,35,32,34,37
2017-01-06 02:00,2192,0,-3,0.00,90,0.00,,1.4,0.4,0.04,0.04,5.2,9.6,4.3,3.5,6.8,32,35,33,34,37
2017-01-06 03:00,2192,0,-4,0.00,91,0.00,,1.8,0.4,0.04,0.04,4.9,9.6,4.3,2.8,6.8,32,35,33,34,37
2017-01-06 04:00,2192,1,-1,0.00,89,0.00,,2.1,0.4,0.04,0.04,4.8,9.6,4.4,4.4,6.8,32,35,33,34,37
2017-01-06 05:00,2192,6,0,0.00,91,0.00,,2.4,0.1,0.05,0.05,5.1,9.3,4.8,4.1,7.2,32,35,33,34,37
2017-01-06 06:00,2192,8,5,0.00,92,0.00,,4.3,0.3,0.06,0.06,4.9,9.3,4.5,4.1,7.2,32,35,33,34,37
2017-01-06 07:00,2192,9,8,0.00,91,4.47,,4.9,0.9,0.06,0.06,4.7,9.7,4.3,3.5,7.0,32,35,33,34,37
2017-01-06 08:00,2192,9,7,0.00,91,43.97,,5.0,1.1,0.06,0.06,4.5,9.4,4.7,4.4,6.8,32,35,33,34,37
2017-01-06 09:00,2192,12,8,0.00,90,79.38,,6.8,1.7,0.06,0.07,4.8,9.4,4.5,4.1,6.7,32,35,33,34,37
2017-01-06 10:00,2192,15,12,0.00,85,187.80,,6.5,1.6,0.06,0.08,4.0,9.4,4.5,4.1,6.8,32,35,33,34,37
2017-01-06 11:00,2192,16,15,0.00,74,286.10,,7.6,2.5,0.06,0.09,4.5,9.5,4.8,3.3,7.0,32,35,33,34,37
2017-01-06 12:00,2192,18,16,0.00,75,313.50,,8.9,2.9,0.07,0.10,4.6,9.7,4.6,3.5,7.2,32,35,33,34,37
2017-01-06 13:00,2192,16,15,0.00,75,150.40,,9.4,3.6,0.07,0.09,4.4,9.7,4.4,3.3,7.0,32,35,33,34,37
2017-01-06 14:00,2192,16,16,0.00,75,109.20,,11.0,4.0,0.07,0.09,4.5,9.4,4.4,4.1,7.0,32,35,33,34,37
2017-01-06 15:00,2192,16,15,0.00,77,86.70,,10.6,3.7,0.07,0.09,4.1,9.1,4.4,3.5,6.7,32,35,33,34,37
2017-01-06 16:00,2192,15,13,0.00,80,16.06,,9.8,4.1,0.07,0.09,4.2,9.4,4.6,3.2,6.7,32,35,33,34,37
2017-01-06 17:00,2192,13,13,0.00,86,0.01,,9.1,4.4,0.07,0.08,3.8,9.1,4.6,3.3,6.7,32,35,33,34,37
2017-01-06 18:00,2192,13,13,0.00,88,0.00,,12.1,4.2,0.07,0.08,4.0,9.3,4.5,3.2,7.2,32,35,33,34,37
2017-01-06 19:00,2192,13,13,0.00,90,0.00,,11.6,3.8,0.07,0.08,4.0,9.3,4.4,4.1,6.7,32,35,33,34,37
2017-01-06 20:00,2192,13,13,0.00,89,0.00,,8.9,3.9,0.07,0.08,4.1,9.3,4.7,3.7,6.7,32,35,33,34,37
2017-01-06 21:00,2192,13,13,0.00,91,0.00,,9.2,3.4,0.07,0.08,4.1,8.9,4.5,3.1,6.5,32,35,33,34,37
2017-01-06 22:00,2192,13,13,0.00,91,0.00,,7.8,2.3,0.07,0.08,4.1,9.2,4.5,4.1,6.9,32,35,33,34,37
2017-01-06 23:00,2192,13,13,0.00,92,0.00,,7.5,2.3,0.08,0.08,3.5,9.2,4.5,3.3,6.6,32,35,33,34,37
2017-01-07 00:00,2192,14,13,0.00,92,0.00,,6.7,1.7,0.08,0.08,3.7,8.9,5.0,4.1,6.9,32,35,33,34,37
2017-01-07 01:00,2192,14,14,0.00,89,0.00,,8.9,3.7,0.08,0.09,3.7,8.9,4.9,4.1,6.9,32,35,33,34,37
2017-01-07 02:00,2192,15,14,0.00,91,0.00,,8.6,3.3,0.08,0.09,3.7,9.1,4.9,3.3,6.9,32,35,33,34,37
2017-01-07 03:00,2192,15,14,0.00,91,0.00,,7.6,2.5,0.08,0.09,3.7,9.1,5.1,3.3,6.9,32,35,33,34,37
2017-01-07 04:00,2192,14,13,0.00,92,0.00,,9.1,3.1,0.08,0.08,3.9,9.1,5.1,4.8,6.9,32,35,33,34,37
2017-01-07 05:00,2192,14,14,0.00,93,0.00,,7.9,2.2,0.08,0.09,3.7,9.2,5.1,2.8,6.9,32,35,33,34,37
2017-01-07 06:00,2192,14,14,0.00,91,0.00,,10.7,3.2,0.08,0.09,4.2,9.2,5.3,3.5,6.9,32,35,33,34,37
2017-01-07 07:00,2192,15,14,0.00,93,5.42,,9.4,3.3,0.08,0.09,3.9,9.2,5.1,3.1,6.5,32,35,33,34,37
2017-01-07 08:00,2192,15,15,0.00,94,25.42,,11.6,3.6,0.08,0.09,4.2,9.2,5.6,4.4,6.9,32,35,33,34,37
2017-01-07 09:00,2192,17,15,0.00,95,80.60,,11.3,3.6,0.09,0.09,4.2,9.2,5.3,4.1,6.9,32,35,33,34,37
2017-01-07 10:00,2192,19,17,0.00,93,165.70,,11.9,3.9,0.09,0.10,3.8,8.9,5.3,4.1,6.9,32,35,33,34,37
2017-01-07 11:00,2192,20,19,0.00,91,167.10,,14.8,7.0,0.09,0.11,4.2,8.9,5.3,3.3,6.9,32,35,33,34,37
2017-01-07 12:00,2192,24,20,0.00,89,135.60,,16.4,6.8,0.10,0.12,3.8,8.9,5.2,3.7,6.9,32,35,33,34,37
2017-01-07 13:00,2192,30,24,0.00,93,130.90,,9.4,2.1,0.13,0.14,4.2,9.1,5.2,2.8,6.9,32,35,33,34,37
2017-01-07 14:00,2192,31,29,0.00,95,105.50,,4.5,1.0,0.16,0.17,3.8,8.7,5.5,4.1,6.6,32,35,33,34,37
2017-01-07 15:00,2192,32,29,0.00,98,47.90,,4.3,1.2,0.17,0.17,4.2,9.1,5.5,4.1,6.9,32,35,33,34,37
2017-01-07 16:00,2192,35,32,0.07,100,12.20,,3.3,1.5,0.19,0.19,3.8,8.7,5.5,3.5,6.9,32,35,33,34,37
2017-01-07 17:00,2192,36,34,0.05,100,0.03,,3.5,1.4,0.21,0.21,3.8,8.7,5.5,3.5,7.0,32,35,33,34,37
2017-01-07 18:00,2192,34,32,0.01,100,0.00,,3.4,0.5,0.19,0.19,3.8,8.7,5.5,2.8,6.9,32,35,33,34,37
2017-01-07 19:00,2192,33,32,0.01,100,0.00,,3.9,0.5,0.18,0.18,4.2,8.7,5.5,4.1,6.6,32,35,33,34,37
2017-01-07 20:00,2192,34,33,0.11,100,0.00,,5.3,1.4,0.19,0.19,4.0,8.7,5.5,3.5,6.6,32,35,33,34,37
2017-01-07 21:00,2192,33,32,0.05,100,0.00,,5.2,0.8,0.19,0.19,4.2,8.7,5.5,3.2,6.6,32,35,33,34,37
2017-01-07 22:00,2192,34,32,0.03,100,0.00,,5.8,1.7,0.18,0.18,3.7,8.8,5.4,3.3,6.6,32,35,33,34,37
2017-01-07 23:00,2192,35,34,0.07,100,0.00,,7.2,3.4,0.20,0.20,3.7,8.7,5.6,3.5,7.0,32,35,33,34,37
2017-01-08 00:00,2192,34,33,0.06,100,0.00,,8.1,3.6,0.19,0.19,3.7,8.8,5.0,4.1,6.6,32,35,33,34,37
2017-01-08 01:00,2192,33,33,0.06,100,0.00,,9.5,3.6,0.19,0.19,4.3,8.7,5.1,2.9,6.6,32,35,33,34,37
2017-01-08 02:00,2192,33,33,0.10,100,0.00,,10.2,3.7,0.19,0.19,4.3,8.7,5.5,3.3,6.9,32,35,33,34,37
2017-01-08 03:00,2192,33,32,0.13,100,0.00,,7.5,3.1,0.18,0.18,3.7,9.2,5.7,3.5,6.9,32,35,33,34,37
2017-01-08 04:00,2192,33,32,0.12,100,0.00,,7.6,2.3,0.18,0.18,4.2,10.4,5.6,3.6,8.6,32,35,33,34,37
2017-01-08 05:00,2192,33,32,0.15,100,0.00,,6.5,2.2,0.18,0.18,4.6,12.6,6.2,4.1,9.4,32,35,33,34,37
2017-01-08 06:00,2192,32,31,0.15,100,0.00,,7.9,2.3,0.18,0.18,8.1,13.4,8.1,8.2,10.8,32,35,33,33,37
2017-01-08 07:00,2192,32,31,0.05,100,1.64,,10.4,2.5,0.17,0.17,9.3,13.9,8.7,8.5,11.3,32,35,33,33,36
2017-01-08 08:00,2192,33,32,0.17,100,10.11,,9.3,2.9,0.18,0.18,9.6,13.8,9.5,8.2,12.0,32,35,33,33,36
2017-01-08 09:00,2192,33,33,0.15,100,14.33,,8.0,2.9,0.19,0.19,10.1,14.0,9.5,8.9,11.6,32,35,33,33,36
2017-01-08 10:00,2192,35,33,0.13,100,23.93,,13.6,4.2,0.19,0.19,10.5,15.6,9.5,10.1,11.0,32,34,33,33,36
2017-01-08 11:00,2192,37,35,0.13,100,34.55,,10.5,5.6,0.21,0.21,10.9,16.1,9.6,10.5,11.7,32,34,33,33,36
2017-01-08 12:00,2192,39,37,0.09,100,34.13,,10.0,4.5,0.23,0.23,11.0,16.6,9.7,11.5,12.2,32,34,33,32,36
2017-01-08 13:00,2192,40,39,0.11,98,27.40,,10.2,3.8,0.24,0.24,11.1,16.1,9.8,10.3,11.9,32,34,33,32,36
2017-01-08 14:00,2192,39,38,0.16,100,15.59,,9.4,4.2,0.24,0.24,11.4,16.1,9.8,10.2,12.3,32,34,33,32,35
2017-01-08 15:00,2192,40,38,0.13,99,9.65,,8.9,3.4,0.24,0.24,11.3,16.7,10.0,10.3,12.0,32,34,32,32,35
2017-01-08 16:00,2192,40,39,0.04,99,3.33,,11.3,3.9,0.24,0.25,11.9,16.8,9.9,11.4,12.0,32,34,32,32,35
2017-01-08 17:00,2192,40,38,0.05,96,0.00,,8.8,2.7,0.24,0.24,11.7,16.2,10.1,10.3,12.4,32,34,32,32,35
2017-01-08 18:00,2192,40,38,0.05,96,0.00,,9.8,2.9,0.22,0.24,11.4,15.6,9.9,9.8,12.4,32,35,32,32,35
2017-01-08 19:00,2192,38,37,0.02,97,0.00,,5.7,2.0,0.22,0.23,11.6,15.7,10.1,8.9,11.6,32,35,32,32,35
2017-01-08 20:00,2192,38,37,0.03,96,0.00,,7.0,3.2,0.22,0.22,11.2,15.1,9.7,8.9,11.4,32,35,32,32,35
2017-01-08 21:00,2192,38,36,0.01,96,0.00,,9.0,2.9,0.21,0.22,11.2,14.7,9.6,9.2,11.1,32,35,32,33,35
2017-01-08 22:00,2192,36,35,0.05,98,0.00,,5.8,2.6,0.21,0.21,10.7,14.4,9.7,8.1,11.0,32,35,33,32,35
2017-01-08 23:00,2192,36,35,0.05,98,0.00,,5.2,1.8,0.21,0.21,11.0,14.2,9.5,7.4,10.7,32,35,33,33,35
2017-01-09 00:00,2192,35,34,0.02,99,0.00,,7.2,1.9,0.20,0.20,10.9,14.3,9.4,8.1,10.5,32,35,33,33,35
2017-01-09 01:00,2192,34,33,0.02,100,0.00,,3.3,1.4,0.19,0.19,10.8,14.4,9.3,7.9,10.8,32,35,33,33,35
2017-01-09 02:00,2192,34,33,0.00,100,0.00,,5.0,2.4,0.19,0.19,10.7,13.9,9.8,7.0,10.5,32,35,33,33,35
2017-01-09 03:00,2192,33,32,0.00,95,0.00,,7.4,2.6,0.18,0.19,10.6,13.6,9.4,6.9,10.5,32,35,32,33,35
2017-01-09 04:00,2192,32,32,0.00,94,0.00,,6.5,3.1,0.17,0.18,10.4,13.1,9.3,7.5,10.3,32,35,33,33,35
2017-01-09 05:00,2192,32,32,0.00,91,0.00,,7.4,3.6,0.16,0.18,10.2,12.8,9.2,6.9,10.0,32,35,33,33,35
2017-01-09 06:00,2192,32,32,0.00,87,0.00,,5.9,3.0,0.16,0.18,9.9,12.5,8.9,6.3,10.0,32,35,33,33,35
2017-01-09 07:00,2192,32,31,0.00,93,4.22,,4.2,1.9,0.17,0.17,9.8,12.3,8.9,6.0,9.7,32,35,33,33,35
2017-01-09 08:00,2192,31,31,0.00,86,36.23,,6.3,3.1,0.15,0.18,9.5,12.0,8.6,5.9,9.5,32,35,33,33,35
2017-01-09 09:00,2192,31,30,0.00,80,87.40,,6.0,3.4,0.15,0.17,9.7,11.9,8.6,5.6,9.3,32,35,33,33,35
2017-01-09 10:00,2192,33,31,0.00,82,153.30,,4.8,2.7,0.14,0.18,9.3,11.8,8.3,5.6,9.1,32,35,33,33,35
2017-01-09 11:00,2192,33,31,0.00,79,178.50,,5.3,2.9,0.15,0.18,9.3,11.6,8.9,5.5,8.5,32,35,33,33,35
2017-01-09 12:00,2192,32,31,0.00,83,210.60,,8.2,3.6,0.14,0.18,9.3,11.3,8.2,5.5,8.8,32,35,33,33,35
2017-01-09 13:00,2192,32,30,0.00,79,158.30,,6.2,3.6,0.15,0.18,9.2,11.5,8.3,5.2,8.7,32,35,33,33,35
2017-01-09 14:00,2192,30,29,0.01,91,75.09,,4.6,2.5,0.16,0.17,9.3,11.2,8.3,5.7,8.9,32,35,33,33,35
2017-01-09 15:00,2192,30,29,0.00,100,48.28,,3.1,1.5,0.16,0.17,9.4,11.3,8.1,6.0,8.9,32,35,33,33,35
2017-01-09 16:00,2192,30,29,0.00,99,12.73,,3.1,1.4,0.16,0.17,9.1,11.2,8.2,6.1,8.4,32,35,33,33,36
2017-01-09 17:00,2192,30,29,0.00,99,0.03,,4.5,2.6,0.16,0.16,9.3,11.0,8.2,5.2,8.6,32,35,33,33,36
2017-01-09 18:00,2192,30,29,0.00,99,0.00,,6.6,2.6,0.16,0.17,8.9,11.2,7.5,5.5,8.7,32,35,33,33,36
2017-01-09 19:00,2192,30,30,0.00,100,0.00,,6.2,2.3,0.17,0.17,8.6,10.9,7.8,5.3,8.7,32,35,33,33,36
2017-01-09 20:00,2192,30,30,0.00,100,0.00,,6.0,2.2,0.17,0.17,9.1,11.0,7.8,5.3,8.4,32,35,33,33,36
2017-01-09 21:00,2192,30,30,0.00,100,0.00,,5.6,1.9,0.17,0.17,8.7,10.8,7.8,5.0,8.2,32,35,33,33,36
2017-01-09 22:00,2192,30,30,0.00,100,0.00,,0.0,0.0,0.17,0.17,8.7,10.8,7.8,5.3,8.5,32,35,33,33,36
2017-01-09 23:00,2192,30,30,0.00,100,0.00,,0.0,0.0,0.17,0.17,8.7,10.9,7.6,5.0,8.0,32,35,33,33,36
2017-01-10 00:00,2192,30,30,0.00,100,0.00,,0.0,0.0,0.17,0.17,8.6,11.0,7.3,5.5,8.3,32,35,33,33,36
2017-01-10 01:00,2192,30,30,0.00,100,0.00,,0.0,0.0,0.17,0.17,8.9,10.6,8.0,5.3,8.5,32,35,33,33,36
2017-01-10 02:00,2192,30,30,0.00,100,0.00,,0.0,0.0,0.17,0.17,8.5,10.8,7.9,4.4,8.3,32,35,33,33,36
2017-01-10 03:00,2192,30,30,0.00,100,0.00,,0.0,0.0,0.17,0.17,8.6,10.6,7.9,5.9,8.0,32,35,33,33,36
2017-01-10 04:00,2192,30,30,0.00,100,0.00,,0.0,0.0,0.17,0.17,8.6,10.6,7.6,5.3,7.8,32,35,33,33,36
2017-01-10 05:00,2192,30,30,0.00,100,0.00,,0.0,0.0,0.17,0.17,8.3,10.8,7.5,4.8,8.0,32,35,33,33,36
2017-01-10 06:00,2192,31,30,0.00,100,0.00,,0.0,0.0,0.17,0.17,8.7,11.0,8.0,5.9,8.0,32,35,33,33,36
2017-01-10 07:00,2192,31,30,0.00,100,1.19,,0.0,0.0,0.17,0.17,8.2,10.6,7.7,4.4,7.8,32,35,33,33,36
2017-01-10 08:00,2192,30,30,0.00,100,8.52,,0.1,0.0,0.17,0.17,8.2,10.7,7.7,5.6,8.0,32,35,33,33,36
2017-01-10 09:00,2192,31,30,0.02,100,10.52,,1.9,0.0,0.17,0.17,8.7,10.8,7.8,5.3,8.2,32,35,33,33,36
2017-01-10 10:00,2192,31,31,0.02,100,16.05,,6.4,0.6,0.17,0.17,9.3,10.9,7.8,4.7,8.0,32,35,33,33,36
2017-01-10 11:00,2192,32,31,0.06,100,20.17,,6.2,2.0,0.17,0.17,9.4,11.2,7.7,5.5,8.3,32,35,33,33,36
2017-01-10 12:00,2192,32,32,0.14,99,34.97,,8.2,2.8,0.18,0.18,9.3,11.3,7.8,4.4,8.3,32,35,33,33,36
2017-01-10 13:00,2192,32,31,0.11,99,26.95,,6.9,2.5,0.18,0.18,9.9,12.7,7.6,5.7,7.8,32,35,33,33,36
2017-01-10 14:00,2192,31,31,0.09,100,15.59,,8.0,2.3,0.17,0.17,10.4,13.1,8.4,4.4,7.9,32,35,33,33,36
2017-01-10 15:00,2192,31,31,0.08,100,9.35,,6.0,2.3,0.17,0.17,11.0,13.6,8.9,5.2,7.9,32,35,33,33,36
2017-01-10 16:00,2192,31,30,0.05,100,1.68,,3.6,0.7,0.17,0.17,11.2,14.8,9.0,6.2,8.1,32,35,33,33,36
2017-01-10 17:00,2192,30,30,0.02,100,0.00,,0.0,0.0,0.17,0.17,11.7,14.5,9.6,7.4,8.3,32,35,32,33,36
2017-01-10 18:00,2192,30,30,0.02,100,0.00,,0.0,0.0,0.17,0.17,11.5,14.1,9.5,7.5,7.8,32,35,33,33,36
2017-01-10 19:00,2192,31,30,0.01,100,0.00,,0.0,0.0,0.17,0.17,11.3,13.7,9.8,7.5,8.5,32,35,33,33,36
2017-01-10 20:00,2192,33,31,0.06,100,0.00,,6.8,1.8,0.18,0.18,10.7,13.2,9.4,7.9,8.3,32,35,33,33,36
2017-01-10 21:00,2192,33,32,0.09,100,0.00,,5.0,2.1,0.18,0.18,10.5,13.3,9.1,6.4,9.1,32,35,33,33,36
2017-01-10 22:00,2192,32,31,0.07,99,0.00,,7.0,2.2,0.17,0.18,10.4,12.7,9.4,6.8,9.1,32,35,33,33,36
2017-01-10 23:00,2192,32,31,0.03,98,0.00,,3.6,1.4,0.17,0.18,10.6,12.8,9.2,6.0,9.5,32,35,33,33,36
2017-01-11 00:00,2192,32,31,0.01,95,0.00,,6.0,2.9,0.17,0.18,10.4,12.5,9.2,6.8,9.5,32,35,33,33,36
2017-01-11 01:00,2192,31,30,0.02,96,0.00,,4.3,1.2,0.17,0.17,10.2,12.6,9.2,6.0,9.0,32,35,33,33,36
2017-01-11 02:00,2192,30,30,0.00,100,0.00,,0.4,0.0,0.17,0.17,9.9,12.3,8.9,6.9,9.2,32,35,33,33,36
2017-01-11 03:00,2192,30,30,0.01,100,0.00,,0.0,0.0,0.17,0.17,10.0,12.2,9.0,7.0,8.8,32,35,33,33,36
2017-01-11 04:00,2192,30,30,0.00,100,0.00,,0.0,0.0,0.17,0.17,9.8,12.0,9.2,6.6,9.0,32,35,33,33,36
2017-01-11 05:00,2192,30,29,0.00,100,0.00,,0.0,0.0,0.17,0.17,9.6,11.8,8.8,6.3,8.8,32,35,33,33,36
2017-01-11 06:00,2192,30,29,0.01,100,0.00,,0.0,0.0,0.16,0.16,9.6,11.8,8.5,6.7,8.8,32,35,33,33,36
2017-01-11 07:00,2192,29,29,0.00,100,2.27,,0.0,0.0,0.16,0.16,9.6,11.5,8.8,5.7,8.5,32,35,33,33,36
2017-01-11 08:00,2192,30,29,0.00,99,16.56,,0.0,0.0,0.16,0.16,9.5,11.4,8.8,6.8,8.7,32,35,33,33,36
2017-01-11 09:00,2192,31,30,0.01,91,30.74,,2.7,0.2,0.15,0.17,9.3,11.4,8.4,5.5,8.6,32,35,33,33,36
2017-01-11 10:00,2192,31,30,0.05,90,41.46,,2.5,0.3,0.15,0.17,9.2,11.4,8.6,6.2,8.6,32,35,33,33,36
2017-01-11 11:00,2192,36,31,0.25,89,264.20,,5.5,1.2,0.16,0.19,9.1,11.1,8.4,5.9,8.7,32,35,33,33,36
2017-01-11 12:00,2192,36,32,0.22,78,426.10,,3.7,1.3,0.15,0.21,9.4,11.4,8.5,5.8,8.2,32,35,33,33,36
2017-01-11 13:00,2192,33,32,0.06,79,116.70,,2.7,1.3,0.14,0.19,9.4,11.3,8.6,5.4,8.4,32,35,33,33,36
2017-01-11 14:00,2192,33,31,0.07,76,115.10,,2.8,0.7,0.14,0.19,9.3,11.4,8.5,5.2,8.5,32,35,33,33,36
2017-01-11 15:00,2192,31,30,0.03,88,61.11,,3.1,0.7,0.15,0.17,9.5,11.4,8.1,5.8,8.7,32,35,33,34,36
2017-01-11 16:00,2192,30,28,0.00,86,10.51,,2.3,0.4,0.15,0.16,9.3,11.4,8.1,5.0,8.4,32,35,33,33,36
2017-01-11 17:00,2192,28,27,0.00,98,0.17,,2.5,0.5,0.15,0.15,9.2,11.3,8.1,6.0,8.2,32,35,33,33,36
2017-01-11 18:00,2192,28,27,0.00,95,0.00,,6.3,1.6,0.14,0.15,9.1,11.1,7.9,5.0,8.4,32,35,33,33,36
2017-01-11 19:00,2192,28,27,0.00,79,0.00,,4.6,1.4,0.12,0.15,9.4,11.2,8.1,5.0,8.4,32,35,33,33,36
2017-01-11 20:00,2192,27,27,0.00,94,0.00,,3.3,0.3,0.14,0.15,9.3,11.3,8.2,4.8,8.0,32,35,33,33,36
2017-01-11 21:00,2192,27,26,0.00,96,0.00,,2.0,0.1,0.14,0.14,8.8,11.0,8.1,5.3,8.4,32,35,33,33,36
2017-01-11 22:00,2192,27,26,0.00,99,0.00,,2.4,0.3,0.14,0.14,8.6,11.2,8.2,5.0,8.3,32,35,33,33,36
2017-01-11 23:00,2192,26,24,0.00,97,0.00,,1.2,0.1,0.13,0.14,9.1,11.0,7.9,4.7,8.3,32,35,33,33,36
2017-01-12 00:00,2192,24,23,0.00,100,0.00,,1.9,0.3,0.13,0.13,8.6,11.0,8.1,5.0,8.2,32,35,33,33,36
2017-01-12 01:00,2192,24,22,0.00,100,0.00,,1.4,0.1,0.12,0.12,8.9,10.8,8.1,4.8,8.2,32,35,33,33,36
2017-01-12 02:00,2192,23,22,0.00,100,0.00,,3.3,0.5,0.12,0.12,8.5,11.0,8.1,5.0,8.3,32,35,33,33,36
2017-01-12 03:00,2192,24,22,0.00,99,0.00,,2.7,0.6,0.12,0.12,8.3,10.8,7.8,5.2,7.8,32,35,33,33,36
2017-01-12 04:00,2192,22,20,0.00,99,0.00,,1.4,0.4,0.12,0.12,8.7,10.9,7.8,4.6,8.0,32,35,33,33,36
2017-01-12 05:00,2192,20,18,0.00,100,0.00,,1.1,0.2,0.10,0.10,8.4,10.9,8.0,5.3,8.0,32,35,33,33,36
2017-01-12 06:00,2192,18,16,0.00,100,0.00,,1.5,0.6,0.09,0.09,8.6,11.0,7.6,5.5,8.1,32,35,33,33,36
2017-01-12 07:00,2192,17,14,0.00,99,2.00,,1.8,0.5,0.09,0.09,8.4,10.6,7.6,4.8,8.0,32,35,33,34,36
2017-01-12 08:00,2192,19,17,0.00,99,17.47,,2.5,0.6,0.10,0.10,8.2,10.8,7.8,5.3,8.0,32,35,33,33,36
2017-01-12 09:00,2192,22,19,0.00,96,34.90,,2.5,0.7,0.11,0.11,8.4,10.6,7.7,4.7,8.1,32,35,33,33,36
2017-01-12 10:00,2192,25,22,0.00,94,64.37,,2.7,0.7,0.12,0.13,8.1,10.6,7.9,4.4,7.7,32,35,33,33,36
2017-01-12 11:00,2192,27,25,0.00,82,61.46,,4.4,0.7,0.12,0.14,8.3,10.8,7.9,4.8,7.8,32,35,33,33,36
2017-01-12 12:00,2192,27,26,0.02,87,78.53,,4.8,1.0,0.13,0.14,8.1,10.8,7.9,5.1,7.8,32,35,33,33,36
2017-01-12 13:00,2192,28,27,0.05,85,93.00,,3.3,1.0,0.12,0.15,8.1,11.0,7.3,4.8,8.2,32,35,33,33,36
2017-01-12 14:00,2192,28,27,0.01,80,42.70,,4.2,1.3,0.13,0.15,7.8,10.7,7.7,4.4,8.1,32,35,33,33,36
2017-01-12 15:00,2192,27,27,0.00,91,27.90,,4.1,1.1,0.14,0.15,8.1,10.6,7.7,4.4,7.8,32,35,33,34,36
2017-01-12 16:00,2192,27,26,0.01,92,6.81,,2.2,0.2,0.13,0.14,8.2,10.5,7.7,5.1,8.1,32,35,33,34,36
2017-01-12 17:00,2192,26,25,0.00,95,0.05,,1.7,0.1,0.13,0.14,8.1,10.5,7.7,4.4,7.9,32,35,33,34,36
2017-01-12 18:00,2192,25,24,0.00,96,0.00,,1.1,0.1,0.13,0.13,7.6,10.4,7.7,4.4,7.8,32,35,33,34,36
2017-01-12 19:00,2192,24,22,0.00,98,0.00,,1.7,0.1,0.12,0.12,7.7,10.6,7.9,5.7,7.8,32,35,33,33,36
2017-01-12 20:00,2192,22,18,0.00,99,0.00,,1.1,0.0,0.11,0.11,7.9,10.6,7.9,5.0,7.8,32,35,33,33,36
2017-01-12 21:00,2192,18,17,0.00,100,0.00,,1.5,0.3,0.10,0.10,7.9,10.6,7.9,4.4,7.9,32,35,33,34,36
2017-01-12 22:00,2192,17,17,0.00,100,0.00,,1.0,0.1,0.10,0.10,7.8,10.8,7.7,4.8,7.6,32,35,33,33,36
2017-01-12 23:00,2192,18,17,0.00,100,0.00,,1.2,0.2,0.10,0.10,7.8,10.7,7.7,4.4,7.9,32,35,33,34,36
2017-01-13 00:00,2192,18,17,0.00,99,0.00,,1.6,0.1,0.10,0.10,7.7,10.6,7.6,4.4,8.0,32,35,33,34,36
2017-01-13 01:00,2192,17,14,0.00,99,0.00,,1.1,0.2,0.09,0.09,7.7,10.6,7.7,4.4,7.8,32,35,33,33,36
2017-01-13 02:00,2192,14,13,0.00,98,0.00,,1.1,0.1,0.08,0.08,7.9,10.6,7.7,5.0,8.0,32,35,33,33,36
2017-01-13 03:00,2192,14,11,0.00,99,0.00,,1.4,0.0,0.08,0.08,7.6,10.7,7.6,4.8,7.6,32,35,33,33,36
2017-01-13 04:00,2192,11,11,0.00,97,0.00,,1.2,0.1,0.07,0.07,7.6,10.3,7.4,4.8,7.6,32,35,33,33,36
2017-01-13 05:00,2192,11,9,0.00,97,0.00,,2.0,0.2,0.07,0.07,7.7,10.3,7.7,4.4,7.6,32,35,33,33,36
2017-01-13 06:00,2192,10,7,0.00,97,0.00,,2.3,0.2,0.06,0.06,7.4,10.3,7.4,4.8,8.0,32,35,33,34,36
2017-01-13 07:00,2192,8,7,0.00,94,2.54,,1.0,0.2,0.06,0.06,7.7,10.3,7.4,5.5,7.6,32,35,33,34,36
2017-01-13 08:00,2192,8,7,0.00,95,9.95,,1.3,0.2,0.06,0.06,7.7,10.3,7.6,4.8,7.6,32,35,33,34,36
2017-01-13 09:00,2192,17,8,0.00,95,56.59,,2.1,0.6,0.07,0.08,7.7,10.3,7.6,4.8,7.6,32,35,33,34,36
2017-01-13 10:00,2192,26,17,0.02,92,180.20,,2.2,0.6,0.09,0.11,7.2,10.5,7.6,4.4,7.5,32,35,33,34,36
2017-01-13 11:00,2192,24,21,0.09,80,267.10,,3.5,0.9,0.09,0.12,7.4,10.5,7.6,4.1,7.5,32,35,33,33,36
2017-01-13 12:00,2192,33,24,0.02,73,429.40,,3.8,1.3,0.10,0.15,7.4,10.5,7.6,4.9,7.3,32,36,33,33,36
2017-01-13 13:00,2192,33,31,0.00,53,119.40,,5.9,1.7,0.10,0.18,7.4,10.5,7.3,4.1,7.6,32,35,33,34,36
2017-01-13 14:00,2192,31,29,0.00,56,90.10,,5.8,1.7,0.10,0.17,7.5,10.5,7.4,4.1,7.7,32,35,33,34,36
2017-01-13 15:00,2192,29,29,0.00,62,23.53,,4.1,1.0,0.10,0.16,7.7,10.2,7.6,4.3,7.3,32,35,33,34,36
2017-01-13 16:00,2192,29,25,0.00,66,9.38,,4.3,0.5,0.10,0.15,7.5,10.2,7.4,4.1,7.8,32,35,33,34,36
2017-01-13 17:00,2192,25,20,0.00,74,0.21,,2.5,0.5,0.10,0.13,7.2,10.3,7.3,5.2,7.5,32,35,33,34,36
2017-01-13 18:00,2192,20,18,0.00,89,0.00,,1.9,0.2,0.09,0.11,7.2,10.3,7.1,5.2,7.7,32,35,33,34,36
2017-01-13 19:00,2192,19,18,0.00,90,0.00,,2.0,0.1,0.09,0.10,7.2,10.3,7.4,4.9,7.3,32,35,33,34,36
2017-01-13 20:00,2192,18,16,0.00,91,0.00,,3.5,0.8,0.09,0.10,7.0,9.9,7.1,4.4,7.5,32,35,33,34,36
2017-01-13 21:00,2192,18,15,0.00,89,0.00,,2.0,0.6,0.09,0.09,7.2,9.9,7.4,4.1,7.8,32,35,33,34,36
2017-01-13 22:00,2192,15,14,0.00,97,0.00,,3.8,0.7,0.09,0.09,7.2,9.9,7.1,4.6,7.3,32,35,33,34,36
2017-01-13 23:00,2192,22,15,0.00,97,0.00,,5.0,1.4,0.09,0.11,7.0,9.9,7.6,3.8,7.2,32,35,33,34,36
2017-01-14 00:00,2192,23,22,0.00,84,0.00,,3.6,1.2,0.10,0.12,7.0,9.9,7.3,4.3,7.4,32,35,33,34,36
2017-01-14 01:00,2192,24,23,0.00,84,0.00,,3.1,1.0,0.11,0.12,6.7,10.1,7.1,4.9,7.3,32,35,33,34,36
2017-01-14 02:00,2192,25,24,0.00,83,0.00,,3.9,1.3,0.11,0.13,7.2,10.1,7.3,5.5,7.1,32,35,33,34,36
2017-01-14 03:00,2192,25,25,0.00,84,0.00,,6.0,1.5,0.11,0.13,7.2,10.1,7.4,4.6,7.4,32,35,33,33,36
2017-01-14 04:00,2192,25,25,0.00,85,0.00,,4.5,1.4,0.12,0.14,7.0,10.1,7.3,3.5,7.3,32,35,33,34,36
2017-01-14 05:00,2192,25,25,0.00,86,0.00,,5.8,1.6,0.12,0.13,7.0,9.8,7.3,4.3,7.1,32,35,33,34,36
2017-01-14 06:00,2192,25,25,0.00,87,0.00,,4.9,1.5,0.12,0.14,6.8,10.1,7.4,4.6,7.7,32,35,33,34,36
2017-01-14 07:00,2192,26,25,0.00,87,2.08,,6.5,1.2,0.12,0.14,6.7,9.8,7.4,4.9,7.4,32,35,33,34,36
2017-01-14 08:00,2192,26,25,0.00,88,32.14,,5.2,1.2,0.12,0.14,6.8,9.9,7.4,5.2,7.1,32,35,33,34,36
2017-01-14 09:00,2192,27,26,0.00,85,67.03,,3.9,1.1,0.12,0.14,6.5,9.9,7.3,4.9,7.4,32,35,33,34,36
2017-01-14 10:00,2192,28,27,0.00,83,120.00,,4.5,1.2,0.12,0.15,6.5,10.3,7.0,4.3,7.3,32,35,33,34,36
2017-01-14 11:00,2192,29,28,0.00,80,140.20,,5.0,1.4,0.12,0.16,7.0,9.9,7.4,3.8,7.4,32,35,33,34,36
2017-01-14 12:00,2192,29,28,0.00,82,137.20,,8.1,1.5,0.13,0.16,6.5,10.3,7.0,4.6,7.4,32,36,33,34,36
2017-01-14 13:00,2192,29,29,0.00,81,128.30,,7.9,1.9,0.13,0.16,6.6,9.9,7.0,4.6,7.7,32,35,33,34,36
2017-01-14 14:00,2192,29,28,0.00,83,98.80,,8.2,1.7,0.13,0.16,6.5,10.3,7.0,4.0,7.6,32,36,33,34,36
2017-01-14 15:00,2192,28,28,0.00,83,56.71,,5.1,1.7,0.13,0.15,6.1,9.9,7.2,3.8,7.6,32,35,33,34,36
2017-01-14 16:00,2192,28,27,0.00,86,12.86,,3.9,1.2,0.13,0.15,6.3,10.0,7.2,4.6,7.6,32,36,33,34,36
2017-01-14 17:00,2192,27,27,0.00,87,0.08,,5.5,1.2,0.13,0.15,6.3,9.9,7.4,4.6,7.6,32,35,33,34,36
2017-01-14 18:00,2192,27,26,0.00,88,0.00,,4.8,0.9,0.13,0.14,6.3,10.0,7.4,4.0,7.6,32,35,33,34,36
2017-01-14 19:00,2192,26,26,0.00,89,0.00,,6.8,1.1,0.13,0.14,6.1,10.0,7.1,4.1,7.6,32,35,33,34,36
2017-01-14 20:00,2192,26,26,0.00,90,0.00,,4.4,1.1,0.13,0.14,6.1,10.0,7.4,3.6,7.0,32,35,33,34,36
2017-01-14 21:00,2192,26,26,0.00,91,0.00,,4.8,1.1,0.13,0.14,6.1,10.0,7.3,4.0,7.0,32,35,33,34,36
2017-01-14 22:00,2192,26,26,0.00,91,0.00,,5.2,1.3,0.13,0.14,6.1,10.0,7.4,4.3,7.2,32,35,33,34,36
2017-01-14 23:00,2192,26,26,0.00,94,0.00,,6.8,1.3,0.13,0.14,6.4,10.0,7.3,4.4,7.6,32,35,33,34,36
2017-01-15 00:00,2192,26,26,0.00,94,0.00,,8.1,1.5,0.13,0.14,6.1,10.0,7.3,4.3,7.6,32,35,33,34,36
2017-01-15 01:00,2192,26,25,0.00,95,0.00,,6.2,1.1,0.13,0.14,6.1,10.2,7.3,4.6,7.2,32,35,33,34,36
2017-01-15 02:00,2192,25,25,0.00,96,0.00,,4.1,0.9,0.13,0.14,6.4,10.0,7.3,4.0,7.2,32,35,33,34,36
2017-01-15 03:00,2192,25,25,0.00,97,0.00,,4.4,0.7,0.13,0.14,6.1,10.0,7.3,4.4,7.2,32,35,33,34,36
2017-01-15 04:00,2192,25,24,0.00,98,0.00,,6.2,1.0,0.13,0.13,6.1,10.3,7.3,4.4,7.0,32,35,33,34,36
2017-01-15 05:00,2192,24,24,0.00,98,0.00,,4.9,1.4,0.13,0.13,6.1,10.3,7.3,4.0,7.2,32,35,33,34,36
2017-01-15 06:00,2192,24,24,0.00,99,0.00,,4.7,1.3,0.13,0.13,6.4,10.3,7.1,4.4,7.2,32,35,33,34,36
2017-01-15 07:00,2192,24,24,0.00,99,2.93,,4.3,1.0,0.13,0.13,6.4,10.3,7.3,4.3,7.0,32,35,33,34,36
2017-01-15 08:00,2192,24,24,0.00,99,30.35,,5.1,1.1,0.13,0.13,6.1,10.0,7.3,4.8,7.2,32,35,33,34,36
2017-01-15 09:00,2192,25,24,0.00,97,59.50,,4.7,1.3,0.13,0.13,6.4,10.0,7.3,4.8,7.0,32,35,33,34,36
2017-01-15 10:00,2192,25,25,0.00,96,68.94,,6.2,1.7,0.13,0.13,6.4,10.0,7.3,4.4,7.2,32,35,33,34,36
2017-01-15 11:00,2192,26,25,0.00,95,90.00,,3.5,0.9,0.13,0.14,6.4,10.0,7.0,4.3,7.2,32,35,33,34,36
2017-01-15 12:00,2192,27,26,0.00,92,122.60,,4.1,1.0,0.13,0.14,6.4,10.0,7.3,4.4,7.1,32,35,33,34,36
2017-01-15 13:00,2192,27,27,0.00,91,124.20,,4.6,1.0,0.13,0.14,6.0,10.0,7.3,5.0,7.2,32,36,33,34,36
2017-01-15 14:00,2192,27,26,0.00,91,108.70,,4.1,1.3,0.13,0.14,6.4,10.0,7.0,4.4,7.2,32,36,33,34,36
2017-01-15 15:00,2192,27,26,0.00,91,54.77,,4.6,0.6,0.13,0.14,6.4,10.0,7.0,4.1,7.1,32,36,33,34,36
2017-01-15 16:00,2192,26,25,0.00,92,13.10,,3.7,0.5,0.13,0.14,6.4,10.1,7.3,4.4,6.8,32,36,33,34,36
2017-01-15 17:00,2192,25,24,0.00,95,0.20,,2.5,0.3,0.13,0.13,6.4,10.0,7.3,3.7,7.1,32,35,33,34,36
2017-01-15 18:00,2192,24,24,0.00,97,0.00,,3.0,0.4,0.12,0.13,6.4,10.0,7.0,4.4,7.1,32,35,33,34,36
2017-01-15 19:00,2192,24,23,0.00,98,0.00,,2.7,0.4,0.12,0.13,6.4,9.6,7.3,4.3,7.1,32,35,33,34,36
2017-01-15 20:00,2192,23,22,0.00,99,0.00,,4.1,0.6,0.12,0.12,6.4,10.1,7.3,3.5,7.3,32,36,33,34,36
2017-01-15 21:00,2192,22,21,0.00,100,0.00,,3.3,0.6,0.12,0.12,6.1,10.1,7.0,5.0,7.4,32,35,33,34,36
2017-01-15 22:00,2192,22,21,0.00,100,0.00,,4.3,0.5,0.12,0.12,6.1,10.1,7.3,5.0,7.1,32,35,33,34,36
2017-01-15 23:00,2192,22,21,0.00,100,0.00,,5.0,1.1,0.12,0.12,6.0,10.1,7.3,4.4,7.3,32,35,33,34,36
2017-01-16 00:00,2192,21,21,0.00,100,0.00,,6.2,1.9,0.11,0.11,6.1,10.1,7.3,4.4,7.1,32,35,33,34,36
2017-01-16 01:00,2192,21,21,0.00,100,0.00,,4.7,0.8,0.11,0.11,6.1,10.1,7.3,5.0,7.3,32,35,33,34,36
2017-01-16 02:00,2192,21,20,0.00,100,0.00,,2.9,0.5,0.11,0.11,6.4,9.7,7.0,3.7,7.3,32,35,33,34,36
2017-01-16 03:00,2192,20,20,0.00,100,0.00,,3.4,0.5,0.11,0.11,6.1,9.7,7.3,3.7,7.0,32,35,33,34,36
2017-01-16 04:00,2192,20,20,0.00,100,0.00,,3.6,0.6,0.11,0.11,6.4,9.7,7.0,3.9,7.3,32,35,33,34,36
2017-01-16 05:00,2192,21,20,0.00,100,0.00,,5.0,1.1,0.11,0.11,6.4,9.7,7.0,3.7,7.3,32,35,33,34,36
2017-01-16 06:00,2192,21,20,0.00,99,0.00,,5.6,0.9,0.11,0.11,6.0,9.7,7.0,3.5,7.2,32,35,33,34,36
2017-01-16 07:00,2192,21,20,0.00,99,4.89,,5.4,0.9,0.11,0.11,6.4,9.7,7.3,5.0,7.3,32,35,33,34,36
2017-01-16 08:00,2192,22,21,0.00,98,45.49,,4.2,0.8,0.11,0.12,6.4,9.7,7.0,4.4,7.3,32,35,33,34,36
2017-01-16 09:00,2192,24,22,0.00,94,126.80,,6.4,1.4,0.11,0.12,6.3,9.7,6.9,4.3,7.3,32,35,33,34,36
2017-01-16 10:00,2192,25,24,0.00,91,162.30,,4.2,1.4,0.12,0.13,6.3,9.7,7.3,3.9,7.3,32,35,33,34,36
2017-01-16 11:00,2192,28,25,0.00,85,240.80,,5.6,1.5,0.12,0.14,6.3,9.7,7.3,3.5,7.3,32,36,33,34,36
2017-01-16 12:00,2192,29,27,0.00,79,281.00,,5.8,2.3,0.12,0.15,6.3,9.7,6.7,4.6,7.3,32,36,33,34,36
2017-01-16 13:00,2192,29,28,0.00,77,132.40,,9.0,2.7,0.12,0.15,6.3,9.7,7.3,4.1,7.4,32,36,33,34,36
2017-01-16 14:00,2192,28,27,0.00,78,53.64,,8.1,2.9,0.12,0.15,6.3,9.9,7.3,4.8,7.4,32,36,33,34,36
2017-01-16 15:00,2192,27,26,0.00,81,30.94,,11.2,4.0,0.12,0.14,6.3,9.7,7.3,4.1,7.3,32,36,33,34,36
2017-01-16 16:00,2192,26,24,0.00,83,11.40,,8.8,3.8,0.12,0.14,6.3,9.9,7.3,3.9,7.3,32,36,33,34,36
2017-01-16 17:00,2192,24,23,0.00,90,0.33,,7.3,3.2,0.12,0.13,6.3,9.9,7.3,5.1,7.3,32,36,33,34,36
2017-01-16 18:00,2192,23,23,0.00,94,0.00,,7.1,3.0,0.12,0.12,6.3,9.9,6.9,5.0,7.0,32,36,33,34,36
2017-01-16 19:00,2192,23,22,0.00,95,0.00,,5.7,2.0,0.12,0.12,6.3,9.7,6.9,4.3,7.4,32,35,33,34,36
2017-01-16 20:00,2192,23,22,0.00,93,0.00,,4.1,1.0,0.11,0.12,6.3,9.9,6.5,4.1,7.3,32,36,33,34,36
2017-01-16 21:00,2192,23,23,0.00,93,0.00,,4.4,1.2,0.12,0.12,6.3,9.7,7.0,5.0,7.1,32,35,33,34,36
2017-01-16 22:00,2192,23,23,0.00,95,0.00,,5.3,1.1,0.12,0.12,6.3,9.6,7.1,3.7,7.0,32,36,33,34,36
2017-01-16 23:00,2192,23,23,0.00,96,0.00,,5.1,1.4,0.12,0.12,6.3,9.9,7.3,4.6,7.0,32,36,33,34,36
2017-01-17 00:00,2192,23,22,0.00,95,0.00,,4.4,1.0,0.12,0.12,6.3,9.9,7.3,3.9,7.4,32,36,33,34,36
2017-01-17 01:00,2192,22,21,0.00,95,0.00,,2.0,0.4,0.11,0.12,6.4,9.9,6.5,3.5,7.1,32,36,33,34,36
2017-01-17 02:00,2192,22,21,0.00,96,0.00,,1.2,0.2,0.11,0.12,6.4,9.6,6.7,4.1,6.9,32,35,33,34,36
2017-01-17 03:00,2192,22,21,0.00,96,0.00,,3.0,0.3,0.11,0.12,6.1,9.6,7.3,4.1,7.1,32,36,33,34,36
2017-01-17 04:00,2192,22,21,0.00,96,0.00,,2.1,0.4,0.11,0.12,6.1,9.9,7.3,4.8,7.3,32,35,33,34,36
2017-01-17 05:00,2192,21,21,0.00,98,0.00,,3.4,0.7,0.11,0.12,6.1,9.6,7.0,4.8,7.1,32,36,33,34,36
2017-01-17 06:00,2192,21,20,0.00,99,0.00,,3.8,1.1,0.11,0.11,6.0,9.6,6.9,3.9,7.3,32,36,33,34,36
2017-01-17 07:00,2192,21,20,0.00,99,9.44,,4.3,1.2,0.11,0.11,6.0,9.6,7.3,3.7,7.4,32,35,33,34,36
2017-01-17 08:00,2192,23,21,0.00,98,61.92,,4.9,1.8,0.12,0.12,6.1,9.6,7.0,4.8,7.1,32,35,33,34,36
2017-01-17 09:00,2192,23,22,0.00,96,92.40,,4.5,1.4,0.12,0.12,6.1,9.6,7.3,4.1,7.3,32,36,33,34,36
2017-01-17 10:00,2192,25,23,0.00,91,146.60,,5.6,1.3,0.12,0.13,6.1,9.6,7.0,5.2,7.1,32,36,33,34,36
2017-01-17 11:00,2192,27,25,0.00,89,196.80,,5.8,1.5,0.12,0.14,6.4,9.6,7.0,4.8,7.1,32,36,33,34,36
2017-01-17 12:00,2192,30,27,0.00,83,320.00,,10.6,2.5,0.12,0.16,6.4,9.6,6.9,3.9,7.3,32,36,33,34,36
2017-01-17 13:00,2192,28,27,0.00,83,165.80,,9.4,3.7,0.12,0.15,6.4,9.6,7.3,4.1,7.1,32,36,33,34,36
2017-01-17 14:00,2192,28,26,0.00,82,85.90,,9.8,3.9,0.13,0.15,5.9,9.6,7.0,4.1,7.1,32,36,33,34,36
2017-01-17 15:00,2192,26,25,0.00,89,64.47,,9.2,3.6,0.12,0.14,6.4,9.6,6.9,4.1,7.6,32,36,33,34,36
2017-01-17 16:00,2192,26,24,0.00,90,22.77,,9.6,4.3,0.12,0.14,6.1,9.8,6.9,4.1,7.0,32,36,33,34,36
2017-01-17 17:00,2192,24,24,0.00,94,0.24,,10.9,3.9,0.12,0.13,6.4,9.8,6.9,3.7,7.1,32,36,33,34,36
2017-01-17 18:00,2192,25,24,0.00,93,0.00,,7.4,2.9,0.12,0.13,6.1,9.8,6.9,4.6,7.1,32,36,33,34,36
2017-01-17 19:00,2192,26,25,0.00,91,0.00,,5.6,1.8,0.13,0.14,6.1,9.8,6.9,4.5,7.1,32,36,33,34,36
2017-01-17 20:00,2192,26,25,0.00,92,0.00,,4.8,1.2,0.13,0.14,6.0,9.8,7.3,4.8,7.3,32,36,33,34,36
2017-01-17 21:00,2192,26,26,0.00,92,0.00,,3.1,0.9,0.13,0.14,6.1,9.8,6.9,4.6,7.1,32,36,33,34,36
2017-01-17 22:00,2192,26,26,0.00,93,0.00,,4.4,1.4,0.13,0.14,6.0,9.8,7.0,3.7,7.3,32,36,33,34,36
2017-01-17 23:00,2192,26,26,0.00,93,0.00,,3.1,0.9,0.13,0.14,6.2,9.8,6.9,4.3,7.1,32,36,33,34,36
2017-01-18 00:00,2192,26,26,0.00,94,0.00,,4.3,1.3,0.13,0.14,6.0,9.8,7.0,3.9,7.3,32,36,33,34,36
2017-01-18 01:00,2192,26,25,0.00,92,0.00,,3.6,1.0,0.13,0.14,6.1,9.8,6.9,4.1,7.3,32,35,33,34,36
2017-01-18 02:00,2192,28,25,0.00,95,0.00,,4.0,0.8,0.13,0.14,6.1,9.8,7.0,4.1,7.0,32,36,33,34,36
2017-01-18 03:00,2192,31,28,0.00,84,0.00,,3.5,0.6,0.13,0.17,6.1,9.8,7.0,4.8,7.0,32,36,33,34,36
2017-01-18 04:00,2192,33,30,0.00,77,0.00,,5.5,1.3,0.14,0.17,6.1,9.8,6.9,3.9,7.0,32,36,33,34,36
2017-01-18 05:00,2192,33,31,0.00,73,0.00,,4.8,2.1,0.14,0.18,6.1,9.9,6.9,4.1,7.0,32,36,33,34,36
2017-01-18 06:00,2192,31,29,0.00,86,0.00,,2.8,1.0,0.15,0.17,6.1,9.9,7.0,3.7,7.2,32,36,33,34,36
2017-01-18 07:00,2192,33,29,0.00,93,4.76,,5.5,1.1,0.15,0.17,6.1,9.9,7.0,3.9,7.2,32,36,33,34,36
2017-01-18 08:00,2192,36,33,0.00,84,67.41,,6.3,1.3,0.16,0.19,6.4,9.8,6.9,4.6,7.2,32,36,33,34,36
2017-01-18 09:00,2192,36,34,0.00,76,58.83,,7.6,2.3,0.17,0.21,6.4,9.9,7.0,4.1,7.0,32,36,33,34,36
2017-01-18 10:00,2192,34,33,0.02,90,45.00,,5.9,2.9,0.18,0.19,6.1,9.9,6.9,3.9,7.0,32,36,33,34,36
2017-01-18 11:00,2192,35,33,0.00,96,107.70,,8.4,2.1,0.18,0.19,6.4,9.8,6.9,3.9,7.2,32,35,33,34,36
2017-01-18 12:00,2192,35,35,0.00,89,90.60,,10.2,1.9,0.17,0.20,6.1,10.0,7.0,3.7,7.6,32,36,33,34,36
2017-01-18 13:00,2192,35,33,0.01,89,62.83,,6.1,1.4,0.18,0.19,6.3,10.2,7.3,3.7,7.2,32,36,33,34,36
2017-01-18 14:00,2192,34,33,0.01,91,57.27,,7.2,1.8,0.17,0.19,6.4,10.0,7.3,4.1,7.6,32,36,33,34,36
2017-01-18 15:00,2192,33,32,0.02,94,31.04,,5.5,1.0,0.18,0.18,6.3,10.0,7.1,4.6,6.9,32,35,33,34,36
2017-01-18 16:00,2192,32,31,0.02,99,9.40,,7.9,0.7,0.18,0.18,6.1,10.0,7.3,4.1,7.3,32,36,33,34,36
2017-01-18 17:00,2192,32,31,0.02,100,0.15,,5.5,0.8,0.18,0.18,6.5,9.9,7.1,4.1,7.2,32,36,33,34,36
2017-01-18 18:00,2192,33,32,0.00,100,0.00,,6.4,0.9,0.18,0.18,6.5,10.1,7.0,4.1,7.2,32,36,33,34,36
2017-01-18 19:00,2192,32,31,0.01,99,0.00,,2.3,0.3,0.17,0.18,6.8,9.9,7.3,3.9,7.0,32,36,33,34,36
2017-01-18 20:00,2192,32,31,0.01,100,0.00,,4.0,0.9,0.17,0.17,6.7,9.9,7.3,4.3,7.0,32,35,33,34,36
2017-01-18 21:00,2192,33,32,0.03,100,0.00,,7.8,3.0,0.18,0.18,7.0,10.5,7.3,4.8,7.2,32,36,33,34,36
2017-01-18 22:00,2192,33,32,0.00,95,0.00,,5.7,3.4,0.17,0.18,6.9,10.3,7.5,4.6,7.0,32,35,33,34,36
2017-01-18 23:00,2192,32,31,0.00,96,0.00,,5.8,2.7,0.17,0.18,6.8,10.3,7.4,3.9,7.2,32,35,33,34,36
2017-01-19 00:00,2192,32,31,0.00,95,0.00,,7.3,3.4,0.17,0.18,6.8,10.3,7.6,4.1,7.0,32,36,33,34,36
2017-01-19 01:00,2192,32,31,0.00,93,0.00,,7.0,2.1,0.16,0.18,7.0,10.3,7.4,4.3,7.2,32,36,33,34,36
2017-01-19 02:00,2192,31,30,0.00,95,0.00,,5.5,2.5,0.17,0.17,7.0,10.3,7.4,4.6,7.2,32,36,33,34,36
2017-01-19 03:00,2192,31,29,0.00,92,0.00,,3.8,1.9,0.15,0.17,7.0,10.3,7.6,5.1,7.0,32,35,33,34,36
2017-01-19 04:00,2192,30,29,0.00,93,0.00,,3.2,0.9,0.15,0.16,6.7,10.3,7.6,5.0,7.2,32,35,33,34,36
2017-01-19 05:00,2192,30,28,0.00,91,0.00,,3.9,0.9,0.15,0.16,6.7,10.5,7.4,4.1,7.2,32,36,33,34,36
2017-01-19 06:00,2192,29,27,0.00,95,0.00,,3.5,0.6,0.15,0.16,6.7,10.5,7.4,3.7,7.2,32,35,33,34,36
2017-01-19 07:00,2192,28,27,0.00,98,4.59,,2.5,0.8,0.14,0.15,6.7,10.5,7.6,4.1,7.2,32,35,33,34,36
2017-01-19 08:00,2192,31,28,0.00,92,51.17,,1.6,0.4,0.15,0.16,6.9,10.2,7.4,4.3,7.2,32,36,33,34,36
2017-01-19 09:00,2192,34,31,0.01,87,112.60,,2.5,0.7,0.15,0.18,6.7,10.2,7.4,4.1,7.2,32,36,33,34,36
2017-01-19 10:00,2192,34,33,0.00,80,174.80,,2.0,0.9,0.16,0.19,6.9,10.3,7.6,4.5,7.2,32,36,33,34,36
2017-01-19 11:00,2192,34,31,0.01,85,190.20,,4.4,0.8,0.17,0.18,6.7,10.3,7.6,4.8,7.2,32,36,33,34,36
2017-01-19 12:00,2192,36,34,0.00,83,379.70,,4.0,2.3,0.16,0.21,6.9,10.3,7.3,4.1,7.0,32,36,33,34,36
2017-01-19 13:00,2192,36,34,0.00,73,164.60,,3.7,2.1,0.15,0.20,7.0,10.3,7.7,3.7,7.0,32,36,33,34,36
2017-01-19 14:00,2192,35,34,0.00,77,60.13,,4.6,2.2,0.15,0.20,7.0,10.3,7.3,3.7,7.2,32,36,33,34,36
2017-01-19 15:00,2192,34,31,0.00,74,37.75,,3.2,1.6,0.15,0.19,7.0,10.3,7.7,4.3,7.2,32,36,33,34,36
2017-01-19 16:00,2192,32,30,0.00,84,9.25,,5.0,1.7,0.14,0.17,7.0,10.3,7.6,4.1,6.8,32,36,33,34,36
2017-01-19 17:00,2192,31,29,0.00,82,0.37,,3.3,1.4,0.14,0.17,6.5,9.9,7.4,4.1,7.2,32,36,33,34,36
2017-01-19 18:00,2192,31,29,0.00,88,0.00,,4.3,1.8,0.14,0.16,6.5,9.9,7.6,4.1,7.0,32,36,33,34,36
2017-01-19 19:00,2192,30,29,0.00,85,0.00,,4.8,1.5,0.14,0.16,6.5,9.9,7.4,4.1,7.0,32,36,33,34,36
2017-01-19 20:00,2192,30,29,0.00,87,0.00,,5.7,1.4,0.14,0.16,6.5,9.9,7.9,3.5,7.2,32,36,33,34,36
2017-01-19 21:00,2192,30,29,0.00,84,0.00,,6.6,1.3,0.14,0.17,7.0,9.9,7.4,4.3,6.8,32,36,33,34,36
2017-01-19 22:00,2192,31,29,0.00,91,0.00,,6.5,2.5,0.14,0.17,6.5,9.9,7.4,4.1,6.8,32,35,33,34,36
2017-01-19 23:00,2192,31,29,0.00,81,0.00,,7.3,1.7,0.14,0.17,6.7,9.9,7.4,4.6,7.2,32,36,33,34,36
2017-01-20 00:00,2192,30,28,0.00,96,0.00,,9.8,2.2,0.15,0.16,6.5,10.1,7.4,3.5,7.2,32,36,33,34,36
2017-01-20 01:00,2192,28,28,0.00,98,0.00,,3.8,1.5,0.15,0.15,6.7,10.1,7.6,4.3,7.0,32,35,33,34,36
2017-01-20 02:00,2192,28,28,0.00,100,0.00,,7.1,2.1,0.15,0.15,6.7,10.1,7.6,3.9,7.2,32,36,33,34,36
2017-01-20 03:00,2192,28,27,0.00,98,0.00,,8.9,1.7,0.15,0.15,6.7,10.1,7.4,5.0,7.0,32,35,33,34,36
2017-01-20 04:00,2192,27,27,0.00,100,0.00,,6.4,1.6,0.15,0.15,6.7,10.1,7.6,4.4,7.0,32,36,33,34,36
2017-01-20 05:00,2192,27,27,0.00,99,0.00,,5.8,1.6,0.15,0.15,6.7,10.1,7.4,3.9,7.0,32,36,33,34,36
2017-01-20 06:00,2192,28,27,0.00,100,0.00,,6.7,1.7,0.15,0.15,6.7,10.1,7.4,4.3,7.2,32,36,33,34,36
2017-01-20 07:00,2192,28,28,0.00,100,1.80,,11.1,2.8,0.15,0.15,6.4,9.8,7.6,5.0,7.2,32,36,33,34,36
2017-01-20 08:00,2192,29,28,0.00,100,12.55,,9.4,2.5,0.15,0.15,6.7,9.9,7.6,4.3,7.2,32,36,33,34,36
2017-01-20 09:00,2192,31,29,0.00,100,29.46,,7.3,1.0,0.17,0.17,6.8,9.8,7.6,4.4,7.2,32,36,33,34,36
2017-01-20 10:00,2192,34,31,0.01,97,75.12,,6.4,1.8,0.17,0.18,6.8,9.9,7.2,4.8,7.0,32,36,33,34,36
2017-01-20 11:00,2192,35,32,0.00,86,160.70,,9.5,2.6,0.16,0.19,6.8,10.3,7.6,4.3,7.2,32,36,33,34,36
2017-01-20 12:00,2192,35,34,0.04,76,434.30,,6.0,2.8,0.14,0.20,6.8,10.3,7.4,3.7,7.0,32,36,33,34,36
2017-01-20 13:00,2192,35,33,0.01,70,246.00,,4.4,2.1,0.15,0.20,6.8,10.3,7.2,4.4,7.0,32,36,33,34,36
2017-01-20 14:00,2192,34,32,0.00,78,120.10,,4.0,1.9,0.14,0.19,6.8,10.3,7.0,4.4,7.0,32,36,33,34,36
2017-01-20 15:00,2192,32,30,0.00,82,78.34,,3.9,1.0,0.15,0.17,6.8,10.3,7.6,4.4,7.0,32,36,33,34,36
2017-01-20 16:00,2192,30,29,0.00,90,28.31,,3.5,0.8,0.15,0.17,6.5,10.3,7.2,4.3,7.2,32,36,33,34,36
2017-01-20 17:00,2192,29,28,0.00,84,0.61,,6.8,1.9,0.13,0.15,6.8,10.3,7.2,4.4,7.0,32,36,33,34,36
2017-01-20 18:00,2192,29,26,0.00,80,0.00,,3.9,0.9,0.13,0.15,6.8,10.3,7.4,4.7,7.0,32,36,33,34,36
2017-01-20 19:00,2192,28,27,0.00,90,0.00,,3.9,0.6,0.14,0.15,6.5,10.3,7.4,4.3,7.2,32,36,33,34,36
2017-01-20 20:00,2192,28,27,0.00,94,0.00,,4.9,1.3,0.13,0.14,6.8,9.9,7.4,4.0,7.2,32,36,33,34,36
2017-01-20 21:00,2192,29,28,0.00,83,0.00,,6.0,2.0,0.13,0.15,6.8,9.9,7.3,4.1,7.2,32,36,33,34,36
2017-01-20 22:00,2192,28,26,0.00,81,0.00,,3.3,0.6,0.13,0.15,6.5,9.9,7.1,4.4,7.2,32,35,33,34,36
2017-01-20 23:00,2192,29,26,0.00,92,0.00,,3.6,1.3,0.13,0.14,6.8,9.9,7.1,4.0,7.2,32,35,33,34,36
2017-01-21 00:00,2192,29,28,0.00,85,0.00,,3.2,1.6,0.13,0.16,6.5,9.9,7.1,4.6,7.2,32,36,33,34,36
2017-01-21 01:00,2192,28,27,0.00,86,0.00,,4.2,1.6,0.13,0.15,6.8,10.0,7.1,4.8,7.2,32,36,33,34,36
2017-01-21 02:00,2192,28,27,0.00,86,0.00,,5.5,2.3,0.13,0.15,6.8,10.0,7.1,4.7,7.0,32,36,33,34,36
2017-01-21 03:00,2192,27,27,0.00,85,0.00,,3.1,1.0,0.13,0.15,6.8,10.0,7.4,4.0,7.2,32,36,33,34,36
2017-01-21 04:00,2192,27,26,0.00,88,0.00,,2.3,0.4,0.13,0.14,6.8,10.0,7.4,4.3,7.0,32,36,33,34,36
2017-01-21 05:00,2192,27,26,0.00,92,0.00,,5.2,0.5,0.13,0.14,6.8,10.0,7.1,4.3,6.8,32,36,33,34,36
2017-01-21 06:00,2192,26,25,0.00,92,0.00,,2.6,0.5,0.13,0.14,6.8,10.0,7.4,5.2,6.8,32,36,33,34,36
2017-01-21 07:00,2192,27,26,0.00,97,3.56,,4.0,1.2,0.13,0.14,7.0,10.0,7.1,4.3,7.0,32,36,33,34,36
2017-01-21 08:00,2192,30,27,0.00,90,24.42,,3.8,1.3,0.14,0.15,6.8,10.0,7.3,4.8,7.2,32,36,33,34,36
2017-01-21 09:00,2192,32,30,0.00,81,98.00,,3.8,2.0,0.14,0.17,6.8,10.2,7.1,5.3,7.2,32,36,33,34,36
2017-01-21 10:00,2192,33,31,0.00,79,319.30,,4.8,2.6,0.15,0.19,6.8,10.0,7.2,4.8,6.8,32,36,33,34,36
2017-01-21 11:00,2192,35,32,0.00,85,433.30,,5.5,3.4,0.15,0.19,6.8,10.0,7.3,4.6,7.0,32,36,33,34,36
2017-01-21 12:00,2192,35,33,0.00,73,338.10,,5.9,3.8,0.15,0.20,6.8,10.0,7.3,4.6,7.2,32,36,33,34,36
2017-01-21 13:00,2192,35,33,0.00,76,200.50,,4.5,2.2,0.15,0.20,6.5,10.2,7.3,5.0,7.2,32,36,33,34,36
2017-01-21 14:00,2192,34,32,0.00,76,81.80,,4.8,2.8,0.15,0.19,6.5,10.0,7.3,4.6,7.2,32,36,33,34,36
2017-01-21 15:00,2192,32,31,0.00,80,63.75,,4.3,2.3,0.14,0.18,6.5,10.3,7.3,4.6,7.2,32,36,33,34,36
2017-01-21 16:00,2192,32,30,0.00,78,23.74,,4.3,2.5,0.14,0.18,6.5,10.3,7.3,4.6,6.8,32,36,33,34,36
2017-01-21 17:00,2192,31,30,0.00,83,0.45,,6.3,1.7,0.14,0.17,6.5,10.2,7.3,5.5,7.2,32,36,33,34,36
2017-01-21 18:00,2192,31,30,0.00,78,0.00,,4.4,1.3,0.14,0.17,6.5,10.3,7.1,4.4,7.0,32,36,33,34,36
2017-01-21 19:00,2192,32,31,0.00,76,0.00,,7.8,2.7,0.13,0.18,6.5,10.3,7.3,5.5,7.2,32,36,33,34,36
2017-01-21 20:00,2192,32,31,0.00,74,0.00,,10.2,2.7,0.13,0.18,6.8,10.3,7.4,5.5,7.0,32,36,33,34,36
2017-01-21 21:00,2192,31,31,0.00,74,0.00,,10.3,1.7,0.13,0.17,6.5,10.0,7.3,5.3,7.0,32,36,33,34,36
2017-01-21 22:00,2192,31,29,0.00,81,0.00,,4.9,0.8,0.14,0.17,6.8,10.0,7.0,4.3,7.2,32,36,33,34,36
2017-01-21 23:00,2192,29,28,0.00,93,0.00,,2.5,0.6,0.15,0.16,6.5,10.0,7.3,4.0,7.2,32,36,33,34,36
2017-01-22 00:00,2192,29,28,0.00,94,0.00,,5.3,2.0,0.14,0.16,6.5,10.0,7.3,5.2,6.8,32,36,33,34,36
2017-01-22 01:00,2192,29,28,0.00,92,0.00,,7.3,2.3,0.14,0.16,6.5,10.0,7.3,4.8,7.0,32,36,33,34,36
2017-01-22 02:00,2192,29,28,0.00,81,0.00,,8.7,2.3,0.14,0.16,6.5,10.0,7.0,5.0,7.0,32,36,33,34,36
2017-01-22 03:00,2192,28,28,0.01,95,0.00,,8.5,1.9,0.15,0.15,6.5,10.0,7.3,4.3,7.0,32,36,33,34,36
2017-01-22 04:00,2192,28,28,0.00,99,0.00,,9.0,2.9,0.15,0.15,6.5,10.0,7.4,4.0,6.8,32,36,33,34,36
2017-01-22 05:00,2192,28,28,0.00,100,0.00,,7.7,2.3,0.15,0.15,6.5,10.0,7.0,4.4,7.2,32,36,33,34,36
2017-01-22 06:00,2192,29,28,0.00,100,0.00,,8.2,2.9,0.15,0.15,6.5,10.0,7.3,4.4,7.2,32,36,33,34,36
2017-01-22 07:00,2192,30,29,0.00,100,0.66,,8.0,1.3,0.16,0.16,6.5,10.0,7.3,4.3,7.2,32,36,33,34,36
2017-01-22 08:00,2192,30,30,0.00,100,18.19,,3.0,0.8,0.17,0.17,6.5,10.0,7.0,4.3,7.0,32,36,33,34,36
2017-01-22 09:00,2192,30,29,0.00,100,36.76,,4.1,1.4,0.17,0.17,6.5,9.6,7.3,4.0,7.2,32,36,33,34,36
2017-01-22 10:00,2192,30,29,0.01,100,54.66,,3.2,1.1,0.16,0.16,6.5,10.0,6.7,4.4,7.2,32,36,33,34,36
2017-01-22 11:00,2192,33,30,0.22,100,222.40,,4.8,1.0,0.17,0.17,6.5,10.0,7.3,4.3,6.8,32,36,33,34,36
2017-01-22 12:00,2192,33,29,0.05,80,281.40,,3.7,2.0,0.14,0.18,6.5,10.1,7.3,5.2,7.0,32,36,33,34,36
2017-01-22 13:00,2192,33,31,0.01,75,177.60,,4.2,2.5,0.14,0.18,6.5,10.0,7.3,4.4,7.0,32,36,33,34,36
2017-01-22 14:00,2192,31,29,0.00,76,82.10,,5.4,1.9,0.14,0.17,6.5,10.0,6.6,4.3,6.8,32,36,33,34,36
2017-01-22 15:00,2192,29,28,0.01,88,51.36,,2.9,0.8,0.14,0.16,6.3,9.6,7.0,4.3,7.2,32,36,33,34,36
2017-01-22 16:00,2192,29,28,0.00,79,22.49,,2.7,1.1,0.12,0.16,6.5,9.6,7.3,4.0,7.2,32,36,33,34,36
2017-01-22 17:00,2192,28,26,0.00,81,0.57,,3.4,1.1,0.12,0.15,6.8,9.6,7.0,4.0,7.2,32,36,33,34,36
2017-01-22 18:00,2192,26,25,0.00,91,0.00,,3.2,1.0,0.13,0.14,6.8,10.1,7.3,4.6,7.0,32,36,33,34,36
2017-01-22 19:00,2192,25,25,0.00,99,0.00,,1.5,0.1,0.13,0.14,6.5,10.0,6.7,4.3,6.8,32,36,33,34,36
2017-01-22 20:00,2192,25,25,0.00,100,0.00,,1.9,0.0,0.14,0.14,6.5,10.1,7.4,5.0,7.0,32,36,33,34,36
2017-01-22 21:00,2192,25,24,0.00,100,0.00,,0.0,0.0,0.13,0.13,6.5,9.6,7.4,5.3,7.2,32,36,33,34,36
2017-01-22 22:00,2192,24,24,0.00,100,0.00,,0.0,0.0,0.13,0.13,6.5,9.6,7.4,4.0,7.2,32,36,33,34,36
2017-01-22 23:00,2192,24,23,0.00,100,0.00,,0.0,0.0,0.13,0.13,7.0,10.1,7.3,4.3,7.2,32,36,33,34,36
2017-01-23 00:00,2192,24,22,0.00,100,0.00,,0.0,0.0,0.12,0.12,6.8,9.7,7.4,4.6,7.0,32,36,33,34,36
2017-01-23 01:00,2192,24,22,0.00,100,0.00,,3.5,0.2,0.12,0.12,6.3,9.7,6.7,3.8,7.0,32,36,33,34,36
2017-01-23 02:00,2192,24,22,0.00,94,0.00,,2.6,0.4,0.12,0.13,6.8,9.7,7.3,5.5,7.0,32,36,33,34,36
2017-01-23 03:00,2192,24,22,0.00,94,0.00,,2.1,0.3,0.12,0.13,6.8,9.7,6.7,4.4,7.2,32,36,33,34,36
2017-01-23 04:00,2192,24,23,0.00,93,0.00,,3.2,0.4,0.12,0.13,6.8,9.7,7.1,5.2,7.0,32,36,33,34,36
2017-01-23 05:00,2192,23,19,0.00,91,0.00,,2.1,0.1,0.11,0.12,6.8,9.7,7.3,4.6,7.2,32,36,33,34,36
2017-01-23 06:00,2192,19,18,0.00,97,0.00,,1.9,0.1,0.10,0.10,6.8,9.7,7.3,4.0,6.8,32,36,33,34,36
2017-01-23 07:00,2192,19,12,0.00,99,1.02,,2.7,0.3,0.09,0.09,6.5,9.7,7.1,4.3,6.8,32,36,33,34,36
2017-01-23 08:00,2192,16,12,0.00,96,7.41,,2.4,0.2,0.08,0.08,6.8,9.7,7.3,4.0,7.0,32,36,33,34,36
2017-01-23 09:00,2192,22,15,0.00,95,27.18,,2.9,0.3,0.09,0.10,6.8,9.7,7.1,5.3,7.2,32,36,33,34,36
2017-01-23 10:00,2192,30,22,0.00,88,71.30,,2.9,0.3,0.11,0.14,6.5,9.7,7.0,4.4,7.2,32,36,33,34,36
2017-01-23 11:00,2192,32,29,0.12,73,208.40,,3.8,0.9,0.12,0.17,6.5,9.7,7.1,4.1,6.8,32,36,33,34,36
2017-01-23 12:00,2192,32,30,0.04,68,333.60,,3.1,1.7,0.12,0.17,6.8,9.7,7.1,4.0,6.8,32,36,33,34,36
2017-01-23 13:00,2192,34,30,0.01,66,320.90,,3.5,1.4,0.12,0.19,6.5,9.7,7.3,4.3,7.0,32,36,33,34,36
2017-01-23 14:00,2192,32,30,0.00,70,202.50,,2.9,0.7,0.12,0.18,6.8,9.7,7.1,4.8,7.2,32,36,33,34,36
2017-01-23 15:00,2192,32,28,0.00,69,143.30,,2.8,1.2,0.12,0.17,6.8,9.7,7.3,4.3,7.2,32,36,33,34,36
2017-01-23 16:00,2192,29,27,0.00,78,25.87,,1.8,0.4,0.12,0.15,6.5,9.7,7.1,4.3,7.2,32,36,33,34,36
2017-01-23 17:00,2192,27,25,0.00,79,0.26,,2.6,0.4,0.12,0.14,6.5,9.7,7.1,4.6,7.2,32,36,33,34,36
2017-01-23 18:00,2192,25,24,0.00,99,0.00,,2.2,0.4,0.13,0.13,7.0,9.7,7.0,4.3,7.2,32,36,33,34,36
2017-01-23 19:00,2192,25,24,0.00,100,0.00,,1.3,0.1,0.13,0.13,6.8,9.7,7.1,4.3,7.0,32,36,33,34,36
2017-01-23 20:00,2192,24,23,0.00,100,0.00,,1.0,0.0,0.13,0.13,6.8,9.7,7.0,4.3,6.8,32,36,33,34,36
2017-01-23 21:00,2192,24,23,0.00,99,0.00,,1.6,0.0,0.13,0.13,7.0,9.7,7.1,5.2,7.2,32,36,33,34,36
2017-01-23 22:00,2192,24,21,0.00,100,0.00,,0.0,0.0,0.12,0.12,6.7,9.7,7.0,4.8,6.8,32,36,33,34,36
2017-01-23 23:00,2192,21,17,0.00,100,0.00,,2.3,0.2,0.10,0.10,6.8,9.7,7.1,4.4,7.2,32,36,33,34,36
2017-01-24 00:00,2192,19,18,0.00,100,0.00,,0.0,0.0,0.10,0.10,6.8,9.7,7.3,4.3,7.0,32,36,33,34,36
2017-01-24 01:00,2192,19,18,0.00,100,0.00,,0.0,0.0,0.10,0.10,6.8,9.7,7.4,5.2,7.4,32,36,33,34,36
2017-01-24 02:00,2192,19,18,0.00,99,0.00,,0.0,0.0,0.10,0.10,7.0,9.9,7.1,4.3,7.2,32,36,33,34,36
2017-01-24 03:00,2192,18,17,0.00,99,0.00,,0.0,0.0,0.10,0.10,6.5,9.7,7.4,4.4,7.2,32,36,33,34,36
2017-01-24 04:00,2192,17,15,0.00,99,0.00,,0.0,0.0,0.09,0.09,6.8,9.9,7.0,4.4,7.2,32,36,33,34,36
2017-01-24 05:00,2192,15,9,0.00,97,0.00,,0.0,0.0,0.07,0.08,6.8,9.9,7.1,4.3,6.8,32,36,33,34,36
2017-01-24 06:00,2192,15,9,0.00,96,0.00,,0.0,0.0,0.08,0.08,7.0,9.7,7.3,4.3,6.8,32,36,33,34,36
2017-01-24 07:00,2192,14,10,0.00,98,1.80,,0.0,0.0,0.08,0.08,6.8,9.9,7.1,4.4,7.0,32,36,33,34,36
2017-01-24 08:00,2192,12,11,0.00,98,12.54,,2.0,0.0,0.07,0.08,6.5,9.6,7.4,4.8,7.2,32,36,33,34,36
2017-01-24 09:00,2192,18,12,0.00,96,43.42,,2.0,0.2,0.08,0.09,6.7,9.6,7.3,4.3,6.8,32,36,33,34,36
2017-01-24 10:00,2192,28,18,0.11,97,198.60,,2.0,0.3,0.10,0.12,6.8,9.6,7.3,4.8,7.0,32,36,33,34,36
2017-01-24 11:00,2192,29,26,0.05,76,524.40,,2.6,0.7,0.11,0.15,6.5,9.9,7.1,4.1,7.0,32,36,33,34,36
2017-01-24 12:00,2192,31,27,0.00,73,564.80,,2.7,0.7,0.11,0.17,6.8,9.9,7.3,4.3,6.8,32,36,34,34,36
2017-01-24 13:00,2192,32,30,0.00,64,201.90,,2.9,0.9,0.11,0.17,6.5,9.6,7.1,4.8,7.0,32,36,34,34,36
2017-01-24 14:00,2192,31,30,0.00,61,78.61,,2.7,0.5,0.11,0.17,6.8,9.9,7.1,4.4,7.2,32,36,33,34,36
2017-01-24 15:00,2192,30,27,0.00,66,34.57,,3.9,0.6,0.10,0.16,7.0,9.6,7.3,3.5,7.2,32,36,33,34,36
2017-01-24 16:00,2192,27,21,0.00,70,15.28,,1.6,0.3,0.09,0.14,6.8,9.6,7.1,4.3,7.2,32,36,33,34,36
2017-01-24 17:00,2192,21,17,0.00,73,1.01,,1.4,0.1,0.08,0.11,6.5,9.6,7.3,4.3,7.2,32,36,33,34,36
2017-01-24 18:00,2192,17,15,0.00,84,0.00,,1.8,0.1,0.08,0.09,7.0,9.6,7.1,4.8,7.2,32,36,33,34,36
2017-01-24 19:00,2192,16,13,0.00,90,0.00,,1.2,0.1,0.08,0.09,7.0,9.6,7.1,4.3,7.2,32,36,33,34,36
2017-01-24 20:00,2192,13,11,0.00,92,0.00,,1.0,0.1,0.08,0.08,6.8,9.6,7.3,4.3,7.0,32,36,33,34,36
2017-01-24 21:00,2192,11,9,0.00,96,0.00,,0.6,0.0,0.07,0.07,6.5,9.9,7.3,4.3,7.0,32,36,33,34,36
2017-01-24 22:00,2192,9,8,0.00,99,0.00,,0.8,0.0,0.06,0.06,6.8,9.6,7.1,4.8,7.0,32,36,33,34,36
2017-01-24 23:00,2192,9,6,0.00,97,0.00,,0.6,0.0,0.06,0.06,7.0,9.8,7.3,4.3,6.8,32,36,33,34,36
2017-01-25 00:00,2192,9,6,0.00,93,0.00,,0.7,0.1,0.06,0.06,6.8,9.6,7.3,5.2,7.0,32,36,33,34,36
2017-01-25 01:00,2192,9,6,0.00,96,0.00,,1.4,0.1,0.06,0.06,6.5,9.8,7.0,4.3,7.0,32,36,33,34,36
2017-01-25 02:00,2192,7,6,0.00,93,0.00,,0.7,0.0,0.06,0.06,6.8,9.6,7.1,4.3,7.2,32,36,33,34,36
2017-01-25 03:00,2192,8,7,0.00,94,0.00,,0.6,0.0,0.06,0.06,6.5,9.6,7.1,4.3,7.2,32,36,33,34,36
2017-01-25 04:00,2192,9,8,0.00,95,0.00,,0.7,0.0,0.06,0.06,7.0,9.8,7.3,4.4,6.8,32,36,33,34,36
2017-01-25 05:00,2192,10,9,0.00,94,0.00,,1.5,0.1,0.06,0.07,7.0,9.6,7.0,4.3,7.2,32,36,33,34,36
2017-01-25 06:00,2192,10,9,0.00,94,0.00,,0.6,0.0,0.06,0.07,6.5,9.6,7.3,4.1,7.2,32,36,33,34,36
2017-01-25 07:00,2192,11,10,0.00,95,8.73,,1.0,0.1,0.07,0.07,7.0,9.8,7.3,4.3,7.2,32,36,33,34,36
2017-01-25 08:00,2192,15,11,0.00,95,65.28,,1.2,0.1,0.08,0.08,6.8,9.6,7.3,3.5,7.0,32,36,33,34,36
2017-01-25 09:00,2192,18,14,0.00,92,133.50,,2.4,0.3,0.08,0.09,6.8,9.8,7.3,4.4,7.2,32,36,33,34,36
2017-01-25 10:00,2192,22,18,0.00,83,200.00,,1.5,0.4,0.09,0.11,6.5,9.6,7.3,4.3,7.0,32,36,34,34,36
2017-01-25 11:00,2192,25,22,0.00,78,233.10,,1.5,0.5,0.09,0.12,6.5,9.8,7.0,4.3,7.0,32,36,33,34,36
2017-01-25 12:00,2192,28,25,0.00,72,283.00,,2.7,0.7,0.10,0.14,6.5,9.8,7.3,3.5,6.8,32,36,34,34,36
2017-01-25 13:00,2192,28,26,0.00,74,252.10,,2.7,1.0,0.11,0.15,6.5,9.8,7.1,5.0,7.0,32,36,34,34,36
2017-01-25 14:00,2192,28,26,0.00,72,171.40,,3.2,1.0,0.11,0.15,6.5,9.6,7.1,5.2,7.2,32,36,33,34,36
2017-01-25 15:00,2192,28,26,0.00,76,83.50,,3.9,1.2,0.11,0.15,6.5,9.8,7.1,3.5,7.0,32,36,34,34,36
2017-01-25 16:00,2192,27,25,0.00,79,16.11,,3.6,1.2,0.12,0.14,6.5,9.8,7.0,3.5,7.2,32,36,33,34,36
2017-01-25 17:00,2192,25,24,0.00,94,0.65,,3.0,0.6,0.13,0.13,6.5,9.8,7.3,5.0,6.8,32,36,34,34,36
2017-01-25 18:00,2192,24,24,0.00,96,0.00,,1.9,0.2,0.13,0.13,6.5,9.8,7.3,4.3,7.2,32,36,34,34,36
2017-01-25 19:00,2192,24,23,0.00,98,0.00,,1.8,0.0,0.12,0.13,6.5,9.8,7.1,4.5,7.0,32,36,34,34,36
2017-01-25 20:00,2192,23,23,0.00,99,0.00,,0.0,0.0,0.12,0.12,6.5,9.8,7.3,3.7,6.8,32,36,34,34,36
2017-01-25 21:00,2192,23,22,0.00,99,0.00,,0.2,0.0,0.12,0.12,6.6,9.9,7.0,3.7,7.2,32,36,33,34,36
2017-01-25 22:00,2192,22,20,0.00,99,0.00,,1.4,0.1,0.12,0.12,6.5,9.8,7.3,4.4,7.2,32,36,34,34,36
2017-01-25 23:00,2192,20,18,0.00,99,0.00,,0.5,0.0,0.11,0.11,6.5,9.8,7.0,5.0,7.0,32,36,33,34,36
2017-01-26 00:00,2192,19,18,0.00,99,0.00,,1.3,0.1,0.10,0.10,6.5,9.9,7.3,4.4,7.0,32,36,34,34,36
2017-01-26 01:00,2192,19,18,0.00,100,0.00,,0.5,0.0,0.10,0.10,6.5,9.8,7.3,4.5,7.2,32,36,34,34,36
2017-01-26 02:00,2192,18,17,0.00,100,0.00,,0.9,0.0,0.10,0.10,6.5,9.9,7.0,4.4,6.8,32,36,33,34,36
2017-01-26 03:00,2192,17,15,0.00,99,0.00,,0.0,0.0,0.09,0.09,6.5,9.9,7.0,3.5,6.8,32,36,33,34,36
2017-01-26 04:00,2192,17,16,0.00,100,0.00,,0.0,0.0,0.09,0.09,6.5,9.9,7.0,4.1,7.0,32,36,33,34,36
2017-01-26 05:00,2192,17,17,0.00,100,0.00,,0.6,0.0,0.09,0.10,6.5,9.6,7.3,4.4,7.2,32,36,33,34,36
2017-01-26 06:00,2192,17,16,0.00,99,0.00,,0.0,0.0,0.09,0.09,6.5,9.7,7.1,4.5,6.8,32,36,33,34,36
2017-01-26 07:00,2192,17,16,0.00,98,5.69,,1.2,0.1,0.09,0.09,6.5,9.9,7.3,3.7,6.8,32,36,33,34,36
2017-01-26 08:00,2192,21,17,0.00,99,34.43,,1.1,0.1,0.10,0.11,6.5,9.9,6.5,3.7,7.2,32,36,33,34,36
2017-01-26 09:00,2192,25,21,0.00,97,79.77,,1.1,0.2,0.11,0.12,6.5,9.9,7.0,4.1,7.0,32,36,34,34,36
2017-01-26 10:00,2192,26,25,0.01,89,127.60,,2.0,0.8,0.12,0.14,6.5,9.9,7.3,3.5,6.8,32,36,34,34,36
2017-01-26 11:00,2192,32,26,0.01,84,251.80,,2.9,0.6,0.12,0.16,6.5,9.9,7.3,4.8,7.0,32,36,34,34,36
2017-01-26 12:00,2192,33,31,0.00,67,541.30,,7.3,2.5,0.12,0.18,6.5,9.7,7.1,4.3,7.2,32,36,34,34,36
2017-01-26 13:00,2192,33,33,0.00,67,263.30,,8.0,2.1,0.12,0.19,6.5,9.7,7.3,5.0,7.0,32,36,34,34,36
2017-01-26 14:00,2192,33,32,0.00,63,78.91,,6.3,2.2,0.12,0.19,6.5,9.9,7.3,3.9,6.8,32,36,34,34,36
2017-01-26 15:00,2192,32,30,0.00,62,35.80,,5.2,1.3,0.12,0.18,6.5,9.7,7.1,4.7,7.2,32,36,34,34,36
2017-01-26 16:00,2192,30,27,0.00,67,16.16,,2.6,0.4,0.11,0.16,6.5,9.7,7.0,4.1,7.0,32,36,34,34,36
2017-01-26 17:00,2192,27,23,0.00,78,1.10,,1.4,0.2,0.11,0.13,6.5,9.7,7.0,4.1,6.8,32,36,34,34,36
2017-01-26 18:00,2192,23,19,0.00,86,0.00,,1.8,0.3,0.10,0.12,6.5,9.7,7.3,4.1,7.0,32,36,34,34,36
2017-01-26 19:00,2192,19,16,0.00,91,0.00,,1.4,0.3,0.09,0.10,6.5,9.7,7.0,4.4,6.8,32,36,34,34,36
2017-01-26 20:00,2192,16,14,0.00,95,0.00,,2.1,0.3,0.09,0.09,6.5,9.7,7.3,3.5,6.8,32,36,34,34,36
2017-01-26 21:00,2192,15,11,0.00,98,0.00,,2.7,0.5,0.08,0.08,6.5,9.7,6.5,3.9,7.0,32,36,34,34,36
2017-01-26 22:00,2192,13,8,0.00,100,0.00,,2.5,0.6,0.08,0.08,6.5,9.7,7.0,3.9,7.0,32,36,34,34,36
2017-01-26 23:00,2192,10,6,0.00,92,0.00,,3.0,0.5,0.06,0.06,6.5,9.8,6.9,4.1,7.0,32,36,34,34,36
2017-01-27 00:00,2192,11,7,0.00,98,0.00,,2.0,0.3,0.07,0.07,6.8,9.8,6.7,4.5,7.0,32,36,34,34,36
2017-01-27 01:00,2192,9,6,0.00,93,0.00,,1.7,0.3,0.06,0.06,6.5,9.7,6.7,3.9,7.0,32,36,34,34,36
2017-01-27 02:00,2192,9,4,0.00,96,0.00,,1.6,0.4,0.06,0.06,6.5,9.8,6.9,4.1,7.2,32,36,34,34,36
2017-01-27 03:00,2192,6,3,0.00,96,0.00,,2.1,0.5,0.05,0.06,6.5,9.7,6.7,4.1,7.2,32,36,34,34,36
2017-01-27 04:00,2192,4,3,0.00,94,0.00,,1.4,0.2,0.05,0.05,7.0,9.7,7.1,3.7,7.2,32,36,34,34,36
2017-01-27 05:00,2192,4,2,0.00,93,0.00,,1.5,0.1,0.05,0.05,7.0,9.7,7.3,3.7,7.2,32,36,34,34,36
2017-01-27 06:00,2192,2,1,0.00,92,0.00,,1.1,0.2,0.04,0.05,7.0,9.8,7.3,4.1,6.5,32,36,34,34,36
2017-01-27 07:00,2192,1,-1,0.00,92,7.64,,0.8,0.1,0.04,0.05,6.5,9.8,6.9,3.7,6.8,32,36,34,34,36
2017-01-27 08:00,2192,7,-1,0.00,88,45.86,,1.3,0.1,0.04,0.05,6.5,9.8,6.9,3.7,7.2,32,36,33,34,36
2017-01-27 09:00,2192,12,7,0.00,94,125.40,,1.5,0.3,0.06,0.07,7.0,9.8,6.9,4.7,7.0,32,36,34,34,36
2017-01-27 10:00,2192,25,12,0.00,95,476.40,,3.6,0.7,0.09,0.10,6.5,9.8,6.7,4.3,6.8,32,36,34,34,36
2017-01-27 11:00,2192,31,23,0.00,82,568.80,,5.9,1.5,0.11,0.15,6.5,9.8,6.9,4.9,6.7,32,36,34,34,36
2017-01-27 12:00,2192,34,31,0.00,65,586.00,,7.0,1.6,0.11,0.18,6.5,9.8,6.7,4.1,7.0,32,36,34,34,36
2017-01-27 13:00,2192,34,32,0.00,60,300.60,,6.8,1.6,0.11,0.19,6.5,9.8,6.9,3.5,7.2,32,36,34,34,36
2017-01-27 14:00,2192,33,32,0.00,62,69.08,,6.6,1.6,0.12,0.18,6.5,9.8,7.3,4.3,7.2,32,36,34,34,36
2017-01-27 15:00,2192,32,31,0.00,65,38.32,,5.7,1.3,0.12,0.18,6.6,9.8,7.3,3.7,7.0,32,36,34,34,36
2017-01-27 16:00,2192,31,28,0.00,69,19.07,,3.4,0.5,0.12,0.17,6.6,9.8,7.3,3.5,7.0,32,36,34,34,36
2017-01-27 17:00,2192,28,22,0.00,78,1.75,,2.4,0.2,0.11,0.14,6.6,9.8,6.9,4.5,7.0,32,36,34,34,36
2017-01-27 18:00,2192,22,20,0.00,88,0.00,,1.1,0.1,0.10,0.12,6.6,9.8,6.9,4.8,7.0,32,36,34,34,36
2017-01-27 19:00,2192,20,18,0.00,93,0.00,,1.1,0.1,0.10,0.11,6.8,9.8,6.9,4.1,7.0,32,36,34,34,36
2017-01-27 20:00,2192,18,17,0.00,96,0.00,,1.6,0.4,0.10,0.10,6.6,9.8,7.0,5.1,7.2,32,36,34,34,36
2017-01-27 21:00,2192,17,12,0.00,98,0.00,,1.7,0.2,0.09,0.09,6.6,9.8,6.9,3.9,7.0,32,36,34,34,36
2017-01-27 22:00,2192,12,11,0.00,98,0.00,,1.5,0.2,0.07,0.07,6.8,9.8,7.0,5.0,7.0,32,36,34,34,36
2017-01-27 23:00,2192,11,7,0.00,100,0.00,,1.4,0.1,0.07,0.07,6.6,9.8,7.0,3.7,6.7,32,36,34,34,36
2017-01-28 00:00,2192,10,7,0.00,96,0.00,,0.9,0.1,0.06,0.06,6.8,9.8,7.0,4.1,7.2,32,36,34,34,36
2017-01-28 01:00,2192,10,4,0.00,98,0.00,,2.3,0.4,0.06,0.06,6.6,9.8,7.0,3.7,6.8,32,36,34,34,36
2017-01-28 02:00,2192,8,6,0.00,96,0.00,,1.7,0.5,0.06,0.06,6.5,9.8,6.9,3.7,6.8,32,36,34,34,36
2017-01-28 03:00,2192,7,6,0.00,98,0.00,,1.6,0.2,0.06,0.06,6.5,9.8,6.9,3.9,6.8,32,36,34,34,36
2017-01-28 04:00,2192,7,4,0.00,95,0.00,,1.2,0.1,0.06,0.06,6.8,9.8,6.9,4.3,6.8,32,36,34,34,36
2017-01-28 05:00,2192,5,3,0.00,95,0.00,,1.1,0.1,0.05,0.05,6.8,9.8,6.9,4.1,7.0,32,36,34,34,36
2017-01-28 06:00,2192,4,3,0.00,94,0.00,,1.5,0.1,0.05,0.05,6.5,9.8,7.0,3.5,7.0,32,36,34,34,36
2017-01-28 07:00,2192,4,2,0.00,93,11.36,,0.9,0.0,0.05,0.05,6.5,9.9,6.9,3.9,7.0,32,36,34,34,36
2017-01-28 08:00,2192,7,4,0.00,94,72.21,,1.6,0.1,0.05,0.06,6.5,9.4,7.0,3.7,7.0,32,36,34,34,36
2017-01-28 09:00,2192,13,7,0.00,95,124.40,,1.1,0.1,0.07,0.07,6.5,9.4,6.9,3.9,6.7,32,36,34,34,36
2017-01-28 10:00,2192,20,10,0.00,94,389.80,,2.1,0.5,0.08,0.08,6.5,9.6,7.0,4.1,6.8,32,36,34,34,36
2017-01-28 11:00,2192,25,20,0.00,87,478.10,,3.9,0.8,0.10,0.12,6.5,9.4,6.9,3.9,7.0,32,36,34,34,36
2017-01-28 12:00,2192,33,25,0.00,82,564.50,,5.9,1.5,0.12,0.17,6.5,9.4,6.7,3.7,6.7,32,36,34,34,36
2017-01-28 13:00,2192,33,32,0.00,67,284.60,,7.0,1.9,0.12,0.18,6.5,9.4,7.0,4.1,7.0,32,36,34,34,36
2017-01-28 14:00,2192,32,31,0.00,68,101.40,,5.2,1.5,0.12,0.18,6.5,9.7,6.7,3.7,7.0,32,36,34,34,36
2017-01-28 15:00,2192,32,31,0.00,70,62.43,,5.1,1.4,0.12,0.18,6.5,9.5,7.0,3.9,7.2,32,36,34,34,36
2017-01-28 16:00,2192,31,28,0.00,71,27.12,,5.6,1.0,0.12,0.17,6.6,9.7,7.0,3.7,7.2,32,36,34,34,36
2017-01-28 17:00,2192,28,24,0.00,80,1.51,,3.2,0.6,0.12,0.14,6.6,9.5,6.7,4.7,7.0,32,36,34,34,36
2017-01-28 18:00,2192,24,23,0.00,88,0.00,,2.1,0.3,0.11,0.12,6.5,9.7,7.0,4.1,6.7,32,36,34,34,36
2017-01-28 19:00,2192,23,20,0.00,94,0.00,,1.9,0.4,0.11,0.12,6.6,9.7,7.0,3.9,7.0,32,36,34,34,36
2017-01-28 20:00,2192,20,19,0.00,95,0.00,,1.8,0.4,0.11,0.11,6.6,9.7,7.1,3.7,7.0,32,36,34,34,36
2017-01-28 21:00,2192,19,18,0.00,99,0.00,,2.3,0.5,0.10,0.10,6.6,9.7,7.1,4.7,7.0,32,36,34,34,36
2017-01-28 22:00,2192,18,13,0.00,100,0.00,,1.9,0.4,0.09,0.10,6.1,9.7,6.7,4.1,7.0,32,36,34,34,36
2017-01-28 23:00,2192,13,12,0.00,98,0.00,,2.2,0.5,0.08,0.08,6.6,9.7,6.8,3.7,7.2,32,36,34,34,36
2017-01-29 00:00,2192,13,11,0.00,100,0.00,,1.6,0.1,0.08,0.08,6.6,9.8,6.6,3.9,7.0,32,36,34,34,36
2017-01-29 01:00,2192,11,9,0.00,98,0.00,,1.2,0.1,0.07,0.07,6.6,9.8,7.1,3.7,6.8,32,36,34,34,36
2017-01-29 02:00,2192,11,9,0.00,98,0.00,,1.4,0.2,0.07,0.07,6.6,9.4,6.7,4.1,7.0,32,36,34,34,36
2017-01-29 03:00,2192,9,8,0.00,96,0.00,,1.6,0.2,0.06,0.06,6.6,9.4,6.7,4.5,6.5,32,36,34,34,36
2017-01-29 04:00,2192,9,5,0.00,97,0.00,,1.4,0.1,0.06,0.06,6.6,9.8,6.4,4.1,7.0,32,36,34,34,36
2017-01-29 05:00,2192,6,5,0.00,94,0.00,,1.5,0.1,0.05,0.06,6.1,9.6,7.2,4.1,6.5,32,36,34,34,36
2017-01-29 06:00,2192,7,5,0.00,95,0.06,,0.9,0.1,0.06,0.06,6.6,9.6,6.8,4.1,7.2,32,36,34,34,36
2017-01-29 07:00,2192,8,7,0.00,98,15.88,,1.0,0.1,0.06,0.06,6.1,9.6,6.8,4.1,6.8,32,36,34,34,36
2017-01-29 08:00,2192,12,8,0.00,95,93.20,,1.0,0.1,0.07,0.07,6.6,9.6,6.8,4.8,6.7,32,36,34,34,36
2017-01-29 09:00,2192,16,12,0.00,96,149.10,,1.8,0.4,0.08,0.08,6.1,9.6,6.6,4.1,6.6,32,36,34,34,36
2017-01-29 10:00,2192,21,16,0.00,97,358.80,,1.9,0.6,0.09,0.10,6.1,9.6,7.2,4.1,7.0,32,36,34,34,36
2017-01-29 11:00,2192,26,21,0.00,90,416.00,,2.5,0.6,0.10,0.12,6.6,9.6,6.8,4.1,6.7,32,36,34,34,36
2017-01-29 12:00,2192,29,26,0.00,77,323.40,,2.0,0.5,0.11,0.15,6.1,9.6,6.8,3.3,6.7,32,36,34,34,36
2017-01-29 13:00,2192,30,28,0.00,70,232.70,,3.6,0.8,0.12,0.16,6.1,9.6,6.8,3.7,6.8,32,36,34,34,36
2017-01-29 14:00,2192,30,30,0.00,73,168.60,,3.0,0.5,0.12,0.17,6.1,9.6,6.6,3.3,7.0,32,36,34,34,36
2017-01-29 15:00,2192,31,29,0.00,74,64.85,,3.4,0.8,0.12,0.16,6.1,9.6,6.6,4.3,6.7,32,36,34,34,36
2017-01-29 16:00,2192,31,26,0.00,72,29.45,,5.0,0.4,0.12,0.16,6.1,9.6,6.8,3.9,6.8,32,36,34,34,36
2017-01-29 17:00,2192,26,23,0.00,82,1.50,,1.2,0.2,0.11,0.13,6.1,9.6,6.8,4.1,7.2,32,36,34,34,36
2017-01-29 18:00,2192,23,21,0.00,91,0.00,,1.2,0.1,0.12,0.12,6.6,9.6,7.1,4.3,6.7,32,36,34,34,36
2017-01-29 19:00,2192,21,20,0.00,94,0.00,,1.8,0.2,0.11,0.12,6.1,9.7,6.8,4.5,7.2,32,36,34,34,36
2017-01-29 20:00,2192,20,20,0.00,97,0.00,,1.4,0.2,0.11,0.11,6.3,9.7,6.8,4.7,6.6,32,36,34,34,36
2017-01-29 21:00,2192,20,19,0.00,98,0.00,,1.6,0.0,0.11,0.11,6.1,9.3,6.8,4.3,7.0,32,36,34,34,36
2017-01-29 22:00,2192,19,16,0.00,99,0.00,,1.2,0.1,0.10,0.10,6.3,9.3,6.8,4.1,6.8,32,36,34,34,36
2017-01-29 23:00,2192,16,14,0.00,100,0.00,,1.4,0.1,0.09,0.09,6.1,9.9,6.9,4.1,7.0,32,36,34,34,36
2017-01-30 00:00,2192,14,13,0.00,99,0.00,,0.6,0.0,0.08,0.08,6.3,9.3,6.9,3.9,6.8,32,36,34,34,36
2017-01-30 01:00,2192,13,9,0.00,98,0.00,,1.8,0.2,0.07,0.07,6.1,9.5,6.3,4.1,6.7,32,36,33,34,36
2017-01-30 02:00,2192,10,10,0.00,98,0.00,,1.2,0.2,0.07,0.07,6.1,9.5,6.8,4.1,7.2,32,36,34,34,36
2017-01-30 03:00,2192,11,10,0.00,98,0.00,,1.5,0.1,0.07,0.07,6.3,9.5,6.6,5.1,7.2,32,36,34,34,36
2017-01-30 04:00,2192,10,9,0.00,99,0.00,,0.9,0.1,0.07,0.07,6.1,9.5,6.8,4.1,6.8,32,36,34,34,36
2017-01-30 05:00,2192,9,8,0.00,98,0.00,,0.9,0.0,0.06,0.07,6.3,9.5,6.8,3.7,7.0,32,36,34,34,36
2017-01-30 06:00,2192,9,8,0.00,97,0.02,,0.6,0.0,0.06,0.06,6.3,9.5,6.9,4.8,7.0,32,36,34,34,36
2017-01-30 07:00,2192,10,9,0.00,97,17.61,,1.2,0.1,0.06,0.07,6.3,9.5,6.6,5.1,7.2,32,36,34,34,36
2017-01-30 08:00,2192,12,10,0.00,98,61.03,,1.4,0.1,0.07,0.07,6.3,9.5,6.2,3.9,6.8,32,36,34,34,36
2017-01-30 09:00,2192,13,11,0.00,97,151.00,,2.9,0.7,0.08,0.08,6.3,9.7,6.2,4.3,6.8,32,36,34,34,36
2017-01-30 10:00,2192,21,13,0.00,97,462.50,,1.4,0.3,0.09,0.10,6.3,9.7,6.6,3.7,6.8,32,36,34,34,36
2017-01-30 11:00,2192,29,21,0.00,82,568.20,,2.1,0.7,0.10,0.12,6.3,9.7,6.6,4.8,6.6,32,36,34,34,36
2017-01-30 12:00,2192,32,29,0.00,69,595.90,,1.9,0.6,0.11,0.17,6.1,9.7,6.6,3.3,6.7,32,36,34,34,36
2017-01-30 13:00,2192,34,32,0.00,67,209.10,,2.1,0.6,0.12,0.19,6.3,9.2,6.8,4.1,6.8,32,36,34,34,36
2017-01-30 14:00,2192,34,34,0.00,63,80.00,,1.6,0.4,0.13,0.19,6.3,9.7,6.0,4.1,6.7,32,36,33,34,36
2017-01-30 15:00,2192,34,32,0.00,65,33.85,,2.1,0.6,0.13,0.19,6.3,9.4,6.6,3.3,6.8,32,36,34,34,36
2017-01-30 16:00,2192,32,27,0.00,72,18.99,,1.4,0.2,0.13,0.18,6.3,9.4,6.8,4.1,6.8,32,36,34,34,36
2017-01-30 17:00,2192,27,24,0.00,79,1.19,,1.3,0.2,0.12,0.14,6.3,9.4,6.6,3.7,6.8,32,36,34,34,36
2017-01-30 18:00,2192,24,22,0.00,92,0.00,,0.9,0.0,0.12,0.13,6.3,9.4,6.4,3.3,7.0,32,36,34,34,36
2017-01-30 19:00,2192,22,19,0.00,96,0.00,,0.7,0.0,0.11,0.11,6.3,9.4,6.2,5.1,6.8,32,36,33,34,36
2017-01-30 20:00,2192,19,17,0.00,99,0.00,,0.8,0.0,0.10,0.10,6.3,9.4,6.4,3.7,6.7,32,36,34,34,36
2017-01-30 21:00,2192,17,12,0.00,100,0.00,,0.4,0.0,0.09,0.09,6.3,9.4,6.2,4.3,6.8,32,36,34,34,36
2017-01-30 22:00,2192,13,12,0.00,98,0.00,,1.1,0.1,0.08,0.08,6.3,9.4,6.4,3.3,6.7,32,36,34,34,36
2017-01-30 23:00,2192,12,9,0.00,100,0.00,,1.4,0.1,0.07,0.07,6.3,9.4,6.6,4.2,6.8,32,36,34,34,36
2017-01-31 00:00,2192,9,8,0.00,95,0.00,,1.4,0.1,0.06,0.06,6.3,9.5,6.5,4.1,6.8,32,36,34,34,36
2017-01-31 01:00,2192,8,7,0.00,96,0.00,,1.8,0.2,0.06,0.06,6.3,9.4,6.4,3.7,6.8,32,36,34,34,36
2017-01-31 02:00,2192,7,7,0.00,95,0.00,,2.3,0.1,0.06,0.06,6.3,9.5,6.4,4.1,6.7,32,36,34,34,36
2017-01-31 03:00,2192,7,5,0.00,95,0.00,,1.1,0.1,0.06,0.06,6.3,9.5,6.4,3.3,7.2,32,36,34,34,36
2017-01-31 04:00,2192,6,6,0.00,94,0.00,,0.7,0.0,0.06,0.06,6.3,9.5,6.5,5.3,6.8,32,36,34,34,36
2017-01-31 05:00,2192,7,6,0.00,94,0.00,,0.5,0.0,0.06,0.06,6.3,9.7,6.5,3.9,7.2,32,36,34,34,36
2017-01-31 06:00,2192,7,6,0.00,94,0.01,,1.1,0.0,0.06,0.06,6.3,9.5,6.4,3.7,6.7,32,36,33,34,36
2017-01-31 07:00,2192,9,6,0.00,94,23.46,,0.6,0.0,0.06,0.06,6.3,9.7,6.4,3.7,6.8,32,36,34,34,36
2017-01-31 08:00,2192,13,9,0.00,96,66.90,,1.4,0.1,0.07,0.07,6.3,9.7,6.5,3.6,6.8,32,36,34,34,36
2017-01-31 09:00,2192,17,13,0.00,96,153.50,,1.3,0.3,0.09,0.09,6.3,9.5,6.5,4.6,6.8,32,36,34,34,36
2017-01-31 10:00,2192,22,17,0.00,93,192.90,,1.5,0.3,0.10,0.11,6.3,9.7,6.2,4.6,6.7,32,36,34,34,36
2017-01-31 11:00,2192,25,22,0.00,85,214.30,,1.6,0.4,0.11,0.13,6.3,9.7,6.4,3.6,6.8,32,36,34,34,36
2017-01-31 12:00,2192,29,24,0.00,80,184.50,,1.9,0.3,0.11,0.14,6.3,9.7,6.4,4.8,6.8,32,36,34,34,36
2017-01-31 13:00,2192,30,27,0.00,74,158.40,,2.7,0.6,0.12,0.16,6.3,9.5,6.5,4.4,6.7,32,36,34,34,36
2017-01-31 14:00,2192,33,29,0.00,72,116.60,,2.6,0.6,0.12,0.17,6.3,9.7,6.7,3.1,6.8,32,36,34,34,36
2017-01-31 15:00,2192,35,31,0.00,65,67.10,,2.5,0.3,0.13,0.19,6.3,9.4,6.2,3.3,6.8,32,36,34,34,36
2017-01-31 16:00,2192,33,31,0.00,75,25.69,,2.0,0.3,0.14,0.18,6.4,9.3,6.5,3.9,6.8,32,36,34,34,36
2017-01-31 17:00,2192,32,31,0.00,77,1.15,,2.1,0.4,0.13,0.17,6.0,9.4,6.7,3.1,6.8,32,36,34,34,36
2017-01-31 18:00,2192,32,31,0.00,73,0.00,,2.3,0.5,0.12,0.18,6.0,9.4,5.9,4.8,6.8,32,36,34,34,36
2017-01-31 19:00,2192,32,30,0.00,65,0.00,,2.7,0.5,0.11,0.17,6.4,9.4,6.5,4.2,6.8,32,36,34,34,36
2017-01-31 20:00,2192,31,28,0.00,66,0.00,,2.0,0.4,0.11,0.17,6.4,9.4,6.4,3.9,6.8,32,36,34,34,36
2017-01-31 21:00,2192,29,28,0.00,73,0.00,,1.3,0.2,0.12,0.16,6.4,9.4,6.8,3.7,6.8,32,36,34,34,36
2017-01-31 22:00,2192,28,28,0.00,72,0.00,,2.0,0.2,0.11,0.15,6.4,9.4,6.3,3.6,6.8,32,36,34,34,36
2017-01-31 23:00,2192,28,27,0.00,78,0.00,,1.6,0.3,0.12,0.15,6.4,9.4,6.5,3.3,6.8,32,36,34,34,36
