Date,Station Id,Air Temperature Maximum (degF),Air Temperature Minimum (degF),Precipitation Increment (in),Relative Humidity (pct),Solar Radiation Average (watt/m2),Solar Radiation/langley Total (langley),Wind Speed Maximum (mph),Wind Speed Average (mph),Vapor Pressure - Partial (inch_Hg),Vapor Pressure - Saturated (inch_Hg),Soil Moisture Percent -2in (pct),Soil Moisture Percent -4in (pct),Soil Moisture Percent -8in (pct),Soil Moisture Percent -20in (pct),Soil Moisture Percent -40in (pct),Soil Temperature Observed -2in (degF),Soil Temperature Observed -4in (degF),Soil Temperature Observed -8in (degF),Soil Temperature Observed -20in (degF),Soil Temperature Observed -40in (degF)
2017-01-01 00:00,2185,46,41,0.21,91,0.04,,15.6,7.6,0.26,0.28,13.6,6.1,9.0,9.7,,48,49,52,52,
2017-01-01 01:00,2185,42,41,0.31,96,0.02,,4.8,2.0,0.25,0.26,19.4,6.5,9.0,9.8,,47,49,52,52,
2017-01-01 02:00,2185,41,40,0.27,96,0.02,,8.5,2.8,0.25,0.25,21.7,10.4,8.8,9.8,,46,48,52,52,
2017-01-01 03:00,2185,43,40,0.01,96,0.04,,14.2,7.8,0.24,0.25,21.7,11.1,10.9,9.7,,45,47,51,52,
2017-01-01 04:00,2185,44,41,0.00,83,0.02,,9.8,3.1,0.23,0.28,20.1,10.1,11.3,9.7,,45,47,51,52,
2017-01-01 05:00,2185,42,40,0.00,90,0.04,,8.4,3.2,0.23,0.25,19.4,9.6,11.2,11.2,,44,47,51,52,
2017-01-01 06:00,2185,40,40,0.00,95,0.88,,5.4,2.3,0.24,0.25,19.1,9.0,10.6,12.0,,44,46,51,52,
2017-01-01 07:00,2185,42,40,0.00,96,32.29,,5.7,2.2,0.25,0.26,18.9,8.8,11.0,12.5,,44,46,50,52,
2017-01-01 08:00,2185,43,41,0.00,94,127.90,,7.9,3.1,0.25,0.27,18.7,8.9,10.6,12.9,,44,46,50,52,
2017-01-01 09:00,2185,46,43,0.00,90,361.00,,8.4,3.7,0.25,0.28,18.5,8.6,10.9,12.7,,47,46,50,52,
2017-01-01 10:00,2185,49,46,0.00,78,514.50,,12.9,4.6,0.25,0.33,18.2,8.1,10.7,12.7,,50,46,50,52,
2017-01-01 11:00,2185,50,48,0.00,73,564.40,,13.1,7.0,0.25,0.35,18.2,8.6,10.8,12.7,,54,47,50,51,
2017-01-01 12:00,2185,52,50,0.00,67,553.80,,10.2,4.9,0.25,0.38,17.9,8.6,10.7,12.7,,57,49,50,51,
2017-01-01 13:00,2185,53,52,0.00,63,481.70,,13.2,6.3,0.25,0.40,17.8,8.3,10.3,12.7,,59,51,50,51,
2017-01-01 14:00,2185,52,52,0.00,70,354.30,,12.7,8.8,0.27,0.39,17.8,8.3,10.8,12.8,,59,52,51,51,
2017-01-01 15:00,2185,53,52,0.00,65,190.70,,12.7,6.4,0.25,0.40,17.3,8.3,10.6,12.7,,56,53,51,51,
2017-01-01 16:00,2185,53,49,0.00,62,27.30,,8.2,4.5,0.25,0.38,17.3,8.3,10.7,12.9,,54,53,52,52,
2017-01-01 17:00,2185,49,47,0.00,69,0.02,,5.9,3.0,0.24,0.34,17.6,8.1,10.4,12.9,,52,52,52,52,
2017-01-01 18:00,2185,48,47,0.00,76,0.01,,9.7,5.7,0.25,0.33,17.3,8.3,10.5,12.4,,49,52,52,52,
2017-01-01 19:00,2185,47,47,0.00,80,0.02,,13.2,8.6,0.26,0.32,16.9,8.4,10.3,12.5,,48,51,52,52,
2017-01-01 20:00,2185,47,46,0.00,80,0.00,,13.5,8.9,0.25,0.32,16.9,8.0,10.6,12.5,,47,50,52,52,
2017-01-01 21:00,2185,46,46,0.00,81,0.03,,13.0,9.0,0.25,0.31,16.8,7.6,10.3,12.4,,46,49,52,52,
2017-01-01 22:00,2185,46,45,0.00,75,0.01,,14.9,8.6,0.24,0.31,16.7,8.0,10.1,12.4,,46,48,52,52,
2017-01-01 23:00,2185,46,45,0.00,75,0.01,,13.3,8.4,0.23,0.31,16.8,7.7,10.3,12.5,,45,48,51,52,
2017-01-02 00:00,2185,45,45,0.00,74,0.01,,11.2,7.2,0.23,0.30,16.7,7.9,10.1,12.5,,45,47,51,52,
2017-01-02 01:00,2185,45,44,0.00,75,0.01,,12.5,6.3,0.22,0.30,16.6,7.9,10.6,12.6,,45,47,51,52,
2017-01-02 02:00,2185,44,43,0.00,77,0.01,,15.5,9.6,0.22,0.29,16.5,7.7,10.0,12.3,,44,47,51,52,
2017-01-02 03:00,2185,44,43,0.00,78,0.01,,13.4,8.7,0.22,0.28,16.6,7.7,10.0,12.3,,44,46,51,52,
2017-01-02 04:00,2185,43,43,0.00,77,0.01,,12.2,8.1,0.21,0.28,16.5,7.6,10.2,12.1,,44,46,50,52,
2017-01-02 05:00,2185,43,42,0.00,76,0.01,,12.3,8.0,0.21,0.27,16.3,7.6,10.1,12.3,,44,46,50,52,
2017-01-02 06:00,2185,43,43,0.00,78,0.90,,14.6,7.9,0.21,0.27,16.5,7.8,10.1,12.3,,43,46,50,52,
2017-01-02 07:00,2185,44,43,0.00,78,32.04,,10.4,6.3,0.22,0.28,16.4,7.4,9.9,11.9,,43,45,50,52,
2017-01-02 08:00,2185,45,44,0.00,78,91.50,,12.1,7.2,0.23,0.29,16.1,7.4,10.1,11.9,,43,45,49,52,
2017-01-02 09:00,2185,46,45,0.00,78,142.40,,12.8,7.6,0.23,0.30,16.3,7.6,9.8,12.3,,45,45,49,52,
2017-01-02 10:00,2185,46,46,0.00,78,149.00,,12.1,7.0,0.24,0.31,16.2,7.6,10.0,12.0,,46,45,49,51,
2017-01-02 11:00,2185,47,46,0.00,76,145.80,,12.1,4.4,0.24,0.32,16.3,7.6,10.0,12.2,,47,46,49,51,
2017-01-02 12:00,2185,47,46,0.00,76,121.40,,7.0,3.6,0.24,0.31,16.3,7.4,9.8,11.7,,48,46,49,51,
2017-01-02 13:00,2185,47,46,0.00,75,131.50,,5.6,2.4,0.24,0.31,16.1,7.4,9.8,11.8,,49,47,49,51,
2017-01-02 14:00,2185,47,46,0.00,72,131.00,,10.0,4.2,0.24,0.32,16.1,7.4,9.8,11.8,,49,47,49,51,
2017-01-02 15:00,2185,47,46,0.00,74,93.10,,7.9,4.4,0.24,0.33,16.1,7.6,9.8,12.2,,49,48,49,51,
2017-01-02 16:00,2185,46,44,0.00,78,17.05,,7.2,3.2,0.24,0.30,16.2,7.2,10.0,11.9,,49,48,50,51,
2017-01-02 17:00,2185,44,43,0.00,84,0.03,,6.4,3.2,0.24,0.29,15.8,7.4,9.8,11.9,,47,48,50,51,
2017-01-02 18:00,2185,44,43,0.00,82,0.02,,6.8,3.8,0.23,0.28,15.9,7.4,9.5,12.0,,46,47,50,51,
2017-01-02 19:00,2185,44,44,0.00,82,0.01,,8.4,4.3,0.24,0.29,16.0,7.6,9.5,12.0,,44,47,50,51,
2017-01-02 20:00,2185,44,43,0.00,85,0.03,,6.8,2.5,0.23,0.28,15.9,7.1,9.5,11.5,,44,46,50,51,
2017-01-02 21:00,2185,44,43,0.00,85,0.02,,8.4,5.2,0.24,0.28,15.8,7.2,9.7,11.6,,43,46,49,51,
2017-01-02 22:00,2185,44,43,0.00,84,0.01,,8.7,5.8,0.24,0.29,15.7,7.5,9.4,11.6,,42,45,49,51,
2017-01-02 23:00,2185,44,43,0.00,85,0.01,,7.2,4.5,0.24,0.28,15.7,7.5,9.5,11.9,,42,45,49,51,
2017-01-03 00:00,2185,44,43,0.00,84,0.02,,7.3,4.1,0.23,0.28,15.9,7.1,9.8,11.5,,42,45,49,51,
2017-01-03 01:00,2185,44,41,0.00,83,0.02,,7.4,2.3,0.23,0.27,15.6,7.1,9.8,11.8,,42,44,49,51,
2017-01-03 02:00,2185,41,40,0.00,90,0.02,,6.7,3.2,0.23,0.25,15.8,7.2,9.8,11.5,,41,44,49,51,
2017-01-03 03:00,2185,42,41,0.00,93,0.02,,5.9,1.6,0.24,0.27,15.7,7.2,9.7,11.6,,41,44,48,51,
2017-01-03 04:00,2185,42,41,0.00,92,0.02,,7.5,1.8,0.24,0.26,15.7,7.2,9.7,11.6,,41,43,48,51,
2017-01-03 05:00,2185,42,42,0.00,92,0.02,,6.1,3.2,0.25,0.27,15.8,6.7,9.8,11.8,,41,43,48,51,
2017-01-03 06:00,2185,43,42,0.00,91,0.91,,6.1,3.4,0.25,0.27,15.8,7.2,9.8,11.8,,41,43,48,51,
2017-01-03 07:00,2185,44,42,0.00,92,44.49,,8.1,4.4,0.25,0.27,15.8,7.2,9.6,11.8,,41,43,47,50,
2017-01-03 08:00,2185,45,44,0.00,90,91.40,,7.1,3.1,0.26,0.29,15.7,7.2,9.7,11.6,,42,43,47,50,
2017-01-03 09:00,2185,46,45,0.00,86,165.40,,7.0,2.8,0.26,0.31,15.6,7.2,9.5,11.6,,44,43,47,50,
2017-01-03 10:00,2185,47,46,0.00,84,230.60,,7.2,4.0,0.27,0.32,15.7,7.0,9.6,11.6,,46,44,47,50,
2017-01-03 11:00,2185,48,47,0.00,82,225.10,,5.8,2.3,0.26,0.33,15.7,7.5,9.6,11.4,,48,45,47,50,
2017-01-03 12:00,2185,49,48,0.00,78,178.70,,6.8,3.1,0.26,0.34,15.6,7.4,9.5,11.4,,50,46,47,50,
2017-01-03 13:00,2185,49,49,0.00,75,211.90,,5.1,1.9,0.26,0.35,15.7,7.4,9.5,11.4,,51,47,47,50,
2017-01-03 14:00,2185,49,49,0.00,76,178.60,,7.6,4.5,0.26,0.35,15.7,7.2,9.5,11.4,,52,48,48,50,
2017-01-03 15:00,2185,49,47,0.00,73,101.90,,9.5,5.5,0.26,0.34,15.6,7.2,9.9,11.5,,52,49,48,50,
2017-01-03 16:00,2185,47,46,0.00,80,16.07,,9.7,5.3,0.26,0.32,15.7,7.2,9.9,11.5,,51,49,49,50,
2017-01-03 17:00,2185,46,45,0.00,83,0.01,,4.6,1.7,0.26,0.30,15.3,7.4,9.6,11.0,,49,49,49,50,
2017-01-03 18:00,2185,45,43,0.00,89,0.01,,3.5,1.7,0.26,0.29,15.3,7.4,9.7,11.6,,47,48,49,50,
2017-01-03 19:00,2185,43,42,0.00,92,0.01,,4.9,2.7,0.25,0.28,15.5,7.0,9.9,11.0,,46,47,49,50,
2017-01-03 20:00,2185,42,42,0.00,89,0.01,,5.3,3.5,0.24,0.27,15.2,7.0,9.7,11.0,,45,47,49,50,
2017-01-03 21:00,2185,42,40,0.00,88,0.02,,5.1,3.6,0.23,0.26,15.1,7.0,9.5,11.2,,44,46,49,50,
2017-01-03 22:00,2185,41,40,0.00,91,0.02,,4.7,2.9,0.23,0.25,15.1,6.9,9.5,11.5,,43,46,49,50,
2017-01-03 23:00,2185,41,39,0.00,91,0.02,,6.3,4.4,0.22,0.25,15.2,7.0,9.6,11.5,,42,45,49,50,
2017-01-04 00:00,2185,40,39,0.00,91,0.01,,6.2,4.3,0.22,0.25,15.2,7.2,9.6,11.2,,41,44,49,51,
2017-01-04 01:00,2185,41,39,0.00,91,0.02,,5.4,3.6,0.22,0.25,15.3,7.0,9.5,11.3,,41,44,49,50,
2017-01-04 02:00,2185,40,38,0.00,92,0.02,,5.7,3.9,0.22,0.23,15.1,6.9,9.5,11.3,,40,43,48,50,
2017-01-04 03:00,2185,40,39,0.00,94,0.01,,5.5,3.5,0.23,0.25,15.1,6.9,9.1,11.3,,40,43,48,50,
2017-01-04 04:00,2185,39,37,0.00,93,0.02,,4.8,3.5,0.21,0.23,15.1,6.7,9.4,11.5,,39,42,48,50,
2017-01-04 05:00,2185,38,38,0.00,94,0.03,,5.9,3.9,0.21,0.23,15.0,7.0,9.3,11.1,,39,42,47,50,
2017-01-04 06:00,2185,38,37,0.00,92,2.16,,5.3,3.8,0.21,0.22,15.1,7.0,9.3,10.9,,38,42,47,50,
2017-01-04 07:00,2185,44,37,0.00,93,97.10,,5.6,3.5,0.22,0.25,15.0,6.7,9.5,11.1,,38,41,47,50,
2017-01-04 08:00,2185,50,44,0.00,84,287.70,,4.6,1.4,0.25,0.32,14.8,6.8,9.5,11.3,,39,41,47,50,
2017-01-04 09:00,2185,51,50,0.00,66,449.40,,8.0,2.9,0.25,0.37,15.4,6.7,9.4,11.3,,44,41,47,50,
2017-01-04 10:00,2185,52,51,0.00,72,455.70,,6.5,2.9,0.27,0.38,15.5,6.9,9.4,11.0,,49,43,46,49,
2017-01-04 11:00,2185,53,51,0.00,72,531.00,,8.1,4.2,0.27,0.39,15.4,7.2,9.4,11.1,,54,45,47,49,
2017-01-04 12:00,2185,53,52,0.00,70,540.50,,7.4,3.0,0.27,0.39,15.3,7.1,9.3,11.1,,57,47,47,49,
2017-01-04 13:00,2185,56,53,0.00,68,448.10,,12.2,4.6,0.27,0.43,15.3,7.1,9.4,11.1,,59,49,47,49,
2017-01-04 14:00,2185,56,54,0.00,60,312.40,,11.4,6.4,0.25,0.44,15.4,6.8,9.3,11.1,,60,51,48,49,
2017-01-04 15:00,2185,54,53,0.00,59,163.30,,8.6,5.2,0.26,0.42,15.2,6.9,9.2,11.1,,57,52,49,49,
2017-01-04 16:00,2185,53,49,0.00,68,25.85,,9.0,3.1,0.27,0.39,14.8,7.1,9.3,11.1,,55,52,50,50,
2017-01-04 17:00,2185,49,46,0.00,87,0.01,,2.8,1.2,0.30,0.33,15.0,7.1,9.5,10.6,,52,52,50,50,
2017-01-04 18:00,2185,46,45,0.00,92,0.01,,3.8,2.3,0.28,0.30,14.8,6.9,9.5,10.8,,50,51,51,50,
2017-01-04 19:00,2185,46,45,0.00,94,0.01,,4.2,2.4,0.28,0.30,14.9,6.9,9.5,10.6,,49,51,51,50,
2017-01-04 20:00,2185,46,45,0.00,91,0.01,,3.3,1.3,0.28,0.31,14.6,7.1,9.2,10.6,,48,50,51,51,
2017-01-04 21:00,2185,45,43,0.00,92,0.01,,4.1,1.9,0.27,0.30,14.9,7.1,9.2,10.8,,47,49,51,51,
2017-01-04 22:00,2185,44,43,0.00,91,0.01,,4.8,2.9,0.26,0.28,14.5,6.7,9.2,11.0,,46,49,51,51,
2017-01-04 23:00,2185,44,43,0.00,88,0.01,,4.0,2.1,0.25,0.28,14.6,7.1,9.2,11.0,,45,48,51,51,
2017-01-05 00:00,2185,43,42,0.00,92,0.02,,5.4,3.5,0.25,0.27,14.9,6.9,9.3,11.0,,45,47,50,51,
2017-01-05 01:00,2185,44,42,0.00,93,0.02,,4.9,2.6,0.25,0.27,14.8,6.5,9.4,10.6,,44,47,50,51,
2017-01-05 02:00,2185,42,42,0.00,91,0.02,,4.7,3.3,0.25,0.27,14.4,6.9,9.4,10.8,,43,46,50,51,
2017-01-05 03:00,2185,42,42,0.00,93,0.02,,5.8,3.5,0.25,0.27,14.5,6.7,9.3,10.8,,43,46,50,51,
2017-01-05 04:00,2185,42,41,0.00,91,0.02,,5.6,3.5,0.24,0.27,14.7,6.7,9.4,10.8,,42,45,49,51,
2017-01-05 05:00,2185,42,41,0.00,91,0.02,,6.4,3.5,0.24,0.26,14.5,6.5,9.4,10.8,,42,45,49,51,
2017-01-05 06:00,2185,42,41,0.00,92,2.06,,4.6,2.9,0.24,0.26,14.6,7.0,9.4,10.9,,42,44,49,51,
2017-01-05 07:00,2185,48,41,0.00,93,85.90,,4.5,2.4,0.25,0.28,14.4,6.5,9.3,10.9,,41,44,49,51,
2017-01-05 08:00,2185,52,48,0.00,82,262.30,,5.5,1.7,0.28,0.35,14.5,6.7,8.8,10.9,,42,44,48,51,
2017-01-05 09:00,2185,55,52,0.00,75,422.60,,7.0,2.7,0.30,0.42,14.7,6.5,9.3,10.9,,46,44,48,51,
2017-01-05 10:00,2185,54,51,0.00,77,281.30,,6.5,2.8,0.31,0.40,14.7,6.9,9.1,11.1,,52,45,48,51,
2017-01-05 11:00,2185,56,51,0.00,81,280.20,,11.6,4.7,0.31,0.41,15.0,6.7,9.3,10.5,,55,47,48,50,
2017-01-05 12:00,2185,57,56,0.00,66,228.70,,18.2,9.9,0.31,0.47,15.0,6.9,9.3,10.5,,56,49,49,50,
2017-01-05 13:00,2185,59,57,0.00,69,273.80,,16.7,11.0,0.32,0.47,14.9,6.9,9.3,10.7,,57,51,49,50,
2017-01-05 14:00,2185,59,59,0.00,63,328.40,,15.9,10.2,0.32,0.50,14.8,6.7,8.9,10.7,,56,51,50,50,
2017-01-05 15:00,2185,59,58,0.00,62,193.90,,15.9,10.4,0.31,0.50,14.6,7.3,9.5,10.7,,58,52,50,50,
2017-01-05 16:00,2185,58,57,0.00,62,18.33,,12.3,6.7,0.30,0.47,14.7,6.8,9.4,10.8,,57,53,51,51,
2017-01-05 17:00,2185,57,55,0.00,65,0.02,,12.1,5.4,0.30,0.45,14.4,6.8,9.3,10.8,,55,53,51,51,
2017-01-05 18:00,2185,56,54,0.00,66,0.01,,8.2,3.6,0.28,0.44,14.2,6.8,9.3,10.8,,53,53,51,51,
2017-01-05 19:00,2185,54,53,0.00,66,0.01,,10.2,4.1,0.28,0.42,14.3,6.9,9.3,10.9,,51,52,52,51,
2017-01-05 20:00,2185,53,52,0.00,67,0.01,,11.1,5.9,0.27,0.40,14.3,6.5,9.3,10.9,,50,51,52,51,
2017-01-05 21:00,2185,52,51,0.00,68,0.01,,15.0,9.4,0.25,0.39,14.2,6.8,9.3,10.9,,49,51,52,51,
2017-01-05 22:00,2185,51,48,0.00,59,0.01,,21.0,9.6,0.22,0.37,14.3,6.3,9.3,11.0,,48,50,52,51,
2017-01-05 23:00,2185,50,47,0.00,64,0.01,,23.2,12.6,0.21,0.35,14.3,6.3,9.6,10.6,,47,49,51,52,
2017-01-06 00:00,2185,49,47,0.00,67,0.00,,18.8,9.5,0.20,0.34,14.1,6.6,9.1,10.6,,46,49,51,52,
2017-01-06 01:00,2185,48,46,0.00,51,0.02,,10.8,5.0,0.18,0.33,14.0,6.1,9.3,10.7,,45,48,51,52,
2017-01-06 02:00,2185,46,43,0.00,43,0.02,,15.5,6.8,0.15,0.30,14.1,6.3,9.0,10.7,,44,47,51,52,
2017-01-06 03:00,2185,43,40,0.00,49,0.02,,15.6,9.6,0.12,0.26,13.9,6.3,9.0,10.7,,43,47,51,52,
2017-01-06 04:00,2185,40,37,0.00,42,0.02,,16.2,8.6,0.10,0.24,13.7,6.8,9.4,10.3,,41,46,51,52,
2017-01-06 05:00,2185,37,36,0.00,44,0.03,,18.0,10.9,0.09,0.22,13.7,6.4,9.1,10.3,,40,45,50,52,
2017-01-06 06:00,2185,37,36,0.00,37,2.52,,18.2,11.5,0.08,0.21,13.6,6.8,8.9,10.3,,39,44,50,51,
2017-01-06 07:00,2185,38,36,0.00,39,89.60,,20.4,12.1,0.08,0.22,13.6,6.2,8.9,10.3,,37,43,49,51,
2017-01-06 08:00,2185,40,38,0.00,34,278.00,,15.8,7.8,0.08,0.24,13.7,6.1,9.1,10.5,,38,42,49,51,
2017-01-06 09:00,2185,44,39,0.00,31,435.90,,15.6,4.9,0.08,0.27,13.7,6.2,8.8,10.5,,40,42,48,51,
2017-01-06 10:00,2185,44,43,0.00,27,549.40,,13.7,7.5,0.07,0.28,13.6,6.5,8.8,10.5,,45,42,48,51,
2017-01-06 11:00,2185,46,44,0.00,21,604.30,,10.9,6.1,0.06,0.30,13.8,6.2,8.7,10.6,,48,43,48,51,
2017-01-06 12:00,2185,48,46,0.00,19,598.30,,10.4,4.6,0.05,0.32,13.6,6.1,8.7,10.1,,52,45,48,51,
2017-01-06 13:00,2185,49,48,0.00,13,541.20,,11.6,6.4,0.05,0.34,13.7,6.4,8.7,10.3,,55,47,48,51,
2017-01-06 14:00,2185,49,47,0.00,14,314.70,,10.4,5.2,0.06,0.34,13.6,6.4,8.7,10.3,,55,49,48,51,
2017-01-06 15:00,2185,48,46,0.00,19,212.60,,9.8,6.2,0.07,0.32,13.6,6.3,8.8,10.3,,52,49,49,50,
2017-01-06 16:00,2185,47,42,0.00,20,35.78,,8.9,5.3,0.07,0.30,13.0,6.4,8.8,10.5,,49,49,49,50,
2017-01-06 17:00,2185,42,40,0.00,26,0.10,,6.9,4.1,0.07,0.26,13.5,6.4,8.8,10.5,,46,49,50,51,
2017-01-06 18:00,2185,40,40,0.00,28,0.01,,11.2,6.4,0.07,0.25,13.2,6.3,8.8,10.3,,44,48,50,51,
2017-01-06 19:00,2185,40,37,0.00,26,0.01,,8.9,5.4,0.07,0.24,13.0,6.1,8.8,10.3,,42,47,50,51,
2017-01-06 20:00,2185,37,36,0.00,37,0.05,,5.2,3.8,0.08,0.21,13.1,6.3,8.5,10.3,,40,46,50,51,
2017-01-06 21:00,2185,38,35,0.00,35,0.05,,6.6,3.9,0.08,0.22,12.7,5.9,8.7,10.3,,39,44,49,51,
2017-01-06 22:00,2185,38,34,0.00,41,0.06,,5.6,3.6,0.08,0.21,13.0,6.1,8.7,10.5,,38,43,49,51,
2017-01-06 23:00,2185,36,34,0.00,50,0.05,,7.0,4.2,0.09,0.20,12.9,5.9,8.9,10.5,,37,42,49,51,
2017-01-07 00:00,2185,39,35,0.00,45,0.07,,9.2,5.0,0.08,0.22,12.9,6.2,8.7,10.0,,36,41,48,51,
2017-01-07 01:00,2185,40,38,0.00,34,0.04,,9.4,3.9,0.08,0.24,12.7,6.1,8.9,10.0,,36,41,48,51,
2017-01-07 02:00,2185,38,36,0.00,38,0.04,,5.3,3.0,0.10,0.22,12.6,5.4,9.0,10.1,,36,40,47,51,
2017-01-07 03:00,2185,38,36,0.00,49,0.04,,5.4,3.4,0.11,0.22,12.9,5.4,9.1,10.1,,36,40,47,50,
2017-01-07 04:00,2185,38,37,0.00,51,0.03,,4.5,2.4,0.12,0.23,13.0,5.7,8.7,10.5,,36,40,47,50,
2017-01-07 05:00,2185,41,38,0.00,54,0.02,,7.1,4.0,0.12,0.24,12.7,5.7,8.8,10.2,,36,39,46,50,
2017-01-07 06:00,2185,41,40,0.00,38,1.09,,6.4,3.4,0.10,0.25,12.9,6.0,8.8,10.2,,37,39,46,50,
2017-01-07 07:00,2185,43,41,0.00,42,29.91,,9.7,4.8,0.10,0.27,12.9,5.8,8.7,10.2,,38,40,46,49,
2017-01-07 08:00,2185,43,42,0.00,37,88.40,,7.8,4.2,0.10,0.27,12.9,5.8,8.7,10.4,,39,40,46,49,
2017-01-07 09:00,2185,44,43,0.00,37,131.40,,8.8,4.6,0.12,0.29,13.2,5.4,8.7,10.0,,40,40,45,49,
2017-01-07 10:00,2185,47,44,0.00,42,237.40,,9.6,5.3,0.12,0.30,13.3,5.4,8.9,10.2,,42,41,45,49,
2017-01-07 11:00,2185,48,47,0.00,36,292.10,,11.8,6.0,0.13,0.33,13.4,5.9,8.5,10.2,,45,42,45,49,
2017-01-07 12:00,2185,50,48,0.00,37,332.30,,10.3,4.9,0.13,0.35,13.5,6.2,8.8,10.2,,48,43,46,49,
2017-01-07 13:00,2185,51,50,0.00,37,306.50,,10.1,6.4,0.14,0.37,13.5,6.1,8.7,10.2,,51,45,46,49,
2017-01-07 14:00,2185,50,49,0.00,39,154.60,,8.4,4.8,0.14,0.36,13.5,5.9,8.9,9.8,,52,46,46,49,
2017-01-07 15:00,2185,49,49,0.00,42,89.80,,6.7,4.1,0.15,0.35,13.4,6.3,8.8,10.0,,51,47,47,49,
2017-01-07 16:00,2185,49,47,0.00,44,14.75,,6.3,3.9,0.16,0.34,13.3,5.7,8.8,10.0,,50,47,47,49,
2017-01-07 17:00,2185,47,46,0.00,50,0.02,,6.6,4.1,0.16,0.32,12.9,6.3,8.8,10.0,,47,47,47,49,
2017-01-07 18:00,2185,46,46,0.00,51,0.01,,8.4,5.6,0.16,0.31,13.2,5.9,8.7,10.0,,46,47,48,49,
2017-01-07 19:00,2185,46,45,0.00,52,0.02,,8.1,5.4,0.16,0.31,12.8,5.9,8.7,10.1,,45,46,48,49,
2017-01-07 20:00,2185,46,43,0.00,54,0.02,,7.1,4.1,0.16,0.31,13.3,6.1,8.7,10.1,,44,46,48,49,
2017-01-07 21:00,2185,45,43,0.00,62,0.01,,5.3,3.3,0.18,0.29,12.7,5.7,8.7,10.1,,43,45,48,49,
2017-01-07 22:00,2185,45,44,0.00,64,0.01,,4.2,2.0,0.19,0.29,13.0,6.2,8.8,10.1,,43,45,48,49,
2017-01-07 23:00,2185,45,43,0.00,60,0.02,,5.3,2.9,0.19,0.30,13.0,6.2,8.8,9.8,,43,45,47,49,
2017-01-08 00:00,2185,48,44,0.00,63,0.01,,10.6,5.3,0.18,0.31,13.1,6.2,8.5,9.8,,43,44,47,49,
2017-01-08 01:00,2185,49,47,0.00,51,0.01,,9.9,4.2,0.17,0.33,12.7,6.2,8.5,9.8,,42,44,47,49,
2017-01-08 02:00,2185,49,45,0.00,50,0.01,,11.1,2.8,0.17,0.32,12.9,5.6,8.7,9.8,,42,44,47,49,
2017-01-08 03:00,2185,49,46,0.00,50,0.01,,12.2,5.6,0.17,0.34,12.9,5.8,8.7,9.8,,42,44,47,49,
2017-01-08 04:00,2185,49,45,0.00,59,0.02,,8.6,2.8,0.17,0.32,12.6,5.8,8.9,9.8,,42,43,47,49,
2017-01-08 05:00,2185,47,46,0.00,56,0.02,,7.4,2.6,0.17,0.32,12.9,5.8,8.4,9.8,,41,43,47,49,
2017-01-08 06:00,2185,49,45,0.00,57,1.86,,8.9,3.2,0.18,0.31,12.9,5.8,8.4,10.3,,41,43,47,49,
2017-01-08 07:00,2185,52,46,0.00,50,91.80,,7.7,2.2,0.18,0.34,12.6,5.8,8.4,10.3,,40,43,47,49,
2017-01-08 08:00,2185,53,51,0.00,45,137.40,,10.0,6.0,0.18,0.38,12.9,5.8,8.6,10.3,,42,43,47,49,
2017-01-08 09:00,2185,55,53,0.00,45,202.20,,10.7,3.3,0.17,0.42,12.8,5.8,8.7,9.8,,44,43,47,49,
2017-01-08 10:00,2185,61,54,0.00,44,436.20,,11.3,4.9,0.17,0.45,13.2,5.8,8.9,10.0,,47,44,47,49,
2017-01-08 11:00,2185,63,58,0.00,29,539.40,,7.6,2.9,0.18,0.52,13.0,6.2,8.9,10.0,,51,45,47,49,
2017-01-08 12:00,2185,63,62,0.00,30,524.50,,9.9,4.7,0.16,0.58,13.2,6.1,8.9,10.0,,57,47,47,49,
2017-01-08 13:00,2185,64,62,0.00,29,476.40,,10.8,6.7,0.16,0.58,13.3,6.7,8.4,10.0,,60,50,47,49,
2017-01-08 14:00,2185,63,62,0.00,28,295.60,,11.9,6.9,0.16,0.56,13.3,6.4,8.3,10.0,,60,52,48,49,
2017-01-08 15:00,2185,62,58,0.00,27,100.60,,11.4,7.1,0.16,0.52,12.9,6.3,8.7,10.0,,58,53,49,49,
2017-01-08 16:00,2185,58,56,0.00,33,29.72,,8.8,4.8,0.17,0.48,12.7,6.4,8.7,9.6,,56,53,49,49,
2017-01-08 17:00,2185,57,54,0.00,34,0.01,,8.1,3.5,0.15,0.46,12.5,6.4,8.7,10.0,,53,53,50,49,
2017-01-08 18:00,2185,54,54,0.00,35,0.00,,6.5,3.1,0.15,0.43,12.7,6.1,9.0,10.0,,51,52,51,50,
2017-01-08 19:00,2185,54,49,0.00,34,0.01,,5.3,3.5,0.16,0.39,12.6,6.1,8.5,10.0,,49,51,51,50,
2017-01-08 20:00,2185,50,48,0.00,50,0.01,,5.2,3.7,0.18,0.35,12.3,5.8,8.5,9.6,,48,50,51,50,
2017-01-08 21:00,2185,52,49,0.00,50,0.00,,5.4,3.3,0.18,0.36,12.7,6.1,8.7,9.6,,47,49,51,50,
2017-01-08 22:00,2185,57,51,0.00,47,0.01,,9.0,2.8,0.18,0.40,12.5,5.7,8.7,10.0,,47,49,51,51,
2017-01-08 23:00,2185,58,54,0.00,33,0.00,,14.1,5.3,0.15,0.47,12.3,5.9,8.8,9.6,,47,48,51,51,
2017-01-09 00:00,2185,54,53,0.00,40,0.00,,6.4,2.5,0.18,0.41,12.6,5.9,8.5,9.6,,47,48,50,51,
2017-01-09 01:00,2185,53,51,0.00,44,0.00,,6.2,3.5,0.19,0.40,12.6,5.9,8.5,9.8,,47,48,50,51,
2017-01-09 02:00,2185,53,52,0.00,46,0.00,,6.5,2.9,0.19,0.40,12.6,5.9,8.7,9.6,,47,48,50,51,
2017-01-09 03:00,2185,55,53,0.00,46,0.01,,8.6,3.5,0.18,0.41,12.6,5.9,8.3,9.8,,47,48,50,51,
2017-01-09 04:00,2185,55,53,0.00,40,0.00,,12.2,6.2,0.18,0.42,12.6,5.9,8.3,10.0,,47,48,50,51,
2017-01-09 05:00,2185,55,52,0.00,38,0.00,,11.9,5.4,0.18,0.41,12.3,5.9,8.3,10.0,,47,48,50,51,
2017-01-09 06:00,2185,53,52,0.00,44,0.22,,11.9,4.1,0.18,0.41,12.5,5.9,8.3,10.0,,47,48,50,51,
2017-01-09 07:00,2185,52,50,0.00,50,14.42,,4.8,1.7,0.22,0.38,12.5,6.0,8.4,9.5,,47,48,50,51,
2017-01-09 08:00,2185,53,50,0.00,61,39.85,,9.8,4.4,0.22,0.38,12.6,6.0,8.6,9.5,,47,48,50,51,
2017-01-09 09:00,2185,53,51,0.02,64,37.47,,14.5,7.0,0.25,0.39,13.0,6.0,8.4,9.6,,48,48,50,51,
2017-01-09 10:00,2185,53,52,0.00,68,168.80,,5.3,1.6,0.28,0.39,13.5,5.9,8.6,9.6,,48,48,50,51,
2017-01-09 11:00,2185,54,53,0.00,73,406.80,,8.4,4.6,0.26,0.42,13.4,5.9,8.3,9.6,,50,48,49,51,
2017-01-09 12:00,2185,57,53,0.00,66,392.10,,5.3,1.9,0.27,0.43,13.4,5.8,8.7,9.8,,55,49,50,51,
2017-01-09 13:00,2185,58,57,0.00,61,388.90,,6.1,2.5,0.30,0.48,13.4,6.1,8.4,9.6,,57,50,50,51,
2017-01-09 14:00,2185,60,58,0.00,62,377.70,,8.2,3.8,0.31,0.51,13.3,6.4,8.3,9.6,,59,52,50,51,
2017-01-09 15:00,2185,60,59,0.00,63,166.50,,9.4,4.3,0.31,0.52,13.2,6.3,8.6,9.5,,58,53,51,51,
2017-01-09 16:00,2185,59,55,0.00,63,19.10,,9.5,2.0,0.31,0.47,13.3,6.3,8.4,9.6,,57,54,51,51,
2017-01-09 17:00,2185,55,50,0.00,71,0.03,,5.7,2.2,0.30,0.40,13.1,6.7,8.7,9.8,,54,54,52,51,
2017-01-09 18:00,2185,51,48,0.00,80,0.00,,4.3,3.2,0.30,0.35,12.8,6.4,8.5,9.5,,52,53,52,51,
2017-01-09 19:00,2185,48,47,0.00,87,0.01,,4.8,3.7,0.28,0.33,12.9,5.8,8.6,9.8,,50,52,52,51,
2017-01-09 20:00,2185,48,47,0.00,80,0.01,,6.3,3.8,0.26,0.33,13.1,6.1,8.7,9.8,,49,51,52,51,
2017-01-09 21:00,2185,47,46,0.00,81,0.01,,5.3,3.8,0.26,0.32,12.7,5.8,8.7,9.8,,48,50,52,52,
2017-01-09 22:00,2185,47,45,0.00,82,0.02,,6.0,3.0,0.26,0.32,12.7,6.3,8.7,9.5,,47,49,52,52,
2017-01-09 23:00,2185,46,45,0.00,82,0.02,,7.0,5.1,0.25,0.30,12.5,6.1,8.7,9.8,,46,49,52,52,
2017-01-10 00:00,2185,46,45,0.00,76,0.01,,6.3,4.5,0.24,0.31,12.8,6.3,8.6,9.8,,45,48,51,52,
2017-01-10 01:00,2185,47,44,0.00,77,0.02,,6.2,3.2,0.23,0.32,12.7,5.6,8.6,9.8,,44,47,51,52,
2017-01-10 02:00,2185,44,41,0.00,75,0.02,,6.7,3.6,0.21,0.27,12.7,5.9,8.6,9.5,,43,47,51,52,
2017-01-10 03:00,2185,44,41,0.00,82,0.02,,6.2,4.4,0.21,0.27,12.7,6.0,8.3,9.6,,42,46,51,52,
2017-01-10 04:00,2185,45,42,0.00,77,0.01,,7.2,4.6,0.21,0.28,12.6,6.0,8.4,9.6,,42,46,50,52,
2017-01-10 05:00,2185,43,41,0.00,72,0.02,,7.1,5.1,0.19,0.27,12.4,5.9,8.7,9.6,,41,45,50,52,
2017-01-10 06:00,2185,42,39,0.00,71,2.16,,6.9,4.6,0.18,0.26,12.3,5.9,8.7,9.6,,40,44,50,52,
2017-01-10 07:00,2185,49,39,0.00,75,90.40,,7.9,3.6,0.19,0.27,12.6,5.9,8.6,9.6,,40,44,49,51,
2017-01-10 08:00,2185,55,49,0.00,57,277.60,,4.1,2.1,0.20,0.40,12.3,6.0,8.7,9.5,,41,43,49,51,
2017-01-10 09:00,2185,60,55,0.00,47,429.70,,8.3,2.1,0.20,0.46,12.8,6.0,8.3,9.8,,45,43,49,51,
2017-01-10 10:00,2185,60,56,0.00,27,468.70,,8.4,3.8,0.22,0.48,12.7,5.9,8.3,9.5,,51,45,48,51,
2017-01-10 11:00,2185,61,56,0.00,62,574.30,,7.0,2.8,0.27,0.46,13.1,5.9,8.5,9.5,,55,47,48,51,
2017-01-10 12:00,2185,61,59,0.00,36,551.10,,7.8,3.2,0.23,0.52,13.1,6.1,8.7,9.5,,59,49,49,51,
2017-01-10 13:00,2185,59,58,0.00,50,468.40,,10.0,5.6,0.23,0.49,13.0,6.1,8.7,9.6,,63,51,49,51,
2017-01-10 14:00,2185,59,57,0.00,43,331.40,,7.9,4.4,0.26,0.48,13.0,5.8,8.3,9.6,,62,53,50,51,
2017-01-10 15:00,2185,57,54,0.00,62,133.60,,7.6,4.0,0.29,0.45,12.9,6.4,8.5,9.6,,60,55,51,51,
2017-01-10 16:00,2185,54,51,0.00,68,29.39,,7.0,2.2,0.29,0.41,12.7,5.8,8.7,9.6,,57,55,51,51,
2017-01-10 17:00,2185,51,47,0.00,78,0.04,,4.6,2.7,0.29,0.35,12.6,5.8,8.6,9.9,,54,54,52,51,
2017-01-10 18:00,2185,48,47,0.00,89,0.01,,6.2,4.0,0.29,0.33,12.2,6.3,8.6,9.5,,52,54,52,51,
2017-01-10 19:00,2185,48,46,0.00,83,0.01,,6.0,2.7,0.27,0.33,12.6,6.1,8.6,9.8,,50,53,53,51,
2017-01-10 20:00,2185,47,46,0.00,85,0.02,,5.1,3.2,0.27,0.32,12.6,6.3,8.6,9.5,,49,51,53,52,
2017-01-10 21:00,2185,48,45,0.00,86,0.01,,5.3,3.4,0.27,0.32,12.1,5.7,8.6,9.5,,48,51,52,52,
2017-01-10 22:00,2185,46,45,0.00,86,0.02,,5.0,3.8,0.26,0.30,12.3,5.9,8.6,9.8,,47,50,52,52,
2017-01-10 23:00,2185,46,44,0.00,86,0.01,,5.8,4.1,0.25,0.30,12.3,5.9,8.3,9.8,,47,49,52,52,
2017-01-11 00:00,2185,46,44,0.00,84,0.01,,5.1,3.8,0.25,0.30,12.3,5.6,8.3,9.8,,46,49,52,52,
2017-01-11 01:00,2185,46,44,0.00,87,0.01,,5.5,4.2,0.25,0.29,12.4,5.6,8.7,9.8,,45,48,51,52,
2017-01-11 02:00,2185,46,46,0.00,78,0.00,,6.2,3.1,0.23,0.31,12.3,5.9,8.4,9.8,,45,47,51,52,
2017-01-11 03:00,2185,46,43,0.00,74,0.01,,5.0,2.4,0.23,0.30,12.1,5.9,8.6,9.8,,44,47,51,52,
2017-01-11 04:00,2185,44,42,0.00,81,0.02,,7.4,3.9,0.22,0.28,11.9,5.5,8.7,9.9,,44,47,51,52,
2017-01-11 05:00,2185,44,41,0.00,78,0.02,,6.6,3.9,0.22,0.27,12.3,5.7,8.3,9.9,,43,46,51,52,
2017-01-11 06:00,2185,43,42,0.00,81,1.38,,7.0,4.3,0.22,0.27,12.1,5.7,8.3,9.4,,42,46,50,52,
2017-01-11 07:00,2185,48,43,0.00,78,75.66,,8.2,3.6,0.22,0.29,12.1,5.9,8.3,9.4,,42,45,50,52,
2017-01-11 08:00,2185,52,48,0.00,69,284.80,,6.5,2.9,0.23,0.37,12.2,5.3,8.7,9.4,,42,45,50,52,
2017-01-11 09:00,2185,53,51,0.00,64,422.90,,5.3,2.4,0.25,0.40,12.4,5.9,8.4,9.6,,47,45,49,51,
2017-01-11 10:00,2185,56,53,0.00,62,555.70,,7.0,2.6,0.25,0.42,12.7,5.7,8.5,9.6,,52,46,49,51,
2017-01-11 11:00,2185,59,56,0.00,59,660.40,,7.2,3.2,0.27,0.48,12.6,5.6,8.5,9.8,,57,47,49,51,
2017-01-11 12:00,2185,59,58,0.00,55,553.40,,13.0,4.5,0.26,0.50,12.7,5.9,8.4,9.6,,63,50,49,51,
2017-01-11 13:00,2185,60,59,0.00,51,507.50,,11.3,6.4,0.26,0.51,12.4,6.1,8.7,9.8,,65,53,50,51,
2017-01-11 14:00,2185,61,60,0.00,46,383.10,,12.8,7.7,0.24,0.54,12.5,6.3,8.3,9.8,,64,55,51,51,
2017-01-11 15:00,2185,61,59,0.00,41,215.50,,13.4,8.4,0.22,0.53,12.4,6.1,8.6,9.4,,61,56,52,51,
2017-01-11 16:00,2185,59,56,0.00,44,43.51,,13.7,7.0,0.22,0.49,12.4,6.3,8.7,9.6,,58,56,52,51,
2017-01-11 17:00,2185,56,53,0.00,44,0.09,,7.4,3.1,0.19,0.44,12.0,5.9,8.3,9.2,,55,56,53,52,
2017-01-11 18:00,2185,53,48,0.00,54,0.01,,5.3,3.7,0.21,0.37,11.8,6.1,8.6,9.6,,52,55,53,52,
2017-01-11 19:00,2185,49,48,0.00,63,0.01,,5.6,3.7,0.22,0.34,11.7,5.7,8.5,9.8,,50,54,53,52,
2017-01-11 20:00,2185,48,46,0.00,65,0.01,,5.9,4.2,0.22,0.32,11.9,5.9,8.3,9.8,,49,52,53,52,
2017-01-11 21:00,2185,50,46,0.00,72,0.01,,6.8,3.7,0.22,0.32,11.6,5.7,8.3,9.8,,47,51,53,53,
2017-01-11 22:00,2185,51,48,0.00,54,0.00,,6.1,3.1,0.20,0.37,11.7,5.9,8.7,9.8,,47,50,53,53,
2017-01-11 23:00,2185,48,46,0.00,61,0.01,,4.5,3.0,0.22,0.33,11.6,5.8,8.4,9.8,,47,50,53,53,
2017-01-12 00:00,2185,47,46,0.00,70,0.02,,4.8,3.1,0.22,0.32,11.7,5.8,8.6,9.8,,46,49,52,53,
2017-01-12 01:00,2185,47,46,0.00,70,0.01,,5.0,3.4,0.22,0.32,11.7,6.0,8.8,9.8,,46,49,52,53,
2017-01-12 02:00,2185,48,46,0.00,68,0.01,,4.9,2.9,0.23,0.32,11.7,6.0,8.5,9.4,,46,48,52,53,
2017-01-12 03:00,2185,50,47,0.00,68,0.01,,5.4,2.5,0.24,0.34,11.7,5.6,8.5,9.4,,46,48,52,53,
2017-01-12 04:00,2185,48,47,0.00,73,0.02,,6.0,3.5,0.25,0.33,11.6,5.6,8.7,9.6,,46,48,51,53,
2017-01-12 05:00,2185,48,46,0.00,77,0.01,,10.5,4.8,0.25,0.32,11.6,5.6,8.4,9.6,,46,47,51,53,
2017-01-12 06:00,2185,49,46,0.00,78,0.91,,9.3,3.8,0.25,0.34,11.5,5.6,8.6,9.6,,45,47,51,52,
2017-01-12 07:00,2185,47,46,0.00,79,25.50,,4.6,2.4,0.25,0.32,11.7,5.6,8.5,9.6,,45,47,51,52,
2017-01-12 08:00,2185,48,47,0.00,76,61.66,,6.8,3.2,0.24,0.33,11.6,5.6,8.7,9.6,,46,47,51,52,
2017-01-12 09:00,2185,50,48,0.00,68,131.10,,15.0,7.7,0.22,0.35,12.0,5.6,8.3,9.8,,47,47,51,52,
2017-01-12 10:00,2185,51,50,0.00,58,179.00,,14.4,9.4,0.22,0.37,11.8,5.6,8.4,9.2,,48,47,50,52,
2017-01-12 11:00,2185,53,51,0.00,61,290.70,,14.7,8.8,0.22,0.39,11.7,5.6,8.4,9.2,,49,48,50,52,
2017-01-12 12:00,2185,54,53,0.00,47,309.20,,14.9,9.2,0.20,0.41,11.8,5.4,8.4,9.2,,52,49,50,52,
2017-01-12 13:00,2185,54,53,0.00,50,195.70,,12.8,7.9,0.21,0.41,11.7,6.0,8.4,9.2,,54,49,51,52,
2017-01-12 14:00,2185,53,53,0.00,52,116.10,,13.8,7.5,0.21,0.40,11.7,5.8,8.4,9.4,,54,51,51,52,
2017-01-12 15:00,2185,53,51,0.00,52,59.00,,13.1,6.5,0.22,0.40,11.5,5.8,8.4,9.7,,53,51,51,52,
2017-01-12 16:00,2185,51,50,0.00,62,7.23,,13.7,7.6,0.25,0.37,11.7,5.8,8.3,9.4,,52,51,51,52,
2017-01-12 17:00,2185,51,50,0.00,69,0.02,,11.5,5.8,0.25,0.37,11.5,5.8,8.4,9.4,,51,51,51,52,
2017-01-12 18:00,2185,50,49,0.00,67,0.00,,11.6,5.6,0.25,0.36,11.6,6.0,8.7,9.4,,50,50,51,52,
2017-01-12 19:00,2185,49,48,0.00,73,0.00,,8.5,5.3,0.26,0.34,11.7,5.4,8.7,9.4,,49,50,51,52,
2017-01-12 20:00,2185,49,48,0.00,80,0.00,,8.7,4.8,0.26,0.33,11.6,5.4,8.7,9.4,,48,49,51,52,
2017-01-12 21:00,2185,49,48,0.00,74,0.01,,10.5,6.7,0.27,0.34,11.5,5.7,8.3,9.4,,48,49,51,52,
2017-01-12 22:00,2185,49,48,0.00,82,0.01,,10.7,5.5,0.28,0.34,11.6,5.7,8.4,9.4,,48,49,51,52,
2017-01-12 23:00,2185,49,47,0.00,79,0.00,,5.7,1.5,0.27,0.34,11.6,5.6,8.3,9.0,,48,49,51,52,
2017-01-13 00:00,2185,47,46,0.00,85,0.00,,4.3,2.8,0.27,0.32,11.7,5.6,8.4,9.3,,48,49,51,52,
2017-01-13 01:00,2185,47,46,0.00,86,0.01,,5.8,3.6,0.27,0.32,11.5,5.9,8.4,9.0,,47,48,51,52,
2017-01-13 02:00,2185,47,46,0.00,86,0.01,,8.7,5.0,0.27,0.32,11.6,5.2,8.6,9.3,,47,48,51,52,
2017-01-13 03:00,2185,47,46,0.00,86,0.01,,8.5,5.1,0.27,0.31,11.7,5.6,8.6,9.3,,47,48,51,52,
2017-01-13 04:00,2185,46,46,0.00,87,0.01,,5.4,2.8,0.27,0.31,11.7,5.4,8.3,9.6,,46,47,51,52,
2017-01-13 05:00,2185,46,45,0.05,87,0.05,,5.1,1.8,0.28,0.30,11.6,5.4,8.3,9.5,,46,47,51,52,
2017-01-13 06:00,2185,46,45,0.06,94,0.64,,6.3,2.3,0.28,0.30,13.3,5.4,8.3,9.5,,46,47,51,52,
2017-01-13 07:00,2185,46,45,0.00,94,15.70,,3.3,1.8,0.29,0.30,14.9,5.8,8.3,9.5,,46,47,50,52,
2017-01-13 08:00,2185,46,46,0.00,95,94.00,,4.9,2.0,0.29,0.31,14.4,6.0,8.3,9.5,,47,47,50,52,
2017-01-13 09:00,2185,46,46,0.03,96,88.80,,6.3,3.1,0.30,0.31,14.4,6.0,8.3,9.5,,48,47,50,52,
2017-01-13 10:00,2185,49,46,0.00,94,221.30,,7.0,3.7,0.30,0.32,14.7,6.1,8.3,9.5,,49,48,50,52,
2017-01-13 11:00,2185,52,49,0.00,82,291.30,,10.7,4.7,0.29,0.36,14.7,6.2,8.6,9.1,,51,48,50,51,
2017-01-13 12:00,2185,53,52,0.00,74,158.10,,7.7,3.7,0.29,0.40,14.4,6.1,8.4,9.1,,54,49,50,51,
2017-01-13 13:00,2185,53,52,0.00,73,143.00,,6.8,3.6,0.30,0.40,14.5,6.3,8.7,9.1,,54,50,51,51,
2017-01-13 14:00,2185,52,51,0.00,80,81.50,,7.2,3.0,0.32,0.38,14.2,6.3,8.4,9.1,,55,51,51,51,
2017-01-13 15:00,2185,51,48,0.00,84,77.19,,6.5,3.6,0.32,0.36,14.2,6.3,8.5,9.3,,54,51,51,51,
2017-01-13 16:00,2185,48,47,0.00,93,20.40,,3.9,1.9,0.31,0.33,14.0,6.3,8.7,9.1,,54,52,51,52,
2017-01-13 17:00,2185,47,45,0.00,95,0.09,,2.5,0.8,0.30,0.32,14.0,6.3,8.4,9.7,,52,51,51,52,
2017-01-13 18:00,2185,45,44,0.00,96,0.06,,3.4,0.8,0.29,0.30,13.7,6.6,8.7,9.5,,51,51,52,52,
2017-01-13 19:00,2185,47,45,0.00,97,0.04,,3.7,2.0,0.29,0.31,13.5,6.1,8.7,9.5,,49,50,52,52,
2017-01-13 20:00,2185,49,46,0.00,80,0.02,,7.6,2.7,0.26,0.32,13.7,6.3,8.4,9.5,,47,49,52,52,
2017-01-13 21:00,2185,52,46,0.00,85,0.01,,10.4,3.8,0.25,0.35,13.3,6.1,8.7,9.6,,46,49,52,52,
2017-01-13 22:00,2185,52,49,0.00,71,0.00,,7.0,2.9,0.24,0.36,13.6,6.2,8.7,9.3,,46,48,51,52,
2017-01-13 23:00,2185,52,51,0.00,61,0.00,,10.9,6.0,0.23,0.38,13.4,6.2,8.7,9.0,,46,48,51,52,
2017-01-14 00:00,2185,52,51,0.00,63,0.01,,16.6,8.6,0.23,0.38,13.4,6.2,8.7,9.3,,45,47,51,52,
2017-01-14 01:00,2185,52,52,0.00,61,0.00,,20.0,12.7,0.23,0.39,13.1,6.1,8.7,9.3,,45,47,51,52,
2017-01-14 02:00,2185,52,52,0.00,58,0.01,,21.4,12.6,0.22,0.39,13.3,6.1,8.4,9.0,,46,47,51,52,
2017-01-14 03:00,2185,52,51,0.00,54,0.01,,20.5,12.4,0.21,0.39,12.9,6.1,8.4,9.4,,46,47,50,52,
2017-01-14 04:00,2185,52,52,0.00,55,0.01,,24.9,13.6,0.21,0.39,13.1,6.1,8.6,9.4,,46,47,50,52,
2017-01-14 05:00,2185,52,52,0.00,54,0.00,,23.1,13.7,0.21,0.39,13.1,6.1,8.6,9.4,,46,47,50,52,
2017-01-14 06:00,2185,52,51,0.00,52,0.97,,24.3,15.6,0.21,0.38,12.8,6.1,8.7,9.7,,46,47,50,52,
2017-01-14 07:00,2185,52,51,0.00,55,31.29,,22.2,14.3,0.21,0.38,13.0,6.2,8.7,9.4,,46,47,50,51,
2017-01-14 08:00,2185,55,52,0.00,53,192.30,,22.2,14.0,0.21,0.39,12.7,5.9,8.7,9.4,,47,47,50,51,
2017-01-14 09:00,2185,55,53,0.00,48,146.40,,20.6,13.6,0.21,0.43,12.9,5.9,8.3,9.4,,48,47,50,51,
2017-01-14 10:00,2185,54,52,0.00,53,70.54,,19.5,10.1,0.22,0.42,12.6,5.9,8.7,9.4,,50,48,50,51,
2017-01-14 11:00,2185,52,49,0.04,64,53.98,,17.0,8.6,0.27,0.36,12.5,5.9,8.3,9.4,,50,48,50,51,
2017-01-14 12:00,2185,53,50,0.00,78,194.40,,16.3,9.5,0.27,0.38,13.9,5.9,8.3,9.4,,49,49,50,51,
2017-01-14 13:00,2185,56,53,0.00,63,336.50,,17.5,8.2,0.25,0.41,13.6,6.3,8.7,9.7,,50,49,50,51,
2017-01-14 14:00,2185,56,55,0.00,54,277.60,,16.7,8.4,0.24,0.44,13.9,6.2,8.7,9.4,,53,49,50,51,
2017-01-14 15:00,2185,55,54,0.00,55,69.64,,14.1,6.0,0.24,0.43,13.7,6.7,8.7,9.4,,55,50,50,51,
2017-01-14 16:00,2185,54,53,0.00,55,34.28,,15.8,7.4,0.23,0.42,13.3,6.4,8.4,9.4,,53,51,51,51,
2017-01-14 17:00,2185,53,52,0.00,57,0.08,,16.1,8.1,0.24,0.40,13.3,6.7,8.7,9.4,,51,51,51,51,
2017-01-14 18:00,2185,52,51,0.00,59,0.00,,19.1,7.5,0.23,0.39,13.3,6.1,8.5,9.4,,50,51,51,51,
2017-01-14 19:00,2185,52,51,0.00,61,0.01,,17.8,6.7,0.23,0.38,12.9,6.1,8.5,9.2,,49,50,51,51,
2017-01-14 20:00,2185,52,52,0.00,57,0.00,,16.5,9.8,0.22,0.39,13.0,6.2,8.3,9.2,,49,50,51,51,
2017-01-14 21:00,2185,52,52,0.00,57,0.01,,13.9,7.0,0.22,0.39,13.0,5.8,8.3,9.2,,49,49,51,52,
2017-01-14 22:00,2185,52,52,0.00,57,0.00,,12.4,6.0,0.22,0.39,12.9,5.8,8.6,9.2,,49,49,51,52,
2017-01-14 23:00,2185,52,51,0.00,57,0.00,,12.6,4.3,0.22,0.38,12.9,6.1,8.5,9.2,,48,49,51,52,
2017-01-15 00:00,2185,51,50,0.00,59,0.01,,14.0,6.0,0.22,0.37,12.9,6.3,8.7,9.2,,48,49,51,52,
2017-01-15 01:00,2185,52,51,0.00,56,0.00,,15.6,8.8,0.21,0.38,12.9,6.1,8.7,9.2,,47,49,51,52,
2017-01-15 02:00,2185,51,51,0.00,55,0.01,,11.3,5.6,0.21,0.38,12.7,5.9,8.7,9.8,,47,48,51,52,
2017-01-15 03:00,2185,51,48,0.00,56,0.01,,6.4,2.0,0.22,0.37,12.7,5.9,8.4,9.2,,47,48,51,52,
2017-01-15 04:00,2185,50,48,0.00,70,0.01,,4.8,1.6,0.22,0.35,12.8,5.9,8.6,9.2,,47,48,51,52,
2017-01-15 05:00,2185,48,47,0.00,69,0.01,,4.4,2.6,0.24,0.33,12.8,5.9,8.6,9.2,,47,48,51,52,
2017-01-15 06:00,2185,47,47,0.00,73,1.43,,3.9,2.2,0.23,0.33,12.5,5.9,8.4,9.2,,47,48,51,52,
2017-01-15 07:00,2185,52,47,0.00,71,73.37,,4.3,1.4,0.23,0.34,12.5,6.0,8.7,9.2,,47,47,50,52,
2017-01-15 08:00,2185,55,52,0.00,57,272.50,,3.1,1.0,0.21,0.41,12.5,5.6,8.7,9.2,,47,47,50,52,
2017-01-15 09:00,2185,54,54,0.00,50,425.80,,6.6,2.9,0.21,0.42,12.9,6.0,8.3,9.2,,50,47,50,51,
2017-01-15 10:00,2185,56,54,0.00,50,536.20,,5.5,2.4,0.22,0.43,13.1,5.9,8.7,9.2,,54,48,50,51,
2017-01-15 11:00,2185,57,56,0.00,50,592.50,,8.6,2.9,0.22,0.45,12.9,5.7,8.7,9.2,,59,50,50,51,
2017-01-15 12:00,2185,57,56,0.00,55,586.80,,10.5,5.6,0.25,0.46,13.0,6.1,8.7,9.2,,63,52,51,51,
2017-01-15 13:00,2185,58,57,0.00,53,518.30,,9.1,5.1,0.23,0.47,13.1,5.8,8.4,9.2,,64,54,51,51,
2017-01-15 14:00,2185,58,57,0.00,46,394.70,,6.8,3.3,0.21,0.48,12.6,6.3,8.7,9.2,,64,56,52,51,
2017-01-15 15:00,2185,59,58,0.00,43,230.30,,4.4,1.8,0.21,0.50,12.5,6.3,8.5,9.2,,62,57,53,52,
2017-01-15 16:00,2185,58,54,0.00,42,51.02,,5.2,1.8,0.22,0.48,12.5,6.5,8.7,9.2,,59,57,53,52,
2017-01-15 17:00,2185,54,50,0.00,54,0.17,,4.2,1.5,0.23,0.40,12.2,6.1,8.6,9.2,,56,56,54,52,
2017-01-15 18:00,2185,51,49,0.00,70,0.01,,8.2,4.6,0.24,0.36,12.5,6.1,8.4,9.2,,54,56,54,52,
2017-01-15 19:00,2185,49,46,0.00,62,0.00,,6.7,3.9,0.22,0.34,12.2,6.1,8.6,9.2,,51,55,54,53,
2017-01-15 20:00,2185,47,44,0.00,69,0.01,,5.0,3.6,0.22,0.31,12.1,6.3,8.4,9.3,,49,53,54,53,
2017-01-15 21:00,2185,46,44,0.00,74,0.02,,5.6,4.4,0.21,0.30,11.9,5.9,8.1,9.0,,48,52,54,53,
2017-01-15 22:00,2185,45,44,0.00,73,0.01,,6.1,4.4,0.21,0.30,12.1,5.5,8.3,9.0,,47,51,54,53,
2017-01-15 23:00,2185,46,44,0.00,72,0.03,,4.4,2.9,0.21,0.30,12.1,5.6,8.2,9.0,,46,50,53,53,
2017-01-16 00:00,2185,46,44,0.00,72,0.02,,6.5,3.7,0.20,0.30,11.9,5.5,8.7,9.8,,45,49,53,53,
2017-01-16 01:00,2185,44,42,0.00,67,0.02,,5.0,3.4,0.20,0.28,11.8,5.7,8.6,9.3,,44,48,53,53,
2017-01-16 02:00,2185,43,42,0.00,73,0.02,,5.2,3.9,0.20,0.27,12.1,5.7,8.3,9.3,,44,47,52,53,
2017-01-16 03:00,2185,44,42,0.00,76,0.05,,5.9,4.0,0.21,0.28,12.0,5.4,8.3,9.3,,43,47,52,53,
2017-01-16 04:00,2185,44,42,0.00,72,0.03,,5.1,3.4,0.20,0.28,11.8,5.6,8.7,9.6,,43,46,51,53,
2017-01-16 05:00,2185,46,44,0.00,66,0.04,,7.1,3.8,0.19,0.30,12.0,5.6,8.4,9.3,,42,46,51,53,
2017-01-16 06:00,2185,47,45,0.00,57,3.47,,10.7,4.2,0.17,0.31,11.8,5.3,8.6,9.2,,42,45,51,53,
2017-01-16 07:00,2185,46,45,0.00,51,62.80,,10.6,4.4,0.17,0.30,11.9,5.8,8.1,9.4,,42,45,51,53,
2017-01-16 08:00,2185,47,46,0.00,57,164.30,,9.1,4.8,0.17,0.32,12.0,5.8,8.4,9.3,,42,45,50,52,
2017-01-16 09:00,2185,49,47,0.00,46,386.30,,12.1,5.2,0.15,0.34,11.7,5.8,8.4,9.3,,44,45,50,52,
2017-01-16 10:00,2185,52,49,0.00,42,510.80,,11.2,5.6,0.14,0.37,12.0,5.8,8.3,9.3,,49,45,50,52,
2017-01-16 11:00,2185,52,51,0.00,38,605.40,,12.8,7.3,0.14,0.39,12.2,5.3,8.3,9.5,,53,47,49,52,
2017-01-16 12:00,2185,53,52,0.00,33,612.10,,12.8,7.2,0.13,0.40,12.4,6.0,8.3,9.5,,57,49,50,52,
2017-01-16 13:00,2185,53,53,0.00,32,515.50,,11.4,6.3,0.12,0.41,12.1,5.7,8.6,9.5,,59,51,50,52,
2017-01-16 14:00,2185,54,53,0.00,28,409.30,,9.8,4.9,0.12,0.41,11.9,5.5,8.4,9.5,,59,52,51,51,
2017-01-16 15:00,2185,54,53,0.00,27,241.70,,11.2,5.6,0.12,0.42,11.5,5.9,8.3,9.5,,57,53,51,52,
2017-01-16 16:00,2185,53,50,0.00,27,59.07,,11.4,6.3,0.11,0.40,11.5,5.5,8.7,9.5,,54,54,52,52,
2017-01-16 17:00,2185,50,47,0.00,30,0.36,,12.1,5.0,0.11,0.35,11.6,5.5,8.4,9.0,,51,53,52,52,
2017-01-16 18:00,2185,48,46,0.00,34,0.01,,9.1,4.3,0.11,0.33,11.5,5.7,8.4,9.6,,49,52,52,52,
2017-01-16 19:00,2185,47,45,0.00,34,0.00,,6.9,2.6,0.10,0.32,11.3,5.8,8.4,9.6,,47,51,52,52,
2017-01-16 20:00,2185,46,44,0.00,34,0.00,,6.4,2.5,0.10,0.30,11.0,5.4,8.4,9.0,,45,50,52,52,
2017-01-16 21:00,2185,44,41,0.00,41,0.03,,6.2,2.7,0.12,0.27,11.0,5.6,8.3,9.0,,43,49,52,52,
2017-01-16 22:00,2185,44,42,0.00,47,0.01,,6.9,2.8,0.12,0.28,11.0,5.4,8.3,9.6,,42,47,52,52,
2017-01-16 23:00,2185,45,44,0.00,39,0.01,,6.8,2.5,0.11,0.29,11.0,5.4,8.4,9.6,,41,47,51,52,
2017-01-17 00:00,2185,46,43,0.00,37,0.01,,12.1,3.0,0.11,0.30,10.7,5.3,8.3,9.0,,40,46,51,52,
2017-01-17 01:00,2185,47,45,0.00,37,0.02,,11.4,2.9,0.11,0.31,10.8,5.4,8.3,9.1,,40,45,51,52,
2017-01-17 02:00,2185,47,47,0.00,31,0.01,,16.4,9.4,0.10,0.32,10.8,5.4,8.4,9.1,,39,44,50,52,
2017-01-17 03:00,2185,47,44,0.00,30,0.00,,16.0,6.5,0.09,0.31,10.8,5.3,8.1,9.1,,40,44,50,52,
2017-01-17 04:00,2185,46,45,0.00,30,0.00,,18.4,9.3,0.09,0.31,10.8,5.3,8.3,9.1,,40,43,49,52,
2017-01-17 05:00,2185,45,41,0.00,30,0.01,,10.2,3.0,0.10,0.28,10.8,5.3,7.9,9.1,,40,43,49,52,
2017-01-17 06:00,2185,42,40,0.00,44,2.07,,5.6,1.9,0.11,0.26,10.9,5.3,7.9,9.5,,39,43,49,51,
2017-01-17 07:00,2185,47,41,0.00,39,95.40,,5.6,2.0,0.10,0.28,10.7,5.5,7.8,9.1,,38,42,48,51,
2017-01-17 08:00,2185,50,47,0.00,29,282.00,,9.9,3.0,0.09,0.35,10.9,5.4,7.8,9.1,,39,42,48,51,
2017-01-17 09:00,2185,51,49,0.00,25,440.20,,12.1,6.7,0.09,0.36,11.0,5.4,8.4,9.1,,43,42,48,51,
2017-01-17 10:00,2185,54,51,0.00,23,553.50,,8.5,4.9,0.09,0.40,11.0,5.3,8.4,9.1,,48,43,47,51,
2017-01-17 11:00,2185,56,53,0.00,26,609.90,,7.7,2.7,0.11,0.42,11.3,5.4,8.4,9.3,,53,45,47,51,
2017-01-17 12:00,2185,58,55,0.00,26,602.60,,5.9,2.5,0.11,0.45,11.6,5.9,8.4,9.3,,58,47,48,51,
2017-01-17 13:00,2185,58,57,0.00,23,533.10,,8.6,3.8,0.12,0.47,11.4,5.9,8.2,9.3,,61,50,48,50,
2017-01-17 14:00,2185,58,56,0.00,28,408.00,,10.1,5.5,0.13,0.47,11.4,5.4,7.8,9.3,,62,52,49,50,
2017-01-17 15:00,2185,56,55,0.00,29,241.80,,10.1,6.7,0.13,0.45,11.0,5.9,7.8,8.8,,59,54,50,50,
2017-01-17 16:00,2185,55,51,0.00,29,59.77,,10.3,4.6,0.13,0.42,10.9,5.9,8.1,8.8,,56,54,51,51,
2017-01-17 17:00,2185,51,46,0.00,36,0.24,,3.9,2.5,0.14,0.35,10.8,5.9,8.1,9.3,,53,54,51,51,
2017-01-17 18:00,2185,46,45,0.00,49,0.00,,5.9,3.8,0.16,0.30,10.7,5.4,8.3,9.3,,50,53,51,51,
2017-01-17 19:00,2185,45,43,0.00,51,0.01,,6.2,5.0,0.15,0.30,10.5,5.9,8.3,9.3,,48,52,52,51,
2017-01-17 20:00,2185,43,42,0.00,53,0.00,,6.4,4.9,0.15,0.27,10.5,5.6,8.3,8.8,,46,50,52,51,
2017-01-17 21:00,2185,43,42,0.00,55,0.01,,6.3,4.6,0.14,0.27,10.2,5.6,8.1,9.4,,44,49,52,51,
2017-01-17 22:00,2185,43,40,0.00,50,0.01,,6.3,4.1,0.13,0.27,10.4,5.3,8.1,8.8,,43,48,51,52,
2017-01-17 23:00,2185,40,39,0.00,55,0.01,,5.0,3.3,0.14,0.25,10.3,5.0,8.1,9.4,,42,47,51,52,
2017-01-18 00:00,2185,39,38,0.00,60,0.02,,5.7,4.5,0.14,0.23,10.3,5.3,7.8,9.4,,41,46,51,52,
2017-01-18 01:00,2185,40,38,0.00,55,0.03,,5.6,4.4,0.13,0.24,10.2,5.3,7.9,8.8,,40,45,50,52,
2017-01-18 02:00,2185,38,38,0.00,59,0.03,,5.9,4.7,0.14,0.23,10.2,4.8,7.8,8.8,,39,44,50,51,
2017-01-18 03:00,2185,40,36,0.00,58,0.04,,7.6,5.4,0.14,0.23,10.1,5.3,8.2,8.9,,38,43,49,51,
2017-01-18 04:00,2185,37,37,0.00,59,0.03,,5.9,3.6,0.13,0.22,10.2,5.0,8.4,8.9,,38,43,49,51,
2017-01-18 05:00,2185,39,36,0.00,59,0.03,,6.5,4.5,0.13,0.22,10.0,4.8,7.9,8.9,,37,42,49,51,
2017-01-18 06:00,2185,39,36,0.00,50,2.71,,5.8,2.8,0.12,0.23,10.2,5.2,8.3,8.9,,36,41,48,51,
2017-01-18 07:00,2185,46,36,0.00,60,102.30,,5.6,4.0,0.13,0.24,10.1,4.8,8.2,8.9,,36,41,48,51,
2017-01-18 08:00,2185,53,46,0.00,42,291.00,,7.3,2.5,0.12,0.36,10.0,5.4,8.4,9.2,,37,40,47,51,
2017-01-18 09:00,2185,54,52,0.00,28,452.30,,6.8,3.9,0.12,0.40,10.6,4.7,8.0,8.8,,42,40,47,50,
2017-01-18 10:00,2185,55,52,0.00,32,560.80,,5.1,2.0,0.13,0.42,10.6,5.2,8.0,8.8,,47,42,47,50,
2017-01-18 11:00,2185,56,54,0.00,30,618.90,,6.8,3.7,0.13,0.43,11.0,5.2,8.2,8.8,,53,44,47,50,
2017-01-18 12:00,2185,57,56,0.00,27,610.40,,8.0,2.5,0.12,0.45,11.0,5.3,8.0,9.1,,58,47,47,50,
2017-01-18 13:00,2185,59,57,0.00,27,551.00,,7.3,2.9,0.12,0.49,11.0,5.3,8.3,9.1,,61,49,47,50,
2017-01-18 14:00,2185,58,57,0.00,23,353.70,,10.9,6.5,0.12,0.48,10.9,5.5,8.2,9.2,,62,52,48,50,
2017-01-18 15:00,2185,58,56,0.00,25,268.60,,10.1,4.6,0.13,0.47,10.5,5.5,8.3,8.9,,59,53,49,50,
2017-01-18 16:00,2185,56,51,0.00,28,41.98,,6.6,3.3,0.14,0.43,10.6,5.2,8.4,9.2,,57,54,50,50,
2017-01-18 17:00,2185,51,48,0.00,39,0.15,,4.1,2.4,0.16,0.36,10.5,5.5,7.8,9.2,,54,54,51,50,
2017-01-18 18:00,2185,48,47,0.00,52,0.00,,4.3,2.5,0.18,0.33,10.0,5.5,8.0,8.9,,51,53,51,50,
2017-01-18 19:00,2185,50,47,0.00,56,0.00,,5.9,2.1,0.16,0.35,10.0,5.7,8.0,9.1,,49,52,51,51,
2017-01-18 20:00,2185,50,49,0.00,45,0.01,,3.6,1.0,0.14,0.36,10.2,5.3,8.0,9.1,,49,51,51,51,
2017-01-18 21:00,2185,49,48,0.00,42,0.00,,3.9,2.1,0.16,0.34,9.9,5.3,8.0,9.1,,48,50,51,51,
2017-01-18 22:00,2185,48,47,0.00,49,0.00,,3.3,1.2,0.18,0.33,10.1,5.4,7.9,9.1,,48,50,51,51,
2017-01-18 23:00,2185,47,44,0.02,62,0.01,,3.7,1.7,0.22,0.30,10.2,5.4,8.3,9.1,,48,49,51,51,
2017-01-19 00:00,2185,44,43,0.02,76,0.05,,4.3,2.6,0.24,0.28,10.6,5.4,7.8,9.1,,47,49,51,51,
2017-01-19 01:00,2185,45,43,0.00,87,0.03,,10.0,3.8,0.24,0.28,11.1,5.6,8.3,9.1,,47,49,51,51,
2017-01-19 02:00,2185,45,44,0.00,77,0.01,,12.6,6.4,0.23,0.30,11.3,5.6,8.3,9.1,,46,48,51,51,
2017-01-19 03:00,2185,44,42,0.00,80,0.02,,8.2,2.2,0.23,0.28,10.9,5.0,8.2,9.1,,46,48,51,51,
2017-01-19 04:00,2185,44,43,0.00,86,0.01,,4.4,1.9,0.24,0.28,11.1,5.0,7.9,9.1,,45,47,51,51,
2017-01-19 05:00,2185,44,42,0.00,82,0.02,,4.8,2.2,0.23,0.28,10.7,5.0,8.0,9.1,,45,47,50,51,
2017-01-19 06:00,2185,44,43,0.00,85,0.44,,4.4,2.9,0.25,0.28,10.9,5.2,8.2,9.1,,44,46,50,51,
2017-01-19 07:00,2185,45,44,0.00,89,36.43,,9.6,4.7,0.25,0.29,10.9,5.2,8.3,8.9,,45,46,50,51,
2017-01-19 08:00,2185,48,45,0.00,81,169.30,,7.3,2.3,0.25,0.31,10.9,5.2,8.3,8.9,,45,46,50,51,
2017-01-19 09:00,2185,48,46,0.02,74,81.10,,8.2,2.6,0.25,0.33,11.5,5.2,8.0,8.9,,47,46,49,51,
2017-01-19 10:00,2185,48,46,0.00,82,234.00,,12.3,7.4,0.26,0.32,11.6,5.3,8.2,9.3,,49,47,49,51,
2017-01-19 11:00,2185,48,46,0.02,80,103.90,,9.6,5.7,0.27,0.32,11.8,5.3,8.2,9.1,,51,47,49,51,
2017-01-19 12:00,2185,49,45,0.10,90,298.60,,9.1,3.9,0.28,0.31,12.5,5.4,8.0,8.9,,51,48,49,51,
2017-01-19 13:00,2185,52,49,0.00,86,347.00,,14.5,6.0,0.29,0.36,15.4,5.3,8.0,8.9,,52,48,50,51,
2017-01-19 14:00,2185,54,52,0.00,67,428.10,,15.2,8.0,0.26,0.41,15.1,5.4,8.3,8.9,,55,49,50,51,
2017-01-19 15:00,2185,54,53,0.00,62,264.80,,13.5,7.5,0.25,0.41,14.5,5.9,8.3,8.9,,55,50,50,51,
2017-01-19 16:00,2185,53,51,0.00,54,54.56,,11.2,5.7,0.23,0.40,14.3,6.3,8.4,9.3,,54,51,51,51,
2017-01-19 17:00,2185,51,48,0.00,62,0.38,,7.1,3.3,0.22,0.36,14.0,5.8,7.8,9.3,,51,51,51,51,
2017-01-19 18:00,2185,48,46,0.00,66,0.01,,5.7,2.8,0.22,0.33,13.7,6.1,8.0,9.3,,49,51,51,51,
2017-01-19 19:00,2185,46,45,0.00,73,0.02,,6.6,4.0,0.22,0.30,13.5,6.3,8.0,9.1,,47,50,51,51,
2017-01-19 20:00,2185,46,44,0.00,74,0.01,,4.3,2.1,0.23,0.30,13.6,5.9,7.8,8.9,,46,49,51,51,
2017-01-19 21:00,2185,44,42,0.00,79,0.02,,5.4,2.3,0.22,0.28,13.4,6.0,7.8,9.1,,45,48,51,51,
2017-01-19 22:00,2185,45,43,0.00,78,0.01,,2.7,0.8,0.22,0.29,13.5,5.6,7.8,9.1,,44,47,51,51,
2017-01-19 23:00,2185,45,44,0.00,73,0.01,,4.4,2.3,0.22,0.30,13.1,5.9,7.8,9.1,,43,47,51,51,
2017-01-20 00:00,2185,44,42,0.00,76,0.01,,4.1,2.5,0.22,0.29,13.1,5.9,7.9,8.9,,43,46,50,51,
2017-01-20 01:00,2185,44,42,0.00,81,0.01,,4.3,3.2,0.22,0.28,13.2,6.1,7.9,9.1,,43,45,50,51,
2017-01-20 02:00,2185,44,42,0.00,79,0.02,,4.7,3.3,0.22,0.27,12.9,5.6,7.9,8.9,,43,45,50,51,
2017-01-20 03:00,2185,43,42,0.00,83,0.01,,4.9,2.9,0.22,0.27,13.0,5.6,7.9,9.1,,42,45,49,51,
2017-01-20 04:00,2185,45,42,0.00,82,0.01,,6.7,3.7,0.22,0.28,13.1,5.6,8.1,8.9,,42,45,49,51,
2017-01-20 05:00,2185,45,45,0.00,69,0.00,,11.8,6.8,0.21,0.30,12.7,6.0,8.1,8.9,,42,44,49,51,
2017-01-20 06:00,2185,45,44,0.00,72,1.42,,12.4,7.5,0.22,0.29,12.7,5.9,7.9,9.1,,43,44,49,51,
2017-01-20 07:00,2185,45,44,0.00,74,22.60,,13.2,6.9,0.22,0.30,13.0,5.9,8.1,9.1,,43,44,48,51,
2017-01-20 08:00,2185,46,45,0.00,73,77.44,,14.6,8.2,0.22,0.30,12.8,5.9,7.9,9.1,,43,44,48,51,
2017-01-20 09:00,2185,46,45,0.00,72,64.62,,13.8,7.3,0.23,0.31,12.8,5.9,8.1,9.1,,45,44,48,51,
2017-01-20 10:00,2185,47,46,0.00,76,307.70,,18.7,11.2,0.24,0.32,12.9,5.9,7.8,9.1,,45,45,48,51,
2017-01-20 11:00,2185,48,47,0.00,73,170.20,,20.7,13.2,0.24,0.33,12.9,5.6,7.8,9.1,,48,45,48,50,
2017-01-20 12:00,2185,49,48,0.01,71,173.90,,22.1,14.2,0.24,0.35,13.0,5.7,8.1,9.1,,49,46,48,50,
2017-01-20 13:00,2185,49,47,0.00,68,88.50,,19.2,12.1,0.23,0.34,13.1,5.5,7.9,9.3,,50,47,48,50,
2017-01-20 14:00,2185,47,45,0.01,77,59.55,,21.9,11.3,0.25,0.31,13.1,5.5,7.9,9.1,,49,47,49,50,
2017-01-20 15:00,2185,46,45,0.09,85,29.22,,22.1,7.2,0.27,0.30,13.3,5.5,7.9,9.1,,48,47,49,50,
2017-01-20 16:00,2185,46,46,0.01,88,17.94,,17.1,6.3,0.27,0.31,15.9,5.5,7.8,8.9,,47,47,49,50,
2017-01-20 17:00,2185,46,46,0.00,75,0.13,,18.4,9.9,0.24,0.31,15.3,6.1,7.9,8.9,,47,47,49,50,
2017-01-20 18:00,2185,47,46,0.00,76,0.00,,13.0,4.4,0.24,0.32,15.1,6.5,8.3,8.9,,46,47,49,50,
2017-01-20 19:00,2185,47,46,0.00,75,0.00,,10.8,5.5,0.23,0.32,15.0,6.1,8.1,9.2,,46,46,49,50,
2017-01-20 20:00,2185,47,45,0.00,74,0.00,,16.4,7.6,0.25,0.31,14.8,6.3,8.4,8.9,,45,46,49,50,
2017-01-20 21:00,2185,46,45,0.00,76,0.00,,15.8,9.6,0.23,0.30,14.7,6.3,8.3,8.9,,45,46,49,50,
2017-01-20 22:00,2185,45,45,0.00,78,0.00,,14.9,9.3,0.23,0.30,14.3,6.5,8.3,8.9,,44,46,49,50,
2017-01-20 23:00,2185,45,44,0.00,78,0.00,,16.6,10.6,0.23,0.29,14.3,6.7,8.4,9.2,,44,45,49,50,
2017-01-21 00:00,2185,44,44,0.00,79,0.01,,14.9,8.2,0.23,0.29,14.2,6.3,8.4,9.2,,43,45,49,50,
2017-01-21 01:00,2185,44,43,0.00,79,0.00,,17.5,9.5,0.22,0.28,14.1,6.5,8.4,9.1,,42,44,48,50,
2017-01-21 02:00,2185,43,42,0.00,77,0.01,,12.8,7.5,0.22,0.27,14.0,6.5,8.7,9.1,,42,44,48,50,
2017-01-21 03:00,2185,43,42,0.00,75,0.00,,19.7,12.0,0.18,0.27,13.9,5.9,8.5,9.1,,41,44,48,50,
2017-01-21 04:00,2185,42,41,0.00,63,0.01,,24.1,13.9,0.17,0.26,13.7,6.1,8.2,8.8,,41,43,48,50,
2017-01-21 05:00,2185,41,40,0.00,63,0.02,,20.9,12.6,0.16,0.26,13.6,6.1,8.5,8.8,,40,43,47,50,
2017-01-21 06:00,2185,41,40,0.00,64,2.59,,24.2,15.9,0.16,0.25,13.5,5.9,8.2,8.8,,39,42,47,50,
2017-01-21 07:00,2185,43,41,0.00,59,107.90,,28.3,15.2,0.15,0.27,13.6,6.2,8.2,9.2,,39,42,47,50,
2017-01-21 08:00,2185,46,43,0.00,52,298.80,,28.6,18.4,0.15,0.29,13.7,6.1,8.5,9.2,,40,42,47,50,
2017-01-21 09:00,2185,47,46,0.00,48,457.00,,21.5,12.4,0.14,0.32,13.4,5.8,8.4,9.2,,42,42,47,49,
2017-01-21 10:00,2185,48,47,0.00,44,566.10,,25.3,13.8,0.16,0.32,13.3,5.8,8.5,8.9,,46,42,47,49,
2017-01-21 11:00,2185,50,47,0.00,49,627.80,,22.7,15.8,0.17,0.34,13.6,6.2,8.5,8.9,,50,44,47,49,
2017-01-21 12:00,2185,51,49,0.00,46,621.70,,27.1,18.2,0.16,0.36,13.3,6.1,8.4,8.9,,53,46,47,49,
2017-01-21 13:00,2185,53,51,0.00,43,551.50,,21.4,12.0,0.16,0.38,13.2,6.2,8.4,8.9,,54,47,47,49,
2017-01-21 14:00,2185,53,52,0.00,38,427.00,,15.8,10.2,0.16,0.40,13.0,6.2,8.5,8.9,,54,48,47,49,
2017-01-21 15:00,2185,53,52,0.00,38,246.00,,13.7,9.2,0.15,0.40,13.0,6.2,8.5,8.9,,53,49,48,49,
2017-01-21 16:00,2185,52,49,0.00,41,28.15,,11.8,5.5,0.16,0.37,12.9,5.8,8.7,9.5,,51,49,49,49,
2017-01-21 17:00,2185,49,46,0.00,49,0.43,,4.8,2.7,0.17,0.33,12.4,5.8,8.7,9.3,,49,49,49,49,
2017-01-21 18:00,2185,46,42,0.00,59,0.01,,7.2,3.3,0.18,0.29,12.6,6.1,8.7,9.1,,46,49,49,49,
2017-01-21 19:00,2185,43,41,0.00,71,0.02,,4.6,3.2,0.19,0.26,12.7,5.6,8.3,9.3,,45,48,49,49,
2017-01-21 20:00,2185,43,43,0.00,67,0.02,,4.8,3.5,0.18,0.28,12.4,6.0,8.7,9.1,,43,47,49,50,
2017-01-21 21:00,2185,44,43,0.00,66,0.02,,4.8,2.8,0.18,0.29,12.1,5.6,8.7,8.9,,42,46,49,50,
2017-01-21 22:00,2185,45,44,0.00,62,0.01,,5.2,3.3,0.18,0.30,12.5,5.9,8.4,8.9,,42,45,49,50,
2017-01-21 23:00,2185,45,43,0.00,60,0.02,,5.5,3.7,0.18,0.29,12.4,6.0,8.5,8.9,,43,45,49,50,
2017-01-22 00:00,2185,46,44,0.00,59,0.01,,4.7,2.8,0.18,0.30,12.5,6.0,8.1,8.9,,42,45,48,50,
2017-01-22 01:00,2185,46,45,0.00,59,0.01,,4.3,2.4,0.18,0.31,12.4,5.6,8.2,9.3,,43,44,48,50,
2017-01-22 02:00,2185,45,44,0.00,57,0.01,,4.5,1.8,0.18,0.30,12.4,5.6,8.4,8.9,,43,44,48,50,
2017-01-22 03:00,2185,47,45,0.00,60,0.01,,10.2,5.0,0.18,0.31,12.4,5.6,8.6,8.9,,43,44,48,50,
2017-01-22 04:00,2185,47,46,0.00,59,0.01,,10.3,6.2,0.18,0.32,12.4,5.6,8.6,8.9,,43,44,48,50,
2017-01-22 05:00,2185,46,45,0.00,60,0.00,,9.6,4.4,0.19,0.31,12.4,5.6,8.3,8.9,,43,44,47,50,
2017-01-22 06:00,2185,45,43,0.00,66,0.98,,12.0,6.5,0.20,0.29,12.4,5.9,8.3,8.9,,43,44,47,49,
2017-01-22 07:00,2185,46,44,0.00,71,29.43,,12.5,7.4,0.21,0.29,12.4,5.9,8.4,9.3,,43,44,47,49,
2017-01-22 08:00,2185,48,46,0.00,64,88.80,,13.8,7.7,0.19,0.31,12.3,5.9,8.4,8.9,,43,44,47,49,
2017-01-22 09:00,2185,48,46,0.00,59,88.90,,11.5,6.2,0.21,0.32,12.6,5.9,8.4,8.9,,45,44,47,49,
2017-01-22 10:00,2185,47,46,0.00,66,163.60,,18.6,7.2,0.22,0.32,12.4,5.6,8.4,8.9,,45,45,47,49,
2017-01-22 11:00,2185,47,47,0.00,69,173.30,,15.6,8.8,0.24,0.33,13.1,5.6,8.4,9.1,,47,45,47,49,
2017-01-22 12:00,2185,47,46,0.01,76,135.20,,17.9,10.8,0.25,0.32,13.0,5.6,8.4,9.3,,48,46,47,49,
2017-01-22 13:00,2185,46,46,0.00,84,77.20,,19.0,12.2,0.25,0.31,12.9,5.9,8.4,9.3,,48,46,47,49,
2017-01-22 14:00,2185,46,46,0.03,81,79.84,,17.4,10.5,0.26,0.31,13.2,5.9,8.4,9.1,,48,46,48,49,
2017-01-22 15:00,2185,46,46,0.00,84,40.34,,22.5,12.1,0.26,0.31,13.5,5.9,8.3,9.1,,48,46,48,49,
2017-01-22 16:00,2185,46,45,0.04,80,12.85,,14.4,8.1,0.26,0.31,13.8,6.0,8.6,9.1,,47,46,48,49,
2017-01-22 17:00,2185,45,45,0.05,87,0.13,,18.9,10.9,0.26,0.30,14.6,5.6,8.6,9.1,,47,46,48,49,
2017-01-22 18:00,2185,45,45,0.05,89,0.01,,12.4,6.5,0.27,0.30,16.2,6.2,8.4,9.1,,46,46,48,49,
2017-01-22 19:00,2185,45,44,0.02,91,0.02,,16.3,9.0,0.27,0.30,16.7,6.5,8.2,9.1,,46,46,48,49,
2017-01-22 20:00,2185,47,45,0.00,88,0.01,,24.5,13.2,0.26,0.31,16.5,6.9,8.5,8.9,,46,46,48,49,
2017-01-22 21:00,2185,48,47,0.00,80,0.01,,26.3,16.0,0.26,0.33,16.0,7.0,8.4,8.9,,45,46,48,49,
2017-01-22 22:00,2185,49,48,0.00,75,0.01,,24.7,14.6,0.25,0.35,15.7,7.2,8.7,8.9,,46,46,48,49,
2017-01-22 23:00,2185,49,48,0.00,74,0.01,,19.4,12.0,0.25,0.35,15.5,6.9,8.4,9.1,,46,46,48,49,
2017-01-23 00:00,2185,49,48,0.00,75,0.01,,20.7,13.6,0.26,0.34,15.4,7.2,8.5,9.3,,46,46,48,49,
2017-01-23 01:00,2185,51,48,0.00,76,0.01,,19.3,10.8,0.27,0.34,15.3,6.7,8.8,9.3,,46,46,48,49,
2017-01-23 02:00,2185,51,50,0.00,71,0.01,,18.9,10.5,0.25,0.37,15.4,6.9,8.7,9.3,,46,46,48,49,
2017-01-23 03:00,2185,51,51,0.00,61,0.01,,27.7,13.5,0.23,0.38,15.2,6.5,9.0,9.1,,45,46,48,49,
2017-01-23 04:00,2185,51,50,0.00,66,0.00,,20.7,10.6,0.25,0.37,14.9,6.7,8.7,9.4,,45,46,48,49,
2017-01-23 05:00,2185,50,47,0.01,64,0.00,,17.9,10.5,0.25,0.35,14.9,6.9,8.7,9.5,,46,46,48,49,
2017-01-23 06:00,2185,47,46,0.00,82,1.94,,22.8,13.2,0.24,0.32,15.6,6.5,9.0,9.2,,46,46,48,49,
2017-01-23 07:00,2185,47,46,0.00,65,84.10,,21.4,14.0,0.19,0.31,15.5,6.7,8.9,9.2,,45,46,48,49,
2017-01-23 08:00,2185,48,47,0.00,54,336.70,,21.9,13.7,0.18,0.33,14.9,6.9,8.9,9.4,,44,46,48,49,
2017-01-23 09:00,2185,48,47,0.00,56,476.70,,17.3,11.6,0.20,0.33,15.1,6.7,8.9,9.4,,47,45,48,49,
2017-01-23 10:00,2185,48,48,0.00,58,578.60,,19.3,12.0,0.20,0.34,15.0,6.9,8.9,9.2,,50,46,48,49,
2017-01-23 11:00,2185,49,48,0.00,58,561.40,,20.5,12.8,0.20,0.34,15.0,6.9,8.7,9.2,,54,47,48,49,
2017-01-23 12:00,2185,50,49,0.00,61,502.90,,18.6,10.0,0.21,0.35,14.5,6.7,9.0,9.8,,55,48,48,49,
2017-01-23 13:00,2185,49,46,0.00,54,221.60,,31.1,14.1,0.19,0.33,14.7,6.8,8.7,9.4,,57,50,49,49,
2017-01-23 14:00,2185,46,46,0.00,67,157.60,,19.9,11.6,0.20,0.31,14.5,6.8,8.7,9.4,,54,51,49,49,
2017-01-23 15:00,2185,46,44,0.00,67,58.73,,17.2,10.8,0.20,0.30,14.4,6.2,9.2,9.7,,52,50,50,49,
2017-01-23 16:00,2185,44,43,0.00,68,24.94,,14.9,8.0,0.19,0.28,14.2,6.7,9.1,9.6,,50,50,50,50,
2017-01-23 17:00,2185,43,42,0.00,69,0.66,,9.6,6.2,0.19,0.27,14.1,6.4,8.7,9.6,,48,49,50,50,
2017-01-23 18:00,2185,42,42,0.00,71,0.01,,14.5,7.2,0.19,0.27,14.1,6.7,8.6,9.9,,46,48,50,50,
2017-01-23 19:00,2185,42,42,0.00,69,0.01,,15.8,10.7,0.17,0.27,13.9,6.4,8.7,9.9,,44,47,50,50,
2017-01-23 20:00,2185,42,40,0.00,67,0.01,,14.6,9.8,0.18,0.26,14.0,6.7,8.7,9.6,,43,46,50,50,
2017-01-23 21:00,2185,40,39,0.00,74,0.01,,12.9,7.2,0.18,0.24,13.6,6.1,9.0,9.5,,42,45,49,50,
2017-01-23 22:00,2185,40,39,0.00,77,0.02,,12.7,8.0,0.18,0.24,13.7,6.2,8.7,9.5,,41,45,49,50,
2017-01-23 23:00,2185,39,37,0.00,70,0.05,,13.7,8.5,0.16,0.23,13.6,6.3,8.9,9.5,,40,44,49,50,
2017-01-24 00:00,2185,38,37,0.00,73,0.03,,13.2,7.7,0.16,0.23,13.6,6.1,8.9,9.5,,39,43,48,50,
2017-01-24 01:00,2185,37,35,0.00,69,0.03,,10.0,5.1,0.15,0.22,13.6,6.5,9.0,9.5,,38,42,48,50,
2017-01-24 02:00,2185,35,34,0.00,74,0.04,,3.5,0.8,0.15,0.20,13.7,5.9,9.1,9.5,,37,42,48,50,
2017-01-24 03:00,2185,36,35,0.00,75,0.06,,10.3,4.8,0.15,0.21,13.4,6.1,8.8,9.5,,36,41,47,50,
2017-01-24 04:00,2185,35,35,0.00,74,0.04,,8.8,5.1,0.15,0.20,13.2,6.1,8.8,9.4,,36,40,47,50,
2017-01-24 05:00,2185,36,35,0.00,74,0.06,,7.3,4.8,0.15,0.21,13.4,5.9,8.7,9.4,,36,40,47,49,
2017-01-24 06:00,2185,36,35,0.00,66,2.99,,7.3,3.1,0.14,0.21,12.9,5.9,8.7,9.4,,36,39,46,49,
2017-01-24 07:00,2185,40,35,0.00,68,103.90,,3.4,1.1,0.14,0.22,13.1,6.0,8.4,9.4,,35,39,46,49,
2017-01-24 08:00,2185,42,40,0.00,57,299.60,,8.0,4.0,0.14,0.25,13.0,6.0,9.0,9.6,,36,39,46,49,
2017-01-24 09:00,2185,43,42,0.00,55,459.50,,11.6,6.1,0.14,0.27,13.5,6.0,8.7,9.6,,38,39,45,49,
2017-01-24 10:00,2185,44,43,0.00,51,550.70,,11.3,7.6,0.15,0.28,13.7,5.9,8.7,9.6,,44,39,45,49,
2017-01-24 11:00,2185,46,44,0.00,56,752.60,,11.6,6.1,0.16,0.30,13.7,6.1,8.7,9.6,,48,41,45,48,
2017-01-24 12:00,2185,47,46,0.00,45,694.50,,10.2,5.6,0.15,0.31,13.7,6.5,8.7,9.6,,54,43,45,48,
2017-01-24 13:00,2185,48,46,0.00,49,538.30,,10.8,4.9,0.14,0.32,13.9,6.5,9.0,9.6,,57,46,45,48,
2017-01-24 14:00,2185,48,48,0.00,40,444.90,,10.1,4.6,0.14,0.34,13.9,6.3,8.5,9.8,,57,48,46,48,
2017-01-24 15:00,2185,49,48,0.00,40,294.70,,10.5,4.7,0.13,0.34,13.5,6.7,8.3,9.3,,54,49,47,48,
2017-01-24 16:00,2185,48,46,0.00,41,93.50,,13.3,7.9,0.12,0.33,13.5,6.3,8.7,9.8,,52,50,47,48,
2017-01-24 17:00,2185,46,42,0.00,43,0.56,,11.4,6.4,0.15,0.29,13.2,6.3,8.8,9.8,,50,50,48,48,
2017-01-24 18:00,2185,42,39,0.00,58,0.01,,5.9,2.8,0.16,0.26,13.0,6.1,8.8,9.6,,47,49,48,48,
2017-01-24 19:00,2185,39,36,0.00,71,0.03,,3.8,2.8,0.17,0.23,12.9,6.3,8.8,9.6,,45,48,49,49,
2017-01-24 20:00,2185,37,36,0.00,77,0.04,,5.2,3.5,0.16,0.22,12.9,5.7,8.8,9.6,,42,47,49,49,
2017-01-24 21:00,2185,36,34,0.00,73,0.05,,4.7,3.5,0.15,0.20,12.6,6.1,8.5,9.6,,41,45,49,49,
2017-01-24 22:00,2185,35,33,0.00,79,0.04,,4.0,3.1,0.15,0.19,12.9,6.2,8.7,9.6,,39,44,48,49,
2017-01-24 23:00,2185,33,33,0.00,78,0.04,,4.0,2.8,0.15,0.19,12.8,5.6,8.4,9.6,,38,43,48,49,
2017-01-25 00:00,2185,34,32,0.00,78,0.04,,4.1,2.1,0.14,0.19,12.9,5.8,8.6,9.6,,37,42,47,49,
2017-01-25 01:00,2185,34,32,0.00,79,0.08,,4.6,3.0,0.14,0.18,12.7,6.0,8.7,9.6,,37,41,47,49,
2017-01-25 02:00,2185,35,33,0.00,72,0.08,,3.8,2.6,0.14,0.19,12.6,5.8,8.7,9.8,,36,40,47,49,
2017-01-25 03:00,2185,36,33,0.00,72,0.06,,4.8,2.2,0.13,0.20,12.1,5.8,8.4,9.8,,36,40,46,49,
2017-01-25 04:00,2185,35,33,0.00,72,0.06,,5.3,2.0,0.13,0.20,12.1,5.8,8.4,9.3,,36,39,46,49,
2017-01-25 05:00,2185,37,32,0.00,72,0.06,,7.4,4.6,0.13,0.19,11.8,6.1,8.4,9.3,,35,39,46,49,
2017-01-25 06:00,2185,37,34,0.00,51,3.07,,5.6,2.8,0.12,0.20,11.6,5.6,8.5,9.3,,35,38,45,48,
2017-01-25 07:00,2185,41,34,0.00,63,117.40,,6.6,2.7,0.12,0.22,11.8,5.6,8.6,9.3,,35,38,45,48,
2017-01-25 08:00,2185,42,41,0.00,38,310.60,,7.7,3.6,0.10,0.26,11.7,5.8,8.5,9.4,,35,38,45,48,
2017-01-25 09:00,2185,44,42,0.00,38,474.70,,11.8,5.2,0.10,0.27,12.7,5.8,8.5,9.7,,36,38,44,48,
2017-01-25 10:00,2185,45,44,0.00,35,590.70,,11.0,5.6,0.10,0.29,13.0,5.8,8.5,9.7,,41,38,44,48,
2017-01-25 11:00,2185,46,45,0.00,33,649.30,,10.1,4.6,0.10,0.31,13.0,6.1,8.4,9.3,,47,40,44,47,
2017-01-25 12:00,2185,47,46,0.00,31,642.70,,8.4,3.2,0.10,0.32,13.1,5.6,8.4,9.6,,51,42,44,47,
2017-01-25 13:00,2185,48,47,0.00,30,573.10,,8.4,3.9,0.10,0.33,12.9,5.6,8.5,9.6,,55,45,44,47,
2017-01-25 14:00,2185,49,47,0.00,29,445.80,,8.1,3.5,0.10,0.34,13.0,6.1,8.5,9.6,,56,47,45,47,
2017-01-25 15:00,2185,49,48,0.00,30,274.40,,8.3,3.3,0.10,0.34,12.9,5.9,8.5,9.6,,53,48,46,47,
2017-01-25 16:00,2185,48,46,0.00,29,83.60,,7.4,3.4,0.11,0.33,12.7,6.2,8.5,9.6,,51,49,47,47,
2017-01-25 17:00,2185,46,40,0.00,36,0.92,,4.7,2.2,0.13,0.28,12.5,5.8,8.6,9.6,,48,49,47,47,
2017-01-25 18:00,2185,41,38,0.00,56,0.01,,6.3,3.8,0.15,0.24,12.4,6.1,8.3,9.6,,46,48,47,47,
2017-01-25 19:00,2185,40,37,0.00,52,0.02,,5.7,4.1,0.14,0.24,12.2,6.2,8.4,9.6,,43,47,47,48,
2017-01-25 20:00,2185,37,36,0.00,64,0.01,,5.0,3.3,0.14,0.22,12.1,5.8,8.3,9.6,,42,46,47,48,
2017-01-25 21:00,2185,37,35,0.00,62,0.02,,6.0,3.9,0.13,0.21,12.0,6.1,8.4,9.6,,40,45,47,48,
2017-01-25 22:00,2185,36,35,0.00,60,0.02,,5.8,4.0,0.13,0.21,12.0,5.7,8.6,9.6,,39,43,47,48,
2017-01-25 23:00,2185,38,36,0.00,58,0.02,,8.4,4.9,0.12,0.22,12.2,5.6,8.5,9.6,,37,42,47,48,
2017-01-26 00:00,2185,38,36,0.00,54,0.03,,6.8,2.9,0.12,0.22,12.1,5.9,8.5,9.6,,37,41,47,48,
2017-01-26 01:00,2185,36,32,0.00,56,0.03,,4.8,3.0,0.12,0.20,12.0,5.9,8.2,9.8,,37,41,46,48,
2017-01-26 02:00,2185,32,31,0.00,69,0.03,,4.6,2.8,0.13,0.18,11.6,5.4,8.5,9.8,,36,40,46,48,
2017-01-26 03:00,2185,32,31,0.00,68,0.07,,5.0,3.7,0.12,0.18,11.8,5.4,8.5,9.2,,36,39,46,48,
2017-01-26 04:00,2185,32,31,0.00,66,0.04,,5.3,4.0,0.12,0.17,11.4,5.7,8.4,9.4,,35,39,45,48,
2017-01-26 05:00,2185,31,29,0.00,65,0.03,,5.2,3.5,0.12,0.17,11.3,5.7,8.5,9.7,,35,39,45,48,
2017-01-26 06:00,2185,33,29,0.00,74,3.24,,5.0,3.7,0.11,0.17,10.9,5.3,8.2,9.2,,35,38,45,48,
2017-01-26 07:00,2185,42,33,0.00,54,118.70,,4.7,2.8,0.10,0.21,10.6,5.5,8.2,9.4,,35,38,44,47,
2017-01-26 08:00,2185,43,42,0.00,34,310.60,,4.1,1.7,0.09,0.27,10.6,5.5,8.1,9.4,,35,37,44,47,
2017-01-26 09:00,2185,44,43,0.00,30,473.30,,10.0,4.6,0.08,0.28,11.8,5.7,8.1,9.6,,35,37,44,47,
2017-01-26 10:00,2185,46,44,0.00,27,589.30,,11.6,6.0,0.08,0.30,12.3,5.5,8.1,9.6,,40,37,44,47,
2017-01-26 11:00,2185,48,46,0.00,25,646.50,,11.9,6.3,0.08,0.32,12.4,5.3,8.2,9.6,,46,39,43,47,
2017-01-26 12:00,2185,48,48,0.00,24,641.50,,11.9,6.3,0.08,0.34,12.1,5.4,8.1,9.2,,51,42,43,47,
2017-01-26 13:00,2185,49,48,0.00,22,585.80,,13.7,6.0,0.08,0.35,12.4,5.6,8.1,9.2,,53,44,44,47,
2017-01-26 14:00,2185,49,49,0.00,25,453.50,,13.3,6.6,0.08,0.35,12.2,5.9,7.9,9.4,,54,46,44,47,
2017-01-26 15:00,2185,,,,26,,,,,0.09,0.33,12.2,5.6,8.2,9.4,,52,47,45,47,
2017-01-26 16:00,2185,47,44,0.00,,45.23,,12.2,7.0,0.09,0.31,,,,,,,,,,
2017-01-26 17:00,2185,44,42,0.00,30,1.19,,10.5,6.3,0.09,0.28,11.8,5.6,8.4,9.4,,47,47,46,47,
2017-01-26 18:00,2185,42,42,0.00,34,0.01,,14.6,8.7,0.08,0.27,11.5,5.9,8.2,9.4,,44,47,47,47,
2017-01-26 19:00,2185,42,41,0.00,29,0.01,,11.8,6.3,0.08,0.27,11.5,5.7,8.4,9.4,,42,46,47,47,
2017-01-26 20:00,2185,41,39,0.00,31,0.02,,12.6,5.7,0.08,0.26,11.7,5.9,8.4,9.4,,41,45,47,47,
2017-01-26 21:00,2185,39,35,0.00,36,0.03,,6.0,3.0,0.10,0.22,11.2,5.3,8.4,9.4,,40,43,47,47,
2017-01-26 22:00,2185,39,35,0.00,49,0.02,,8.9,3.7,0.10,0.21,11.2,5.5,8.4,9.4,,38,42,46,47,
2017-01-26 23:00,2185,40,37,0.00,35,0.02,,8.5,4.1,0.09,0.24,11.3,5.3,8.3,9.4,,37,42,46,47,
2017-01-27 00:00,2185,39,37,0.00,40,0.01,,11.9,4.4,0.09,0.23,11.1,5.8,8.3,9.4,,37,41,46,47,
2017-01-27 01:00,2185,39,39,0.00,34,0.01,,17.8,7.3,0.08,0.24,10.9,4.8,7.9,9.4,,36,40,46,47,
2017-01-27 02:00,2185,39,38,0.00,31,0.02,,14.5,8.1,0.08,0.23,10.9,5.4,8.1,9.4,,36,39,45,47,
2017-01-27 03:00,2185,38,37,0.00,34,0.02,,15.0,7.8,0.08,0.22,10.8,5.4,8.1,9.4,,36,39,45,47,
2017-01-27 04:00,2185,38,37,0.00,33,0.02,,16.3,8.8,0.08,0.22,10.8,5.4,7.9,8.8,,36,39,45,47,
2017-01-27 05:00,2185,37,36,0.00,34,0.02,,13.8,6.4,0.07,0.22,10.9,5.6,7.9,9.5,,35,38,44,47,
2017-01-27 06:00,2185,37,35,0.00,33,3.37,,22.2,7.8,0.07,0.22,10.6,5.2,7.9,9.0,,35,38,44,47,
2017-01-27 07:00,2185,39,35,0.00,34,124.20,,17.2,7.1,0.07,0.22,10.4,5.2,8.0,9.0,,35,38,44,47,
2017-01-27 08:00,2185,40,39,0.00,29,318.00,,27.3,14.7,0.07,0.24,10.7,5.2,8.4,8.9,,35,37,44,47,
2017-01-27 09:00,2185,42,40,0.00,28,481.40,,19.5,10.4,0.07,0.25,11.1,5.4,8.4,9.2,,36,37,43,47,
2017-01-27 10:00,2185,43,42,0.00,28,598.50,,25.3,11.8,0.08,0.27,11.5,5.2,8.3,9.5,,40,38,43,47,
2017-01-27 11:00,2185,43,43,0.00,27,658.40,,24.0,13.1,0.08,0.28,11.7,5.4,8.3,9.2,,45,40,43,46,
2017-01-27 12:00,2185,45,43,0.00,25,653.50,,22.1,12.9,0.08,0.29,11.5,5.2,8.3,9.2,,48,42,43,46,
2017-01-27 13:00,2185,46,45,0.00,25,584.60,,25.5,13.6,0.08,0.31,11.4,5.6,8.1,8.8,,50,43,43,46,
2017-01-27 14:00,2185,47,46,0.00,25,457.70,,22.7,10.5,0.08,0.32,11.5,5.4,8.4,9.1,,50,45,44,46,
2017-01-27 15:00,2185,47,46,0.00,26,285.70,,18.8,10.0,0.08,0.32,11.4,5.6,8.0,9.1,,49,46,44,46,
2017-01-27 16:00,2185,46,44,0.00,26,90.70,,20.7,11.1,0.08,0.30,11.1,5.6,8.5,9.1,,47,46,45,46,
2017-01-27 17:00,2185,44,43,0.00,27,1.16,,18.2,10.5,0.08,0.28,11.1,5.8,7.9,9.3,,46,46,45,46,
2017-01-27 18:00,2185,43,42,0.00,28,0.01,,17.3,8.5,0.08,0.27,10.9,5.5,7.9,9.3,,43,46,46,46,
2017-01-27 19:00,2185,44,42,0.00,31,0.01,,22.8,12.1,0.08,0.28,10.8,5.7,7.9,9.1,,42,45,46,47,
2017-01-27 20:00,2185,44,43,0.00,28,0.01,,20.6,10.2,0.09,0.29,10.6,5.6,7.9,9.1,,41,44,46,47,
2017-01-27 21:00,2185,44,43,0.00,31,0.00,,17.3,8.6,0.09,0.28,10.5,5.2,7.9,9.1,,40,43,46,47,
2017-01-27 22:00,2185,44,43,0.00,31,0.01,,21.5,13.0,0.09,0.29,10.5,5.2,8.1,9.3,,40,43,46,47,
2017-01-27 23:00,2185,44,43,0.00,31,0.01,,21.7,13.5,0.08,0.28,10.7,5.5,8.5,9.1,,40,42,45,47,
2017-01-28 00:00,2185,45,44,0.00,26,0.01,,21.3,13.1,0.07,0.30,10.5,5.0,8.0,9.3,,39,42,45,47,
2017-01-28 01:00,2185,45,44,0.00,24,0.00,,21.4,13.6,0.07,0.30,10.7,5.3,8.0,9.3,,39,42,45,47,
2017-01-28 02:00,2185,45,44,0.00,25,0.01,,25.2,15.5,0.07,0.30,10.6,5.3,8.2,9.3,,39,41,45,47,
2017-01-28 03:00,2185,45,45,0.00,22,0.00,,21.0,12.4,0.07,0.30,10.6,5.4,8.4,9.3,,39,41,45,47,
2017-01-28 04:00,2185,45,42,0.00,23,0.00,,18.0,6.9,0.07,0.29,10.6,5.4,8.3,9.3,,39,41,45,47,
2017-01-28 05:00,2185,44,42,0.00,24,0.02,,9.7,2.5,0.07,0.28,10.4,5.4,8.1,9.3,,39,41,44,47,
2017-01-28 06:00,2185,44,42,0.00,26,3.51,,11.3,2.7,0.07,0.27,10.4,5.4,8.3,9.3,,37,41,44,47,
2017-01-28 07:00,2185,47,44,0.00,24,123.10,,13.2,4.4,0.07,0.30,10.0,5.0,8.3,8.7,,37,40,44,47,
2017-01-28 08:00,2185,50,47,0.00,22,319.00,,16.3,7.4,0.07,0.33,10.4,5.0,8.2,8.9,,37,40,44,47,
2017-01-28 09:00,2185,52,50,0.00,20,487.70,,12.9,5.5,0.07,0.37,10.5,5.0,8.2,9.1,,41,40,44,47,
2017-01-28 10:00,2185,55,52,0.00,20,609.00,,12.0,5.1,0.08,0.41,10.8,5.0,8.2,8.9,,46,41,44,46,
2017-01-28 11:00,2185,57,55,0.00,17,671.10,,12.5,4.6,0.07,0.45,10.9,5.3,8.2,8.9,,51,43,44,46,
2017-01-28 12:00,2185,58,56,0.00,15,666.10,,11.2,6.3,0.08,0.48,11.0,5.4,8.2,9.1,,56,46,44,46,
2017-01-28 13:00,2185,59,56,0.00,19,597.30,,10.0,4.8,0.09,0.48,11.0,5.6,8.3,8.9,,59,48,45,46,
2017-01-28 14:00,2185,60,58,0.00,18,470.90,,9.8,3.7,0.09,0.50,11.2,5.4,8.3,8.9,,59,51,46,46,
2017-01-28 15:00,2185,59,58,0.00,18,296.50,,10.8,4.2,0.08,0.50,11.1,5.4,8.3,9.1,,58,52,46,46,
2017-01-28 16:00,2185,58,56,0.00,18,99.50,,18.6,8.0,0.08,0.48,10.8,5.2,8.4,9.1,,56,53,47,47,
2017-01-28 17:00,2185,56,54,0.00,18,1.50,,12.1,6.0,0.08,0.43,10.6,5.9,7.8,9.1,,54,53,48,47,
2017-01-28 18:00,2185,54,51,0.00,18,0.00,,11.1,5.1,0.08,0.40,10.3,5.4,8.1,9.1,,51,52,48,47,
2017-01-28 19:00,2185,53,48,0.00,22,0.01,,8.7,2.0,0.09,0.36,10.5,5.9,7.9,9.1,,49,51,49,47,
2017-01-28 20:00,2185,53,51,0.00,23,0.00,,15.3,5.3,0.08,0.40,10.5,5.6,7.9,9.1,,47,50,49,48,
2017-01-28 21:00,2185,53,51,0.00,19,0.00,,10.6,3.1,0.08,0.40,10.1,5.3,8.1,9.1,,46,49,49,48,
2017-01-28 22:00,2185,53,50,0.00,21,0.00,,11.5,3.1,0.09,0.38,10.3,5.3,7.8,9.1,,45,48,49,48,
2017-01-28 23:00,2185,53,51,0.00,24,0.00,,12.1,3.9,0.09,0.39,10.3,5.4,7.8,9.1,,43,47,49,48,
2017-01-29 00:00,2185,53,49,0.00,21,0.00,,9.9,3.1,0.09,0.38,10.2,5.0,8.0,9.1,,43,46,48,48,
2017-01-29 01:00,2185,52,49,0.00,25,0.00,,20.4,9.0,0.08,0.38,10.3,5.3,8.4,9.1,,42,46,48,48,
2017-01-29 02:00,2185,52,51,0.00,22,0.00,,24.3,14.8,0.08,0.39,9.9,5.3,7.9,9.1,,42,45,48,48,
2017-01-29 03:00,2185,52,52,0.00,20,0.00,,16.3,7.9,0.08,0.39,10.2,5.3,8.0,9.1,,43,45,48,49,
2017-01-29 04:00,2185,52,47,0.00,20,0.00,,15.4,6.1,0.08,0.38,9.9,5.5,8.0,9.1,,43,45,47,49,
2017-01-29 05:00,2185,51,47,0.00,26,0.00,,20.0,7.5,0.08,0.36,10.0,5.2,8.2,8.8,,43,45,47,48,
2017-01-29 06:00,2185,52,51,0.00,19,3.37,,16.3,7.7,0.07,0.38,10.2,5.2,8.2,8.8,,42,44,47,48,
2017-01-29 07:00,2185,53,50,0.00,19,124.40,,10.2,4.1,0.08,0.37,10.3,5.2,8.2,8.9,,42,44,47,48,
2017-01-29 08:00,2185,56,53,0.00,20,316.70,,9.0,4.2,0.07,0.42,10.2,5.4,8.4,8.9,,43,44,47,48,
2017-01-29 09:00,2185,60,56,0.00,17,482.80,,6.8,3.1,0.08,0.49,10.5,5.2,7.8,8.9,,46,44,47,48,
2017-01-29 10:00,2185,63,60,0.00,15,602.00,,9.6,3.9,0.08,0.54,10.6,5.2,7.8,8.9,,51,45,47,48,
2017-01-29 11:00,2185,63,62,0.00,15,662.40,,15.2,6.2,0.08,0.58,10.8,5.0,8.3,8.9,,57,47,47,48,
2017-01-29 12:00,2185,63,62,0.00,14,658.40,,15.0,9.2,0.08,0.57,11.1,5.3,8.3,9.2,,61,50,47,48,
2017-01-29 13:00,2185,64,63,0.00,15,591.60,,16.7,8.8,0.09,0.59,11.0,5.5,8.2,8.9,,63,53,48,48,
2017-01-29 14:00,2185,63,62,0.00,14,466.30,,16.8,9.2,0.09,0.58,10.7,5.6,8.3,8.9,,63,55,49,48,
2017-01-29 15:00,2185,63,62,0.00,15,295.20,,14.8,8.8,0.09,0.57,10.7,6.1,7.9,8.9,,62,56,49,48,
2017-01-29 16:00,2185,62,59,0.00,16,100.10,,12.0,4.8,0.09,0.55,10.3,6.1,8.2,8.9,,60,56,50,49,
2017-01-29 17:00,2185,59,56,0.00,20,1.68,,6.2,2.4,0.10,0.48,10.1,5.5,7.8,9.2,,57,56,51,49,
2017-01-29 18:00,2185,56,53,0.00,22,0.00,,5.4,1.8,0.11,0.43,10.3,5.6,8.0,9.2,,54,56,51,49,
2017-01-29 19:00,2185,55,53,0.00,23,0.00,,6.3,2.3,0.10,0.42,9.9,5.5,7.8,9.2,,51,54,52,49,
2017-01-29 20:00,2185,55,54,0.00,25,0.00,,7.1,2.8,0.10,0.43,10.1,5.7,8.0,9.2,,49,53,52,50,
2017-01-29 21:00,2185,57,53,0.00,23,0.00,,7.8,2.9,0.10,0.44,10.0,5.0,8.0,9.2,,48,52,52,50,
2017-01-29 22:00,2185,53,51,0.00,28,0.00,,8.4,3.8,0.11,0.39,10.2,5.6,8.0,9.2,,47,51,51,50,
2017-01-29 23:00,2185,52,46,0.00,27,0.00,,6.4,3.5,0.12,0.35,9.7,5.4,7.6,9.2,,46,50,51,50,
2017-01-30 00:00,2185,47,46,0.00,39,0.01,,6.2,4.0,0.12,0.32,10.0,5.6,7.8,9.2,,45,49,51,50,
2017-01-30 01:00,2185,47,46,0.00,40,0.01,,5.7,4.0,0.12,0.32,9.4,5.6,8.3,9.2,,44,48,51,51,
2017-01-30 02:00,2185,47,44,0.00,40,0.00,,5.9,4.0,0.12,0.32,9.7,5.2,7.9,9.2,,43,47,50,51,
2017-01-30 03:00,2185,45,43,0.00,44,0.00,,6.2,4.6,0.13,0.30,9.9,5.2,8.3,9.2,,42,46,50,51,
2017-01-30 04:00,2185,44,42,0.00,48,0.01,,6.3,3.7,0.14,0.28,9.8,5.4,8.3,8.9,,42,46,50,50,
2017-01-30 05:00,2185,43,41,0.00,50,0.00,,6.4,4.5,0.14,0.27,9.5,4.9,8.0,8.9,,41,45,49,50,
2017-01-30 06:00,2185,43,40,0.00,52,5.02,,7.1,4.9,0.14,0.26,9.8,5.2,8.2,8.9,,40,45,49,50,
2017-01-30 07:00,2185,54,43,0.00,49,124.50,,6.0,3.8,0.14,0.32,9.8,5.2,8.3,8.9,,40,44,49,50,
2017-01-30 08:00,2185,60,54,0.00,34,322.70,,3.2,1.4,0.14,0.47,9.8,5.2,8.2,9.1,,41,43,48,50,
2017-01-30 09:00,2185,62,60,0.00,22,489.00,,8.3,2.6,0.11,0.54,10.2,4.6,8.2,9.1,,46,44,48,50,
2017-01-30 10:00,2185,64,62,0.00,20,608.80,,7.5,2.9,0.11,0.59,10.3,4.9,7.9,9.3,,51,45,48,50,
2017-01-30 11:00,2185,66,64,0.00,17,673.60,,9.9,3.9,0.10,0.61,10.3,5.2,7.9,8.7,,57,47,48,49,
2017-01-30 12:00,2185,66,64,0.00,15,644.00,,13.0,6.4,0.11,0.62,10.6,5.4,8.2,8.9,,62,50,48,49,
2017-01-30 13:00,2185,64,64,0.00,20,591.50,,10.1,6.9,0.12,0.60,11.1,5.4,8.0,8.7,,65,53,49,49,
2017-01-30 14:00,2185,64,63,0.00,20,387.60,,9.1,4.8,0.12,0.59,11.2,5.2,8.3,8.9,,65,56,49,49,
2017-01-30 15:00,2185,65,64,0.00,19,302.00,,6.4,3.3,0.12,0.61,10.4,5.5,8.0,8.9,,64,57,51,49,
2017-01-30 16:00,2185,64,60,0.00,20,87.20,,5.2,2.1,0.12,0.58,10.7,5.5,8.2,8.9,,61,58,51,50,
2017-01-30 17:00,2185,60,51,0.00,24,2.02,,4.7,3.1,0.15,0.45,10.0,5.5,8.3,8.9,,59,58,52,50,
2017-01-30 18:00,2185,51,49,0.00,44,0.00,,6.3,4.6,0.16,0.37,10.4,5.2,7.6,8.7,,56,57,53,50,
2017-01-30 19:00,2185,49,48,0.00,44,0.00,,5.8,4.8,0.15,0.35,10.0,5.5,7.6,8.7,,53,56,53,51,
2017-01-30 20:00,2185,48,47,0.00,46,0.00,,6.3,4.6,0.15,0.33,9.9,5.4,8.1,8.7,,51,55,53,51,
2017-01-30 21:00,2185,47,46,0.00,48,0.01,,6.3,5.0,0.15,0.32,9.7,5.6,7.7,8.8,,49,53,53,51,
2017-01-30 22:00,2185,46,45,0.00,50,0.01,,6.5,5.0,0.16,0.30,9.6,5.4,8.3,9.3,,48,52,53,51,
2017-01-30 23:00,2185,46,45,0.00,51,0.01,,6.5,5.2,0.15,0.30,9.5,5.4,8.3,8.8,,47,51,53,51,
2017-01-31 00:00,2185,46,45,0.00,49,0.00,,6.6,5.3,0.15,0.31,9.5,5.0,8.3,8.8,,46,50,52,51,
2017-01-31 01:00,2185,45,44,0.00,50,0.01,,6.1,4.8,0.15,0.29,9.6,5.2,7.9,8.8,,45,49,52,52,
2017-01-31 02:00,2185,45,43,0.00,52,0.01,,5.9,4.7,0.15,0.29,9.5,5.2,8.2,8.8,,44,48,51,51,
2017-01-31 03:00,2185,44,43,0.00,53,0.01,,6.1,5.2,0.15,0.29,9.3,4.9,8.2,8.8,,43,47,51,51,
2017-01-31 04:00,2185,43,41,0.00,55,0.01,,6.8,5.2,0.15,0.27,9.2,4.9,8.2,8.8,,42,47,51,51,
2017-01-31 05:00,2185,44,41,0.00,57,0.00,,6.6,4.2,0.15,0.27,9.2,5.2,8.0,8.8,,42,46,51,51,
2017-01-31 06:00,2185,44,42,0.00,46,4.84,,5.7,3.8,0.14,0.28,9.6,4.8,8.0,8.8,,41,45,50,51,
2017-01-31 07:00,2185,54,43,0.00,50,134.50,,5.2,3.1,0.14,0.32,9.3,5.0,8.2,8.9,,40,45,50,51,
2017-01-31 08:00,2185,63,54,0.00,34,327.90,,3.1,1.1,0.14,0.48,9.5,5.0,7.9,8.9,,42,44,49,51,
2017-01-31 09:00,2185,63,61,0.00,23,506.10,,4.9,2.2,0.13,0.56,9.3,5.0,8.0,8.9,,46,44,49,51,
2017-01-31 10:00,2185,63,61,0.00,23,576.60,,7.3,3.5,0.13,0.56,10.0,5.4,8.0,8.9,,52,46,49,51,
2017-01-31 11:00,2185,64,63,0.00,22,658.60,,5.8,3.0,0.13,0.59,10.1,4.8,7.8,8.8,,57,48,49,51,
2017-01-31 12:00,2185,68,64,0.00,21,678.20,,8.4,2.5,0.13,0.65,10.4,5.0,8.0,8.8,,62,51,49,50,
2017-01-31 13:00,2185,67,66,0.00,20,606.10,,10.0,5.8,0.14,0.66,10.5,5.6,7.9,8.8,,67,54,49,50,
2017-01-31 14:00,2185,66,66,0.00,22,479.60,,10.1,5.7,0.14,0.64,10.3,5.8,8.0,8.8,,67,57,50,50,
2017-01-31 15:00,2185,66,65,0.00,19,307.20,,9.3,6.1,0.12,0.64,10.7,5.6,8.3,8.8,,66,58,51,50,
2017-01-31 16:00,2185,65,62,0.00,19,109.40,,8.0,3.5,0.13,0.61,10.2,5.7,8.0,8.8,,63,59,52,51,
2017-01-31 17:00,2185,62,51,0.00,25,2.16,,5.5,2.6,0.15,0.47,9.9,5.6,8.2,8.8,,60,59,53,51,
2017-01-31 18:00,2185,51,50,0.00,45,0.00,,5.4,4.3,0.17,0.38,9.9,5.6,8.1,8.8,,57,58,54,51,
2017-01-31 19:00,2185,51,49,0.00,45,0.00,,6.7,5.0,0.17,0.37,9.8,5.8,8.3,8.8,,54,57,54,51,
2017-01-31 20:00,2185,49,46,0.00,48,0.00,,6.3,3.9,0.17,0.33,9.6,5.4,8.3,8.8,,52,56,54,52,
2017-01-31 21:00,2185,46,44,0.00,54,0.00,,6.6,4.8,0.17,0.30,9.6,5.2,8.3,8.9,,50,54,54,52,
2017-01-31 22:00,2185,46,45,0.00,56,0.01,,5.7,5.0,0.17,0.30,9.9,5.6,8.2,8.9,,49,53,54,52,
2017-01-31 23:00,2185,45,42,0.00,57,0.01,,5.9,4.8,0.17,0.29,9.5,5.7,8.2,8.9,,47,52,54,52,
