Date,Station Id,Air Temperature Maximum (degF),Air Temperature Minimum (degF),Precipitation Increment (in),Relative Humidity (pct),Solar Radiation Average (watt/m2),Solar Radiation/langley Total (langley),Wind Speed Maximum (mph),Wind Speed Average (mph),Vapor Pressure - Partial (inch_Hg),Vapor Pressure - Saturated (inch_Hg),Soil Moisture Percent -2in (pct),Soil Moisture Percent -4in (pct),Soil Moisture Percent -8in (pct),Soil Moisture Percent -20in (pct),Soil Moisture Percent -40in (pct),Soil Temperature Observed -2in (degF),Soil Temperature Observed -4in (degF),Soil Temperature Observed -8in (degF),Soil Temperature Observed -20in (degF),Soil Temperature Observed -40in (degF)
2017-07-01 00:00,2017,47,46,0.00,,0.00,,6.1,4.8,,,10.8,14.5,18.3,,17.2,69,73,75,,67
2017-07-01 01:00,2017,47,46,0.00,,0.00,,6.0,4.6,,,10.6,14.2,18.1,,17.2,68,72,75,,67
2017-07-01 02:00,2017,47,46,0.00,,0.00,,7.0,5.2,,,10.7,14.6,17.7,,17.2,67,71,74,,67
2017-07-01 03:00,2017,46,43,0.00,,0.00,,5.9,2.8,,,10.8,14.2,17.9,,17.2,66,69,74,,67
2017-07-01 04:00,2017,46,44,0.00,,8.51,,7.2,4.4,,,10.2,14.4,18.2,,17.2,65,69,73,,67
2017-07-01 05:00,2017,58,46,0.00,,114.90,,4.5,2.7,,,10.5,14.1,17.8,,17.2,64,68,73,,67
2017-07-01 06:00,2017,67,58,0.00,,288.10,,6.0,4.0,,,10.3,14.1,18.1,,16.7,64,67,72,,67
2017-07-01 07:00,2017,70,67,0.00,,471.60,,8.8,5.1,,,10.1,14.0,17.9,,17.2,64,67,72,,67
2017-07-01 08:00,2017,73,70,0.00,,642.20,,9.3,5.0,,,10.7,14.1,17.5,,17.2,66,67,72,,67
2017-07-01 09:00,2017,77,73,0.00,,789.00,,9.9,4.9,,,10.8,14.2,17.7,,17.2,70,68,71,,67
2017-07-01 10:00,2017,80,77,0.00,,894.00,,16.5,6.9,,,11.0,14.2,17.7,,17.2,74,71,71,,67
2017-07-01 11:00,2017,80,79,0.00,,931.00,,16.4,8.5,,,11.5,14.6,17.7,,17.2,80,74,71,,67
2017-07-01 12:00,2017,80,79,0.00,,937.00,,11.8,5.2,,,12.0,14.6,17.7,,17.2,85,77,71,,67
2017-07-01 13:00,2017,82,80,0.00,,889.00,,14.0,5.0,,,12.2,15.1,18.0,,17.2,89,81,72,,67
2017-07-01 14:00,2017,84,82,0.00,,794.00,,12.2,5.8,,,12.5,15.1,18.1,,17.2,93,84,72,,67
2017-07-01 15:00,2017,84,83,0.00,,651.10,,14.0,6.0,,,13.0,15.4,17.6,,17.2,95,86,73,,67
2017-07-01 16:00,2017,84,83,0.00,,487.70,,13.0,5.9,,,12.7,15.6,17.9,,17.2,95,87,74,,67
2017-07-01 17:00,2017,84,82,0.00,,306.20,,12.8,5.4,,,12.8,15.7,18.1,,17.2,91,87,75,,67
2017-07-01 18:00,2017,82,75,0.00,,123.60,,8.1,4.1,,,12.1,15.5,18.3,,17.2,87,86,76,,67
2017-07-01 19:00,2017,75,66,0.00,,9.03,,5.8,2.8,,,12.0,15.4,18.5,,17.2,85,84,77,,67
2017-07-01 20:00,2017,66,59,0.00,,0.02,,5.8,3.3,,,11.6,15.3,18.3,,17.2,82,83,77,,67
2017-07-01 21:00,2017,61,55,0.00,,0.07,,6.8,3.6,,,12.0,15.2,18.1,,17.2,80,81,77,,67
2017-07-01 22:00,2017,56,53,0.00,,0.00,,6.0,4.7,,,11.9,15.2,18.3,,17.2,77,79,77,,67
2017-07-01 23:00,2017,53,52,0.00,,0.00,,6.3,4.9,,,11.2,14.9,18.2,,17.2,75,78,77,,67
2017-07-02 00:00,2017,53,52,0.00,,0.00,,6.3,5.2,,,11.4,14.9,18.3,,17.2,73,76,77,,67
2017-07-02 01:00,2017,53,51,0.00,,0.00,,6.8,4.9,,,11.2,14.7,18.1,,17.2,72,75,76,,67
2017-07-02 02:00,2017,52,51,0.00,,0.00,,7.7,5.5,,,11.2,15.0,18.3,,17.2,71,74,76,,67
2017-07-02 03:00,2017,51,50,0.00,,0.00,,8.3,5.6,,,11.4,14.7,17.9,,17.2,70,73,76,,67
2017-07-02 04:00,2017,52,50,0.00,,7.55,,7.7,5.8,,,11.2,14.2,18.0,,16.7,69,72,75,,67
2017-07-02 05:00,2017,64,52,0.00,,114.30,,6.7,5.2,,,11.0,14.2,18.2,,17.2,68,71,74,,67
2017-07-02 06:00,2017,76,64,0.00,,287.40,,6.6,4.0,,,11.2,14.4,17.8,,16.7,67,70,74,,67
2017-07-02 07:00,2017,80,76,0.00,,475.90,,6.3,2.6,,,11.2,14.2,18.1,,16.7,68,70,74,,67
2017-07-02 08:00,2017,83,80,0.00,,657.40,,6.4,2.7,,,11.0,14.4,17.9,,17.2,70,70,73,,67
2017-07-02 09:00,2017,86,83,0.00,,750.00,,6.8,2.8,,,11.6,14.4,17.5,,17.2,74,72,73,,67
2017-07-02 10:00,2017,89,86,0.00,,870.00,,11.9,5.4,,,11.7,15.0,17.5,,17.2,78,74,73,,67
2017-07-02 11:00,2017,92,88,0.00,,952.00,,13.2,5.3,,,12.0,14.8,17.5,,17.2,83,77,73,,67
2017-07-02 12:00,2017,92,88,0.00,,402.20,,10.8,4.3,,,12.7,14.9,17.5,,16.7,89,80,73,,67
2017-07-02 13:00,2017,89,87,0.00,,264.50,,34.9,7.4,,,12.5,15.3,17.9,,16.7,90,83,74,,67
2017-07-02 14:00,2017,88,86,0.00,,269.90,,13.0,7.4,,,12.1,15.4,18.0,,16.7,89,84,74,,67
2017-07-02 15:00,2017,86,84,0.00,,242.70,,19.3,12.6,,,12.1,15.4,18.2,,17.2,87,84,75,,67
2017-07-02 16:00,2017,84,84,0.00,,221.70,,20.4,11.7,,,12.1,15.3,18.3,,17.2,86,83,76,,67
2017-07-02 17:00,2017,84,79,0.00,,128.50,,19.8,10.8,,,12.5,15.5,18.2,,17.2,85,83,76,,67
2017-07-02 18:00,2017,79,77,0.00,,61.14,,15.5,8.4,,,12.0,15.3,17.7,,16.7,83,82,76,,67
2017-07-02 19:00,2017,79,76,0.00,,3.51,,26.2,8.3,,,12.0,15.3,17.7,,17.2,82,81,77,,67
2017-07-02 20:00,2017,77,75,0.00,,0.09,,25.3,14.9,,,11.8,15.4,17.7,,16.7,80,80,77,,67
2017-07-02 21:00,2017,75,71,0.00,,0.17,,20.2,12.4,,,12.0,15.2,17.7,,17.2,79,79,77,,67
2017-07-02 22:00,2017,71,67,0.00,,0.14,,13.6,8.0,,,11.5,15.2,18.2,,16.7,77,78,77,,67
2017-07-02 23:00,2017,71,64,0.00,,0.12,,21.6,13.0,,,10.8,14.6,18.2,,17.2,76,77,76,,67
2017-07-03 00:00,2017,64,61,0.00,,0.03,,19.1,9.8,,,11.7,14.9,18.0,,17.2,76,76,76,,67
2017-07-03 01:00,2017,61,57,0.00,,0.01,,11.4,4.6,,,11.4,15.0,18.0,,16.7,75,76,76,,67
2017-07-03 02:00,2017,57,50,0.00,,0.00,,6.1,3.6,,,11.6,14.8,18.2,,17.2,73,75,76,,67
2017-07-03 03:00,2017,51,49,0.00,,0.00,,7.7,4.2,,,11.4,15.0,18.0,,16.7,72,74,76,,67
2017-07-03 04:00,2017,49,47,0.00,,5.30,,4.9,2.2,,,11.4,14.7,18.0,,17.2,71,73,75,,67
2017-07-03 05:00,2017,55,47,0.00,,78.60,,5.1,2.0,,,11.2,14.2,17.8,,17.2,69,72,75,,67
2017-07-03 06:00,2017,63,55,0.00,,278.60,,7.4,3.0,,,11.0,14.2,17.9,,17.2,69,71,74,,67
2017-07-03 07:00,2017,67,63,0.00,,449.20,,8.8,4.8,,,11.2,14.4,17.5,,16.7,69,71,74,,67
2017-07-03 08:00,2017,73,67,0.00,,552.90,,8.0,2.9,,,11.2,14.4,18.0,,17.2,70,71,74,,67
2017-07-03 09:00,2017,78,73,0.00,,747.00,,8.8,3.6,,,11.2,14.6,17.8,,16.7,73,72,73,,67
2017-07-03 10:00,2017,82,78,0.00,,886.00,,10.5,5.3,,,11.2,14.7,17.8,,16.7,77,74,73,,67
2017-07-03 11:00,2017,84,81,0.00,,592.00,,17.2,6.8,,,11.5,15.0,17.8,,16.7,82,77,73,,67
2017-07-03 12:00,2017,81,69,0.06,,140.60,,40.9,10.6,,,12.0,14.9,17.8,,17.2,87,80,73,,67
2017-07-03 13:00,2017,83,74,0.00,,747.00,,15.4,6.9,,,12.4,15.3,18.0,,16.7,85,81,74,,67
2017-07-03 14:00,2017,83,80,0.00,,478.70,,14.6,6.6,,,12.2,14.9,17.6,,17.2,84,81,74,,67
2017-07-03 15:00,2017,83,82,0.00,,639.10,,14.7,7.6,,,12.0,15.1,18.0,,16.7,84,81,75,,67
2017-07-03 16:00,2017,83,83,0.00,,465.40,,14.6,7.9,,,11.7,15.3,17.8,,17.2,85,82,75,,67
2017-07-03 17:00,2017,83,81,0.00,,302.00,,13.6,7.5,,,12.2,15.1,18.1,,17.2,84,82,76,,67
2017-07-03 18:00,2017,81,77,0.00,,111.00,,9.9,5.2,,,12.2,15.3,18.0,,17.2,82,81,76,,67
2017-07-03 19:00,2017,77,66,0.00,,10.25,,9.5,4.3,,,11.9,15.1,18.0,,16.7,80,80,76,,67
2017-07-03 20:00,2017,66,62,0.00,,0.03,,7.4,3.2,,,11.4,15.0,17.8,,17.2,79,79,76,,67
2017-07-03 21:00,2017,65,62,0.00,,0.10,,10.0,5.1,,,11.7,14.8,18.0,,17.2,76,78,76,,67
2017-07-03 22:00,2017,62,55,0.00,,0.00,,6.4,3.4,,,10.9,14.7,18.0,,16.7,75,77,76,,67
2017-07-03 23:00,2017,55,53,0.00,,0.00,,6.8,4.2,,,11.2,14.5,18.1,,16.7,73,76,76,,67
2017-07-04 00:00,2017,54,53,0.00,,0.00,,6.9,4.4,,,11.3,14.9,17.8,,17.2,72,74,76,,67
2017-07-04 01:00,2017,53,50,0.00,,0.00,,6.1,4.5,,,11.3,14.4,17.4,,17.2,71,73,76,,67
2017-07-04 02:00,2017,51,50,0.00,,0.00,,6.6,5.1,,,10.7,14.2,17.6,,17.2,70,72,75,,67
2017-07-04 03:00,2017,50,49,0.00,,0.00,,7.5,4.2,,,10.8,14.5,17.7,,17.2,69,71,75,,67
2017-07-04 04:00,2017,51,49,0.00,,8.64,,5.6,2.8,,,11.2,13.9,17.8,,17.2,67,71,74,,67
2017-07-04 05:00,2017,61,51,0.00,,115.70,,6.7,4.2,,,10.9,14.1,17.7,,16.7,67,70,74,,67
2017-07-04 06:00,2017,79,61,0.00,,288.60,,11.1,5.9,,,10.7,14.1,18.0,,17.2,66,69,73,,67
2017-07-04 07:00,2017,84,79,0.00,,471.00,,13.3,9.2,,,10.5,14.0,17.6,,16.7,66,69,73,,67
2017-07-04 08:00,2017,86,84,0.00,,638.30,,15.2,8.9,,,10.9,14.1,17.4,,17.2,69,69,73,,67
2017-07-04 09:00,2017,86,85,0.00,,776.00,,18.0,10.1,,,11.3,14.1,17.5,,16.7,73,71,72,,67
2017-07-04 10:00,2017,88,86,0.00,,877.00,,18.0,10.7,,,11.9,14.4,17.5,,16.7,78,73,72,,67
2017-07-04 11:00,2017,89,88,0.00,,930.00,,23.1,10.8,,,11.8,14.7,17.5,,16.7,83,76,72,,67
2017-07-04 12:00,2017,90,88,0.00,,947.00,,20.8,10.6,,,12.5,15.0,17.5,,16.7,89,80,72,,67
2017-07-04 13:00,2017,90,89,0.00,,927.00,,20.5,11.4,,,12.5,15.3,17.6,,17.2,93,83,73,,67
2017-07-04 14:00,2017,90,89,0.00,,791.00,,20.2,11.0,,,13.0,15.1,17.8,,16.7,96,86,74,,67
2017-07-04 15:00,2017,90,87,0.00,,296.60,,16.4,9.3,,,13.1,15.5,17.8,,16.7,98,89,75,,67
2017-07-04 16:00,2017,87,85,0.00,,169.10,,12.2,6.3,,,12.9,15.6,17.6,,17.2,96,90,76,,67
2017-07-04 17:00,2017,87,85,0.00,,271.40,,16.0,10.1,,,13.0,15.4,17.8,,16.7,93,89,76,,67
2017-07-04 18:00,2017,85,80,0.00,,113.20,,13.9,6.8,,,12.5,15.8,18.0,,16.7,90,87,77,,67
2017-07-04 19:00,2017,80,66,0.00,,15.26,,6.0,3.2,,,12.3,15.4,17.7,,17.2,87,86,78,,67
2017-07-04 20:00,2017,67,62,0.00,,0.01,,8.3,2.8,,,12.4,15.5,18.0,,16.7,85,85,78,,67
2017-07-04 21:00,2017,62,58,0.00,,0.08,,5.8,4.4,,,12.2,15.3,18.0,,16.7,82,83,78,,67
2017-07-04 22:00,2017,58,58,0.00,,0.00,,6.1,4.3,,,11.7,15.3,18.0,,16.7,80,81,78,,67
2017-07-04 23:00,2017,60,56,0.00,,0.00,,4.4,2.6,,,11.7,14.6,17.9,,16.7,78,79,78,,67
2017-07-05 00:00,2017,60,55,0.00,,0.00,,4.8,3.4,,,11.5,14.7,18.0,,16.7,76,78,78,,67
2017-07-05 01:00,2017,56,54,0.00,,0.00,,7.0,5.3,,,11.4,14.5,18.1,,16.7,75,77,78,,67
2017-07-05 02:00,2017,54,53,0.00,,0.00,,6.2,4.8,,,11.4,14.8,18.0,,16.7,73,76,77,,67
2017-07-05 03:00,2017,56,53,0.00,,0.00,,7.3,5.4,,,11.0,14.4,17.5,,16.7,72,74,77,,67
2017-07-05 04:00,2017,56,54,0.00,,7.44,,7.6,6.0,,,11.4,14.1,17.9,,16.7,71,74,76,,67
2017-07-05 05:00,2017,70,56,0.00,,112.30,,6.7,2.6,,,10.9,14.3,17.7,,16.7,70,73,76,,67
2017-07-05 06:00,2017,78,70,0.00,,279.30,,3.6,1.6,,,10.8,14.3,17.5,,16.7,70,72,75,,67
2017-07-05 07:00,2017,83,78,0.00,,460.60,,7.3,3.5,,,10.8,13.9,17.7,,17.2,70,72,75,,67
2017-07-05 08:00,2017,86,83,0.00,,633.10,,9.3,5.0,,,11.5,14.5,17.5,,17.2,72,72,75,,67
2017-07-05 09:00,2017,88,85,0.00,,778.00,,11.5,6.4,,,11.0,14.2,17.7,,17.2,76,73,74,,67
2017-07-05 10:00,2017,91,88,0.00,,880.00,,14.2,7.7,,,11.5,14.7,17.4,,16.7,80,76,74,,67
2017-07-05 11:00,2017,90,89,0.00,,931.00,,16.6,8.8,,,12.0,14.7,17.4,,17.2,85,79,74,,67
2017-07-05 12:00,2017,92,89,0.00,,927.00,,16.2,8.0,,,12.5,14.9,17.7,,16.7,90,82,74,,67
2017-07-05 13:00,2017,92,91,0.00,,878.00,,18.2,9.6,,,12.6,15.3,18.0,,17.2,95,86,75,,67
2017-07-05 14:00,2017,93,92,0.00,,784.00,,15.1,6.5,,,12.8,15.5,17.5,,16.7,98,89,76,,67
2017-07-05 15:00,2017,95,93,0.00,,647.90,,15.7,7.1,,,12.6,15.6,18.1,,16.7,100,91,76,,67
2017-07-05 16:00,2017,94,92,0.00,,480.30,,15.2,7.2,,,12.6,15.9,18.0,,16.7,99,92,78,,67
2017-07-05 17:00,2017,92,90,0.00,,298.50,,13.3,8.8,,,13.0,15.7,18.0,,17.0,96,92,78,,67
2017-07-05 18:00,2017,90,83,0.00,,118.50,,11.2,5.7,,,12.8,15.6,18.0,,17.0,93,91,79,,67
2017-07-05 19:00,2017,83,76,0.00,,3.99,,4.1,0.8,,,12.3,15.7,18.3,,16.7,90,89,80,,67
2017-07-05 20:00,2017,76,72,0.00,,0.00,,5.1,1.5,,,12.5,15.9,18.3,,17.0,87,88,80,,67
2017-07-05 21:00,2017,74,70,0.00,,0.03,,6.5,3.1,,,11.8,15.3,18.3,,17.0,85,86,80,,67
2017-07-05 22:00,2017,71,69,0.00,,0.12,,3.9,1.7,,,11.3,14.9,18.3,,17.0,82,84,80,,67
2017-07-05 23:00,2017,71,68,0.00,,0.02,,5.4,2.7,,,11.7,15.0,18.3,,16.7,80,82,80,,67
2017-07-06 00:00,2017,68,60,0.00,,0.00,,5.9,3.4,,,11.2,14.7,18.0,,16.7,79,81,80,,67
2017-07-06 01:00,2017,61,56,0.00,,0.00,,6.0,3.9,,,11.0,14.7,18.2,,17.2,78,80,80,,67
2017-07-06 02:00,2017,56,54,0.00,,0.00,,6.4,4.7,,,11.3,14.5,18.0,,17.0,76,78,79,,67
2017-07-06 03:00,2017,55,54,0.00,,0.00,,7.1,5.0,,,11.0,15.0,18.2,,16.7,75,77,79,,67
2017-07-06 04:00,2017,65,55,0.00,,7.12,,12.2,5.6,,,11.2,14.4,18.0,,16.7,74,76,78,,67
2017-07-06 05:00,2017,73,65,0.00,,99.20,,16.9,10.8,,,11.2,14.2,17.6,,17.0,73,75,78,,67
2017-07-06 06:00,2017,78,73,0.00,,252.80,,20.7,13.6,,,10.8,14.5,18.1,,17.0,72,75,78,,67
2017-07-06 07:00,2017,83,78,0.00,,438.70,,20.1,13.9,,,10.9,14.1,17.8,,16.7,73,74,77,,67
2017-07-06 08:00,2017,86,83,0.00,,613.10,,16.7,11.4,,,11.1,14.5,17.7,,17.0,75,74,77,,67
2017-07-06 09:00,2017,90,86,0.00,,759.00,,15.7,8.0,,,11.1,14.2,17.9,,16.7,78,76,76,,67
2017-07-06 10:00,2017,92,89,0.00,,852.00,,14.6,7.9,,,11.1,15.0,18.0,,17.0,82,78,76,,67
2017-07-06 11:00,2017,92,91,0.00,,909.00,,18.4,7.8,,,11.4,14.7,17.5,,16.7,88,81,76,,67
2017-07-06 12:00,2017,94,90,0.00,,784.00,,17.8,6.9,,,12.1,14.9,17.9,,16.7,93,84,76,,67
2017-07-06 13:00,2017,92,89,0.00,,235.50,,17.2,8.9,,,11.8,15.3,17.7,,16.7,97,87,77,,67
2017-07-06 14:00,2017,89,79,0.01,,24.66,,35.4,14.3,,,12.4,15.7,17.7,,16.7,98,90,78,,68
2017-07-06 15:00,2017,87,75,0.00,,24.29,,17.5,7.5,,,11.9,15.1,17.9,,16.7,94,90,78,,68
2017-07-06 16:00,2017,80,74,0.00,,120.60,,10.7,3.9,,,11.6,15.3,17.8,,16.7,89,88,79,,67
2017-07-06 17:00,2017,82,78,0.00,,308.30,,25.6,10.5,,,11.9,15.0,18.2,,17.2,86,86,79,,68
2017-07-06 18:00,2017,81,75,0.00,,179.60,,23.6,13.6,,,11.5,14.8,17.7,,17.0,85,84,80,,68
2017-07-06 19:00,2017,75,68,0.00,,17.99,,20.0,8.0,,,11.4,15.0,17.7,,16.7,84,83,80,,68
2017-07-06 20:00,2017,68,64,0.00,,0.06,,6.8,4.4,,,11.3,14.8,17.8,,16.7,82,83,80,,68
2017-07-06 21:00,2017,68,64,0.00,,0.08,,14.3,3.9,,,10.9,15.1,17.8,,16.7,80,81,80,,68
2017-07-06 22:00,2017,74,66,0.00,,0.04,,19.4,7.2,,,11.1,15.0,18.0,,16.7,79,80,79,,68
2017-07-06 23:00,2017,73,70,0.00,,0.02,,10.5,5.8,,,11.1,14.8,17.5,,16.7,77,79,79,,68
2017-07-07 00:00,2017,74,66,0.00,,0.04,,18.0,7.0,,,11.0,14.6,17.9,,16.7,77,78,79,,68
2017-07-07 01:00,2017,66,59,0.00,,0.01,,7.3,5.3,,,10.6,14.1,17.7,,16.7,76,78,78,,68
2017-07-07 02:00,2017,63,60,0.00,,0.00,,9.0,5.9,,,10.6,14.3,17.9,,16.7,75,77,78,,68
2017-07-07 03:00,2017,60,56,0.00,,0.00,,8.4,5.6,,,10.5,14.5,17.5,,16.7,74,76,78,,68
2017-07-07 04:00,2017,59,56,0.00,,4.40,,7.7,5.2,,,11.0,14.2,17.9,,16.7,73,75,78,,68
2017-07-07 05:00,2017,60,59,0.00,,42.83,,6.3,4.1,,,10.5,14.2,17.5,,16.7,72,74,77,,68
2017-07-07 06:00,2017,70,60,0.00,,189.40,,8.4,4.3,,,10.3,14.0,17.3,,16.7,71,74,77,,68
2017-07-07 07:00,2017,75,70,0.00,,363.50,,11.4,5.0,,,10.3,13.7,17.5,,16.7,72,73,76,,68
2017-07-07 08:00,2017,78,75,0.00,,624.70,,13.2,7.9,,,10.6,13.7,17.6,,16.7,73,73,76,,68
2017-07-07 09:00,2017,79,77,0.00,,721.00,,14.8,9.6,,,10.8,14.2,17.3,,16.7,76,74,76,,68
2017-07-07 10:00,2017,83,79,0.00,,831.00,,16.4,9.0,,,10.8,14.5,17.5,,17.2,80,77,76,,68
2017-07-07 11:00,2017,85,83,0.00,,897.00,,18.8,11.1,,,11.0,14.3,17.5,,16.7,85,79,76,,68
2017-07-07 12:00,2017,85,82,0.00,,473.60,,18.0,9.7,,,11.5,14.9,17.5,,16.7,90,82,76,,68
2017-07-07 13:00,2017,84,82,0.00,,317.30,,12.7,8.0,,,11.8,14.7,17.9,,17.2,94,85,76,,68
2017-07-07 14:00,2017,86,76,0.02,,339.90,,13.7,6.9,,,11.8,15.1,17.3,,16.7,92,87,77,,68
2017-07-07 15:00,2017,78,71,0.00,,46.40,,14.0,8.0,,,11.8,14.9,17.5,,16.7,92,87,77,,68
2017-07-07 16:00,2017,71,66,0.02,,10.60,,24.2,13.4,,,11.4,14.8,17.9,,17.2,88,86,78,,68
2017-07-07 17:00,2017,71,66,0.03,,117.20,,20.0,9.5,,,11.7,15.0,17.5,,17.2,84,85,78,,68
2017-07-07 18:00,2017,76,71,0.00,,168.60,,12.9,5.7,,,11.2,14.7,17.9,,17.2,82,83,79,,68
2017-07-07 19:00,2017,74,65,0.00,,9.97,,8.3,5.9,,,11.2,14.7,17.5,,17.2,80,81,79,,68
2017-07-07 20:00,2017,65,61,0.00,,0.09,,7.1,5.0,,,11.0,14.6,17.5,,17.2,79,80,79,,68
2017-07-07 21:00,2017,61,58,0.00,,0.00,,6.1,2.5,,,10.6,14.1,17.9,,16.7,77,79,78,,68
2017-07-07 22:00,2017,60,58,0.00,,0.00,,11.9,3.3,,,10.8,14.0,17.9,,17.2,75,78,78,,68
2017-07-07 23:00,2017,61,58,0.00,,0.00,,5.7,2.5,,,10.6,14.1,17.5,,17.2,74,76,78,,68
2017-07-08 00:00,2017,61,60,0.00,,0.00,,6.4,4.0,,,10.6,14.2,17.7,,16.7,73,75,78,,68
2017-07-08 01:00,2017,62,61,0.00,,0.00,,6.5,4.0,,,10.1,13.8,17.5,,17.2,72,74,77,,68
2017-07-08 02:00,2017,62,61,0.00,,0.00,,4.0,2.5,,,10.3,14.0,17.4,,17.2,71,74,77,,68
2017-07-08 03:00,2017,63,60,0.00,,0.00,,16.7,5.7,,,10.3,13.8,17.5,,16.7,71,73,76,,68
2017-07-08 04:00,2017,60,59,0.00,,1.60,,7.0,2.8,,,10.1,13.9,17.3,,17.3,71,73,76,,68
2017-07-08 05:00,2017,60,59,0.00,,15.10,,4.6,2.1,,,10.3,13.9,17.7,,17.2,70,72,76,,68
2017-07-08 06:00,2017,63,60,0.00,,52.74,,6.0,3.0,,,10.1,13.9,17.2,,17.3,70,72,75,,68
2017-07-08 07:00,2017,69,63,0.00,,164.20,,4.5,2.3,,,10.1,13.7,17.3,,17.3,70,72,75,,68
2017-07-08 08:00,2017,77,69,0.00,,387.60,,6.0,2.8,,,10.5,13.7,17.2,,17.3,71,72,75,,68
2017-07-08 09:00,2017,81,77,0.00,,665.10,,10.4,4.4,,,10.5,14.0,17.3,,17.3,72,72,74,,68
2017-07-08 10:00,2017,84,81,0.00,,860.00,,12.1,4.9,,,10.3,13.9,17.3,,17.3,76,73,74,,68
2017-07-08 11:00,2017,86,83,0.00,,865.00,,13.1,6.8,,,10.8,13.9,17.3,,17.3,81,76,74,,68
2017-07-08 12:00,2017,87,83,0.00,,742.00,,14.6,8.3,,,11.0,14.0,17.3,,17.3,86,79,74,,68
2017-07-08 13:00,2017,88,84,0.00,,769.00,,16.1,7.7,,,11.3,14.3,17.2,,17.3,89,82,74,,68
2017-07-08 14:00,2017,90,87,0.00,,704.00,,18.2,8.1,,,11.3,14.8,17.3,,17.3,92,84,75,,68
2017-07-08 15:00,2017,89,85,0.00,,538.20,,15.0,6.3,,,12.0,14.8,17.5,,17.3,94,86,76,,68
2017-07-08 16:00,2017,89,85,0.00,,255.10,,11.5,5.7,,,11.5,14.9,17.6,,16.7,94,87,76,,69
2017-07-08 17:00,2017,88,85,0.00,,276.20,,6.3,2.5,,,11.4,14.7,17.6,,17.3,92,88,77,,69
2017-07-08 18:00,2017,88,79,0.00,,126.10,,8.2,4.3,,,11.4,14.7,17.4,,17.3,89,87,78,,69
2017-07-08 19:00,2017,79,70,0.00,,10.14,,7.0,4.7,,,11.4,14.8,17.5,,17.3,86,85,78,,69
2017-07-08 20:00,2017,71,69,0.00,,0.00,,7.4,2.5,,,10.9,14.7,17.5,,17.3,84,84,79,,69
2017-07-08 21:00,2017,71,68,0.00,,0.05,,7.0,2.6,,,10.9,14.6,17.5,,17.3,82,82,79,,69
2017-07-08 22:00,2017,71,66,0.00,,0.08,,7.1,4.3,,,10.6,14.1,17.5,,17.3,79,81,79,,69
2017-07-08 23:00,2017,66,61,0.00,,0.02,,7.9,3.6,,,10.4,14.0,17.7,,17.3,78,79,78,,69
2017-07-09 00:00,2017,63,55,0.00,,0.00,,5.4,3.4,,,10.4,14.1,17.4,,17.3,76,78,78,,69
2017-07-09 01:00,2017,55,54,0.00,,0.00,,6.7,4.7,,,10.6,14.2,17.5,,17.3,75,77,78,,69
2017-07-09 02:00,2017,56,54,0.00,,0.00,,5.8,4.4,,,10.5,13.9,17.4,,17.3,73,76,78,,69
2017-07-09 03:00,2017,56,53,0.00,,0.00,,4.5,2.2,,,10.3,13.8,17.6,,17.3,72,75,77,,69
2017-07-09 04:00,2017,55,53,0.00,,3.79,,5.9,4.1,,,10.7,13.9,17.3,,17.3,71,74,77,,69
2017-07-09 05:00,2017,64,53,0.00,,82.60,,4.9,3.3,,,10.6,13.7,17.7,,17.3,70,73,76,,69
2017-07-09 06:00,2017,76,64,0.00,,242.30,,4.6,2.8,,,10.0,13.5,17.3,,17.3,69,72,76,,69
2017-07-09 07:00,2017,82,76,0.00,,435.20,,8.4,3.8,,,10.0,13.4,17.2,,17.3,70,72,76,,69
2017-07-09 08:00,2017,85,82,0.00,,587.80,,10.1,5.6,,,10.7,13.5,17.3,,17.3,72,72,75,,69
2017-07-09 09:00,2017,88,85,0.00,,735.00,,12.1,5.9,,,10.8,14.0,17.1,,17.3,75,73,75,,69
2017-07-09 10:00,2017,91,88,0.00,,837.00,,10.0,3.7,,,10.8,14.1,17.1,,17.3,79,75,75,,69
2017-07-09 11:00,2017,93,90,0.00,,915.00,,16.7,8.5,,,11.0,14.2,17.1,,17.3,84,78,75,,69
2017-07-09 12:00,2017,93,91,0.00,,930.00,,17.4,10.0,,,11.8,14.1,17.1,,17.3,90,82,75,,69
2017-07-09 13:00,2017,94,90,0.00,,829.00,,16.6,8.8,,,11.4,14.4,17.3,,17.3,94,85,75,,69
2017-07-09 14:00,2017,92,88,0.00,,297.00,,13.4,5.7,,,11.6,14.7,17.0,,17.3,97,88,76,,69
2017-07-09 15:00,2017,88,69,0.45,,28.53,,30.6,15.3,,,12.2,15.1,17.5,,17.3,97,90,77,,69
2017-07-09 16:00,2017,77,73,0.00,,95.30,,20.1,10.2,,,11.6,14.9,17.4,,17.3,89,89,78,,69
2017-07-09 17:00,2017,83,77,0.00,,164.60,,10.7,4.0,,,11.8,14.8,17.4,,17.3,82,85,78,,69
2017-07-09 18:00,2017,83,75,0.00,,118.00,,6.1,3.0,,,12.7,14.5,17.5,,17.3,80,82,79,,69
2017-07-09 19:00,2017,75,71,0.00,,3.49,,5.1,3.0,,,14.1,14.1,17.5,,17.3,80,81,79,,69
2017-07-09 20:00,2017,71,66,0.00,,0.14,,6.3,3.9,,,14.9,14.0,17.7,,17.3,77,80,79,,69
2017-07-09 21:00,2017,68,63,0.00,,0.07,,5.7,2.9,,,15.4,14.1,17.4,,17.3,76,78,78,,69
2017-07-09 22:00,2017,65,63,0.00,,0.00,,6.1,3.6,,,15.6,13.9,17.5,,17.3,74,77,78,,69
2017-07-09 23:00,2017,67,64,0.00,,0.00,,6.7,4.8,,,15.9,14.0,17.9,,17.3,72,75,78,,69
2017-07-10 00:00,2017,71,67,0.00,,0.00,,13.6,6.2,,,15.9,13.8,17.6,,17.3,71,74,77,,69
2017-07-10 01:00,2017,71,63,0.00,,0.00,,7.7,4.3,,,16.3,13.8,17.2,,17.3,71,73,77,,69
2017-07-10 02:00,2017,63,59,0.00,,0.00,,6.8,4.7,,,15.8,13.9,17.5,,17.3,70,73,76,,69
2017-07-10 03:00,2017,64,59,0.00,,0.00,,9.1,6.3,,,16.5,13.9,17.2,,17.3,69,72,76,,69
2017-07-10 04:00,2017,65,62,0.00,,4.44,,10.4,7.3,,,16.6,13.5,17.3,,17.3,68,71,76,,69
2017-07-10 05:00,2017,67,65,0.00,,44.53,,12.1,7.6,,,16.6,13.7,17.2,,17.3,67,71,75,,69
2017-07-10 06:00,2017,73,66,0.00,,231.70,,8.3,3.8,,,16.6,13.3,17.3,,17.3,67,70,75,,69
2017-07-10 07:00,2017,78,73,0.00,,438.30,,10.0,5.8,,,16.4,13.5,17.1,,17.3,67,69,74,,69
2017-07-10 08:00,2017,83,78,0.00,,613.10,,8.1,3.3,,,17.2,13.7,16.9,,17.3,70,70,74,,69
2017-07-10 09:00,2017,85,83,0.00,,765.00,,8.4,3.0,,,17.4,13.6,17.1,,16.7,74,72,74,,69
2017-07-10 10:00,2017,87,85,0.00,,757.00,,10.4,3.6,,,18.1,14.0,17.1,,17.3,79,74,73,,69
2017-07-10 11:00,2017,89,87,0.00,,684.90,,8.0,3.9,,,17.8,14.2,17.1,,17.3,82,77,73,,69
2017-07-10 12:00,2017,90,87,0.00,,694.70,,9.5,3.9,,,18.4,14.6,16.9,,17.3,86,80,74,,69
2017-07-10 13:00,2017,93,89,0.00,,651.70,,12.3,4.9,,,18.5,14.8,17.1,,17.3,88,82,74,,69
2017-07-10 14:00,2017,89,78,0.00,,105.30,,24.4,8.3,,,18.6,14.8,17.2,,17.3,92,85,75,,69
2017-07-10 15:00,2017,78,71,0.07,,65.23,,21.3,11.4,,,18.3,14.8,17.3,,17.3,89,86,76,,69
2017-07-10 16:00,2017,74,71,0.00,,176.30,,12.4,5.0,,,18.1,15.0,17.3,,17.3,83,84,76,,69
2017-07-10 17:00,2017,74,71,0.02,,89.00,,14.5,4.5,,,17.8,15.1,17.6,,17.3,81,82,77,,69
2017-07-10 18:00,2017,72,70,0.00,,28.82,,19.1,7.4,,,18.2,14.8,17.4,,17.3,80,80,77,,69
2017-07-10 19:00,2017,76,71,0.01,,1.18,,24.0,9.0,,,17.7,14.3,17.4,,17.3,78,79,77,,69
2017-07-10 20:00,2017,76,67,0.01,,0.12,,14.7,6.8,,,17.5,14.4,17.4,,17.3,76,78,77,,69
2017-07-10 21:00,2017,69,65,0.00,,0.00,,6.5,2.8,,,17.5,14.5,17.6,,17.3,74,77,77,,69
2017-07-10 22:00,2017,66,64,0.00,,0.00,,9.6,5.4,,,17.2,14.2,17.2,,17.3,73,76,77,,69
2017-07-10 23:00,2017,66,62,0.00,,0.00,,9.8,6.7,,,17.2,14.2,17.3,,17.3,72,74,76,,69
2017-07-11 00:00,2017,64,62,0.00,,0.00,,7.3,4.4,,,16.9,14.2,17.7,,17.3,71,73,76,,69
2017-07-11 01:00,2017,63,62,0.00,,0.00,,7.1,4.0,,,17.1,13.8,17.2,,17.3,70,73,76,,69
2017-07-11 02:00,2017,63,61,0.00,,0.00,,5.8,3.7,,,16.9,14.3,17.3,,17.3,69,72,75,,69
2017-07-11 03:00,2017,62,60,0.00,,0.00,,5.7,2.8,,,16.9,14.1,17.2,,17.3,69,71,75,,69
2017-07-11 04:00,2017,66,60,0.00,,5.15,,10.7,5.8,,,17.0,13.9,17.3,,17.3,67,71,75,,69
2017-07-11 05:00,2017,67,66,0.00,,73.69,,11.7,7.8,,,16.5,13.9,17.1,,17.3,67,70,74,,69
2017-07-11 06:00,2017,71,66,0.00,,100.60,,11.3,6.5,,,16.5,13.8,16.9,,17.3,67,69,74,,69
2017-07-11 07:00,2017,74,71,0.00,,172.20,,9.7,5.4,,,16.5,13.8,17.1,,17.3,67,69,73,,69
2017-07-11 08:00,2017,85,74,0.00,,394.70,,10.2,4.7,,,16.9,13.9,17.2,,17.3,69,69,73,,69
2017-07-11 09:00,2017,87,85,0.00,,765.00,,15.0,9.2,,,16.9,14.3,17.2,,17.3,71,71,73,,69
2017-07-11 10:00,2017,89,87,0.00,,864.00,,13.6,7.0,,,17.3,14.4,17.2,,17.3,77,73,73,,69
2017-07-11 11:00,2017,90,89,0.00,,897.00,,13.8,6.1,,,17.7,14.2,17.2,,17.3,83,76,73,,69
2017-07-11 12:00,2017,91,89,0.00,,653.00,,12.4,5.3,,,18.1,14.5,17.2,,17.3,88,80,73,,69
2017-07-11 13:00,2017,91,89,0.00,,839.00,,20.5,12.7,,,17.6,14.8,16.9,,17.3,91,83,74,,69
2017-07-11 14:00,2017,92,89,0.00,,522.60,,10.8,4.2,,,17.9,15.2,17.0,,17.3,92,85,74,,69
2017-07-11 15:00,2017,90,87,0.00,,223.60,,9.8,3.7,,,18.1,15.2,17.0,,17.3,94,87,75,,69
2017-07-11 16:00,2017,87,82,0.00,,43.65,,16.0,5.6,,,18.0,15.5,17.7,,17.3,91,88,76,,69
2017-07-11 17:00,2017,83,78,0.00,,26.76,,19.6,11.5,,,18.0,15.2,17.6,,17.3,87,86,77,,69
2017-07-11 18:00,2017,83,76,0.00,,8.56,,19.5,10.6,,,17.5,15.1,17.8,,17.3,84,84,78,,69
2017-07-11 19:00,2017,78,73,0.00,,0.70,,24.3,14.4,,,17.4,14.7,17.5,,17.3,82,83,78,,69
2017-07-11 20:00,2017,74,72,0.00,,0.12,,15.4,10.8,,,16.9,14.4,17.6,,17.3,80,81,78,,69
2017-07-11 21:00,2017,72,70,0.00,,0.16,,8.0,5.1,,,17.1,15.1,17.5,,17.3,78,79,78,,69
2017-07-11 22:00,2017,71,69,0.00,,0.06,,8.1,3.7,,,17.0,14.7,17.8,,17.3,76,78,78,,69
2017-07-11 23:00,2017,70,68,0.00,,0.02,,9.3,4.6,,,16.8,14.8,17.4,,17.3,76,77,78,,69
2017-07-12 00:00,2017,71,68,0.00,,0.00,,8.1,4.8,,,16.7,14.9,17.4,,17.3,75,76,77,,69
2017-07-12 01:00,2017,70,67,0.00,,0.00,,6.8,2.5,,,16.5,14.6,17.6,,17.3,74,76,77,,69
2017-07-12 02:00,2017,69,66,0.00,,0.00,,7.0,3.5,,,16.7,14.6,17.5,,17.3,73,75,76,,69
2017-07-12 03:00,2017,69,67,0.00,,0.01,,8.1,3.7,,,16.4,14.2,17.7,,17.3,73,74,76,,69
2017-07-12 04:00,2017,67,64,0.00,,0.70,,5.8,1.9,,,16.1,14.5,17.2,,17.3,72,74,76,,69
2017-07-12 05:00,2017,67,64,0.00,,15.81,,9.6,5.1,,,16.1,14.5,17.3,,17.3,71,73,76,,69
2017-07-12 06:00,2017,70,65,0.00,,84.60,,7.4,4.4,,,16.4,14.3,17.2,,17.3,71,73,75,,69
2017-07-12 07:00,2017,71,69,0.00,,99.90,,16.2,7.4,,,16.4,14.5,17.2,,17.3,71,72,75,,69
2017-07-12 08:00,2017,69,64,0.00,,139.40,,19.8,14.2,,,16.4,14.5,17.3,,17.3,71,72,75,,69
2017-07-12 09:00,2017,65,64,0.00,,161.00,,18.8,10.9,,,16.4,14.5,17.1,,17.3,71,72,74,,69
2017-07-12 10:00,2017,64,63,0.00,,169.90,,13.4,9.0,,,16.4,14.5,17.1,,17.3,71,72,74,,69
2017-07-12 11:00,2017,65,63,0.01,,233.00,,14.9,9.3,,,15.9,14.5,16.9,,17.3,71,72,74,,69
2017-07-12 12:00,2017,68,65,0.00,,217.10,,9.2,4.6,,,16.7,14.5,16.9,,17.3,71,72,74,,69
2017-07-12 13:00,2017,70,68,0.00,,273.60,,6.0,2.3,,,16.4,14.3,16.9,,17.3,72,72,74,,69
2017-07-12 14:00,2017,71,70,0.00,,293.80,,9.9,5.4,,,16.4,14.5,17.1,,17.3,73,73,74,,69
2017-07-12 15:00,2017,73,70,0.00,,550.80,,10.2,5.0,,,16.4,14.2,17.1,,17.3,74,73,73,,69
2017-07-12 16:00,2017,73,72,0.00,,240.50,,10.1,5.9,,,16.7,14.5,17.3,,17.3,76,74,73,,69
2017-07-12 17:00,2017,73,71,0.00,,118.70,,8.6,5.9,,,15.9,14.8,17.1,,17.3,76,76,73,,69
2017-07-12 18:00,2017,72,69,0.00,,95.40,,8.6,5.1,,,16.4,15.2,16.9,,17.3,76,76,74,,69
2017-07-12 19:00,2017,69,64,0.00,,4.85,,4.4,2.7,,,16.8,14.7,16.9,,17.3,75,75,74,,69
2017-07-12 20:00,2017,64,61,0.00,,0.06,,2.1,0.9,,,16.5,14.9,16.9,,17.3,73,74,74,,69
2017-07-12 21:00,2017,61,58,0.00,,0.00,,5.7,1.6,,,16.0,14.4,16.9,,17.3,71,73,74,,69
2017-07-12 22:00,2017,60,58,0.00,,0.00,,5.3,2.9,,,16.0,14.3,16.9,,17.3,70,72,74,,69
2017-07-12 23:00,2017,58,56,0.00,,0.00,,3.2,1.8,,,15.9,14.3,16.9,,17.3,69,71,74,,69
2017-07-13 00:00,2017,56,55,0.00,,0.00,,3.7,1.9,,,15.7,14.2,17.3,,17.3,68,71,73,,69
2017-07-13 01:00,2017,56,54,0.00,,0.00,,3.4,1.8,,,15.7,14.2,17.2,,17.3,67,70,73,,69
2017-07-13 02:00,2017,55,54,0.00,,0.00,,5.1,2.8,,,15.4,14.0,17.2,,17.3,66,69,73,,69
2017-07-13 03:00,2017,54,51,0.00,,0.00,,6.0,2.9,,,15.6,14.0,16.8,,17.3,65,68,73,,69
2017-07-13 04:00,2017,52,51,0.00,,4.65,,5.7,4.2,,,15.6,13.8,17.0,,17.3,64,67,72,,69
2017-07-13 05:00,2017,59,52,0.00,,89.60,,6.2,4.3,,,15.2,13.9,16.8,,17.3,64,67,72,,69
2017-07-13 06:00,2017,66,59,0.00,,248.50,,6.0,3.7,,,15.3,13.5,17.1,,17.3,63,66,72,,69
2017-07-13 07:00,2017,71,66,0.00,,433.50,,7.2,2.8,,,15.2,13.7,16.8,,17.3,64,66,71,,69
2017-07-13 08:00,2017,73,71,0.00,,604.90,,9.3,5.1,,,15.1,13.9,16.7,,17.3,66,66,71,,69
2017-07-13 09:00,2017,77,73,0.00,,747.00,,10.5,5.4,,,15.7,14.1,16.8,,17.3,70,68,71,,69
2017-07-13 10:00,2017,79,77,0.00,,843.00,,15.2,8.7,,,16.0,14.6,16.8,,17.3,76,71,71,,69
2017-07-13 11:00,2017,80,78,0.00,,915.00,,17.0,9.2,,,16.4,14.8,16.5,,17.3,81,74,71,,69
2017-07-13 12:00,2017,81,79,0.00,,920.00,,16.9,9.7,,,16.8,15.1,16.7,,17.3,86,78,71,,69
2017-07-13 13:00,2017,83,80,0.00,,913.00,,17.4,10.1,,,17.2,15.1,16.8,,17.3,91,82,72,,69
2017-07-13 14:00,2017,84,83,0.00,,800.00,,15.4,8.8,,,17.0,15.2,16.8,,17.3,94,85,73,,69
2017-07-13 15:00,2017,86,84,0.00,,469.20,,16.9,7.8,,,17.2,15.9,17.1,,17.3,95,88,74,,69
2017-07-13 16:00,2017,85,83,0.00,,418.20,,15.4,9.0,,,17.0,15.6,17.3,,17.3,94,89,75,,69
2017-07-13 17:00,2017,84,81,0.00,,206.80,,13.0,8.4,,,17.2,15.7,17.3,,17.3,90,88,76,,69
2017-07-13 18:00,2017,83,75,0.00,,119.90,,13.7,6.9,,,16.6,15.5,17.3,,17.3,87,87,77,,69
2017-07-13 19:00,2017,75,68,0.00,,7.12,,4.2,2.3,,,16.3,15.8,17.6,,17.3,84,85,77,,69
2017-07-13 20:00,2017,68,62,0.00,,0.01,,4.8,1.7,,,16.4,15.3,17.4,,17.3,82,83,78,,69
2017-07-13 21:00,2017,65,62,0.00,,0.08,,5.6,2.9,,,16.2,15.2,17.4,,17.3,79,81,78,,69
2017-07-13 22:00,2017,65,63,0.00,,0.00,,7.3,4.5,,,15.8,15.2,17.4,,17.3,77,79,78,,69
2017-07-13 23:00,2017,64,61,0.00,,0.00,,5.5,3.6,,,15.4,15.3,17.6,,17.3,75,78,77,,69
2017-07-14 00:00,2017,62,60,0.00,,0.00,,6.7,3.0,,,15.0,14.7,17.2,,17.3,74,76,77,,69
2017-07-14 01:00,2017,60,55,0.00,,0.00,,4.7,3.6,,,15.3,15.0,17.5,,17.3,73,75,77,,69
2017-07-14 02:00,2017,56,55,0.00,,0.00,,4.8,2.6,,,15.5,14.8,17.7,,17.3,71,74,76,,69
2017-07-14 03:00,2017,56,53,0.00,,0.00,,4.8,3.3,,,15.2,15.0,17.3,,17.3,70,73,76,,69
2017-07-14 04:00,2017,54,53,0.00,,5.10,,5.0,3.3,,,14.9,14.7,17.2,,17.3,69,72,76,,69
2017-07-14 05:00,2017,62,54,0.00,,98.50,,4.6,3.1,,,15.3,14.4,17.3,,17.3,69,71,75,,69
2017-07-14 06:00,2017,71,62,0.00,,261.40,,3.2,1.5,,,15.1,14.6,17.1,,17.3,68,71,75,,69
2017-07-14 07:00,2017,74,70,0.00,,440.70,,7.2,3.1,,,15.1,14.2,16.9,,17.3,69,70,74,,69
2017-07-14 08:00,2017,77,74,0.00,,615.00,,10.8,6.2,,,15.1,14.4,17.1,,17.3,70,71,74,,69
2017-07-14 09:00,2017,78,77,0.00,,635.10,,14.2,7.3,,,15.2,14.9,17.0,,17.3,74,72,73,,69
2017-07-14 10:00,2017,80,78,0.00,,758.00,,14.7,6.9,,,16.0,14.9,17.2,,17.3,78,74,73,,69
2017-07-14 11:00,2017,83,79,0.00,,859.00,,13.2,6.5,,,16.1,15.0,17.2,,17.3,82,77,73,,69
2017-07-14 12:00,2017,84,82,0.00,,811.00,,17.0,7.7,,,16.4,15.1,17.3,,17.3,87,80,74,,69
2017-07-14 13:00,2017,85,84,0.00,,805.00,,19.5,6.1,,,16.5,15.6,16.9,,17.3,90,83,74,,69
2017-07-14 14:00,2017,86,83,0.00,,665.40,,15.5,7.1,,,16.8,15.7,17.3,,17.3,94,86,75,,69
2017-07-14 15:00,2017,87,83,0.00,,642.80,,16.6,8.1,,,16.9,15.8,17.0,,17.3,96,88,76,,69
2017-07-14 16:00,2017,87,84,0.00,,451.60,,15.0,7.0,,,16.8,16.0,17.5,,17.3,94,89,77,,69
2017-07-14 17:00,2017,87,84,0.00,,320.00,,14.8,8.2,,,16.7,16.0,17.4,,17.3,92,89,78,,69
2017-07-14 18:00,2017,86,79,0.00,,119.00,,13.1,7.9,,,16.5,15.8,17.4,,17.3,89,88,78,,69
2017-07-14 19:00,2017,79,73,0.00,,5.02,,11.2,5.4,,,16.0,16.1,17.5,,17.3,86,86,79,,69
2017-07-14 20:00,2017,73,67,0.00,,0.00,,6.7,3.4,,,15.9,15.9,17.5,,17.3,83,85,79,,69
2017-07-14 21:00,2017,68,65,0.00,,0.07,,3.5,1.6,,,15.6,15.7,17.5,,17.3,82,83,79,,69
2017-07-14 22:00,2017,66,61,0.00,,0.04,,3.6,1.3,,,15.0,15.8,17.5,,17.3,80,81,79,,69
2017-07-14 23:00,2017,63,60,0.00,,0.00,,5.7,3.4,,,15.3,15.4,17.5,,17.3,78,80,79,,69
2017-07-15 00:00,2017,60,58,0.00,,0.00,,4.8,3.4,,,15.2,15.4,17.4,,17.3,76,78,79,,69
2017-07-15 01:00,2017,58,56,0.00,,0.00,,6.2,4.2,,,15.2,15.1,17.8,,17.3,75,77,78,,69
2017-07-15 02:00,2017,56,56,0.00,,0.01,,5.0,2.5,,,14.5,15.3,17.2,,17.3,73,76,78,,69
2017-07-15 03:00,2017,59,56,0.00,,0.00,,5.3,3.6,,,14.9,14.9,17.4,,17.3,73,75,78,,69
2017-07-15 04:00,2017,57,56,0.00,,5.18,,4.3,2.2,,,14.9,14.7,17.2,,17.3,71,74,77,,69
2017-07-15 05:00,2017,67,57,0.00,,113.00,,3.8,2.0,,,14.4,15.0,17.5,,17.3,71,73,77,,69
2017-07-15 06:00,2017,70,67,0.00,,226.70,,5.8,3.1,,,15.0,15.0,17.2,,17.3,70,73,76,,69
2017-07-15 07:00,2017,75,70,0.00,,495.10,,12.0,4.8,,,15.0,15.0,17.0,,17.3,71,72,76,,69
2017-07-15 08:00,2017,77,74,0.00,,631.10,,11.4,5.2,,,14.6,14.8,17.2,,17.3,73,73,75,,69
2017-07-15 09:00,2017,78,77,0.00,,652.60,,10.8,6.1,,,14.9,14.6,17.3,,17.3,76,74,75,,69
2017-07-15 10:00,2017,78,77,0.00,,511.30,,11.4,6.0,,,15.0,15.2,17.5,,17.3,80,77,75,,69
2017-07-15 11:00,2017,81,78,0.00,,552.10,,8.3,3.3,,,15.5,15.6,17.5,,17.3,83,79,75,,69
2017-07-15 12:00,2017,83,80,0.00,,799.00,,18.1,6.6,,,15.8,15.5,17.2,,17.3,85,81,75,,69
2017-07-15 13:00,2017,83,81,0.00,,690.30,,16.9,8.8,,,15.6,15.2,17.0,,17.3,88,82,76,,69
2017-07-15 14:00,2017,83,82,0.00,,328.50,,11.9,6.6,,,16.2,15.7,17.3,,17.3,92,85,76,,69
2017-07-15 15:00,2017,84,82,0.00,,330.00,,11.2,6.0,,,16.1,15.8,17.5,,17.3,90,86,77,,69
2017-07-15 16:00,2017,84,82,0.00,,242.20,,14.9,6.7,,,15.4,16.0,17.6,,17.3,89,86,77,,69
2017-07-15 17:00,2017,82,73,0.00,,330.90,,25.8,17.2,,,15.3,15.9,17.4,,17.3,87,86,78,,69
2017-07-15 18:00,2017,74,71,0.00,,137.80,,17.4,12.0,,,15.3,15.7,17.8,,17.3,86,85,78,,69
2017-07-15 19:00,2017,71,67,0.00,,8.96,,15.8,6.6,,,14.7,15.9,17.4,,17.3,84,84,79,,69
2017-07-15 20:00,2017,67,62,0.00,,0.14,,5.2,2.9,,,15.2,15.7,17.4,,17.3,82,83,79,,69
2017-07-15 21:00,2017,63,57,0.00,,0.01,,4.9,2.3,,,14.9,15.8,17.4,,17.3,79,81,79,,69
2017-07-15 22:00,2017,57,54,0.00,,0.00,,4.9,2.3,,,14.4,15.4,17.4,,17.3,77,79,79,,69
2017-07-15 23:00,2017,54,51,0.00,,0.00,,4.8,2.0,,,14.3,15.4,17.8,,17.3,76,78,78,,69
2017-07-16 00:00,2017,52,51,0.00,,0.00,,6.0,3.7,,,14.4,15.1,17.4,,17.3,74,77,78,,69
2017-07-16 01:00,2017,51,50,0.00,,0.01,,4.8,2.6,,,14.1,15.1,17.4,,17.3,72,75,78,,69
2017-07-16 02:00,2017,52,51,0.00,,0.00,,6.4,4.4,,,14.0,14.6,17.2,,17.3,71,74,77,,69
2017-07-16 03:00,2017,52,50,0.00,,0.00,,6.2,3.8,,,13.8,14.8,17.5,,17.3,70,73,77,,69
2017-07-16 04:00,2017,51,50,0.00,,4.00,,6.8,4.3,,,14.3,15.0,17.3,,17.3,69,72,76,,69
2017-07-16 05:00,2017,60,51,0.00,,94.30,,5.7,3.1,,,14.1,14.4,17.2,,17.3,68,71,76,,69
2017-07-16 06:00,2017,72,60,0.00,,260.30,,6.0,3.4,,,13.7,15.0,17.3,,17.3,68,71,76,,69
2017-07-16 07:00,2017,74,72,0.00,,441.10,,10.9,5.3,,,13.7,14.9,17.1,,17.3,68,70,75,,69
2017-07-16 08:00,2017,76,74,0.00,,615.10,,13.6,6.9,,,14.5,15.0,16.9,,17.3,70,71,75,,69
2017-07-16 09:00,2017,78,76,0.00,,765.00,,12.1,7.5,,,14.4,14.6,17.2,,17.3,73,72,74,,69
2017-07-16 10:00,2017,80,78,0.00,,862.00,,17.1,8.9,,,14.4,15.1,17.0,,17.3,78,74,74,,69
2017-07-16 11:00,2017,81,80,0.00,,911.00,,16.4,8.2,,,14.9,15.1,17.3,,17.3,83,78,74,,69
2017-07-16 12:00,2017,83,81,0.00,,914.00,,15.3,7.0,,,15.5,15.6,16.9,,17.3,89,81,74,,69
2017-07-16 13:00,2017,84,83,0.00,,866.00,,16.7,7.2,,,15.4,15.6,17.1,,17.3,94,85,75,,69
2017-07-16 14:00,2017,86,84,0.00,,778.00,,16.4,8.7,,,15.8,15.7,17.2,,17.3,97,88,76,,69
2017-07-16 15:00,2017,86,85,0.00,,641.50,,17.2,9.0,,,15.8,16.5,17.2,,17.3,98,90,77,,69
2017-07-16 16:00,2017,86,84,0.00,,469.10,,18.7,9.7,,,15.8,16.4,17.2,,17.3,98,92,78,,69
2017-07-16 17:00,2017,84,82,0.00,,289.90,,15.8,10.1,,,15.7,16.4,17.8,,17.3,94,91,78,,69
2017-07-16 18:00,2017,82,78,0.00,,115.90,,14.8,8.9,,,14.9,16.1,17.5,,17.3,91,90,79,,69
2017-07-16 19:00,2017,78,71,0.00,,5.21,,9.2,4.3,,,14.5,15.7,17.9,,17.3,88,88,80,,69
2017-07-16 20:00,2017,71,69,0.00,,0.01,,9.8,4.5,,,15.0,15.9,17.9,,17.0,85,86,80,,69
2017-07-16 21:00,2017,69,67,0.00,,0.12,,12.6,7.1,,,14.4,15.9,17.9,,17.3,83,84,80,,69
2017-07-16 22:00,2017,67,63,0.00,,0.07,,5.0,3.1,,,14.6,15.4,17.9,,17.3,81,83,80,,69
2017-07-16 23:00,2017,63,60,0.00,,0.00,,4.7,3.3,,,14.8,15.8,17.9,,17.3,79,81,80,,69
2017-07-17 00:00,2017,60,58,0.00,,0.00,,7.0,3.4,,,14.1,15.4,17.5,,17.3,78,80,80,,69
2017-07-17 01:00,2017,59,58,0.00,,0.00,,5.5,4.1,,,14.8,15.2,17.7,,17.3,76,79,80,,69
2017-07-17 02:00,2017,59,58,0.00,,0.00,,5.5,3.2,,,14.1,15.4,17.4,,17.3,75,78,79,,69
2017-07-17 03:00,2017,58,57,0.00,,0.00,,6.0,3.3,,,14.5,15.1,17.8,,17.3,74,77,79,,69
2017-07-17 04:00,2017,60,57,0.00,,3.79,,5.2,3.8,,,14.0,15.1,17.4,,17.0,73,76,78,,69
2017-07-17 05:00,2017,62,60,0.00,,52.43,,7.2,4.5,,,14.0,15.1,17.2,,17.3,72,75,78,,69
2017-07-17 06:00,2017,70,62,0.00,,252.00,,6.2,3.1,,,13.7,15.0,17.5,,17.3,72,74,78,,69
2017-07-17 07:00,2017,81,70,0.00,,425.30,,6.4,3.4,,,14.2,15.2,17.2,,17.3,73,74,77,,69
2017-07-17 08:00,2017,86,81,0.00,,597.20,,13.2,5.7,,,14.0,14.7,17.3,,17.3,74,74,77,,69
2017-07-17 09:00,2017,88,85,0.00,,740.00,,13.9,5.4,,,14.0,15.3,17.2,,17.3,77,76,76,,69
2017-07-17 10:00,2017,90,88,0.00,,820.00,,16.7,7.7,,,14.4,15.4,17.2,,17.3,82,78,76,,69
2017-07-17 11:00,2017,92,90,0.00,,732.00,,14.7,7.8,,,14.5,15.3,17.2,,17.0,87,81,76,,69
2017-07-17 12:00,2017,93,91,0.00,,635.30,,18.4,7.5,,,15.0,15.7,17.0,,17.0,92,84,77,,69
2017-07-17 13:00,2017,92,90,0.00,,366.60,,16.5,7.0,,,14.8,16.1,17.2,,17.0,94,87,77,,69
2017-07-17 14:00,2017,90,79,0.00,,270.20,,27.7,13.1,,,15.4,15.8,17.5,,17.0,95,89,78,,69
2017-07-17 15:00,2017,88,84,0.00,,525.00,,18.1,10.1,,,14.8,15.7,17.4,,17.0,92,89,78,,69
2017-07-17 16:00,2017,89,85,0.00,,480.30,,20.1,11.2,,,14.7,15.8,17.8,,17.1,91,88,79,,69
2017-07-17 17:00,2017,85,83,0.00,,284.60,,19.9,14.3,,,15.0,15.8,17.4,,17.1,90,88,80,,69
2017-07-17 18:00,2017,83,77,0.00,,106.40,,15.7,9.1,,,14.7,15.9,17.5,,17.1,89,87,80,,69
2017-07-17 19:00,2017,77,70,0.00,,3.38,,4.6,3.0,,,14.9,15.9,17.5,,17.1,86,86,80,,69
2017-07-17 20:00,2017,70,65,0.00,,0.00,,5.2,3.6,,,14.4,15.5,18.0,,17.1,84,85,81,,69
2017-07-17 21:00,2017,68,65,0.00,,0.07,,7.4,4.3,,,14.1,15.7,17.9,,17.1,82,83,81,,69
2017-07-17 22:00,2017,69,68,0.00,,0.10,,6.7,4.3,,,14.1,15.5,17.5,,17.1,80,82,80,,69
2017-07-17 23:00,2017,69,65,0.00,,0.09,,7.4,4.9,,,14.1,15.4,17.5,,17.1,79,81,80,,69
2017-07-18 00:00,2017,65,61,0.00,,0.02,,7.5,3.6,,,13.8,15.2,17.4,,17.1,78,80,80,,69
2017-07-18 01:00,2017,62,60,0.00,,0.00,,5.7,4.5,,,13.6,15.4,17.7,,17.1,77,79,80,,69
2017-07-18 02:00,2017,63,60,0.00,,0.00,,8.5,5.3,,,13.8,15.1,17.8,,17.1,76,78,79,,69
2017-07-18 03:00,2017,66,61,0.00,,0.00,,10.9,7.9,,,13.8,15.1,17.4,,17.1,75,77,79,,69
2017-07-18 04:00,2017,66,63,0.00,,3.31,,11.1,6.5,,,13.6,15.1,17.2,,17.1,74,76,79,,69
2017-07-18 05:00,2017,76,66,0.00,,48.47,,15.3,10.4,,,13.3,14.7,17.5,,17.1,73,75,78,,69
2017-07-18 06:00,2017,79,76,0.00,,102.30,,12.5,7.5,,,13.5,14.9,17.2,,17.1,73,75,78,,69
2017-07-18 07:00,2017,84,79,0.00,,378.90,,20.7,14.0,,,13.3,15.0,17.3,,17.1,73,74,78,,69
2017-07-18 08:00,2017,85,80,0.00,,575.90,,22.2,16.0,,,13.1,15.0,17.2,,17.1,74,75,77,,69
2017-07-18 09:00,2017,86,80,0.00,,647.90,,14.5,9.0,,,14.0,15.1,17.4,,17.1,78,76,77,,69
2017-07-18 10:00,2017,86,85,0.00,,420.40,,13.7,7.9,,,13.4,14.9,17.5,,17.1,81,78,77,,69
2017-07-18 11:00,2017,88,85,0.00,,841.00,,14.8,7.0,,,14.4,15.1,17.5,,17.1,85,80,77,,69
2017-07-18 12:00,2017,91,88,0.00,,956.00,,19.2,4.4,,,14.0,15.6,17.4,,17.1,87,82,77,,69
2017-07-18 13:00,2017,91,89,0.00,,626.00,,18.0,7.2,,,14.8,15.7,17.2,,17.1,94,85,77,,69
2017-07-18 14:00,2017,89,87,0.00,,256.60,,16.3,10.1,,,14.8,16.0,17.2,,17.1,98,89,78,,69
2017-07-18 15:00,2017,90,87,0.00,,266.40,,14.8,8.3,,,14.6,15.7,17.6,,17.1,96,90,78,,69
2017-07-18 16:00,2017,87,87,0.00,,144.70,,8.7,4.4,,,14.8,15.8,17.4,,17.1,94,90,79,,69
2017-07-18 17:00,2017,89,87,0.00,,274.30,,12.4,7.2,,,14.3,16.0,17.8,,17.1,92,89,80,,69
2017-07-18 18:00,2017,88,82,0.00,,84.20,,10.9,5.8,,,14.5,15.6,17.4,,17.1,90,88,80,,69
2017-07-18 19:00,2017,82,74,0.00,,8.64,,7.8,3.1,,,13.9,15.9,17.5,,17.1,87,87,81,,69
2017-07-18 20:00,2017,74,73,0.00,,0.00,,9.5,3.7,,,14.2,15.6,17.5,,17.1,85,85,81,,69
2017-07-18 21:00,2017,76,72,0.00,,0.04,,18.7,10.6,,,14.0,15.4,17.5,,17.1,83,84,81,,69
2017-07-18 22:00,2017,72,68,0.00,,0.12,,15.9,7.7,,,13.8,15.6,17.5,,17.1,82,83,81,,69
2017-07-18 23:00,2017,68,65,0.00,,0.18,,5.4,2.8,,,13.6,15.4,17.7,,17.1,80,82,81,,69
2017-07-19 00:00,2017,67,62,0.00,,0.03,,5.3,2.5,,,13.8,15.4,17.7,,17.1,79,81,80,,69
2017-07-19 01:00,2017,62,58,0.00,,0.00,,6.0,4.1,,,13.5,15.1,17.8,,17.1,78,79,80,,69
2017-07-19 02:00,2017,60,58,0.00,,0.00,,6.3,4.3,,,12.8,15.3,17.4,,17.1,76,78,80,,70
2017-07-19 03:00,2017,60,58,0.00,,0.00,,5.8,3.8,,,13.3,14.9,17.4,,17.1,75,78,80,,70
2017-07-19 04:00,2017,59,58,0.00,,2.11,,5.4,4.0,,,12.6,14.7,17.6,,17.1,74,77,79,,70
2017-07-19 05:00,2017,65,59,0.00,,63.00,,5.5,3.4,,,12.7,15.0,17.6,,17.1,73,76,79,,70
2017-07-19 06:00,2017,78,65,0.00,,255.60,,3.6,1.7,,,13.0,15.0,17.2,,17.1,73,75,78,,70
2017-07-19 07:00,2017,80,78,0.00,,416.70,,8.7,3.6,,,12.7,14.7,17.0,,17.1,73,75,78,,70
2017-07-19 08:00,2017,81,79,0.00,,537.30,,8.6,4.7,,,13.2,15.0,17.4,,17.1,75,75,78,,70
2017-07-19 09:00,2017,87,81,0.00,,720.00,,10.4,4.7,,,13.1,15.2,17.5,,17.1,78,76,77,,70
2017-07-19 10:00,2017,90,87,0.00,,677.90,,10.6,4.8,,,13.0,15.0,17.0,,17.1,82,78,77,,70
2017-07-19 11:00,2017,94,90,0.00,,755.00,,11.8,5.9,,,13.6,15.3,17.0,,17.1,86,81,77,,70
2017-07-19 12:00,2017,96,94,0.00,,873.00,,16.0,7.4,,,13.9,15.5,17.5,,17.1,90,84,77,,70
2017-07-19 13:00,2017,96,93,0.00,,416.80,,14.2,5.8,,,14.0,15.7,17.4,,17.1,95,87,78,,70
2017-07-19 14:00,2017,96,92,0.00,,128.70,,9.4,4.4,,,14.3,15.9,17.4,,17.1,96,90,78,,70
2017-07-19 15:00,2017,92,84,0.00,,31.22,,27.2,9.3,,,14.4,15.9,17.6,,17.1,95,90,79,,70
2017-07-19 16:00,2017,84,79,0.01,,62.42,,25.4,13.8,,,13.4,16.1,17.4,,17.1,92,89,80,,70
2017-07-19 17:00,2017,83,75,0.01,,35.23,,27.5,13.7,,,14.1,15.9,17.8,,17.1,88,88,81,,70
2017-07-19 18:00,2017,83,75,0.00,,16.79,,26.5,13.7,,,13.4,15.4,17.7,,17.1,85,86,81,,70
2017-07-19 19:00,2017,75,71,0.00,,1.86,,22.8,14.1,,,13.1,15.6,17.7,,17.1,82,84,81,,70
2017-07-19 20:00,2017,71,69,0.00,,0.19,,15.0,8.6,,,12.6,15.6,17.8,,17.1,80,82,81,,70
2017-07-19 21:00,2017,72,69,0.00,,0.12,,16.5,10.0,,,12.8,14.9,17.8,,17.1,79,81,81,,70
2017-07-19 22:00,2017,73,72,0.00,,0.12,,18.2,12.8,,,13.2,15.2,17.4,,17.1,78,80,80,,70
2017-07-19 23:00,2017,73,71,0.00,,0.07,,14.2,6.7,,,12.9,15.3,17.6,,17.1,77,79,80,,70
2017-07-20 00:00,2017,71,66,0.00,,0.10,,12.3,5.7,,,12.9,15.1,17.6,,17.1,76,78,80,,70
2017-07-20 01:00,2017,67,65,0.00,,0.01,,8.2,3.2,,,12.5,15.2,17.0,,17.1,76,77,79,,70
2017-07-20 02:00,2017,67,65,0.00,,0.00,,13.6,6.4,,,12.4,15.0,17.2,,17.1,75,77,79,,70
2017-07-20 03:00,2017,65,64,0.00,,0.00,,9.0,5.3,,,12.2,15.2,17.0,,17.1,74,76,79,,70
2017-07-20 04:00,2017,65,63,0.00,,4.23,,7.0,4.3,,,12.5,14.8,17.4,,17.1,73,75,78,,70
2017-07-20 05:00,2017,66,63,0.00,,57.42,,4.3,1.0,,,12.5,14.7,17.5,,17.1,73,75,78,,70
2017-07-20 06:00,2017,72,66,0.00,,193.70,,5.5,1.7,,,12.0,15.0,17.1,,17.1,73,74,78,,70
2017-07-20 07:00,2017,75,71,0.00,,393.80,,8.6,4.3,,,12.0,14.5,17.1,,17.1,73,74,77,,70
2017-07-20 08:00,2017,76,74,0.00,,583.40,,9.8,5.0,,,12.7,15.0,17.2,,17.1,74,74,77,,70
2017-07-20 09:00,2017,78,76,0.00,,725.00,,10.3,4.9,,,12.3,14.8,17.4,,17.1,77,75,77,,70
2017-07-20 10:00,2017,80,78,0.00,,828.00,,10.8,4.7,,,12.5,14.9,17.0,,17.1,80,77,76,,70
2017-07-20 11:00,2017,85,80,0.00,,880.00,,12.5,5.2,,,13.0,15.3,17.0,,17.1,85,80,76,,70
2017-07-20 12:00,2017,87,85,0.00,,884.00,,12.7,5.6,,,13.4,15.5,17.4,,17.1,90,83,77,,70
2017-07-20 13:00,2017,90,87,0.00,,848.00,,15.6,5.5,,,13.6,15.6,17.0,,16.7,94,86,77,,70
2017-07-20 14:00,2017,91,90,0.00,,752.00,,15.6,7.5,,,13.4,15.6,17.0,,17.5,98,89,78,,70
2017-07-20 15:00,2017,91,87,0.00,,519.50,,15.0,6.2,,,14.2,16.2,17.0,,17.1,100,92,79,,70
2017-07-20 16:00,2017,88,83,0.00,,271.30,,17.6,6.4,,,14.2,16.3,17.7,,16.7,99,93,80,,70
2017-07-20 17:00,2017,88,87,0.00,,194.60,,7.2,2.8,,,13.6,16.2,17.8,,16.7,97,93,80,,70
2017-07-20 18:00,2017,87,82,0.00,,41.02,,7.0,3.5,,,13.9,15.9,17.8,,17.1,94,92,81,,70
2017-07-20 19:00,2017,82,80,0.00,,0.70,,14.8,5.8,,,13.6,15.8,17.7,,17.1,92,90,82,,70
2017-07-20 20:00,2017,80,75,0.00,,0.00,,21.3,14.0,,,13.1,15.5,17.6,,16.7,89,89,82,,70
2017-07-20 21:00,2017,76,72,0.00,,0.03,,20.3,11.1,,,12.6,15.5,17.6,,17.1,87,87,82,,70
2017-07-20 22:00,2017,72,70,0.00,,0.07,,10.1,5.2,,,13.0,15.5,17.6,,16.7,85,86,82,,70
2017-07-20 23:00,2017,70,67,0.00,,0.18,,9.4,6.1,,,12.6,15.3,18.0,,17.1,83,84,82,,70
2017-07-21 00:00,2017,70,67,0.00,,0.08,,14.2,9.6,,,12.8,15.1,17.7,,17.1,82,83,82,,70
2017-07-21 01:00,2017,70,69,0.00,,0.07,,18.1,12.2,,,12.0,15.1,17.8,,17.1,80,82,82,,70
2017-07-21 02:00,2017,71,70,0.00,,0.07,,22.8,13.6,,,12.0,14.8,17.8,,17.1,79,81,81,,70
2017-07-21 03:00,2017,71,68,0.00,,0.03,,17.9,9.8,,,11.8,15.0,17.4,,16.7,78,80,81,,70
2017-07-21 04:00,2017,68,64,0.00,,1.49,,6.1,2.2,,,12.2,14.8,17.4,,17.1,77,79,81,,70
2017-07-21 05:00,2017,72,64,0.00,,101.90,,5.6,3.4,,,12.3,15.0,17.6,,17.1,76,78,80,,70
2017-07-21 06:00,2017,75,72,0.00,,241.70,,12.3,7.7,,,12.4,15.1,17.2,,17.1,76,78,80,,70
2017-07-21 07:00,2017,82,75,0.00,,453.10,,12.3,7.4,,,12.4,14.7,17.4,,17.1,76,77,80,,70
2017-07-21 08:00,2017,85,82,0.00,,530.60,,12.3,6.0,,,12.2,15.2,17.2,,17.1,77,77,79,,70
2017-07-21 09:00,2017,89,85,0.00,,774.00,,17.2,9.7,,,12.5,15.0,17.5,,17.1,80,78,79,,70
2017-07-21 10:00,2017,89,88,0.00,,879.00,,20.6,11.3,,,12.5,14.8,17.0,,17.1,85,80,79,,70
2017-07-21 11:00,2017,91,89,0.00,,912.00,,20.9,11.6,,,12.8,15.5,17.0,,17.1,90,83,79,,70
2017-07-21 12:00,2017,92,90,0.00,,850.00,,19.4,10.0,,,13.6,15.8,17.5,,17.1,95,87,79,,70
2017-07-21 13:00,2017,92,90,0.00,,725.00,,16.0,6.9,,,13.6,15.5,17.2,,16.7,98,90,79,,70
2017-07-21 14:00,2017,90,81,0.00,,146.20,,27.0,8.2,,,13.7,15.9,17.2,,17.1,102,92,80,,70
2017-07-21 15:00,2017,85,81,0.00,,132.00,,22.2,11.4,,,13.5,15.9,17.6,,16.7,99,94,81,,70
2017-07-21 16:00,2017,84,76,0.00,,151.90,,23.1,15.2,,,12.7,15.7,17.4,,17.1,96,92,82,,70
2017-07-21 17:00,2017,77,76,0.00,,50.78,,20.6,10.9,,,12.7,15.6,17.7,,17.1,93,91,82,,70
2017-07-21 18:00,2017,76,74,0.00,,12.28,,12.9,7.6,,,12.8,16.0,17.7,,17.1,91,90,83,,70
2017-07-21 19:00,2017,74,62,0.04,,0.41,,24.8,14.6,,,13.0,15.6,17.6,,17.1,89,88,83,,70
2017-07-21 20:00,2017,63,62,0.01,,0.34,,22.4,11.2,,,12.5,15.7,17.9,,16.7,86,87,83,,70
2017-07-21 21:00,2017,64,63,0.00,,0.45,,9.2,4.0,,,12.2,15.7,17.7,,16.7,83,85,83,,70
2017-07-21 22:00,2017,63,62,0.00,,0.35,,8.7,5.2,,,12.5,14.9,17.7,,17.5,82,84,83,,70
2017-07-21 23:00,2017,62,61,0.00,,0.13,,9.0,3.8,,,12.0,15.3,17.8,,17.1,80,82,82,,70
2017-07-22 00:00,2017,61,60,0.00,,0.07,,6.2,3.5,,,11.8,15.2,17.4,,17.1,79,81,82,,70
2017-07-22 01:00,2017,61,59,0.00,,0.02,,6.3,3.0,,,11.8,14.9,17.6,,17.1,77,80,82,,70
2017-07-22 02:00,2017,59,58,0.00,,0.01,,6.0,3.8,,,11.5,15.2,17.5,,17.1,76,79,81,,70
2017-07-22 03:00,2017,58,58,0.00,,0.00,,8.1,5.7,,,10.8,14.7,17.6,,17.5,76,78,81,,70
2017-07-22 04:00,2017,59,58,0.00,,2.46,,8.4,5.8,,,11.5,15.0,17.4,,16.7,74,77,80,,70
2017-07-22 05:00,2017,68,59,0.00,,104.20,,14.7,9.3,,,11.5,14.9,17.0,,17.5,73,76,80,,70
2017-07-22 06:00,2017,74,68,0.00,,221.10,,16.4,11.2,,,11.6,14.6,17.5,,17.5,73,75,79,,70
2017-07-22 07:00,2017,81,74,0.00,,394.20,,19.0,13.5,,,11.2,14.7,17.1,,17.5,73,75,79,,70
2017-07-22 08:00,2017,83,81,0.00,,469.80,,17.9,11.6,,,11.6,14.2,17.3,,16.7,74,75,79,,70
2017-07-22 09:00,2017,86,82,0.00,,745.00,,15.9,9.1,,,11.4,14.2,17.4,,16.7,76,76,78,,70
2017-07-22 10:00,2017,84,82,0.00,,779.00,,17.6,10.0,,,11.7,15.0,17.0,,17.5,80,77,78,,70
2017-07-22 11:00,2017,82,62,1.11,,136.10,,35.2,13.4,,,12.0,14.9,17.2,,16.7,85,80,78,,70
2017-07-22 12:00,2017,80,68,0.00,,790.00,,14.6,8.4,,,35.6,15.0,18.0,,17.5,71,80,78,,70
2017-07-22 13:00,2017,83,80,0.00,,568.90,,10.1,5.3,,,32.4,17.7,26.1,,17.5,76,77,78,,70
2017-07-22 14:00,2017,85,83,0.00,,617.50,,10.7,5.8,,,32.0,20.5,28.9,,17.3,80,78,77,,71
2017-07-22 15:00,2017,85,84,0.00,,540.90,,9.4,3.8,,,31.0,22.4,29.3,,17.5,82,80,77,,71
2017-07-22 16:00,2017,85,83,0.00,,215.20,,8.6,3.6,,,31.2,23.7,29.6,,17.5,83,81,77,,71
2017-07-22 17:00,2017,84,82,0.00,,256.00,,9.5,5.8,,,31.0,24.3,29.8,,17.5,81,81,77,,71
2017-07-22 18:00,2017,83,77,0.00,,103.80,,13.3,3.6,,,30.9,24.3,29.6,,17.5,79,80,77,,71
2017-07-22 19:00,2017,77,70,0.02,,10.30,,15.7,9.5,,,30.5,24.8,29.5,,17.5,78,79,78,,71
2017-07-22 20:00,2017,70,65,0.01,,0.03,,8.9,3.1,,,30.5,25.0,29.9,,17.3,76,78,78,,71
2017-07-22 21:00,2017,67,65,0.00,,0.23,,5.1,2.0,,,30.5,25.1,29.9,,17.5,75,77,78,,71
2017-07-22 22:00,2017,66,64,0.00,,0.06,,8.0,3.4,,,30.4,25.0,29.9,,17.3,73,76,77,,71
2017-07-22 23:00,2017,64,59,0.00,,0.00,,5.5,3.6,,,30.0,25.2,29.9,,17.3,72,75,77,,71
2017-07-23 00:00,2017,61,58,0.00,,0.00,,5.3,3.1,,,29.6,25.4,29.4,,17.3,71,74,77,,71
2017-07-23 01:00,2017,58,56,0.00,,0.00,,5.4,3.7,,,30.0,25.6,29.6,,17.5,70,73,76,,71
2017-07-23 02:00,2017,58,56,0.00,,0.01,,5.2,3.4,,,29.5,25.5,29.6,,17.5,70,72,76,,71
2017-07-23 03:00,2017,56,55,0.00,,0.00,,5.2,3.5,,,29.8,25.4,29.1,,17.5,69,71,76,,71
2017-07-23 04:00,2017,55,54,0.00,,2.10,,4.6,2.7,,,29.5,26.0,29.2,,17.5,68,71,75,,71
2017-07-23 05:00,2017,61,55,0.00,,73.10,,4.4,2.9,,,29.6,25.6,29.6,,17.5,67,70,75,,71
2017-07-23 06:00,2017,69,61,0.00,,233.20,,6.7,4.4,,,29.5,25.5,29.3,,17.5,67,69,74,,71
2017-07-23 07:00,2017,75,69,0.00,,414.20,,6.1,3.5,,,29.7,26.1,29.5,,17.3,67,69,74,,71
2017-07-23 08:00,2017,80,75,0.00,,587.90,,9.6,5.0,,,29.8,25.8,29.0,,17.5,70,70,74,,71
2017-07-23 09:00,2017,82,80,0.00,,735.00,,10.9,6.9,,,29.8,25.8,29.2,,17.5,73,71,73,,71
2017-07-23 10:00,2017,84,82,0.00,,842.00,,13.5,7.5,,,29.7,26.2,29.2,,17.5,77,74,73,,71
2017-07-23 11:00,2017,86,84,0.00,,890.00,,13.3,6.5,,,29.5,26.6,29.2,,17.3,80,76,74,,71
2017-07-23 12:00,2017,87,86,0.00,,902.00,,15.0,7.0,,,30.0,27.2,29.0,,17.5,84,79,74,,71
2017-07-23 13:00,2017,88,87,0.00,,814.00,,13.8,7.0,,,29.6,27.3,29.4,,17.3,87,82,75,,71
2017-07-23 14:00,2017,87,85,0.00,,430.50,,13.7,7.5,,,29.6,27.6,29.6,,17.3,89,83,75,,71
2017-07-23 15:00,2017,86,85,0.00,,335.40,,11.3,6.8,,,29.7,27.2,28.9,,17.1,87,84,76,,71
2017-07-23 16:00,2017,87,85,0.00,,427.60,,14.9,8.4,,,29.6,27.0,29.5,,17.5,85,84,77,,71
2017-07-23 17:00,2017,87,85,0.00,,291.80,,12.7,8.4,,,29.4,27.2,29.5,,17.1,83,83,78,,71
2017-07-23 18:00,2017,85,78,0.00,,98.10,,11.3,5.8,,,29.4,27.2,29.3,,17.3,81,82,78,,71
2017-07-23 19:00,2017,78,73,0.00,,4.70,,8.6,5.3,,,28.4,27.1,29.3,,17.1,80,80,78,,71
2017-07-23 20:00,2017,74,73,0.00,,0.00,,12.0,7.6,,,28.6,26.5,29.5,,17.3,78,79,78,,71
2017-07-23 21:00,2017,73,68,0.00,,0.07,,10.9,6.2,,,29.1,26.9,29.5,,17.5,76,78,78,,71
2017-07-23 22:00,2017,68,66,0.00,,0.13,,8.1,4.7,,,28.3,26.4,28.9,,17.3,74,77,78,,71
2017-07-23 23:00,2017,66,63,0.00,,0.02,,3.3,1.9,,,28.6,26.5,29.5,,17.3,73,76,78,,71
2017-07-24 00:00,2017,63,62,0.00,,0.00,,5.1,2.6,,,28.9,26.5,29.1,,17.3,72,74,77,,71
2017-07-24 01:00,2017,62,59,0.00,,0.00,,2.9,0.7,,,27.9,25.9,29.2,,17.1,71,74,77,,71
2017-07-24 02:00,2017,59,57,0.00,,0.00,,3.9,2.4,,,28.3,25.8,29.0,,17.3,70,73,76,,71
2017-07-24 03:00,2017,57,55,0.00,,0.00,,5.5,3.8,,,28.0,25.9,29.1,,17.3,69,72,76,,71
2017-07-24 04:00,2017,57,55,0.00,,1.87,,5.7,2.8,,,28.3,25.7,28.9,,17.3,69,71,76,,71
2017-07-24 05:00,2017,61,55,0.00,,69.60,,6.1,3.9,,,27.8,25.9,29.0,,17.3,68,71,75,,71
2017-07-24 06:00,2017,69,61,0.00,,229.00,,4.0,1.9,,,28.0,25.6,28.8,,17.1,67,70,75,,71
2017-07-24 07:00,2017,75,69,0.00,,412.40,,4.2,1.7,,,28.0,25.7,29.2,,17.3,68,70,74,,71
2017-07-24 08:00,2017,82,75,0.00,,587.20,,4.4,1.8,,,28.0,26.0,28.7,,17.1,70,70,74,,71
2017-07-24 09:00,2017,88,82,0.00,,736.00,,10.3,2.5,,,28.1,25.7,28.7,,17.1,73,72,74,,71
2017-07-24 10:00,2017,91,88,0.00,,843.00,,11.0,4.4,,,28.2,26.3,28.9,,17.1,78,74,74,,71
2017-07-24 11:00,2017,92,91,0.00,,906.00,,11.6,5.1,,,28.6,26.2,28.9,,17.3,83,77,74,,71
2017-07-24 12:00,2017,94,91,0.00,,775.00,,15.2,4.6,,,28.5,26.7,28.7,,17.3,88,81,74,,71
2017-07-24 13:00,2017,94,92,0.00,,655.80,,13.6,6.5,,,28.6,27.3,28.6,,17.5,92,84,75,,71
2017-07-24 14:00,2017,92,90,0.00,,280.20,,8.5,3.3,,,28.6,26.9,28.8,,17.3,92,86,76,,71
2017-07-24 15:00,2017,91,87,0.00,,218.60,,18.2,9.5,,,28.4,27.4,28.9,,17.1,90,86,77,,71
2017-07-24 16:00,2017,91,87,0.00,,397.80,,22.3,11.8,,,28.7,27.2,29.4,,17.1,87,85,78,,71
2017-07-24 17:00,2017,90,89,0.00,,274.20,,16.6,7.3,,,28.6,27.0,29.0,,17.3,86,84,78,,71
2017-07-24 18:00,2017,89,80,0.00,,116.20,,6.2,3.8,,,28.4,26.7,29.0,,17.3,84,83,78,,71
2017-07-24 19:00,2017,80,69,0.00,,4.57,,7.3,5.2,,,28.2,26.8,29.0,,17.3,82,82,79,,71
2017-07-24 20:00,2017,71,69,0.00,,0.00,,9.2,3.2,,,27.5,26.6,29.0,,17.1,80,81,79,,71
2017-07-24 21:00,2017,71,69,0.00,,0.02,,6.9,2.7,,,27.9,26.1,29.0,,17.3,79,80,79,,71
2017-07-24 22:00,2017,69,63,0.00,,0.16,,5.0,3.0,,,27.5,26.3,29.4,,17.3,77,79,78,,71
2017-07-24 23:00,2017,65,65,0.00,,0.03,,5.9,4.4,,,27.6,26.1,28.7,,17.1,76,78,78,,71
2017-07-25 00:00,2017,65,62,0.00,,0.00,,5.4,3.5,,,27.2,25.8,28.9,,17.1,75,76,78,,71
2017-07-25 01:00,2017,62,59,0.00,,0.00,,5.7,2.8,,,26.9,26.0,28.6,,17.1,73,76,78,,71
2017-07-25 02:00,2017,59,58,0.00,,0.00,,6.6,3.8,,,27.5,25.7,29.2,,17.1,73,75,77,,71
2017-07-25 03:00,2017,58,57,0.00,,0.00,,6.1,3.6,,,27.3,25.4,28.7,,17.1,71,74,77,,71
2017-07-25 04:00,2017,58,56,0.00,,1.07,,6.1,4.1,,,26.9,25.4,28.7,,17.3,71,73,76,,71
2017-07-25 05:00,2017,64,56,0.00,,53.54,,5.2,2.9,,,27.1,25.3,28.3,,17.3,70,72,76,,71
2017-07-25 06:00,2017,74,64,0.00,,168.50,,5.5,2.0,,,26.8,25.2,28.8,,17.3,70,72,76,,71
2017-07-25 07:00,2017,83,74,0.00,,401.90,,6.2,2.2,,,26.9,25.3,28.3,,17.3,70,72,75,,71
2017-07-25 08:00,2017,85,83,0.00,,289.50,,7.9,4.4,,,27.0,25.8,28.5,,17.3,72,72,75,,71
2017-07-25 09:00,2017,87,85,0.00,,500.70,,9.6,5.2,,,26.9,25.4,28.2,,17.1,75,73,75,,71
2017-07-25 10:00,2017,88,85,0.00,,444.20,,12.3,4.3,,,27.3,25.4,28.5,,17.3,78,75,75,,71
2017-07-25 11:00,2017,88,85,0.00,,387.00,,15.6,4.7,,,26.9,26.2,28.5,,17.1,80,77,75,,71
2017-07-25 12:00,2017,88,87,0.00,,448.10,,14.3,9.2,,,26.8,25.8,28.2,,17.1,81,78,75,,71
2017-07-25 13:00,2017,87,86,0.00,,334.40,,17.4,9.4,,,27.0,26.0,28.2,,17.1,82,79,75,,71
2017-07-25 14:00,2017,86,85,0.00,,240.50,,18.4,12.4,,,27.0,25.8,28.1,,17.1,82,80,76,,71
2017-07-25 15:00,2017,85,81,0.00,,135.50,,28.9,13.9,,,27.2,25.7,28.5,,17.1,82,80,76,,71
2017-07-25 16:00,2017,81,78,0.00,,112.70,,25.9,17.8,,,26.8,25.8,28.3,,17.3,82,80,76,,71
2017-07-25 17:00,2017,78,71,0.00,,48.32,,22.7,14.8,,,26.7,25.7,28.3,,17.3,80,80,77,,71
2017-07-25 18:00,2017,73,71,0.00,,61.20,,18.7,11.7,,,26.4,25.6,28.3,,17.3,79,79,77,,71
2017-07-25 19:00,2017,71,69,0.00,,1.34,,14.5,9.4,,,26.6,25.6,28.3,,17.3,78,78,77,,71
2017-07-25 20:00,2017,69,67,0.00,,0.21,,12.7,8.5,,,26.5,25.9,28.3,,17.1,77,78,77,,71
2017-07-25 21:00,2017,68,67,0.00,,0.14,,18.1,11.7,,,26.1,25.7,28.3,,17.3,76,77,77,,71
2017-07-25 22:00,2017,68,67,0.00,,0.08,,20.1,13.1,,,26.4,25.2,28.5,,17.3,74,76,77,,71
2017-07-25 23:00,2017,67,65,0.00,,0.04,,17.2,11.0,,,26.2,25.1,28.1,,17.3,73,75,76,,71
2017-07-26 00:00,2017,65,64,0.00,,0.05,,18.4,12.3,,,25.6,25.0,28.6,,17.1,73,74,76,,71
2017-07-26 01:00,2017,65,64,0.00,,0.02,,17.5,11.3,,,25.6,25.1,28.6,,17.1,72,74,76,,71
2017-07-26 02:00,2017,64,64,0.00,,0.00,,16.9,10.4,,,25.8,24.9,28.1,,17.3,71,73,76,,71
2017-07-26 03:00,2017,64,63,0.00,,0.00,,14.4,8.0,,,25.5,24.4,28.3,,17.1,71,72,75,,71
2017-07-26 04:00,2017,64,64,0.00,,1.64,,12.1,7.5,,,25.9,25.0,27.8,,17.3,70,72,75,,71
2017-07-26 05:00,2017,64,64,0.00,,18.95,,13.8,9.6,,,24.9,24.8,28.0,,17.1,70,72,75,,71
2017-07-26 06:00,2017,66,64,0.00,,131.50,,15.2,10.9,,,25.4,24.9,28.4,,17.3,70,71,74,,71
2017-07-26 07:00,2017,66,65,0.00,,98.30,,14.7,10.4,,,25.4,24.7,27.9,,17.3,70,71,74,,71
2017-07-26 08:00,2017,68,65,0.00,,249.30,,11.3,8.2,,,25.4,25.0,28.1,,17.3,71,72,74,,71
2017-07-26 09:00,2017,72,68,0.00,,377.60,,12.6,5.9,,,25.0,24.8,28.3,,17.1,72,72,74,,71
2017-07-26 10:00,2017,73,72,0.00,,555.20,,11.6,5.8,,,25.6,24.9,27.6,,17.1,74,73,74,,71
2017-07-26 11:00,2017,73,72,0.00,,338.80,,12.2,7.0,,,25.5,24.9,27.8,,17.1,77,74,74,,71
2017-07-26 12:00,2017,76,73,0.00,,547.60,,14.6,8.7,,,25.5,25.0,27.6,,17.1,79,76,74,,71
2017-07-26 13:00,2017,77,75,0.00,,611.20,,16.2,8.4,,,25.4,25.3,27.7,,17.1,80,77,74,,71
2017-07-26 14:00,2017,77,77,0.00,,480.90,,15.4,8.0,,,25.5,25.5,27.7,,17.1,83,79,74,,71
2017-07-26 15:00,2017,77,75,0.00,,203.50,,15.8,10.4,,,25.8,25.7,28.1,,17.1,85,81,75,,71
2017-07-26 16:00,2017,75,70,0.00,,34.13,,15.3,9.2,,,25.8,25.7,28.0,,17.3,83,81,75,,71
2017-07-26 17:00,2017,70,68,0.02,,96.00,,9.3,5.8,,,25.8,25.5,28.0,,17.3,81,80,76,,71
2017-07-26 18:00,2017,70,68,0.00,,45.08,,5.0,2.3,,,25.0,25.4,28.1,,17.1,79,79,76,,71
2017-07-26 19:00,2017,68,67,0.00,,2.53,,2.9,1.6,,,25.1,25.4,27.8,,17.1,77,78,76,,71
2017-07-26 20:00,2017,68,67,0.00,,0.12,,3.3,2.3,,,25.0,25.1,28.1,,17.1,76,77,76,,71
2017-07-26 21:00,2017,68,67,0.00,,0.04,,4.2,1.5,,,24.7,25.1,28.1,,17.3,75,76,76,,71
2017-07-26 22:00,2017,67,66,0.00,,0.03,,2.5,0.9,,,25.1,24.9,28.0,,17.1,75,76,76,,71
2017-07-26 23:00,2017,66,65,0.00,,0.00,,3.4,1.2,,,24.6,24.8,28.0,,17.3,74,75,76,,71
2017-07-27 00:00,2017,65,63,0.00,,0.00,,3.4,1.5,,,25.0,24.7,28.0,,17.3,73,74,76,,71
2017-07-27 01:00,2017,63,59,0.00,,0.00,,3.8,1.7,,,24.6,24.5,28.1,,17.1,72,74,75,,71
2017-07-27 02:00,2017,61,59,0.00,,0.00,,3.7,1.3,,,25.0,24.3,28.1,,17.1,71,73,75,,71
2017-07-27 03:00,2017,59,56,0.00,,0.01,,4.6,2.0,,,24.6,24.4,27.7,,17.1,71,72,75,,71
2017-07-27 04:00,2017,57,55,0.00,,1.41,,5.2,2.4,,,24.3,24.4,27.7,,17.3,70,72,75,,71
2017-07-27 05:00,2017,61,55,0.00,,52.48,,5.8,2.5,,,24.2,24.3,27.6,,17.3,69,71,74,,71
2017-07-27 06:00,2017,61,60,0.00,,94.40,,7.8,5.0,,,24.3,23.9,27.8,,17.1,69,71,74,,71
2017-07-27 07:00,2017,63,61,0.00,,125.50,,7.3,3.5,,,24.5,24.3,27.8,,17.3,69,70,74,,71
2017-07-27 08:00,2017,65,63,0.00,,214.80,,7.7,4.4,,,24.5,23.9,27.3,,17.1,70,71,73,,71
2017-07-27 09:00,2017,72,65,0.00,,561.10,,12.2,6.1,,,24.1,24.3,27.5,,17.1,71,71,73,,71
2017-07-27 10:00,2017,76,72,0.00,,804.00,,14.3,7.5,,,24.5,24.2,27.5,,17.3,73,72,73,,71
2017-07-27 11:00,2017,78,76,0.00,,877.00,,13.8,8.2,,,24.2,24.6,27.5,,17.3,78,74,73,,71
2017-07-27 12:00,2017,82,78,0.00,,878.00,,15.2,8.9,,,24.9,25.0,27.5,,17.3,83,78,73,,71
2017-07-27 13:00,2017,82,80,0.00,,755.00,,17.0,8.8,,,25.2,25.3,27.3,,17.1,87,81,74,,70
2017-07-27 14:00,2017,84,81,0.00,,691.70,,16.5,9.5,,,25.3,25.6,27.8,,17.3,90,84,74,,71
2017-07-27 15:00,2017,83,80,0.00,,212.10,,15.1,8.7,,,25.3,25.1,27.8,,17.1,92,85,75,,70
2017-07-27 16:00,2017,83,81,0.00,,434.80,,14.5,7.5,,,24.6,25.9,27.5,,17.0,88,86,76,,70
2017-07-27 17:00,2017,83,81,0.00,,271.50,,10.7,6.3,,,24.8,25.6,27.9,,17.3,86,85,77,,70
2017-07-27 18:00,2017,82,75,0.00,,53.80,,6.6,3.1,,,24.3,25.4,28.1,,17.3,83,83,78,,71
2017-07-27 19:00,2017,75,69,0.00,,5.06,,5.3,2.6,,,23.9,25.2,27.9,,17.0,82,82,78,,70
2017-07-27 20:00,2017,70,65,0.00,,0.00,,8.3,3.4,,,24.1,25.0,27.9,,17.3,80,81,78,,70
2017-07-27 21:00,2017,68,65,0.00,,0.10,,2.2,0.3,,,23.9,24.8,28.1,,17.0,78,79,78,,70
2017-07-27 22:00,2017,67,60,0.00,,0.08,,4.4,2.5,,,23.6,24.8,27.9,,17.3,76,78,78,,70
2017-07-27 23:00,2017,64,60,0.00,,0.00,,6.1,3.0,,,23.5,24.6,28.0,,17.0,76,77,78,,70
2017-07-28 00:00,2017,64,63,0.00,,0.01,,7.1,4.4,,,23.2,24.3,28.0,,17.3,74,76,77,,70
2017-07-28 01:00,2017,63,61,0.00,,0.00,,7.2,4.5,,,23.4,24.0,27.5,,17.0,73,75,77,,70
2017-07-28 02:00,2017,62,59,0.00,,0.00,,9.6,5.4,,,23.3,24.3,27.7,,17.3,73,74,77,,70
2017-07-28 03:00,2017,62,60,0.00,,0.00,,9.6,6.3,,,23.6,23.8,27.7,,17.0,72,74,76,,70
2017-07-28 04:00,2017,63,61,0.00,,0.59,,9.6,5.7,,,23.2,24.0,27.6,,17.3,71,73,76,,70
2017-07-28 05:00,2017,64,63,0.00,,30.96,,9.1,5.1,,,23.4,24.1,27.8,,17.3,71,73,76,,70
2017-07-28 06:00,2017,66,64,0.00,,195.20,,8.2,5.4,,,23.4,24.4,27.3,,17.0,71,73,75,,70
2017-07-28 07:00,2017,71,66,0.00,,350.20,,7.9,3.5,,,23.7,24.0,27.5,,17.0,71,72,75,,70
2017-07-28 08:00,2017,76,71,0.00,,578.10,,6.6,2.5,,,23.4,23.9,27.5,,17.3,73,73,75,,70
2017-07-28 09:00,2017,80,76,0.00,,728.00,,10.0,3.6,,,23.0,24.0,27.6,,17.3,75,74,74,,70
2017-07-28 10:00,2017,85,80,0.00,,807.00,,11.6,4.1,,,23.5,24.3,27.6,,17.0,79,76,74,,70
2017-07-28 11:00,2017,85,85,0.00,,687.40,,11.2,4.7,,,23.1,24.3,27.0,,17.0,83,78,75,,70
2017-07-28 12:00,2017,87,85,0.00,,605.40,,14.6,6.5,,,23.6,24.3,27.5,,17.3,87,81,75,,70
2017-07-28 13:00,2017,90,87,0.00,,569.30,,12.4,3.4,,,23.5,24.5,27.5,,17.0,89,83,76,,70
2017-07-28 14:00,2017,90,89,0.00,,516.50,,14.6,7.0,,,23.7,24.6,27.4,,17.0,89,84,76,,70
2017-07-28 15:00,2017,89,85,0.00,,173.00,,15.3,7.6,,,23.3,24.7,27.9,,17.0,91,86,77,,70
2017-07-28 16:00,2017,85,82,0.00,,98.30,,17.6,10.8,,,23.4,24.7,27.7,,17.0,89,86,78,,70
2017-07-28 17:00,2017,82,75,0.00,,37.16,,13.5,8.1,,,23.0,24.5,27.8,,17.0,86,85,78,,70
2017-07-28 18:00,2017,75,71,0.01,,15.20,,21.2,7.8,,,23.5,24.8,27.8,,17.3,84,83,78,,70
2017-07-28 19:00,2017,71,65,0.04,,3.38,,22.9,6.0,,,22.6,24.5,27.6,,17.0,82,82,79,,70
2017-07-28 20:00,2017,65,63,0.00,,0.33,,21.0,13.1,,,22.7,24.3,27.6,,17.3,80,81,79,,70
2017-07-28 21:00,2017,64,63,0.00,,0.26,,10.0,4.9,,,22.6,24.1,27.6,,17.3,78,79,79,,70
2017-07-28 22:00,2017,64,63,0.00,,0.06,,7.7,3.7,,,22.1,23.9,27.6,,17.0,76,78,78,,70
2017-07-28 23:00,2017,64,63,0.00,,0.01,,9.7,6.4,,,22.2,24.0,27.7,,17.0,75,77,78,,70
2017-07-29 00:00,2017,65,63,0.00,,0.00,,10.0,6.8,,,22.5,24.1,27.3,,17.0,74,76,78,,70
2017-07-29 01:00,2017,65,62,0.00,,0.00,,10.6,5.7,,,22.2,23.5,27.2,,17.0,73,75,77,,70
2017-07-29 02:00,2017,62,62,0.00,,0.00,,6.4,4.1,,,21.9,23.5,27.3,,17.0,73,75,77,,70
2017-07-29 03:00,2017,63,62,0.00,,0.00,,6.9,4.5,,,22.0,23.6,27.5,,17.3,72,74,77,,70
2017-07-29 04:00,2017,62,61,0.00,,2.28,,7.0,3.9,,,22.3,23.8,27.6,,17.3,71,73,76,,70
2017-07-29 05:00,2017,62,61,0.00,,32.81,,8.7,5.1,,,22.0,23.4,27.0,,17.0,71,73,76,,70
2017-07-29 06:00,2017,65,62,0.00,,102.80,,5.6,3.1,,,22.2,23.4,27.4,,17.0,70,72,76,,70
2017-07-29 07:00,2017,67,65,0.00,,137.50,,8.3,4.6,,,21.7,23.5,27.1,,17.3,71,72,75,,70
2017-07-29 08:00,2017,70,67,0.00,,204.10,,4.6,2.5,,,22.0,23.5,27.3,,17.3,71,72,75,,70
2017-07-29 09:00,2017,71,70,0.00,,273.20,,5.9,2.7,,,22.0,23.5,26.8,,17.0,72,73,75,,70
2017-07-29 10:00,2017,74,71,0.00,,413.80,,8.0,2.5,,,21.8,23.2,27.0,,17.0,73,73,74,,70
2017-07-29 11:00,2017,77,73,0.00,,454.60,,6.8,2.5,,,21.9,23.4,27.0,,17.3,75,74,74,,70
2017-07-29 12:00,2017,78,76,0.00,,399.80,,9.4,5.0,,,22.0,23.2,27.2,,17.0,77,75,74,,70
2017-07-29 13:00,2017,80,78,0.00,,568.40,,11.3,6.2,,,21.8,23.3,26.4,,17.3,79,76,75,,70
2017-07-29 14:00,2017,80,74,0.00,,517.80,,21.5,5.3,,,21.8,23.7,27.1,,17.0,80,78,75,,70
2017-07-29 15:00,2017,74,70,0.00,,337.00,,27.5,19.7,,,22.5,23.5,27.1,,17.0,82,79,75,,70
2017-07-29 16:00,2017,74,72,0.00,,391.50,,27.4,19.5,,,22.1,23.5,27.1,,17.3,82,80,76,,70
2017-07-29 17:00,2017,73,71,0.00,,162.10,,21.2,13.5,,,22.2,23.6,26.9,,17.0,80,80,76,,71
2017-07-29 18:00,2017,71,69,0.00,,22.40,,11.1,6.1,,,22.1,23.6,27.3,,17.3,79,79,76,,71
2017-07-29 19:00,2017,69,67,0.00,,0.75,,5.7,2.7,,,21.8,23.5,27.2,,17.3,77,78,76,,70
2017-07-29 20:00,2017,67,65,0.00,,0.15,,3.4,1.8,,,21.7,23.7,27.2,,17.0,76,77,76,,70
2017-07-29 21:00,2017,65,65,0.00,,0.09,,4.6,2.4,,,21.2,23.1,26.9,,17.1,75,76,76,,70
2017-07-29 22:00,2017,65,62,0.00,,0.02,,3.5,1.4,,,21.6,23.0,26.9,,17.1,74,75,76,,70
2017-07-29 23:00,2017,62,61,0.00,,0.00,,5.1,3.2,,,21.3,23.1,27.1,,17.3,73,75,76,,71
2017-07-30 00:00,2017,61,61,0.00,,0.00,,4.2,2.3,,,21.0,22.9,27.1,,17.3,72,74,76,,71
2017-07-30 01:00,2017,61,57,0.00,,0.00,,4.6,2.3,,,21.3,22.8,26.9,,17.0,72,73,76,,71
2017-07-30 02:00,2017,57,55,0.00,,0.00,,5.9,3.7,,,20.9,23.1,26.9,,17.1,71,73,75,,71
2017-07-30 03:00,2017,56,55,0.00,,0.00,,7.5,4.7,,,21.2,22.9,27.1,,17.3,70,72,75,,71
2017-07-30 04:00,2017,57,56,0.00,,0.97,,5.8,3.1,,,20.8,22.8,26.8,,17.1,69,71,75,,71
2017-07-30 05:00,2017,63,55,0.00,,61.56,,5.5,3.1,,,21.1,23.1,27.0,,17.6,69,71,74,,71
2017-07-30 06:00,2017,71,63,0.00,,177.20,,6.7,3.3,,,20.6,22.7,26.6,,17.3,68,70,74,,70
2017-07-30 07:00,2017,76,71,0.00,,419.60,,4.3,1.8,,,20.6,22.7,26.8,,17.3,69,70,74,,71
2017-07-30 08:00,2017,78,75,0.00,,539.90,,5.6,2.3,,,20.9,22.7,26.5,,17.0,70,71,73,,71
2017-07-30 09:00,2017,79,77,0.00,,405.10,,9.0,3.4,,,20.8,22.8,26.7,,17.1,73,72,73,,71
2017-07-30 10:00,2017,80,78,0.00,,384.40,,7.2,3.8,,,20.6,22.9,26.7,,17.1,76,74,73,,71
2017-07-30 11:00,2017,83,80,0.00,,756.00,,11.6,4.6,,,20.9,22.8,26.7,,17.3,78,75,73,,71
2017-07-30 12:00,2017,83,65,0.06,,97.60,,17.7,5.1,,,21.0,22.9,26.7,,17.3,80,77,73,,71
2017-07-30 13:00,2017,66,63,0.12,,58.72,,13.9,7.7,,,21.5,22.7,26.5,,17.3,82,78,74,,71
2017-07-30 14:00,2017,73,64,0.01,,492.90,,17.1,10.9,,,20.9,23.3,26.8,,17.3,77,78,74,,71
2017-07-30 15:00,2017,76,72,0.00,,558.80,,13.9,8.9,,,20.8,22.7,26.8,,17.3,77,76,75,,71
2017-07-30 16:00,2017,78,76,0.00,,465.50,,9.5,4.3,,,21.1,22.7,26.8,,17.0,79,77,75,,71
2017-07-30 17:00,2017,78,75,0.00,,154.50,,4.0,2.1,,,20.8,22.8,26.8,,17.3,78,78,75,,71
2017-07-30 18:00,2017,76,71,0.00,,70.40,,4.9,2.6,,,20.8,22.7,26.7,,17.0,76,77,75,,71
2017-07-30 19:00,2017,71,66,0.00,,1.46,,2.8,1.4,,,20.6,22.8,26.7,,17.1,75,76,75,,71
2017-07-30 20:00,2017,66,63,0.00,,0.10,,3.7,1.7,,,20.6,22.4,26.7,,17.3,73,75,75,,70
2017-07-30 21:00,2017,63,57,0.00,,0.05,,5.1,1.9,,,20.5,22.6,26.8,,17.3,71,74,75,,71
2017-07-30 22:00,2017,58,57,0.00,,0.00,,4.9,2.9,,,20.2,22.2,26.4,,17.1,70,72,75,,70
2017-07-30 23:00,2017,58,56,0.00,,0.00,,6.1,1.5,,,20.1,22.2,26.5,,17.1,69,72,74,,70
2017-07-31 00:00,2017,58,56,0.00,,0.00,,6.0,2.2,,,19.8,22.3,26.1,,17.0,68,71,74,,70
2017-07-31 01:00,2017,58,57,0.00,,0.00,,7.1,4.4,,,19.6,22.4,26.5,,17.3,67,70,74,,70
2017-07-31 02:00,2017,58,56,0.00,,0.00,,8.8,3.7,,,19.8,22.2,26.5,,17.6,66,69,73,,70
2017-07-31 03:00,2017,60,57,0.00,,0.00,,7.7,3.0,,,20.0,22.1,26.3,,17.0,66,69,73,,70
2017-07-31 04:00,2017,59,56,0.00,,1.02,,9.3,4.9,,,19.5,21.9,26.5,,17.0,66,68,73,,71
2017-07-31 05:00,2017,62,56,0.00,,78.19,,6.3,3.0,,,19.5,22.1,26.3,,17.6,66,68,72,,70
2017-07-31 06:00,2017,71,62,0.00,,225.20,,9.0,5.8,,,19.8,21.9,26.3,,17.0,65,68,72,,70
2017-07-31 07:00,2017,79,71,0.00,,385.90,,13.6,8.3,,,19.5,21.9,26.0,,17.0,66,67,72,,70
2017-07-31 08:00,2017,81,79,0.00,,588.40,,16.5,10.9,,,19.8,22.1,26.2,,17.0,67,68,72,,70
2017-07-31 09:00,2017,82,80,0.00,,701.00,,19.5,11.8,,,19.7,21.9,25.7,,17.0,71,69,71,,70
2017-07-31 10:00,2017,83,81,0.00,,793.00,,19.8,12.0,,,20.1,22.2,25.9,,17.3,75,72,71,,70
2017-07-31 11:00,2017,84,82,0.00,,841.00,,20.4,10.9,,,20.2,22.6,25.9,,17.3,79,74,72,,70
2017-07-31 12:00,2017,85,83,0.00,,797.00,,20.7,12.0,,,20.4,22.8,25.8,,17.3,83,77,72,,70
2017-07-31 13:00,2017,85,84,0.00,,842.00,,19.4,10.8,,,20.5,22.5,26.2,,17.3,87,80,72,,70
2017-07-31 14:00,2017,87,84,0.00,,715.00,,18.8,9.2,,,20.6,22.6,26.3,,17.3,90,82,73,,70
2017-07-31 15:00,2017,86,82,0.00,,540.00,,18.4,11.0,,,20.9,22.8,25.9,,17.0,92,84,74,,70
2017-07-31 16:00,2017,85,84,0.00,,426.70,,20.9,10.8,,,20.9,23.3,26.2,,17.3,90,85,75,,70
2017-07-31 17:00,2017,84,82,0.00,,263.80,,16.7,11.3,,,20.8,22.9,26.5,,17.3,86,85,76,,70
2017-07-31 18:00,2017,82,76,0.00,,90.00,,14.4,8.1,,,20.5,22.4,25.9,,17.3,82,83,76,,70
2017-07-31 19:00,2017,76,66,0.00,,2.28,,8.2,4.7,,,20.1,22.4,26.4,,17.0,80,81,77,,70
2017-07-31 20:00,2017,67,61,0.00,,0.01,,5.8,3.4,,,20.3,22.3,26.4,,17.0,78,79,77,,70
2017-07-31 21:00,2017,61,60,0.00,,0.08,,6.5,5.1,,,19.7,22.3,26.4,,17.3,76,78,77,,70
2017-07-31 22:00,2017,61,58,0.00,,0.02,,6.6,4.8,,,19.6,21.8,26.3,,17.3,74,76,76,,70
2017-07-31 23:00,2017,58,57,0.00,,0.00,,6.4,5.3,,,19.6,22.0,26.5,,17.3,73,75,76,,70
