Date,Station Id,Air Temperature Maximum (degF),Air Temperature Minimum (degF),Precipitation Increment (in),Relative Humidity (pct),Solar Radiation Average (watt/m2),Solar Radiation/langley Total (langley),Wind Speed Maximum (mph),Wind Speed Average (mph),Vapor Pressure - Partial (inch_Hg),Vapor Pressure - Saturated (inch_Hg),Soil Moisture Percent -2in (pct),Soil Moisture Percent -4in (pct),Soil Moisture Percent -8in (pct),Soil Moisture Percent -20in (pct),Soil Moisture Percent -40in (pct),Soil Temperature Observed -2in (degF),Soil Temperature Observed -4in (degF),Soil Temperature Observed -8in (degF),Soil Temperature Observed -20in (degF),Soil Temperature Observed -40in (degF)
2017-07-01 00:00,15,72,71,0.00,94,0.00,,3.0,0.5,0.72,0.78,37.6,45.7,51.8,26.3,43.5,71,72,72,70,72
2017-07-01 01:00,15,72,71,0.00,93,0.00,,0.9,0.1,0.72,0.78,37.6,45.6,51.7,26.2,44.1,71,72,72,70,72
2017-07-01 02:00,15,72,71,0.00,90,0.00,,1.8,0.1,0.69,0.77,37.5,45.5,51.7,26.2,43.9,71,72,72,70,72
2017-07-01 03:00,15,72,71,0.00,86,0.00,,3.2,0.8,0.66,0.77,37.2,45.5,51.7,26.1,44.1,71,72,72,70,72
2017-07-01 04:00,15,72,71,0.00,74,0.00,,3.2,0.8,0.58,0.77,37.3,45.5,51.6,26.0,44.0,71,72,72,70,72
2017-07-01 05:00,15,72,71,0.00,67,0.20,,4.8,1.2,0.56,0.78,37.1,45.4,51.4,25.9,44.2,71,72,72,70,72
2017-07-01 06:00,15,71,71,0.00,77,12.52,,4.0,1.1,0.64,0.77,37.1,45.3,51.5,25.9,44.2,71,72,72,70,72
2017-07-01 07:00,15,71,71,0.00,86,21.42,,3.6,0.8,0.66,0.77,37.0,45.3,51.2,25.8,44.1,71,72,72,70,72
2017-07-01 08:00,15,74,71,0.00,84,36.88,,3.3,0.6,0.62,0.80,36.8,45.3,51.4,25.8,44.1,71,71,72,70,72
2017-07-01 09:00,15,76,74,0.00,74,64.89,,3.2,1.0,0.63,0.86,36.5,45.2,51.3,25.6,44.2,71,71,72,70,72
2017-07-01 10:00,15,79,76,0.00,72,117.30,,4.2,0.8,0.65,0.94,36.4,45.1,51.3,25.6,44.1,71,71,72,70,72
2017-07-01 11:00,15,83,79,0.00,67,789.20,,3.3,0.5,0.73,1.05,36.2,45.0,51.3,25.5,43.9,71,71,72,70,72
2017-07-01 12:00,15,83,78,0.00,66,307.10,,3.6,1.0,0.76,1.02,36.0,45.0,51.1,25.4,44.1,71,71,72,70,72
2017-07-01 13:00,15,81,78,0.00,83,525.20,,4.5,2.3,0.82,1.02,36.0,44.9,51.2,25.5,44.1,71,71,71,70,72
2017-07-01 14:00,15,80,79,0.00,81,381.20,,4.0,0.9,0.84,1.02,35.7,44.9,51.0,25.3,44.1,71,71,71,70,72
2017-07-01 15:00,15,80,72,0.18,83,136.70,,2.0,0.2,0.86,0.98,35.9,44.8,51.2,25.4,43.8,71,71,71,70,72
2017-07-01 16:00,15,72,70,0.27,100,85.40,,2.7,0.5,0.76,0.76,35.8,44.8,51.0,25.3,43.8,71,71,71,70,72
2017-07-01 17:00,15,72,71,0.09,100,88.10,,1.9,0.3,0.79,0.79,36.5,45.3,50.9,25.3,43.8,71,72,71,70,72
2017-07-01 18:00,15,71,71,0.01,100,30.82,,1.8,0.2,0.77,0.77,39.6,48.0,51.0,25.1,43.8,71,72,71,70,72
2017-07-01 19:00,15,71,71,0.00,100,0.73,,3.2,1.2,0.76,0.76,39.5,47.8,51.7,25.3,43.7,71,72,71,70,72
2017-07-01 20:00,15,71,70,0.00,100,0.00,,2.5,0.4,0.75,0.75,39.1,47.4,52.0,25.4,43.8,72,72,71,70,72
2017-07-01 21:00,15,70,69,0.00,100,0.00,,2.0,0.4,0.73,0.73,38.8,47.1,52.0,25.6,43.9,72,72,72,70,72
2017-07-01 22:00,15,69,68,0.00,100,0.00,,2.4,0.5,0.70,0.70,38.6,46.8,52.3,25.6,43.7,71,72,72,70,72
2017-07-01 23:00,15,69,68,0.00,99,0.00,,5.7,1.0,0.68,0.70,38.5,46.6,52.1,25.7,43.8,71,72,72,70,72
2017-07-02 00:00,15,69,68,0.00,90,0.00,,3.5,0.8,0.63,0.71,38.3,46.4,52.1,25.8,43.7,71,72,72,70,72
2017-07-02 01:00,15,70,69,0.00,87,0.00,,5.0,0.4,0.63,0.73,38.2,46.3,52.0,25.8,43.7,71,72,72,70,72
2017-07-02 02:00,15,71,70,0.00,85,0.00,,3.6,0.4,0.62,0.74,38.0,46.2,52.0,25.6,43.8,71,72,72,70,72
2017-07-02 03:00,15,71,69,0.00,84,0.00,,3.3,0.7,0.63,0.74,37.9,46.1,51.9,25.7,43.8,71,72,72,70,72
2017-07-02 04:00,15,70,69,0.00,88,0.00,,3.3,0.8,0.64,0.73,37.8,46.0,51.9,25.7,43.7,71,72,72,70,72
2017-07-02 05:00,15,70,69,0.00,88,0.16,,3.7,0.4,0.63,0.73,37.7,45.9,51.7,25.6,43.9,71,72,72,70,72
2017-07-02 06:00,15,71,69,0.00,86,7.17,,2.2,0.4,0.64,0.74,37.5,45.8,51.5,25.6,44.0,71,72,72,70,72
2017-07-02 07:00,15,71,70,0.00,85,15.23,,2.0,0.2,0.66,0.76,37.4,45.7,51.5,25.5,44.0,71,72,72,70,72
2017-07-02 08:00,15,73,71,0.00,89,27.21,,2.2,0.2,0.70,0.79,37.4,45.6,51.3,25.5,44.0,71,71,72,70,72
2017-07-02 09:00,15,75,72,0.00,89,118.20,,2.1,0.5,0.74,0.83,37.2,45.5,51.5,25.5,43.9,71,71,72,70,72
2017-07-02 10:00,15,76,75,0.00,87,204.40,,2.1,0.6,0.78,0.89,37.2,45.5,51.6,25.5,43.7,71,71,72,70,72
2017-07-02 11:00,15,76,76,0.00,84,173.60,,2.3,0.5,0.77,0.91,36.9,45.4,51.3,25.5,43.9,71,71,72,70,72
2017-07-02 12:00,15,78,76,0.00,87,261.20,,3.2,0.5,0.80,0.93,36.9,45.3,51.3,25.4,43.9,71,71,72,70,72
2017-07-02 13:00,15,78,76,0.00,84,178.60,,5.4,1.7,0.79,0.94,36.9,45.2,51.2,25.3,43.8,71,71,72,70,72
2017-07-02 14:00,15,78,76,0.00,85,204.70,,5.2,1.8,0.78,0.94,36.6,45.2,51.4,25.3,43.7,71,71,72,70,72
2017-07-02 15:00,15,76,71,0.00,83,58.42,,6.7,1.6,0.78,0.83,36.6,45.2,51.2,25.2,43.8,71,71,71,70,72
2017-07-02 16:00,15,74,71,0.00,96,68.48,,2.5,1.2,0.76,0.78,36.5,45.1,51.1,25.2,43.7,71,71,71,70,72
2017-07-02 17:00,15,75,71,0.13,92,67.86,,3.1,0.5,0.78,0.83,36.5,45.0,51.0,25.1,43.7,71,71,71,70,72
2017-07-02 18:00,15,71,71,0.01,100,19.28,,3.5,2.4,0.75,0.75,36.4,45.0,51.0,25.0,43.8,71,71,71,70,72
2017-07-02 19:00,15,71,71,0.00,100,0.68,,2.9,1.1,0.76,0.76,36.9,45.7,50.9,25.0,43.7,71,71,71,70,72
2017-07-02 20:00,15,71,70,0.00,100,0.00,,2.7,0.4,0.75,0.75,37.7,46.0,50.9,25.1,43.8,71,71,71,70,72
2017-07-02 21:00,15,70,69,0.00,100,0.00,,2.7,0.8,0.73,0.73,37.8,46.0,51.1,25.0,43.7,71,71,71,70,72
2017-07-02 22:00,15,70,70,0.00,100,0.00,,2.4,0.4,0.74,0.74,37.8,46.0,51.1,25.0,43.7,71,72,71,70,72
2017-07-02 23:00,15,70,70,0.00,100,0.00,,2.8,0.4,0.72,0.74,38.0,45.9,51.1,25.1,43.5,71,72,72,70,72
2017-07-03 00:00,15,70,70,0.00,96,0.00,,3.3,0.3,0.71,0.74,37.8,45.9,51.1,25.1,43.6,71,72,72,70,72
2017-07-03 01:00,15,70,69,0.00,96,0.00,,4.1,0.5,0.70,0.74,37.8,45.8,51.3,25.1,43.5,71,71,72,70,72
2017-07-03 02:00,15,70,70,0.00,92,0.00,,3.6,0.8,0.69,0.74,37.6,45.7,51.2,25.1,43.6,71,71,72,70,72
2017-07-03 03:00,15,70,70,0.00,92,0.00,,1.8,0.3,0.69,0.74,37.7,45.7,51.2,25.1,43.5,71,71,72,70,72
2017-07-03 04:00,15,70,69,0.00,94,0.00,,3.9,0.5,0.68,0.72,37.6,45.6,51.3,25.0,43.4,71,71,72,70,72
2017-07-03 05:00,15,70,70,0.00,88,0.20,,2.6,0.6,0.63,0.74,37.3,45.5,51.0,25.0,43.5,71,71,72,70,72
2017-07-03 06:00,15,71,70,0.00,82,4.70,,3.2,0.4,0.61,0.74,37.6,45.6,50.9,25.1,43.4,71,71,72,70,72
2017-07-03 07:00,15,72,71,0.00,84,31.70,,2.8,0.4,0.64,0.76,37.4,45.5,51.2,25.0,43.2,71,71,72,70,72
2017-07-03 08:00,15,73,72,0.00,87,31.55,,2.8,0.4,0.69,0.81,37.2,45.4,51.0,24.9,43.4,71,71,71,70,72
2017-07-03 09:00,15,75,73,0.00,89,113.40,,2.4,0.6,0.76,0.85,37.1,45.4,51.0,25.0,43.2,71,71,71,70,72
2017-07-03 10:00,15,77,75,0.00,88,235.60,,2.1,0.3,0.80,0.91,36.9,45.3,50.9,24.9,43.2,71,71,71,70,72
2017-07-03 11:00,15,78,76,0.00,88,272.00,,2.3,0.3,0.82,0.95,37.0,45.3,51.1,24.9,43.4,71,71,71,70,72
2017-07-03 12:00,15,76,75,0.00,91,121.70,,1.2,0.1,0.83,0.91,36.9,45.2,51.1,24.9,43.1,71,71,71,70,72
2017-07-03 13:00,15,79,75,0.00,94,458.70,,6.0,2.9,0.82,0.93,36.9,45.2,50.8,24.8,43.2,71,71,71,70,72
2017-07-03 14:00,15,81,73,0.00,84,249.40,,3.5,0.7,0.85,0.95,36.7,45.1,51.0,24.9,43.0,71,71,71,70,72
2017-07-03 15:00,15,74,72,0.00,100,58.33,,2.1,0.7,0.82,0.82,36.5,45.0,50.9,24.8,43.3,71,71,71,70,72
2017-07-03 16:00,15,74,73,0.00,100,77.18,,2.3,0.6,0.82,0.82,36.7,45.0,50.7,24.8,43.1,71,71,71,70,72
2017-07-03 17:00,15,74,73,0.00,100,41.12,,1.8,0.4,0.83,0.83,36.6,44.9,50.8,24.8,43.1,71,71,71,70,72
2017-07-03 18:00,15,73,73,0.00,100,15.59,,3.1,1.0,0.82,0.82,36.5,44.9,50.8,24.8,43.1,71,71,71,70,72
2017-07-03 19:00,15,73,72,0.00,100,0.47,,1.6,0.1,0.80,0.80,36.7,44.9,50.7,24.7,43.1,71,71,71,70,72
2017-07-03 20:00,15,72,71,0.00,100,0.00,,2.4,0.9,0.79,0.79,36.5,44.8,50.8,24.7,43.1,71,71,71,70,72
2017-07-03 21:00,15,71,71,0.00,100,0.00,,3.6,2.4,0.77,0.77,36.6,44.8,50.8,24.6,42.9,71,71,71,70,72
2017-07-03 22:00,15,71,70,0.00,100,0.00,,2.6,0.9,0.76,0.76,36.6,44.8,50.5,24.7,43.0,71,72,71,70,72
2017-07-03 23:00,15,71,70,0.00,100,0.00,,2.8,0.7,0.74,0.76,36.5,44.7,50.6,24.7,43.2,71,72,71,70,72
2017-07-04 00:00,15,71,71,0.00,95,0.00,,3.5,1.1,0.70,0.76,36.5,44.7,50.8,24.6,43.0,71,72,71,70,72
2017-07-04 01:00,15,72,71,0.00,85,0.00,,2.3,0.6,0.64,0.79,36.4,44.6,50.7,24.7,43.0,71,72,71,70,72
2017-07-04 02:00,15,72,71,0.00,78,0.00,,3.2,0.9,0.62,0.80,36.3,44.7,50.6,24.5,43.1,71,72,71,70,72
2017-07-04 03:00,15,71,70,0.00,81,0.00,,3.3,0.7,0.64,0.77,36.3,44.7,50.5,24.5,42.9,71,72,71,70,72
2017-07-04 04:00,15,71,70,0.00,79,0.00,,4.0,2.4,0.63,0.74,36.2,44.5,50.6,24.5,42.9,71,72,71,70,72
2017-07-04 05:00,15,70,68,0.00,99,0.09,,3.2,1.6,0.66,0.72,36.2,44.6,50.5,24.5,42.9,71,72,72,70,72
2017-07-04 06:00,15,71,69,0.00,80,9.13,,2.8,0.7,0.58,0.75,36.2,44.5,50.3,24.5,42.9,71,71,72,70,72
2017-07-04 07:00,15,71,71,0.00,80,24.91,,4.2,0.7,0.64,0.77,36.0,44.6,50.3,24.5,43.0,71,71,72,70,72
2017-07-04 08:00,15,74,71,0.00,84,39.96,,3.0,0.7,0.68,0.80,35.9,44.4,50.2,24.5,42.7,71,71,72,70,72
2017-07-04 09:00,15,75,74,0.00,87,72.69,,2.5,0.7,0.75,0.86,35.7,44.4,50.3,24.4,42.8,71,71,71,70,72
2017-07-04 10:00,15,77,75,0.00,88,168.30,,2.0,0.3,0.78,0.88,35.7,44.4,50.4,24.4,42.9,71,71,71,70,72
2017-07-04 11:00,15,80,77,0.00,89,491.70,,3.5,0.9,0.83,0.96,35.4,44.3,50.2,24.4,42.7,71,71,71,70,72
2017-07-04 12:00,15,83,79,0.00,83,435.50,,2.9,0.4,0.87,1.07,35.4,44.4,50.1,24.3,42.7,71,71,71,70,72
2017-07-04 13:00,15,79,72,0.32,86,56.37,,3.8,1.4,0.84,0.89,35.3,44.4,50.4,24.3,42.7,71,71,71,70,72
2017-07-04 14:00,15,72,72,0.06,100,16.02,,2.5,0.7,0.80,0.80,35.3,46.2,50.3,24.2,42.6,71,71,71,70,72
2017-07-04 15:00,15,72,71,0.32,100,21.64,,2.4,0.8,0.78,0.78,38.9,48.0,50.3,24.3,42.6,71,71,71,70,72
2017-07-04 16:00,15,73,72,0.00,100,82.60,,2.2,1.2,0.79,0.79,40.8,49.5,51.2,24.3,42.5,71,71,71,70,72
2017-07-04 17:00,15,75,73,0.00,100,125.20,,2.5,0.9,0.84,0.84,39.9,48.2,52.7,24.7,42.6,71,71,71,70,72
2017-07-04 18:00,15,74,72,0.00,100,20.62,,6.0,0.9,0.84,0.84,39.4,47.6,53.0,25.2,42.5,71,71,71,70,72
2017-07-04 19:00,15,72,71,0.00,100,1.02,,3.2,0.8,0.77,0.77,39.0,47.1,52.7,25.5,42.5,71,72,71,70,72
2017-07-04 20:00,15,71,71,0.01,100,0.00,,3.0,0.9,0.77,0.77,38.7,46.8,52.5,25.6,42.3,71,72,71,70,72
2017-07-04 21:00,15,71,71,0.00,100,0.00,,5.5,1.7,0.77,0.77,38.6,46.6,52.5,25.6,42.5,71,72,71,70,72
2017-07-04 22:00,15,71,71,0.00,99,0.00,,5.0,1.9,0.76,0.77,38.3,46.4,52.4,25.8,42.4,71,72,71,70,72
2017-07-04 23:00,15,72,71,0.00,96,0.00,,5.3,2.2,0.74,0.78,38.1,46.3,52.2,25.8,42.5,71,72,71,70,72
2017-07-05 00:00,15,72,72,0.00,90,0.00,,4.4,1.6,0.73,0.80,38.0,46.2,52.2,25.7,42.7,71,72,71,70,72
2017-07-05 01:00,15,72,71,0.00,95,0.00,,5.9,1.9,0.74,0.79,38.0,46.1,52.1,25.6,42.9,71,72,72,70,72
2017-07-05 02:00,15,72,71,0.00,97,0.00,,3.7,0.8,0.75,0.78,38.0,46.0,52.0,25.7,42.9,71,72,72,70,72
2017-07-05 03:00,15,71,71,0.00,98,0.00,,3.6,1.3,0.76,0.77,37.8,45.9,51.8,25.6,43.2,71,72,72,70,72
2017-07-05 04:00,15,71,71,0.00,100,0.00,,5.1,1.0,0.76,0.77,37.8,45.8,51.8,25.6,43.2,71,72,72,70,72
2017-07-05 05:00,15,71,71,0.00,99,0.00,,3.5,0.8,0.75,0.76,37.5,45.7,51.7,25.5,43.2,71,72,72,70,72
2017-07-05 06:00,15,72,71,0.00,96,16.92,,5.0,1.2,0.75,0.77,37.6,45.7,51.6,25.5,43.3,71,72,72,70,72
2017-07-05 07:00,15,72,72,0.00,96,63.42,,7.2,2.7,0.75,0.79,37.3,45.5,51.6,25.5,43.3,71,72,72,70,72
2017-07-05 08:00,15,73,72,0.00,98,94.10,,6.8,3.0,0.75,0.79,37.3,45.5,51.6,25.4,43.4,71,72,72,70,72
2017-07-05 09:00,15,73,73,0.00,94,150.90,,6.5,3.3,0.76,0.82,37.3,45.5,51.7,25.4,43.3,71,71,72,70,72
2017-07-05 10:00,15,73,72,0.00,94,207.50,,8.2,3.5,0.76,0.81,37.0,45.4,51.5,25.3,43.5,71,71,72,70,72
2017-07-05 11:00,15,75,73,0.00,92,254.00,,5.7,1.8,0.75,0.83,37.2,45.3,51.3,25.3,43.3,71,71,72,70,72
2017-07-05 12:00,15,75,75,0.00,91,296.70,,6.2,1.5,0.79,0.88,37.0,45.3,51.5,25.3,43.4,71,71,72,70,72
2017-07-05 13:00,15,76,75,0.00,90,250.00,,5.7,1.0,0.79,0.88,36.8,45.3,51.4,25.3,43.4,71,71,72,70,72
2017-07-05 14:00,15,82,76,0.00,91,669.10,,4.4,1.3,0.86,1.02,36.7,45.3,51.4,25.3,43.3,71,71,72,70,72
2017-07-05 15:00,15,80,78,0.00,78,386.20,,3.5,1.1,0.84,1.02,36.5,45.2,51.2,25.2,43.3,71,72,72,70,72
2017-07-05 16:00,15,78,77,0.00,88,172.90,,3.6,0.6,0.84,0.94,36.4,45.1,51.1,25.1,43.3,71,72,72,70,72
2017-07-05 17:00,15,77,75,0.00,89,88.10,,1.6,0.5,0.86,0.93,36.4,45.0,51.2,25.1,43.3,71,72,72,70,72
2017-07-05 18:00,15,75,74,0.00,99,26.27,,1.4,0.2,0.86,0.86,36.3,45.1,51.1,25.0,43.5,72,72,72,70,72
2017-07-05 19:00,15,74,73,0.00,100,0.51,,1.2,0.3,0.82,0.82,36.4,45.0,51.0,25.1,43.3,72,72,72,70,72
2017-07-05 20:00,15,73,72,0.00,100,0.00,,2.1,0.9,0.80,0.80,36.5,44.9,51.0,25.0,43.4,72,72,72,70,72
2017-07-05 21:00,15,72,71,0.00,100,0.00,,1.8,0.8,0.79,0.79,36.4,44.9,50.9,24.9,43.5,72,72,72,70,72
2017-07-05 22:00,15,71,71,0.00,100,0.00,,2.3,0.3,0.76,0.76,36.5,44.8,50.8,25.0,43.4,72,72,72,70,72
2017-07-05 23:00,15,71,71,0.00,97,0.00,,2.9,0.8,0.72,0.76,36.3,44.9,51.0,25.0,43.2,72,72,72,70,72
2017-07-06 00:00,15,71,71,0.00,89,0.00,,4.1,1.3,0.66,0.76,36.3,44.7,50.9,24.9,43.3,72,72,72,70,72
2017-07-06 01:00,15,71,70,0.00,87,0.00,,3.6,1.2,0.65,0.76,36.3,44.7,50.8,24.8,43.2,72,72,72,70,72
2017-07-06 02:00,15,71,70,0.00,90,0.00,,3.5,1.2,0.65,0.74,36.3,44.7,50.7,24.9,43.4,72,72,72,70,72
2017-07-06 03:00,15,71,70,0.00,86,0.00,,2.7,1.1,0.63,0.76,36.4,44.7,50.6,24.8,43.3,71,72,72,70,72
2017-07-06 04:00,15,71,71,0.00,82,0.00,,2.8,0.5,0.62,0.76,36.2,44.6,50.7,24.8,43.1,71,72,72,70,72
2017-07-06 05:00,15,71,70,0.00,83,0.06,,2.7,0.4,0.57,0.75,36.3,44.7,50.7,24.8,43.2,71,72,72,70,72
2017-07-06 06:00,15,71,70,0.00,78,8.68,,3.7,0.6,0.61,0.75,36.1,44.7,50.5,24.7,43.2,71,72,72,70,72
2017-07-06 07:00,15,71,71,0.00,85,19.26,,2.9,0.2,0.66,0.77,35.9,44.6,50.7,24.7,43.1,71,72,72,70,72
2017-07-06 08:00,15,72,71,0.00,89,32.16,,1.7,0.3,0.69,0.78,35.9,44.6,50.6,24.7,43.1,71,72,72,70,72
2017-07-06 09:00,15,74,72,0.00,88,89.70,,1.1,0.1,0.72,0.82,35.9,44.5,50.6,24.7,42.9,71,72,72,70,72
2017-07-06 10:00,15,76,74,0.00,87,187.10,,1.5,0.1,0.76,0.87,35.7,44.5,50.5,24.7,43.1,71,72,72,70,72
2017-07-06 11:00,15,79,76,0.00,86,304.80,,2.2,0.2,0.79,0.93,35.4,44.4,50.5,24.6,43.0,71,71,72,70,72
2017-07-06 12:00,15,80,76,0.00,80,313.90,,3.6,1.4,0.81,0.94,35.5,44.4,50.5,24.6,42.8,71,71,72,70,72
2017-07-06 13:00,15,80,75,0.00,78,229.60,,3.8,1.3,0.81,0.96,35.4,44.3,50.3,24.5,42.9,71,71,72,70,72
2017-07-06 14:00,15,78,75,0.00,91,281.20,,2.5,0.7,0.84,0.93,35.4,44.3,50.5,24.6,42.7,71,71,72,70,72
2017-07-06 15:00,15,76,71,0.65,94,29.72,,4.0,1.0,0.79,0.80,35.1,44.3,50.3,24.5,42.8,71,71,72,70,72
2017-07-06 16:00,15,71,69,0.05,100,48.85,,3.5,0.4,0.77,0.77,41.7,50.9,52.4,24.5,42.9,71,72,72,70,72
2017-07-06 17:00,15,69,68,0.04,100,23.66,,2.0,0.3,0.71,0.71,40.4,48.4,53.2,26.1,42.9,71,72,72,70,72
2017-07-06 18:00,15,70,69,0.00,100,22.90,,4.0,0.9,0.73,0.73,40.1,48.2,53.1,27.0,42.9,71,72,72,70,72
2017-07-06 19:00,15,70,70,0.00,100,1.34,,5.4,3.6,0.74,0.74,39.7,47.6,53.1,27.2,42.8,71,72,72,70,72
2017-07-06 20:00,15,70,69,0.00,100,0.00,,7.3,4.7,0.73,0.73,39.1,47.3,53.0,27.1,42.8,71,72,72,70,72
2017-07-06 21:00,15,69,69,0.00,100,0.00,,8.4,5.4,0.72,0.72,39.0,47.0,52.8,27.0,42.8,71,72,72,70,72
2017-07-06 22:00,15,69,69,0.00,100,0.00,,8.9,5.4,0.71,0.71,38.8,46.7,52.7,27.0,43.0,71,72,72,70,72
2017-07-06 23:00,15,69,69,0.00,100,0.00,,7.4,4.5,0.71,0.71,38.5,46.5,52.5,26.8,43.1,71,72,72,70,72
2017-07-07 00:00,15,69,69,0.00,100,0.00,,7.3,4.3,0.71,0.71,38.5,46.4,52.4,26.8,43.2,71,72,72,70,72
2017-07-07 01:00,15,69,68,0.00,100,0.00,,6.9,3.3,0.71,0.71,38.2,46.3,52.3,26.7,43.5,71,72,72,70,72
2017-07-07 02:00,15,69,68,0.00,100,0.00,,5.0,1.9,0.70,0.70,38.2,46.1,52.2,26.5,43.5,71,72,72,70,72
2017-07-07 03:00,15,69,68,0.00,100,0.00,,4.6,1.2,0.69,0.69,38.2,46.1,52.1,26.4,43.6,71,72,72,70,72
2017-07-07 04:00,15,69,68,0.00,99,0.00,,5.3,1.3,0.70,0.70,38.2,46.0,51.9,26.4,43.9,71,72,72,70,72
2017-07-07 05:00,15,69,68,0.00,99,0.11,,4.7,1.3,0.69,0.70,38.0,45.9,51.9,26.3,44.0,71,72,72,70,72
2017-07-07 06:00,15,70,68,0.00,98,5.40,,3.6,1.1,0.68,0.71,37.8,45.9,51.9,26.2,44.0,71,72,72,71,72
2017-07-07 07:00,15,71,70,0.00,92,11.87,,2.8,0.2,0.69,0.74,37.9,45.7,51.7,26.1,44.0,71,72,72,71,72
2017-07-07 08:00,15,72,71,0.00,93,21.82,,2.1,0.2,0.72,0.77,37.6,45.7,51.6,26.1,44.2,71,71,72,70,72
2017-07-07 09:00,15,75,72,0.00,92,93.10,,3.0,0.6,0.75,0.82,37.6,45.6,51.6,26.0,44.2,71,71,72,70,72
2017-07-07 10:00,15,76,74,0.00,89,198.40,,2.1,0.4,0.79,0.87,37.3,45.5,51.4,25.9,44.1,71,71,72,70,72
2017-07-07 11:00,15,76,75,0.00,92,173.00,,3.6,1.0,0.80,0.89,37.3,45.5,51.4,25.9,44.2,71,71,72,70,72
2017-07-07 12:00,15,76,72,0.10,89,244.90,,3.6,1.6,0.83,0.87,37.2,45.5,51.3,25.8,44.0,71,71,72,70,72
2017-07-07 13:00,15,75,72,0.03,100,151.00,,3.7,0.6,0.84,0.84,37.2,45.4,51.3,25.8,44.1,71,71,72,70,72
2017-07-07 14:00,15,72,70,0.23,100,35.59,,4.1,1.2,0.77,0.77,37.9,45.8,51.5,25.6,43.9,71,71,72,70,72
2017-07-07 15:00,15,71,70,0.03,100,67.64,,3.4,1.3,0.76,0.76,38.8,46.1,51.2,25.8,44.1,71,71,72,70,72
2017-07-07 16:00,15,71,71,0.05,100,166.10,,4.3,2.1,0.76,0.76,40.3,48.8,52.2,25.8,43.9,71,71,72,70,72
2017-07-07 17:00,15,71,70,0.10,100,28.63,,4.1,1.4,0.75,0.75,39.7,48.0,52.6,26.1,44.0,71,71,72,70,72
2017-07-07 18:00,15,70,69,0.00,100,5.00,,2.9,0.6,0.73,0.73,40.4,49.0,52.8,26.4,43.9,71,71,72,70,72
2017-07-07 19:00,15,70,69,0.00,100,0.44,,2.3,0.6,0.73,0.73,40.2,48.3,53.1,26.5,44.0,71,72,72,70,72
2017-07-07 20:00,15,69,69,0.00,100,0.00,,2.7,0.9,0.72,0.72,39.6,47.9,53.1,26.9,43.9,71,72,72,70,72
2017-07-07 21:00,15,70,69,0.00,100,0.00,,1.9,0.5,0.73,0.73,39.4,47.4,52.9,27.0,44.2,71,72,72,70,72
2017-07-07 22:00,15,70,70,0.00,100,0.00,,3.3,0.5,0.74,0.74,39.1,47.1,52.9,26.9,44.1,71,72,72,70,72
2017-07-07 23:00,15,71,70,0.00,97,0.00,,2.9,0.3,0.72,0.75,39.0,46.9,52.6,26.9,44.3,71,72,72,70,72
2017-07-08 00:00,15,71,71,0.00,93,0.00,,2.5,0.3,0.72,0.76,38.8,46.7,52.6,26.8,44.3,71,72,72,70,72
2017-07-08 01:00,15,71,70,0.00,97,0.00,,3.9,0.7,0.72,0.75,38.5,46.5,52.4,26.6,44.3,71,72,72,70,72
2017-07-08 02:00,15,71,71,0.00,95,0.00,,3.9,0.9,0.71,0.76,38.2,46.3,52.4,26.6,44.6,71,72,72,70,72
2017-07-08 03:00,15,71,70,0.00,94,0.00,,4.5,1.0,0.71,0.75,38.3,46.2,52.3,26.5,44.6,71,71,72,70,72
2017-07-08 04:00,15,71,70,0.00,94,0.00,,3.7,0.8,0.70,0.75,38.1,46.1,52.1,26.4,44.8,71,71,72,70,72
2017-07-08 05:00,15,70,70,0.00,95,0.15,,3.8,0.8,0.71,0.74,38.0,46.1,52.1,26.4,44.6,71,71,72,70,72
2017-07-08 06:00,15,70,70,0.00,95,9.49,,4.3,0.6,0.71,0.74,37.9,46.0,52.0,26.3,44.8,71,71,72,70,72
2017-07-08 07:00,15,72,70,0.00,96,21.74,,5.0,1.2,0.73,0.76,37.9,45.8,51.9,26.2,44.7,71,71,72,70,72
2017-07-08 08:00,15,73,72,0.00,94,68.18,,4.7,0.7,0.75,0.79,38.0,45.9,51.9,26.1,44.8,71,71,72,70,72
2017-07-08 09:00,15,75,73,0.00,94,115.00,,3.0,0.9,0.79,0.87,37.8,45.7,51.7,26.0,44.8,71,71,72,70,72
2017-07-08 10:00,15,77,75,0.00,91,192.50,,3.7,1.2,0.80,0.90,37.5,45.6,51.7,25.9,44.8,71,71,72,70,72
2017-07-08 11:00,15,79,76,0.00,86,447.30,,3.0,0.5,0.84,0.96,37.5,45.6,51.7,25.8,44.5,71,71,72,70,72
2017-07-08 12:00,15,77,75,0.00,91,174.40,,3.7,0.8,0.85,0.91,37.2,45.6,51.6,25.9,44.6,71,71,72,70,72
2017-07-08 13:00,15,78,73,0.03,90,95.00,,3.8,1.6,0.85,0.90,37.2,45.4,51.5,25.8,44.6,71,71,71,70,72
2017-07-08 14:00,15,73,72,0.00,100,30.31,,3.8,0.8,0.80,0.80,37.1,45.4,51.6,25.7,44.5,71,71,71,70,72
2017-07-08 15:00,15,74,71,0.01,100,131.90,,2.1,0.6,0.78,0.78,37.2,45.3,51.4,25.8,44.4,71,71,71,70,72
2017-07-08 16:00,15,74,72,0.28,100,88.60,,2.7,0.4,0.82,0.82,37.2,45.3,51.3,25.6,44.5,71,71,71,70,72
2017-07-08 17:00,15,72,71,0.03,100,26.77,,1.6,0.2,0.78,0.78,37.3,46.0,51.3,25.5,44.4,71,71,71,70,72
2017-07-08 18:00,15,72,71,0.06,100,9.42,,3.1,1.5,0.77,0.77,39.9,47.9,51.4,25.5,44.3,71,72,71,70,72
2017-07-08 19:00,15,71,71,0.01,100,0.07,,4.8,2.7,0.76,0.76,40.1,48.1,52.0,25.6,44.3,71,72,72,70,72
2017-07-08 20:00,15,71,70,0.00,100,0.00,,5.1,2.9,0.74,0.74,39.7,47.8,52.3,25.8,44.2,71,72,72,70,72
2017-07-08 21:00,15,70,69,0.00,100,0.00,,5.3,2.1,0.73,0.73,39.5,47.4,52.4,25.9,44.4,71,72,72,70,72
2017-07-08 22:00,15,69,69,0.00,100,0.00,,6.0,2.0,0.71,0.71,39.1,47.3,52.5,26.1,44.1,71,72,72,70,72
2017-07-08 23:00,15,69,69,0.00,100,0.00,,5.8,3.3,0.72,0.72,39.0,47.1,52.4,26.0,44.2,71,72,72,70,72
2017-07-09 00:00,15,70,69,0.00,100,0.00,,6.3,3.4,0.72,0.72,38.8,46.8,52.4,26.0,44.3,71,72,72,70,72
2017-07-09 01:00,15,70,70,0.00,100,0.00,,7.4,3.1,0.73,0.74,38.8,46.6,52.3,26.0,44.2,71,72,72,70,72
2017-07-09 02:00,15,70,69,0.00,98,0.00,,6.3,3.8,0.73,0.73,38.5,46.4,52.3,26.0,44.2,71,72,72,70,72
2017-07-09 03:00,15,70,70,0.00,100,0.00,,5.5,3.1,0.73,0.74,38.5,46.3,52.2,26.1,44.2,71,72,72,70,72
2017-07-09 04:00,15,70,67,0.01,100,0.00,,6.7,3.4,0.74,0.74,38.3,46.3,52.0,26.0,44.3,71,72,72,70,72
2017-07-09 05:00,15,69,66,0.01,100,0.00,,4.9,3.0,0.67,0.67,38.3,46.1,51.9,25.9,44.5,71,72,72,70,72
2017-07-09 06:00,15,70,69,0.00,100,3.86,,7.5,4.0,0.73,0.73,38.5,46.1,51.7,25.9,44.3,71,72,72,70,72
2017-07-09 07:00,15,71,70,0.00,100,12.64,,4.5,1.8,0.74,0.74,38.6,46.2,51.9,25.8,44.3,71,72,72,70,72
2017-07-09 08:00,15,73,71,0.00,100,25.45,,5.0,2.6,0.77,0.78,38.8,46.3,51.9,25.8,44.2,71,72,72,70,72
2017-07-09 09:00,15,73,72,0.00,98,79.85,,2.8,0.5,0.81,0.81,38.6,46.2,52.0,25.8,44.2,71,72,72,70,72
2017-07-09 10:00,15,75,72,0.00,100,143.20,,2.9,1.1,0.82,0.82,38.5,46.2,51.8,25.7,44.3,71,71,72,70,72
2017-07-09 11:00,15,76,74,0.00,98,350.90,,4.3,2.4,0.87,0.88,38.5,46.1,51.9,25.6,44.3,71,71,72,70,72
2017-07-09 12:00,15,79,75,0.00,97,396.00,,3.9,2.4,0.88,0.93,38.2,46.0,51.8,25.7,44.4,71,71,72,70,72
2017-07-09 13:00,15,78,75,0.00,94,226.70,,4.5,2.5,0.87,0.92,38.0,46.0,51.7,25.6,44.3,71,71,72,70,72
2017-07-09 14:00,15,79,75,0.00,98,513.30,,5.0,2.9,0.89,0.95,38.1,46.0,51.7,25.6,44.4,71,71,72,70,72
2017-07-09 15:00,15,79,76,0.00,90,265.40,,4.7,2.7,0.89,0.95,38.0,45.9,51.7,25.6,44.1,71,72,72,70,72
2017-07-09 16:00,15,77,75,0.00,98,127.10,,3.7,1.5,0.89,0.90,37.9,45.8,51.6,25.5,44.1,71,72,72,70,72
2017-07-09 17:00,15,77,75,0.00,100,106.60,,1.4,0.1,0.89,0.89,37.9,45.7,51.5,25.6,44.2,72,72,72,70,72
2017-07-09 18:00,15,75,73,0.00,100,16.62,,0.6,0.0,0.85,0.85,37.7,45.8,51.5,25.6,44.1,72,72,72,70,72
2017-07-09 19:00,15,73,73,0.00,100,0.15,,1.0,0.1,0.82,0.82,37.6,45.7,51.6,25.4,44.1,72,72,72,70,72
2017-07-09 20:00,15,73,72,0.00,100,0.00,,2.9,0.7,0.80,0.80,37.6,45.5,51.5,25.4,44.0,72,72,72,70,72
2017-07-09 21:00,15,72,71,0.00,100,0.00,,2.7,0.7,0.78,0.78,37.6,45.6,51.3,25.4,44.1,72,72,72,71,72
2017-07-09 22:00,15,72,71,0.00,100,0.00,,3.6,1.0,0.78,0.78,37.3,45.4,51.2,25.4,44.1,72,72,72,71,72
2017-07-09 23:00,15,72,71,0.00,100,0.00,,3.5,1.1,0.77,0.77,37.6,45.4,51.3,25.4,43.9,72,72,72,71,72
2017-07-10 00:00,15,72,71,0.00,100,0.00,,4.2,1.2,0.77,0.77,37.5,45.3,51.2,25.3,44.0,72,72,72,71,72
2017-07-10 01:00,15,72,71,0.00,100,0.00,,5.5,3.0,0.78,0.78,37.3,45.3,51.0,25.2,44.0,72,72,72,71,72
2017-07-10 02:00,15,71,71,0.00,100,0.00,,6.5,3.7,0.76,0.76,37.2,45.3,51.0,25.2,44.1,72,72,72,71,72
2017-07-10 03:00,15,72,70,0.00,100,0.00,,5.3,1.9,0.74,0.76,37.2,45.2,51.3,25.2,43.9,72,72,72,71,72
2017-07-10 04:00,15,72,71,0.00,90,0.00,,4.8,1.7,0.69,0.77,37.1,45.2,51.0,25.2,43.8,72,72,72,71,72
2017-07-10 05:00,15,71,71,0.00,85,0.04,,7.3,3.5,0.67,0.76,37.2,45.1,51.1,25.2,43.8,72,72,72,71,72
2017-07-10 06:00,15,71,71,0.00,93,8.53,,9.2,5.7,0.71,0.76,36.9,45.1,51.2,25.1,43.7,72,72,72,71,72
2017-07-10 07:00,15,72,71,0.00,96,25.15,,9.8,6.9,0.74,0.77,37.0,45.1,51.1,25.0,43.7,71,72,72,71,72
2017-07-10 08:00,15,74,72,0.00,93,50.74,,7.7,4.5,0.73,0.81,37.0,45.0,51.0,25.0,43.5,71,72,72,71,72
2017-07-10 09:00,15,75,74,0.00,87,89.70,,6.9,2.3,0.77,0.86,36.9,45.0,50.8,24.9,43.7,71,72,72,71,72
2017-07-10 10:00,15,77,75,0.00,89,180.10,,5.5,2.6,0.80,0.92,36.4,45.0,50.9,24.9,43.6,71,72,72,71,72
2017-07-10 11:00,15,79,77,0.00,90,451.60,,4.4,2.5,0.83,0.96,36.5,45.0,50.7,24.9,43.5,71,72,72,71,72
2017-07-10 12:00,15,80,77,0.00,88,591.50,,5.0,2.8,0.84,0.99,36.4,44.9,50.7,24.9,43.5,71,72,72,71,72
2017-07-10 13:00,15,79,77,0.00,86,263.20,,5.2,2.0,0.85,0.97,36.2,44.8,50.8,24.9,43.4,71,72,72,71,72
2017-07-10 14:00,15,78,77,0.00,90,141.00,,3.4,0.8,0.88,0.96,36.4,44.8,50.7,24.8,43.4,72,72,72,71,72
2017-07-10 15:00,15,77,74,0.05,97,160.20,,2.6,0.3,0.90,0.92,36.4,44.8,50.6,24.8,43.5,72,72,72,71,72
2017-07-10 16:00,15,75,74,0.00,100,153.90,,3.3,0.6,0.87,0.87,36.2,44.8,50.6,24.8,43.3,72,72,72,71,72
2017-07-10 17:00,15,76,74,0.00,100,122.10,,1.4,0.2,0.87,0.87,36.3,44.6,50.6,24.7,43.2,72,72,72,71,72
2017-07-10 18:00,15,74,73,0.00,100,31.37,,1.4,0.3,0.84,0.84,36.3,44.7,50.6,24.7,43.5,72,72,72,71,72
2017-07-10 19:00,15,73,72,0.00,100,0.26,,2.0,0.9,0.81,0.81,36.2,44.7,50.6,24.7,43.2,72,72,72,71,72
2017-07-10 20:00,15,72,72,0.01,100,0.00,,2.7,0.9,0.79,0.79,36.2,44.6,50.5,24.7,43.2,72,72,72,71,72
2017-07-10 21:00,15,72,70,0.00,100,0.00,,2.9,1.9,0.77,0.77,36.3,44.7,50.5,24.7,43.0,72,72,72,71,72
2017-07-10 22:00,15,71,69,0.00,100,0.00,,2.4,0.9,0.74,0.74,36.3,44.6,50.6,24.6,43.1,72,72,72,71,72
2017-07-10 23:00,15,71,70,0.00,100,0.00,,2.0,0.6,0.76,0.76,36.1,44.7,50.6,24.7,43.1,72,72,72,71,72
2017-07-11 00:00,15,71,71,0.00,99,0.00,,2.4,0.6,0.74,0.76,36.2,44.6,50.4,24.5,43.0,72,72,72,71,72
2017-07-11 01:00,15,72,71,0.00,93,0.00,,1.7,0.2,0.71,0.78,36.1,44.6,50.5,24.5,43.1,72,72,72,71,72
2017-07-11 02:00,15,72,72,0.00,89,0.00,,4.1,1.9,0.66,0.79,36.1,44.5,50.3,24.5,43.0,72,72,72,71,72
2017-07-11 03:00,15,72,71,0.00,84,0.00,,4.6,3.1,0.68,0.78,36.1,44.5,50.4,24.5,42.8,72,72,72,71,72
2017-07-11 04:00,15,71,71,0.00,88,0.00,,4.8,3.4,0.69,0.76,36.1,44.5,50.2,24.5,43.0,72,72,72,71,72
2017-07-11 05:00,15,71,71,0.00,89,0.04,,5.6,3.9,0.68,0.76,36.0,44.5,50.3,24.5,42.9,72,72,72,71,72
2017-07-11 06:00,15,71,71,0.00,90,11.66,,5.0,3.4,0.69,0.76,36.0,44.5,50.4,24.5,42.8,72,72,72,71,72
2017-07-11 07:00,15,73,71,0.00,91,39.80,,4.0,2.6,0.69,0.79,36.1,44.4,50.2,24.4,43.0,72,72,72,71,72
2017-07-11 08:00,15,74,73,0.00,86,53.88,,3.1,1.2,0.71,0.82,35.8,44.4,50.3,24.4,42.8,71,72,72,71,72
2017-07-11 09:00,15,76,74,0.00,86,89.40,,2.6,0.9,0.73,0.88,35.8,44.4,50.3,24.5,42.9,71,72,72,71,72
2017-07-11 10:00,15,77,76,0.00,83,164.10,,2.8,0.3,0.78,0.91,35.5,44.3,50.2,24.4,42.7,71,72,72,71,72
2017-07-11 11:00,15,78,77,0.00,83,201.20,,1.7,0.2,0.81,0.94,35.5,44.3,50.1,24.4,42.8,71,72,72,71,72
2017-07-11 12:00,15,77,73,0.00,86,250.30,,5.1,1.7,0.79,0.91,35.5,44.3,50.3,24.3,42.6,71,72,72,71,72
2017-07-11 13:00,15,73,68,0.25,96,45.15,,6.4,3.9,0.74,0.74,35.4,44.3,50.2,24.3,42.6,71,72,72,71,72
2017-07-11 14:00,15,69,69,0.02,100,39.91,,4.3,1.2,0.71,0.71,35.2,44.3,50.2,24.2,42.6,71,72,72,71,72
2017-07-11 15:00,15,72,69,0.00,100,156.80,,4.0,2.4,0.73,0.73,35.4,44.4,50.2,24.2,42.5,72,72,72,71,72
2017-07-11 16:00,15,73,72,0.00,100,170.80,,2.8,0.7,0.80,0.82,35.9,44.5,50.2,24.2,42.5,72,72,72,71,72
2017-07-11 17:00,15,74,73,0.00,96,53.16,,1.1,0.1,0.82,0.83,36.1,44.7,50.2,24.1,42.6,71,72,72,71,72
2017-07-11 18:00,15,74,72,0.00,100,24.80,,1.1,0.3,0.83,0.83,36.2,44.8,50.3,24.2,42.5,72,72,72,71,72
2017-07-11 19:00,15,72,71,0.00,100,0.26,,1.5,0.5,0.79,0.79,36.6,44.8,50.1,24.1,42.3,72,72,72,71,72
2017-07-11 20:00,15,71,71,0.00,100,0.00,,1.7,0.6,0.76,0.76,37.0,44.9,50.1,24.1,42.5,72,72,72,71,72
2017-07-11 21:00,15,71,71,0.00,100,0.00,,2.5,1.2,0.77,0.77,37.0,44.9,50.3,24.1,42.5,72,72,72,71,72
2017-07-11 22:00,15,72,71,0.00,96,0.00,,1.2,0.3,0.73,0.77,37.1,44.9,50.2,24.1,42.5,72,72,72,71,72
2017-07-11 23:00,15,71,71,0.00,92,0.00,,0.9,0.1,0.73,0.77,37.1,44.8,50.2,24.2,42.5,72,72,72,71,72
2017-07-12 00:00,15,71,71,0.00,89,0.00,,1.3,0.3,0.72,0.77,36.9,44.8,50.4,24.2,42.3,71,72,72,71,72
2017-07-12 01:00,15,71,70,0.00,97,0.00,,1.5,0.1,0.70,0.75,37.1,44.7,50.4,24.2,42.3,71,72,72,71,72
2017-07-12 02:00,15,71,71,0.00,85,0.00,,2.3,0.5,0.67,0.77,37.1,44.7,50.1,24.2,42.3,71,72,72,71,72
2017-07-12 03:00,15,72,71,0.00,89,0.00,,1.5,0.2,0.68,0.77,36.9,44.9,50.4,24.2,42.2,71,72,72,71,72
2017-07-12 04:00,15,71,70,0.00,90,0.00,,2.0,1.1,0.69,0.75,37.1,44.9,50.2,24.1,42.2,71,72,72,71,72
2017-07-12 05:00,15,71,70,0.00,91,0.01,,1.4,0.5,0.66,0.75,37.0,44.8,50.2,24.1,42.2,71,72,72,71,72
2017-07-12 06:00,15,71,71,0.00,85,7.30,,1.9,0.8,0.66,0.76,36.9,44.7,50.2,24.1,42.0,71,72,72,71,72
2017-07-12 07:00,15,72,71,0.00,89,16.94,,1.8,0.5,0.66,0.77,36.7,44.6,50.3,24.1,42.1,71,72,72,71,72
2017-07-12 08:00,15,73,72,0.00,86,28.28,,1.9,0.2,0.69,0.80,36.6,44.7,50.2,24.1,42.0,71,72,72,71,72
2017-07-12 09:00,15,76,73,0.00,87,96.60,,1.9,0.1,0.75,0.85,36.7,44.7,50.3,24.1,42.1,71,72,72,71,72
2017-07-12 10:00,15,76,74,0.00,87,166.90,,2.3,0.4,0.80,0.89,36.4,44.7,50.2,24.1,42.2,71,72,72,71,72
2017-07-12 11:00,15,76,71,0.36,91,552.40,,3.6,0.5,0.79,0.82,36.5,44.6,50.2,24.1,42.0,71,72,72,71,72
2017-07-12 12:00,15,76,69,0.69,97,162.20,,2.8,0.6,0.84,0.85,40.7,49.3,51.1,24.0,42.0,71,72,72,71,72
2017-07-12 13:00,15,70,69,0.34,100,34.00,,4.9,1.6,0.73,0.73,42.4,52.7,52.5,24.4,41.8,71,71,72,71,72
2017-07-12 14:00,15,71,70,0.00,100,75.57,,4.1,2.6,0.74,0.74,41.9,51.1,54.6,27.7,41.9,71,71,72,71,72
2017-07-12 15:00,15,71,70,0.29,100,49.47,,4.2,1.1,0.75,0.75,40.4,48.7,53.7,28.9,42.0,71,72,72,71,72
2017-07-12 16:00,15,71,69,0.05,100,70.67,,3.6,1.4,0.76,0.76,42.2,51.0,53.7,28.8,42.0,71,71,72,71,72
2017-07-12 17:00,15,71,69,0.01,100,56.25,,3.4,1.0,0.75,0.75,40.7,49.1,53.8,29.2,42.1,71,71,72,71,72
2017-07-12 18:00,15,71,69,0.00,100,12.28,,3.3,0.3,0.74,0.74,40.4,48.4,53.5,28.8,42.8,71,71,72,71,72
2017-07-12 19:00,15,70,69,0.00,100,0.31,,2.6,0.3,0.73,0.73,39.8,47.8,53.3,28.4,44.3,71,71,72,71,72
2017-07-12 20:00,15,70,68,0.00,100,0.00,,2.7,0.5,0.71,0.71,39.5,47.3,53.1,28.0,45.4,71,72,72,71,72
2017-07-12 21:00,15,69,69,0.00,100,0.00,,2.0,0.7,0.72,0.72,39.2,47.1,52.9,27.7,46.1,71,72,72,71,72
2017-07-12 22:00,15,69,69,0.00,100,0.00,,2.2,1.4,0.72,0.72,39.0,46.9,52.6,27.4,46.3,71,72,72,71,72
2017-07-12 23:00,15,70,69,0.00,100,0.00,,1.1,0.0,0.72,0.72,38.7,46.7,52.5,27.3,46.4,71,72,72,71,72
2017-07-13 00:00,15,70,69,0.00,100,0.00,,4.1,2.0,0.72,0.73,38.7,46.5,52.4,27.1,46.3,71,72,72,71,72
2017-07-13 01:00,15,70,69,0.00,100,0.00,,3.9,0.4,0.72,0.73,38.5,46.4,52.2,26.9,46.2,71,72,72,71,72
2017-07-13 02:00,15,71,69,0.00,97,0.00,,2.5,0.5,0.72,0.74,38.3,46.3,52.2,26.8,46.2,71,72,72,71,72
2017-07-13 03:00,15,71,69,0.00,95,0.00,,1.8,0.2,0.70,0.74,38.4,46.3,52.3,26.6,46.0,71,71,72,71,72
2017-07-13 04:00,15,70,69,0.00,95,0.00,,4.6,1.2,0.71,0.74,38.2,46.1,52.2,26.6,45.9,71,71,72,71,72
2017-07-13 05:00,15,70,69,0.00,99,0.00,,3.9,1.7,0.73,0.73,38.2,46.0,52.1,26.4,45.7,71,71,72,71,72
2017-07-13 06:00,15,71,70,0.00,100,6.55,,4.8,1.5,0.74,0.74,38.0,45.9,52.0,26.3,45.9,71,71,72,71,72
2017-07-13 07:00,15,71,70,0.00,98,38.08,,5.9,3.2,0.74,0.75,38.0,45.9,51.7,26.2,45.9,71,71,72,71,72
2017-07-13 08:00,15,71,71,0.00,96,73.88,,6.9,3.5,0.74,0.77,37.9,45.8,51.9,26.1,45.6,71,71,72,71,72
2017-07-13 09:00,15,73,71,0.00,99,156.20,,8.1,2.6,0.77,0.79,37.9,45.7,51.6,26.0,45.7,71,71,72,71,72
2017-07-13 10:00,15,74,72,0.00,95,220.50,,7.3,3.1,0.79,0.84,37.6,45.6,51.6,26.0,45.4,71,71,72,71,72
2017-07-13 11:00,15,76,74,0.00,92,462.60,,7.9,3.2,0.80,0.87,37.6,45.6,51.5,26.0,45.5,71,71,72,71,72
2017-07-13 12:00,15,76,75,0.00,89,398.70,,7.7,3.7,0.79,0.89,37.3,45.5,51.4,25.9,45.4,71,71,72,71,72
2017-07-13 13:00,15,76,75,0.00,90,262.50,,7.2,3.1,0.79,0.89,37.3,45.6,51.5,25.8,45.2,71,71,72,71,72
2017-07-13 14:00,15,76,75,0.00,90,449.70,,6.9,4.0,0.79,0.89,37.0,45.4,51.4,25.7,45.2,71,71,72,71,72
2017-07-13 15:00,15,76,75,0.00,87,283.50,,7.8,3.5,0.79,0.89,37.0,45.4,51.3,25.6,45.2,71,71,72,71,72
2017-07-13 16:00,15,75,74,0.00,93,102.70,,8.2,3.0,0.80,0.85,37.0,45.4,51.1,25.6,45.0,71,71,72,71,72
2017-07-13 17:00,15,74,73,0.00,95,57.76,,5.0,1.6,0.79,0.83,36.8,45.3,51.3,25.6,44.8,71,72,72,71,72
2017-07-13 18:00,15,73,72,0.00,94,18.88,,2.8,0.6,0.78,0.81,36.9,45.2,51.3,25.4,44.7,71,72,72,71,72
2017-07-13 19:00,15,72,72,0.00,98,0.37,,2.8,0.6,0.77,0.79,36.8,45.1,51.2,25.5,44.6,71,72,72,71,72
2017-07-13 20:00,15,72,71,0.00,94,0.00,,4.3,1.2,0.73,0.78,36.7,45.2,51.2,25.4,44.6,71,72,72,71,72
2017-07-13 21:00,15,72,71,0.00,95,0.00,,6.1,3.4,0.71,0.79,36.6,45.2,51.2,25.3,44.5,71,72,72,71,72
2017-07-13 22:00,15,72,71,0.00,91,0.00,,5.3,1.6,0.73,0.78,36.5,45.0,51.0,25.3,44.5,71,72,72,71,72
2017-07-13 23:00,15,72,71,0.00,94,0.00,,5.0,1.4,0.74,0.77,36.7,45.0,51.1,25.3,44.4,71,72,72,71,72
2017-07-14 00:00,15,71,71,0.00,97,0.00,,4.0,0.9,0.74,0.76,36.6,45.0,51.0,25.2,44.4,71,72,72,71,72
2017-07-14 01:00,15,71,71,0.00,97,0.00,,4.8,1.4,0.74,0.76,36.5,45.0,51.0,25.2,44.3,71,72,72,71,72
2017-07-14 02:00,15,72,71,0.00,95,0.00,,4.9,2.1,0.74,0.78,36.5,44.9,50.8,25.1,44.3,71,72,72,71,72
2017-07-14 03:00,15,72,71,0.00,97,0.00,,5.8,1.6,0.75,0.78,36.6,44.9,51.0,25.1,44.1,71,72,72,71,72
2017-07-14 04:00,15,72,71,0.00,96,0.00,,5.0,1.8,0.74,0.77,36.4,44.8,50.7,25.1,44.2,71,72,72,71,72
2017-07-14 05:00,15,72,71,0.00,95,0.04,,4.9,1.7,0.73,0.77,36.4,44.8,50.8,25.0,44.2,71,72,72,71,72
2017-07-14 06:00,15,72,71,0.00,94,6.47,,5.2,2.7,0.72,0.77,36.5,44.8,50.9,25.0,43.9,71,72,72,71,72
2017-07-14 07:00,15,73,72,0.00,90,15.78,,3.7,1.2,0.70,0.79,36.3,44.8,50.6,25.0,43.9,71,72,72,71,72
2017-07-14 08:00,15,74,73,0.00,84,36.61,,5.3,0.5,0.70,0.83,36.2,44.6,50.6,24.9,43.8,71,72,72,71,72
2017-07-14 09:00,15,75,74,0.00,87,97.10,,2.5,0.4,0.77,0.87,36.1,44.7,50.7,24.9,43.7,71,72,72,71,72
2017-07-14 10:00,15,76,75,0.00,90,165.70,,2.2,0.8,0.79,0.89,36.0,44.7,50.7,24.9,43.6,71,72,72,71,72
2017-07-14 11:00,15,78,76,0.00,88,262.20,,1.6,0.2,0.84,0.93,35.8,44.7,50.5,24.8,43.8,71,71,72,71,72
2017-07-14 12:00,15,80,77,0.00,87,252.00,,2.7,0.7,0.83,0.96,36.0,44.7,50.7,24.8,43.5,71,71,72,71,72
2017-07-14 13:00,15,80,77,0.00,84,370.90,,7.1,3.8,0.85,0.97,35.8,44.6,50.5,24.8,43.6,71,71,72,71,72
2017-07-14 14:00,15,80,73,0.00,88,261.00,,5.4,1.8,0.86,0.94,35.7,44.5,50.5,24.7,43.3,71,71,72,71,72
2017-07-14 15:00,15,75,72,0.11,99,104.90,,3.9,1.3,0.81,0.82,35.8,44.5,50.4,24.7,43.6,71,72,72,71,72
2017-07-14 16:00,15,74,72,0.00,100,201.50,,2.2,1.0,0.82,0.82,35.5,44.5,50.4,24.6,43.5,71,72,72,71,72
2017-07-14 17:00,15,74,73,0.20,100,75.22,,3.5,0.6,0.83,0.83,35.9,44.5,50.4,24.6,43.5,71,72,72,71,72
2017-07-14 18:00,15,73,72,0.05,100,41.27,,3.3,1.0,0.79,0.79,36.0,44.6,50.5,24.6,43.2,72,72,72,71,72
2017-07-14 19:00,15,72,71,0.00,100,0.62,,2.5,1.1,0.78,0.78,40.2,48.8,50.6,24.5,43.2,72,72,72,71,72
2017-07-14 20:00,15,71,70,0.00,100,0.00,,2.9,1.5,0.76,0.76,39.6,48.0,51.3,25.0,43.4,72,72,72,71,72
2017-07-14 21:00,15,70,70,0.00,100,0.00,,3.6,1.6,0.74,0.74,39.5,47.5,51.6,25.2,43.2,72,72,72,71,72
2017-07-14 22:00,15,71,70,0.00,100,0.00,,3.6,1.2,0.75,0.75,39.2,47.1,51.9,25.4,43.2,72,72,72,71,72
2017-07-14 23:00,15,71,71,0.00,100,0.00,,2.8,0.9,0.75,0.76,38.9,47.1,52.0,25.6,43.1,72,72,72,71,72
2017-07-15 00:00,15,71,71,0.00,97,0.00,,2.2,0.7,0.74,0.77,38.9,46.7,51.7,25.6,43.1,72,72,72,71,72
2017-07-15 01:00,15,71,71,0.00,95,0.00,,2.7,1.6,0.74,0.77,38.5,46.6,51.8,25.6,43.1,72,72,72,71,72
2017-07-15 02:00,15,72,71,0.00,94,0.00,,1.4,0.2,0.72,0.78,38.5,46.4,51.8,25.6,42.9,72,72,72,71,72
2017-07-15 03:00,15,72,72,0.00,90,0.00,,2.5,0.3,0.71,0.79,38.2,46.3,51.8,25.5,43.0,72,72,72,71,72
2017-07-15 04:00,15,72,71,0.00,90,0.00,,3.2,0.2,0.71,0.78,38.1,46.3,51.5,25.6,42.9,71,72,72,71,72
2017-07-15 05:00,15,72,71,0.00,91,0.07,,3.4,0.7,0.72,0.78,38.2,46.2,51.7,25.5,43.0,71,72,72,71,72
2017-07-15 06:00,15,72,71,0.00,95,19.63,,5.2,0.8,0.73,0.77,37.9,46.0,51.7,25.5,42.8,71,72,72,71,72
2017-07-15 07:00,15,72,72,0.00,93,63.20,,6.5,0.8,0.73,0.79,38.0,45.9,51.5,25.4,42.9,71,72,72,71,72
2017-07-15 08:00,15,73,72,0.00,92,112.00,,4.1,1.0,0.74,0.81,37.7,45.8,51.5,25.4,42.9,71,72,72,71,72
2017-07-15 09:00,15,75,73,0.00,92,165.70,,3.0,0.5,0.78,0.83,37.6,45.7,51.3,25.3,43.1,71,72,72,71,72
2017-07-15 10:00,15,77,75,0.00,93,247.70,,2.7,0.8,0.83,0.89,37.4,45.6,51.4,25.3,43.0,71,72,72,71,72
2017-07-15 11:00,15,79,77,0.00,92,325.10,,2.1,0.2,0.89,0.97,37.5,45.6,51.3,25.3,43.2,71,72,72,71,72
2017-07-15 12:00,15,78,77,0.00,95,283.40,,1.8,0.5,0.89,0.94,37.3,45.7,51.3,25.2,43.0,71,72,72,71,72
2017-07-15 13:00,15,80,77,0.00,94,220.40,,2.8,0.3,0.91,0.96,37.4,45.5,51.2,25.2,43.1,71,72,72,71,72
2017-07-15 14:00,15,78,74,0.00,94,28.88,,4.0,0.5,0.89,0.92,37.1,45.5,51.2,25.1,43.0,71,72,72,71,72
2017-07-15 15:00,15,74,71,0.00,100,41.15,,4.1,1.5,0.80,0.80,37.2,45.4,51.1,25.1,43.1,72,72,72,71,72
2017-07-15 16:00,15,74,72,0.00,97,93.40,,3.3,1.3,0.76,0.81,37.1,45.4,51.2,25.1,43.0,72,72,72,71,72
2017-07-15 17:00,15,74,74,0.00,93,53.19,,2.9,1.3,0.80,0.85,37.0,45.3,50.9,25.1,42.9,72,72,72,71,72
2017-07-15 18:00,15,74,70,0.10,96,14.54,,1.9,0.2,0.80,0.82,37.0,45.3,51.1,25.0,43.0,72,72,72,71,72
2017-07-15 19:00,15,70,70,0.04,100,0.10,,2.3,1.0,0.74,0.74,37.0,45.2,50.9,24.9,43.1,72,72,72,71,72
2017-07-15 20:00,15,71,70,0.00,100,0.00,,1.6,0.3,0.75,0.75,37.4,45.3,50.7,24.8,43.2,72,72,72,71,72
2017-07-15 21:00,15,72,71,0.00,100,0.00,,3.1,1.6,0.77,0.77,38.2,45.6,50.9,24.9,42.9,72,72,72,71,72
2017-07-15 22:00,15,72,71,0.00,100,0.00,,3.0,0.7,0.78,0.78,38.5,45.7,50.7,24.8,43.1,72,72,72,71,72
2017-07-15 23:00,15,71,71,0.00,100,0.00,,3.9,1.6,0.77,0.77,38.4,45.7,50.8,24.8,43.0,72,72,72,71,72
2017-07-16 00:00,15,71,70,0.00,100,0.00,,3.7,1.8,0.76,0.76,38.5,45.7,51.1,24.8,42.8,72,72,72,71,72
2017-07-16 01:00,15,72,71,0.00,100,0.00,,3.1,0.7,0.74,0.77,38.5,45.8,50.9,24.8,42.9,72,72,72,71,72
2017-07-16 02:00,15,71,71,0.00,96,0.00,,2.8,0.5,0.74,0.77,38.2,45.8,51.1,24.8,42.8,72,72,72,71,72
2017-07-16 03:00,15,72,71,0.00,98,0.00,,2.7,0.4,0.74,0.77,38.3,45.7,50.9,24.8,43.0,72,72,72,71,72
2017-07-16 04:00,15,72,71,0.00,96,0.00,,3.3,0.9,0.73,0.78,38.0,45.7,50.9,24.9,42.8,71,72,72,71,72
2017-07-16 05:00,15,72,71,0.00,93,0.15,,2.8,0.5,0.72,0.78,37.9,45.7,51.0,24.9,42.8,71,72,72,71,72
2017-07-16 06:00,15,72,71,0.00,92,14.86,,3.4,0.9,0.70,0.78,37.8,45.6,51.0,24.7,42.8,71,72,72,71,72
2017-07-16 07:00,15,72,72,0.00,92,35.97,,4.0,0.7,0.72,0.79,37.9,45.6,51.1,24.7,42.5,71,72,72,71,72
2017-07-16 08:00,15,75,72,0.00,95,77.25,,3.8,0.6,0.77,0.82,37.9,45.5,50.8,24.7,42.8,71,72,72,71,72
2017-07-16 09:00,15,75,74,0.00,90,118.40,,2.7,0.6,0.79,0.87,37.6,45.5,51.0,24.7,42.5,71,72,72,71,72
2017-07-16 10:00,15,78,75,0.00,90,197.90,,3.3,0.7,0.79,0.90,37.5,45.4,50.9,24.7,42.7,71,72,72,71,72
2017-07-16 11:00,15,81,78,0.00,87,623.10,,4.0,1.0,0.85,1.00,37.3,45.4,50.8,24.7,42.6,71,72,72,71,72
2017-07-16 12:00,15,80,78,0.00,85,421.80,,4.4,2.2,0.84,0.99,37.2,45.3,50.8,24.6,42.6,71,72,72,71,72
2017-07-16 13:00,15,79,77,0.00,85,206.40,,4.5,1.2,0.83,0.97,37.1,45.3,51.0,24.6,42.6,71,72,72,71,72
2017-07-16 14:00,15,79,74,0.00,86,139.90,,5.3,1.6,0.83,0.93,37.1,45.2,50.9,24.7,42.5,72,72,72,71,72
2017-07-16 15:00,15,74,71,0.30,100,43.78,,4.4,2.0,0.80,0.80,37.1,45.2,50.9,24.6,42.5,72,72,72,71,72
2017-07-16 16:00,15,72,71,0.00,100,94.90,,3.9,2.4,0.76,0.77,39.5,47.8,50.8,24.6,42.5,72,72,72,71,72
2017-07-16 17:00,15,73,72,0.00,98,92.00,,1.1,0.0,0.80,0.81,39.5,47.9,51.1,24.7,42.3,72,72,72,71,72
2017-07-16 18:00,15,73,72,0.00,100,37.28,,2.3,0.5,0.82,0.82,39.4,47.5,51.4,24.9,42.3,72,72,72,71,72
2017-07-16 19:00,15,73,72,0.00,100,0.70,,2.3,1.0,0.80,0.80,39.0,47.2,51.7,25.0,42.4,72,72,72,71,72
2017-07-16 20:00,15,72,71,0.00,100,0.00,,1.6,0.1,0.79,0.79,38.7,47.0,51.5,25.1,42.6,72,72,72,71,72
2017-07-16 21:00,15,71,71,0.00,100,0.00,,2.6,1.9,0.76,0.76,38.6,46.8,51.9,25.2,42.4,72,72,72,71,72
2017-07-16 22:00,15,71,71,0.00,100,0.00,,3.4,1.0,0.77,0.77,38.5,46.6,51.9,25.3,42.3,72,72,72,71,72
2017-07-16 23:00,15,71,71,0.00,100,0.00,,3.5,0.6,0.74,0.76,38.3,46.4,51.5,25.2,42.6,72,72,72,71,72
2017-07-17 00:00,15,71,71,0.00,93,0.00,,3.1,0.5,0.71,0.76,38.3,46.4,51.5,25.3,42.5,72,72,72,71,72
2017-07-17 01:00,15,72,71,0.00,94,0.00,,2.9,0.9,0.71,0.76,38.2,46.3,51.5,25.3,42.5,72,72,72,71,72
2017-07-17 02:00,15,72,71,0.00,89,0.00,,4.0,1.5,0.69,0.78,38.2,46.2,51.5,25.2,42.3,72,72,72,71,72
2017-07-17 03:00,15,71,71,0.00,90,0.00,,4.1,0.6,0.69,0.77,38.0,46.0,51.5,25.2,42.3,72,72,72,71,72
2017-07-17 04:00,15,71,71,0.00,90,0.00,,1.9,0.2,0.68,0.76,37.8,46.0,51.5,25.2,42.4,72,72,72,71,72
2017-07-17 05:00,15,71,70,0.00,90,0.06,,2.8,0.5,0.69,0.76,37.8,45.9,51.3,25.2,42.5,72,72,72,71,72
2017-07-17 06:00,15,71,71,0.00,91,5.78,,4.9,1.1,0.69,0.76,37.7,45.9,51.2,25.2,42.5,71,72,72,71,72
2017-07-17 07:00,15,71,71,0.00,92,11.76,,4.9,1.4,0.71,0.76,37.8,45.7,51.3,25.1,42.4,71,72,72,71,72
2017-07-17 08:00,15,73,71,0.00,93,23.49,,4.7,1.1,0.73,0.79,37.6,45.7,51.4,25.0,42.6,71,72,72,71,72
2017-07-17 09:00,15,76,73,0.00,91,93.10,,3.8,0.5,0.77,0.85,37.4,45.6,51.1,25.0,42.5,71,72,72,71,72
2017-07-17 10:00,15,79,76,0.00,88,215.20,,4.6,1.2,0.78,0.93,37.4,45.6,51.2,25.1,42.5,71,72,72,71,72
2017-07-17 11:00,15,80,78,0.00,80,605.30,,5.2,2.1,0.81,0.99,37.0,45.5,51.0,24.9,42.5,71,72,72,71,72
2017-07-17 12:00,15,79,73,0.00,86,553.90,,6.5,3.7,0.82,0.91,37.3,45.3,51.1,24.9,42.4,71,72,72,71,72
2017-07-17 13:00,15,77,73,0.00,90,322.10,,6.7,3.1,0.79,0.88,37.0,45.3,51.1,24.9,42.5,71,72,72,71,72
2017-07-17 14:00,15,74,73,0.00,90,131.70,,3.9,0.9,0.76,0.83,37.0,45.2,50.9,24.9,42.7,72,72,72,71,72
2017-07-17 15:00,15,76,74,0.00,94,195.40,,3.3,1.0,0.82,0.89,36.8,45.3,51.0,24.8,42.4,72,72,72,71,72
2017-07-17 16:00,15,76,76,0.00,93,173.90,,3.7,0.9,0.82,0.90,36.7,45.2,51.0,24.8,42.4,72,72,72,71,72
2017-07-17 17:00,15,76,74,0.00,89,52.96,,5.0,1.0,0.80,0.86,36.7,45.1,50.9,24.8,42.3,72,72,72,71,72
2017-07-17 18:00,15,74,72,0.00,97,17.64,,4.1,0.6,0.79,0.82,36.7,45.1,50.8,24.7,42.5,72,72,72,71,72
2017-07-17 19:00,15,72,71,0.00,94,0.29,,3.7,1.0,0.76,0.79,36.6,45.0,50.8,24.7,42.5,72,72,72,71,72
2017-07-17 20:00,15,72,71,0.00,97,0.00,,5.0,2.0,0.72,0.78,36.5,44.9,50.8,24.6,42.4,72,72,72,71,72
2017-07-17 21:00,15,71,71,0.00,92,0.00,,4.6,1.8,0.71,0.77,36.6,45.0,50.7,24.7,42.3,72,72,72,71,72
2017-07-17 22:00,15,72,71,0.00,92,0.00,,4.2,1.4,0.70,0.77,36.5,44.8,50.8,24.6,42.4,72,72,72,71,72
2017-07-17 23:00,15,72,71,0.00,88,0.00,,4.8,1.8,0.69,0.78,36.5,44.8,50.7,24.7,42.3,72,72,72,71,72
2017-07-18 00:00,15,72,72,0.00,86,0.00,,5.6,1.5,0.66,0.79,36.5,44.8,50.6,24.5,42.4,72,72,72,71,72
2017-07-18 01:00,15,72,71,0.00,85,0.00,,6.4,2.0,0.66,0.78,36.6,44.7,50.6,24.5,42.4,72,72,72,71,72
2017-07-18 02:00,15,72,71,0.00,88,0.00,,6.5,1.4,0.68,0.78,36.3,44.7,50.4,24.5,42.4,72,72,72,71,72
2017-07-18 03:00,15,72,71,0.00,89,0.00,,6.4,1.5,0.67,0.78,36.5,44.7,50.4,24.6,42.5,72,72,72,71,72
2017-07-18 04:00,15,72,71,0.00,82,0.00,,5.5,1.0,0.66,0.78,36.2,44.6,50.4,24.5,42.4,71,72,72,71,72
2017-07-18 05:00,15,71,71,0.00,85,0.00,,3.8,0.7,0.63,0.77,36.1,44.6,50.5,24.5,42.2,71,72,72,71,72
2017-07-18 06:00,15,71,71,0.00,79,4.78,,4.1,0.6,0.59,0.77,36.2,44.6,50.5,24.4,42.1,71,72,72,71,72
2017-07-18 07:00,15,72,71,0.00,74,11.86,,2.5,0.4,0.60,0.77,36.0,44.7,50.4,24.4,42.1,71,72,72,71,72
2017-07-18 08:00,15,74,72,0.00,80,24.50,,2.7,0.8,0.68,0.82,35.9,44.6,50.3,24.4,42.3,71,72,72,71,72
2017-07-18 09:00,15,76,74,0.00,84,62.89,,2.3,0.9,0.69,0.86,36.0,44.6,50.3,24.3,42.1,71,72,72,71,72
2017-07-18 10:00,15,78,76,0.00,76,256.40,,2.3,0.5,0.74,0.95,35.9,44.6,50.2,24.3,42.2,71,72,72,71,72
2017-07-18 11:00,15,80,77,0.00,80,266.00,,4.0,0.6,0.82,0.98,35.8,44.4,50.2,24.4,42.1,71,72,72,71,72
2017-07-18 12:00,15,78,76,0.00,90,195.60,,5.2,2.0,0.85,0.94,35.8,44.4,50.3,24.3,42.0,71,72,72,71,72
2017-07-18 13:00,15,77,76,0.00,90,96.00,,4.9,1.5,0.84,0.93,35.4,44.4,50.2,24.3,42.2,71,72,72,71,72
2017-07-18 14:00,15,76,73,0.09,95,53.83,,5.0,1.1,0.84,0.88,35.5,44.4,50.2,24.2,42.1,71,72,72,71,72
2017-07-18 15:00,15,73,72,0.01,100,13.09,,2.9,0.9,0.79,0.79,35.5,44.4,50.2,24.1,42.2,71,72,72,71,72
2017-07-18 16:00,15,72,72,0.03,100,30.22,,3.4,1.3,0.79,0.79,35.5,44.4,50.2,24.1,42.1,71,72,72,71,72
2017-07-18 17:00,15,73,72,0.00,100,24.01,,1.8,0.6,0.81,0.81,35.7,44.3,50.2,24.2,42.1,71,72,72,71,72
2017-07-18 18:00,15,73,72,0.03,100,5.08,,2.7,0.6,0.81,0.81,35.6,44.3,50.0,24.1,42.1,72,72,72,71,72
2017-07-18 19:00,15,72,72,0.00,100,0.32,,1.8,0.6,0.80,0.80,35.6,44.3,50.1,24.1,41.9,72,72,72,71,72
2017-07-18 20:00,15,72,72,0.00,100,0.00,,3.7,1.5,0.79,0.79,35.8,44.3,50.2,24.1,42.0,72,72,72,71,72
2017-07-18 21:00,15,72,72,0.00,100,0.00,,1.9,0.4,0.79,0.79,35.8,44.3,50.1,24.1,41.9,72,72,72,71,72
2017-07-18 22:00,15,72,72,0.00,100,0.00,,3.4,0.7,0.78,0.78,35.8,44.2,50.1,24.0,41.9,72,72,72,71,72
2017-07-18 23:00,15,72,72,0.00,100,0.00,,2.2,0.4,0.78,0.78,35.8,44.3,50.1,24.0,41.8,72,72,72,71,72
2017-07-19 00:00,15,72,72,0.00,100,0.00,,3.1,0.7,0.77,0.78,35.7,44.2,50.0,24.0,42.0,72,72,72,71,72
2017-07-19 01:00,15,72,72,0.00,96,0.00,,3.3,0.2,0.74,0.79,35.7,44.3,49.9,24.0,42.0,72,72,72,71,72
2017-07-19 02:00,15,72,71,0.00,92,0.00,,2.2,0.2,0.73,0.77,35.8,44.3,50.0,23.9,41.8,72,72,72,71,72
2017-07-19 03:00,15,71,70,0.00,94,0.00,,1.9,0.2,0.72,0.75,35.9,44.2,49.9,23.9,42.0,71,72,72,71,72
2017-07-19 04:00,15,71,70,0.00,94,0.00,,2.4,0.7,0.70,0.74,35.7,44.3,50.0,23.9,41.7,71,72,72,71,72
2017-07-19 05:00,15,71,70,0.00,93,0.02,,5.0,1.6,0.68,0.75,35.8,44.3,49.9,23.9,41.8,71,72,72,71,72
2017-07-19 06:00,15,71,71,0.00,89,10.60,,4.4,0.9,0.66,0.76,35.8,44.3,49.9,23.9,41.8,71,72,72,71,72
2017-07-19 07:00,15,72,71,0.00,80,31.73,,5.4,1.5,0.65,0.79,35.8,44.2,50.0,23.8,41.7,71,72,72,71,72
2017-07-19 08:00,15,73,72,0.00,86,57.47,,2.5,0.9,0.71,0.81,35.6,44.3,49.8,23.9,41.7,71,72,72,71,72
2017-07-19 09:00,15,75,73,0.00,90,133.60,,2.4,0.2,0.76,0.85,35.5,44.1,49.9,23.9,41.7,71,72,72,71,72
2017-07-19 10:00,15,78,75,0.00,91,287.30,,1.3,0.1,0.83,0.91,35.6,44.2,49.8,23.9,41.6,71,72,72,71,72
2017-07-19 11:00,15,83,78,0.00,88,758.00,,2.1,0.3,0.85,1.03,35.5,44.1,49.9,23.8,41.5,71,72,72,71,72
2017-07-19 12:00,15,86,82,0.00,77,881.00,,4.2,0.5,0.83,1.18,35.4,44.1,50.0,23.9,41.5,71,72,72,71,72
2017-07-19 13:00,15,86,85,0.00,64,811.00,,3.8,0.9,0.82,1.23,35.3,44.1,49.8,23.7,41.7,71,72,72,71,72
2017-07-19 14:00,15,85,80,0.00,74,321.50,,4.2,0.8,0.87,1.09,35.0,44.1,49.7,23.8,41.5,71,72,72,71,72
2017-07-19 15:00,15,82,78,0.00,83,397.50,,3.0,1.1,0.90,1.07,34.7,44.1,49.9,23.8,41.5,72,72,72,71,72
2017-07-19 16:00,15,79,77,0.00,92,170.10,,2.6,0.7,0.90,0.98,34.8,44.1,49.9,23.7,41.5,72,72,72,71,72
2017-07-19 17:00,15,78,76,0.00,93,62.98,,3.7,1.4,0.88,0.94,34.7,44.1,49.8,23.7,41.4,72,72,72,71,72
2017-07-19 18:00,15,76,74,0.00,94,21.39,,4.6,2.3,0.86,0.88,34.6,44.1,50.0,23.7,41.3,72,72,72,71,72
2017-07-19 19:00,15,74,74,0.00,99,0.45,,2.9,0.6,0.85,0.86,34.6,44.0,49.9,23.7,41.6,72,72,72,71,72
2017-07-19 20:00,15,74,72,0.00,100,0.00,,4.3,3.1,0.83,0.83,34.8,43.9,49.7,23.7,41.4,72,72,72,71,72
2017-07-19 21:00,15,72,72,0.00,100,0.00,,4.0,2.0,0.79,0.79,34.8,44.0,49.6,23.6,41.5,72,72,72,71,72
2017-07-19 22:00,15,72,71,0.00,100,0.00,,4.3,1.7,0.77,0.77,34.8,44.0,49.6,23.7,41.5,72,72,72,71,72
2017-07-19 23:00,15,71,70,0.00,100,0.00,,6.6,1.2,0.74,0.75,35.0,43.9,49.6,23.7,41.2,72,72,72,71,72
2017-07-20 00:00,15,70,69,0.00,99,0.00,,2.5,0.5,0.73,0.74,34.9,43.9,49.7,23.7,41.3,72,72,72,71,72
2017-07-20 01:00,15,70,69,0.00,100,0.00,,3.3,0.8,0.72,0.72,34.8,43.9,49.8,23.7,41.3,72,72,72,71,72
2017-07-20 02:00,15,69,69,0.00,100,0.00,,4.4,1.4,0.71,0.71,34.9,43.9,49.8,23.7,41.2,72,72,72,71,72
2017-07-20 03:00,15,69,69,0.00,100,0.00,,6.8,2.5,0.71,0.71,35.0,43.8,49.8,23.6,41.3,72,72,72,71,72
2017-07-20 04:00,15,70,69,0.00,100,0.00,,5.9,3.4,0.72,0.72,35.2,43.8,49.6,23.6,41.3,72,72,72,71,72
2017-07-20 05:00,15,70,69,0.00,100,0.09,,5.8,2.6,0.73,0.73,35.2,43.8,49.6,23.5,41.3,72,72,72,71,72
2017-07-20 06:00,15,70,69,0.00,100,11.19,,7.3,2.8,0.72,0.72,35.2,43.8,49.5,23.5,41.2,72,72,72,71,72
2017-07-20 07:00,15,71,70,0.00,100,50.63,,6.1,2.6,0.74,0.74,34.9,43.7,49.7,23.5,41.2,72,72,72,71,72
2017-07-20 08:00,15,73,71,0.00,100,82.20,,6.1,2.7,0.77,0.79,35.1,43.7,49.6,23.6,41.2,72,72,72,71,72
2017-07-20 09:00,15,75,73,0.00,97,158.00,,5.9,2.6,0.79,0.84,34.8,43.7,49.5,23.5,41.1,72,72,72,71,72
2017-07-20 10:00,15,77,75,0.00,92,273.90,,5.9,2.6,0.80,0.89,34.7,43.7,49.5,23.5,41.1,72,72,72,71,72
2017-07-20 11:00,15,77,75,0.00,91,277.30,,5.1,2.3,0.82,0.91,34.5,43.6,49.6,23.5,41.0,72,72,72,71,72
2017-07-20 12:00,15,78,76,0.00,92,530.70,,7.1,2.7,0.82,0.92,34.7,43.7,49.4,23.5,41.2,72,72,72,71,72
2017-07-20 13:00,15,80,78,0.00,88,657.90,,5.2,1.7,0.82,1.00,34.3,43.7,49.3,23.5,41.1,72,72,72,71,72
2017-07-20 14:00,15,80,79,0.00,82,702.30,,4.9,2.1,0.81,1.03,34.2,43.7,49.3,23.5,41.1,72,72,72,71,72
2017-07-20 15:00,15,80,79,0.00,78,617.70,,5.0,2.2,0.80,1.02,34.2,43.5,49.5,23.5,40.9,72,72,72,71,72
2017-07-20 16:00,15,79,78,0.00,77,263.00,,4.5,1.9,0.79,0.97,34.1,43.6,49.4,23.4,40.9,72,72,72,71,72
2017-07-20 17:00,15,78,76,0.00,82,76.31,,4.8,2.7,0.79,0.92,33.8,43.6,49.4,23.4,40.9,72,72,72,71,72
2017-07-20 18:00,15,76,72,0.00,88,24.42,,5.5,3.4,0.78,0.86,33.7,43.6,49.5,23.4,41.0,72,72,72,71,72
2017-07-20 19:00,15,72,71,0.00,96,0.56,,6.1,3.9,0.77,0.79,33.7,43.5,49.2,23.4,41.0,72,72,72,71,72
2017-07-20 20:00,15,71,70,0.00,100,0.00,,6.3,3.8,0.76,0.76,34.0,43.5,49.2,23.3,40.8,72,72,72,71,72
2017-07-20 21:00,15,70,70,0.00,100,0.00,,6.9,3.9,0.74,0.74,34.0,43.5,49.3,23.4,40.9,72,72,72,71,72
2017-07-20 22:00,15,70,69,0.00,100,0.00,,5.7,2.9,0.73,0.73,33.7,43.5,49.4,23.4,40.8,72,72,72,71,72
2017-07-20 23:00,15,70,70,0.00,100,0.00,,5.4,2.5,0.73,0.74,33.9,43.5,49.4,23.3,40.7,72,72,72,71,72
2017-07-21 00:00,15,70,70,0.00,100,0.00,,4.7,2.1,0.73,0.73,34.2,43.5,49.3,23.3,40.8,72,72,72,71,72
2017-07-21 01:00,15,70,69,0.00,100,0.00,,3.7,1.4,0.73,0.73,34.1,43.4,49.1,23.3,40.7,72,72,72,71,72
2017-07-21 02:00,15,70,69,0.00,98,0.00,,4.0,2.0,0.72,0.73,34.0,43.4,49.2,23.3,40.8,72,72,72,71,72
2017-07-21 03:00,15,69,69,0.00,100,0.00,,4.1,1.2,0.72,0.72,34.2,43.4,49.1,23.3,40.8,72,72,72,71,72
2017-07-21 04:00,15,70,69,0.00,100,0.00,,2.5,0.7,0.72,0.73,33.9,43.4,49.3,23.3,40.7,72,72,72,71,72
2017-07-21 05:00,15,70,69,0.00,97,0.07,,3.3,0.6,0.71,0.73,34.0,43.3,49.2,23.3,40.6,72,72,72,71,72
2017-07-21 06:00,15,70,70,0.00,97,10.30,,4.5,1.4,0.73,0.74,34.1,43.3,49.3,23.2,40.7,72,72,72,71,72
2017-07-21 07:00,15,72,70,0.00,97,17.90,,3.8,1.0,0.73,0.76,34.1,43.3,49.1,23.3,40.7,72,72,72,71,72
2017-07-21 08:00,15,74,72,0.00,94,67.82,,3.7,0.7,0.74,0.81,34.0,43.3,49.1,23.2,40.8,71,72,72,71,72
2017-07-21 09:00,15,75,74,0.00,91,170.00,,4.0,0.9,0.78,0.86,34.0,43.4,49.3,23.3,40.6,71,72,72,71,72
2017-07-21 10:00,15,78,75,0.00,92,301.00,,4.7,1.3,0.78,0.92,33.7,43.3,49.0,23.2,40.6,71,72,72,71,72
2017-07-21 11:00,15,80,78,0.00,79,649.20,,4.0,1.3,0.79,1.00,33.6,43.2,49.3,23.2,40.5,71,72,72,71,72
2017-07-21 12:00,15,81,79,0.00,75,560.80,,4.7,1.1,0.79,1.04,33.4,43.1,48.9,23.1,40.7,71,72,72,71,72
2017-07-21 13:00,15,80,76,0.00,80,338.60,,5.7,1.8,0.79,1.00,33.2,43.2,48.9,23.2,40.7,72,72,72,71,72
2017-07-21 14:00,15,76,71,0.08,88,219.90,,4.9,1.5,0.79,0.82,33.0,43.2,48.9,23.2,40.7,72,72,72,71,72
2017-07-21 15:00,15,74,71,0.00,100,262.80,,5.3,1.4,0.80,0.81,33.1,43.3,49.0,23.1,40.5,72,72,72,71,72
2017-07-21 16:00,15,75,71,0.11,95,165.30,,5.9,0.9,0.83,0.85,33.2,43.3,49.0,23.1,40.5,72,72,72,71,72
2017-07-21 17:00,15,71,71,0.01,100,51.67,,3.0,0.2,0.76,0.76,33.1,43.3,48.9,23.0,40.6,72,72,72,71,72
2017-07-21 18:00,15,71,71,0.03,100,18.01,,2.8,0.7,0.76,0.76,33.4,43.3,48.9,23.0,40.4,72,72,72,71,72
2017-07-21 19:00,15,71,70,0.00,100,0.24,,3.0,0.6,0.75,0.75,33.8,43.4,48.8,23.0,40.5,72,72,72,71,72
2017-07-21 20:00,15,70,69,0.00,100,0.00,,2.5,0.4,0.74,0.74,34.5,43.8,49.0,23.0,40.4,72,72,72,71,72
2017-07-21 21:00,15,70,70,0.00,100,0.00,,3.7,0.9,0.74,0.74,35.3,44.0,49.0,23.0,40.5,72,72,72,71,72
2017-07-21 22:00,15,71,70,0.00,100,0.00,,3.7,1.2,0.75,0.75,36.0,44.3,48.9,23.0,40.4,72,72,72,71,72
2017-07-21 23:00,15,71,70,0.00,100,0.00,,4.2,1.2,0.75,0.75,36.4,44.4,49.1,23.0,40.3,72,72,72,71,72
2017-07-22 00:00,15,71,70,0.00,99,0.00,,3.9,1.0,0.74,0.75,36.4,44.6,49.1,23.0,40.3,72,72,72,71,72
2017-07-22 01:00,15,71,71,0.00,95,0.00,,2.2,0.6,0.71,0.76,36.4,44.6,49.1,23.0,40.4,72,72,72,71,72
2017-07-22 02:00,15,72,71,0.00,93,0.00,,3.3,0.8,0.70,0.77,36.7,44.6,49.2,23.2,40.4,72,72,72,71,72
2017-07-22 03:00,15,73,72,0.00,88,0.00,,2.7,0.2,0.69,0.80,36.8,44.5,49.3,23.0,40.4,72,72,72,71,72
2017-07-22 04:00,15,73,72,0.00,86,0.00,,2.5,0.4,0.69,0.80,36.6,44.6,49.5,23.1,40.1,72,72,72,71,72
2017-07-22 05:00,15,72,71,0.00,87,0.00,,3.2,0.8,0.69,0.78,36.7,44.5,49.5,23.1,40.4,72,72,72,71,72
2017-07-22 06:00,15,72,71,0.00,97,5.12,,3.8,1.3,0.73,0.76,36.6,44.7,49.4,23.1,40.3,72,72,72,71,72
2017-07-22 07:00,15,73,72,0.00,90,12.50,,2.8,0.7,0.71,0.81,36.7,44.5,49.5,23.2,40.2,72,72,72,71,72
2017-07-22 08:00,15,75,73,0.00,88,26.56,,3.8,1.1,0.76,0.84,36.6,44.6,49.5,23.1,40.2,72,72,72,71,72
2017-07-22 09:00,15,77,75,0.00,89,117.70,,3.2,0.7,0.81,0.90,36.3,44.6,49.6,23.2,40.2,71,72,72,71,72
2017-07-22 10:00,15,77,76,0.00,88,227.90,,2.9,0.5,0.85,0.93,36.2,44.6,49.5,23.1,40.3,71,72,72,71,72
2017-07-22 11:00,15,80,76,0.00,93,270.70,,1.8,0.3,0.87,0.94,36.3,44.4,49.7,23.1,40.0,71,72,72,71,72
2017-07-22 12:00,15,80,76,0.03,84,402.80,,4.0,1.9,0.88,1.02,36.1,44.5,49.6,23.1,40.1,71,72,72,71,72
2017-07-22 13:00,15,77,74,0.02,96,404.30,,5.0,2.5,0.88,0.89,36.1,44.4,49.4,23.1,40.1,72,72,72,71,72
2017-07-22 14:00,15,76,71,0.48,98,42.25,,4.6,1.4,0.83,0.84,36.1,44.5,49.5,23.1,40.1,72,72,72,71,72
2017-07-22 15:00,15,73,71,0.03,100,85.80,,2.2,0.6,0.80,0.80,41.3,49.9,49.6,23.2,40.1,72,72,72,71,72
2017-07-22 16:00,15,73,72,0.00,100,97.10,,2.7,1.0,0.81,0.81,40.2,48.6,51.6,23.2,40.1,72,72,72,71,72
2017-07-22 17:00,15,74,73,0.01,100,35.24,,2.3,0.5,0.83,0.83,39.5,47.8,52.3,23.3,40.0,72,72,72,71,72
2017-07-22 18:00,15,74,73,0.00,100,41.98,,2.1,0.3,0.83,0.83,39.3,47.4,52.2,23.7,39.9,72,72,72,71,72
2017-07-22 19:00,15,73,73,0.00,100,0.88,,1.4,0.3,0.82,0.82,39.3,47.0,52.2,24.0,40.0,72,72,72,71,72
2017-07-22 20:00,15,73,72,0.00,100,0.00,,1.6,0.3,0.81,0.81,38.9,46.8,52.1,24.2,40.0,72,72,72,71,72
2017-07-22 21:00,15,72,71,0.00,100,0.00,,2.3,0.8,0.79,0.79,38.8,46.6,52.0,24.3,40.2,72,72,72,71,72
2017-07-22 22:00,15,72,71,0.00,100,0.00,,3.3,0.6,0.77,0.77,38.6,46.3,51.9,24.4,40.1,72,72,72,71,72
2017-07-22 23:00,15,72,72,0.00,100,0.00,,3.9,1.0,0.78,0.79,38.5,46.2,51.8,24.5,40.1,72,72,72,71,72
2017-07-23 00:00,15,72,72,0.00,97,0.00,,3.9,0.8,0.76,0.79,38.2,46.1,51.8,24.6,39.9,72,72,72,71,72
2017-07-23 01:00,15,72,72,0.00,95,0.00,,3.9,1.3,0.75,0.79,38.1,46.1,51.9,24.6,40.0,72,72,72,71,72
2017-07-23 02:00,15,72,72,0.00,96,0.00,,4.2,0.9,0.77,0.79,37.9,46.0,51.9,24.7,40.1,72,72,72,71,72
2017-07-23 03:00,15,72,72,0.00,98,0.00,,2.9,1.0,0.77,0.79,38.1,45.8,51.6,24.6,40.1,72,72,72,71,72
2017-07-23 04:00,15,72,72,0.00,98,0.00,,4.5,1.0,0.77,0.79,38.0,45.8,51.5,24.6,40.2,72,72,72,71,72
2017-07-23 05:00,15,72,72,0.00,98,0.00,,5.1,1.0,0.77,0.79,38.0,45.7,51.4,24.7,40.2,72,72,72,71,72
2017-07-23 06:00,15,72,72,0.00,99,6.56,,4.1,1.2,0.79,0.79,37.8,45.8,51.6,24.7,40.2,72,72,72,71,72
2017-07-23 07:00,15,73,72,0.00,99,19.45,,5.2,1.5,0.79,0.81,37.6,45.6,51.3,24.6,40.4,72,72,72,71,72
2017-07-23 08:00,15,74,73,0.00,97,35.69,,5.7,1.3,0.80,0.83,37.5,45.5,51.4,24.6,40.3,72,72,72,71,72
2017-07-23 09:00,15,77,74,0.00,94,99.20,,4.5,1.1,0.82,0.89,37.4,45.6,51.2,24.6,40.4,72,72,72,71,72
2017-07-23 10:00,15,80,77,0.00,91,230.50,,4.1,0.9,0.86,0.96,37.3,45.4,51.3,24.5,40.4,72,72,72,71,72
2017-07-23 11:00,15,80,78,0.00,82,429.80,,4.1,1.3,0.86,1.02,37.3,45.3,51.2,24.5,40.5,72,72,72,71,72
2017-07-23 12:00,15,81,74,0.07,94,270.40,,5.9,2.0,0.89,0.94,36.9,45.3,51.1,24.4,40.4,72,72,72,71,72
2017-07-23 13:00,15,74,73,0.00,100,104.30,,4.7,2.2,0.84,0.84,37.1,45.4,51.1,24.5,40.6,72,72,72,71,72
2017-07-23 14:00,15,76,74,0.00,100,137.60,,3.3,2.2,0.88,0.88,37.1,45.3,50.9,24.4,40.5,72,72,72,71,72
2017-07-23 15:00,15,78,76,0.00,99,201.20,,2.9,0.7,0.91,0.92,37.0,45.3,51.1,24.4,40.6,72,72,72,71,72
2017-07-23 16:00,15,77,76,0.00,100,100.00,,2.0,0.3,0.92,0.92,37.1,45.3,50.9,24.4,40.6,72,72,72,71,72
2017-07-23 17:00,15,76,75,0.00,100,40.12,,1.6,0.2,0.89,0.89,37.4,45.3,50.8,24.4,40.8,72,72,72,71,72
2017-07-23 18:00,15,75,73,0.00,100,18.15,,1.7,0.2,0.85,0.85,37.3,45.4,50.8,24.4,40.8,72,72,72,71,72
2017-07-23 19:00,15,74,73,0.00,100,0.29,,1.9,0.5,0.82,0.82,37.4,45.2,51.0,24.3,40.7,72,72,72,71,72
2017-07-23 20:00,15,74,73,0.00,100,0.00,,2.1,1.2,0.84,0.84,37.4,45.2,51.0,24.3,40.8,72,72,72,71,72
2017-07-23 21:00,15,73,72,0.00,100,0.00,,2.7,0.4,0.81,0.81,37.4,45.1,50.9,24.3,40.8,72,72,72,71,72
2017-07-23 22:00,15,73,72,0.00,97,0.00,,2.6,0.5,0.78,0.81,37.3,45.2,50.9,24.3,40.7,72,72,72,71,72
2017-07-23 23:00,15,73,72,0.00,97,0.00,,3.5,0.5,0.76,0.80,37.2,45.2,50.8,24.3,40.9,72,73,72,71,72
2017-07-24 00:00,15,73,72,0.00,93,0.00,,3.4,0.4,0.75,0.80,37.2,45.1,50.8,24.3,41.0,72,73,72,71,72
2017-07-24 01:00,15,72,72,0.00,95,0.00,,2.8,0.8,0.75,0.79,37.1,45.2,50.8,24.3,40.8,72,73,72,71,72
2017-07-24 02:00,15,72,72,0.00,94,0.00,,4.5,1.5,0.74,0.79,37.1,45.1,50.7,24.3,41.0,72,72,72,71,72
2017-07-24 03:00,15,72,72,0.00,94,0.00,,3.4,0.6,0.74,0.79,36.9,45.1,50.9,24.2,40.8,72,72,72,71,72
2017-07-24 04:00,15,72,71,0.00,92,0.00,,2.7,0.6,0.73,0.78,37.1,45.0,50.8,24.2,40.9,72,72,72,71,72
2017-07-24 05:00,15,72,71,0.00,93,0.00,,2.8,1.1,0.71,0.78,37.0,45.0,50.8,24.3,40.8,72,72,72,71,72
2017-07-24 06:00,15,72,71,0.00,91,7.29,,3.9,0.7,0.71,0.77,37.0,44.9,50.6,24.2,40.8,72,72,72,71,72
2017-07-24 07:00,15,73,72,0.00,92,21.37,,6.2,1.2,0.74,0.79,36.8,44.9,50.7,24.2,40.8,72,72,72,71,72
2017-07-24 08:00,15,75,72,0.00,92,40.04,,4.0,0.8,0.74,0.83,36.8,44.9,50.7,24.2,41.0,72,72,72,71,72
2017-07-24 09:00,15,77,75,0.00,87,79.84,,2.9,0.5,0.79,0.89,36.7,44.9,50.4,24.1,40.9,72,72,72,71,72
2017-07-24 10:00,15,79,77,0.00,88,249.20,,2.1,0.2,0.84,0.97,36.5,44.8,50.5,24.1,40.8,72,72,72,71,72
2017-07-24 11:00,15,81,79,0.00,84,597.90,,1.9,0.4,0.87,1.03,36.5,44.8,50.4,24.2,41.0,72,72,72,71,72
2017-07-24 12:00,15,82,80,0.00,89,440.60,,2.1,0.2,0.91,1.05,36.4,44.7,50.4,24.2,41.0,72,72,72,71,72
2017-07-24 13:00,15,82,78,0.00,81,223.10,,4.7,2.1,0.89,1.02,36.1,44.7,50.5,24.1,41.1,72,72,72,71,72
2017-07-24 14:00,15,81,78,0.00,85,147.60,,5.7,1.6,0.90,0.98,36.3,44.7,50.4,24.1,41.0,72,72,72,71,72
2017-07-24 15:00,15,78,74,0.00,90,23.52,,5.5,2.0,0.85,0.91,36.1,44.7,50.4,24.1,41.0,72,72,72,71,72
2017-07-24 16:00,15,74,72,0.00,100,44.41,,2.9,0.8,0.81,0.82,36.2,44.7,50.3,24.1,41.1,72,72,72,71,72
2017-07-24 17:00,15,75,74,0.00,97,49.25,,2.3,0.9,0.83,0.86,36.1,44.5,50.5,24.0,40.8,72,72,72,71,72
2017-07-24 18:00,15,74,74,0.00,97,17.60,,1.6,0.2,0.84,0.84,36.1,44.6,50.2,24.0,40.8,72,72,72,71,72
2017-07-24 19:00,15,74,72,0.00,100,0.50,,3.2,1.1,0.81,0.81,36.1,44.5,50.2,24.0,41.1,72,72,72,71,72
2017-07-24 20:00,15,73,72,0.00,100,0.00,,4.7,2.7,0.81,0.81,36.1,44.5,50.3,24.1,40.8,72,72,72,71,72
2017-07-24 21:00,15,72,72,0.00,100,0.00,,5.8,2.6,0.79,0.80,36.1,44.5,50.3,24.0,41.0,72,73,72,71,72
2017-07-24 22:00,15,72,72,0.00,99,0.00,,5.8,2.9,0.78,0.79,35.9,44.4,50.4,23.9,40.8,72,73,72,71,72
2017-07-24 23:00,15,72,72,0.00,97,0.00,,6.6,3.7,0.76,0.79,36.1,44.4,50.2,23.9,40.7,72,73,72,71,72
2017-07-25 00:00,15,72,71,0.00,96,0.00,,6.3,3.1,0.75,0.78,35.9,44.4,50.2,24.0,40.9,72,73,72,71,72
2017-07-25 01:00,15,72,71,0.00,97,0.00,,5.9,2.1,0.74,0.77,35.9,44.4,50.1,23.9,40.7,72,73,72,71,72
2017-07-25 02:00,15,71,71,0.00,98,0.00,,3.6,0.7,0.75,0.77,36.0,44.3,50.1,23.9,40.8,72,73,72,71,72
2017-07-25 03:00,15,72,71,0.00,98,0.00,,5.0,1.1,0.76,0.78,36.1,44.3,50.1,23.9,40.9,72,72,72,71,72
2017-07-25 04:00,15,71,71,0.00,100,0.00,,4.0,1.1,0.76,0.77,36.0,44.3,50.0,23.9,40.7,72,72,72,71,72
2017-07-25 05:00,15,71,71,0.00,96,0.00,,3.2,1.7,0.74,0.76,35.9,44.2,50.1,23.8,40.8,72,72,72,71,72
2017-07-25 06:00,15,71,71,0.00,98,4.72,,2.8,0.7,0.75,0.76,36.0,44.3,50.1,23.7,40.8,72,72,72,71,72
2017-07-25 07:00,15,72,71,0.00,98,11.69,,2.3,0.6,0.76,0.79,35.8,44.3,50.0,23.8,40.8,72,72,72,71,72
2017-07-25 08:00,15,74,72,0.00,96,23.18,,3.8,0.6,0.77,0.81,35.7,44.2,50.0,23.9,40.6,72,72,72,71,72
2017-07-25 09:00,15,77,74,0.00,94,55.02,,4.5,1.1,0.76,0.88,35.5,44.2,50.0,23.8,40.7,72,72,72,71,72
2017-07-25 10:00,15,78,77,0.00,86,217.40,,4.0,1.0,0.79,0.94,35.5,44.2,50.0,23.9,40.6,72,72,72,71,72
2017-07-25 11:00,15,79,76,0.00,80,245.30,,2.9,1.1,0.83,0.94,35.3,44.1,49.9,23.7,40.8,72,72,72,71,72
2017-07-25 12:00,15,79,74,0.02,85,100.00,,3.2,1.2,0.84,0.92,35.2,44.1,49.8,23.7,40.8,72,72,72,71,72
2017-07-25 13:00,15,78,74,0.00,99,384.80,,3.9,2.4,0.88,0.89,35.0,44.0,50.0,23.7,40.7,72,72,72,71,72
2017-07-25 14:00,15,74,71,1.11,98,24.04,,5.7,1.8,0.82,0.83,35.2,44.0,49.9,23.7,40.7,72,72,72,71,72
2017-07-25 15:00,15,71,67,0.48,100,6.76,,4.8,2.0,0.72,0.72,48.3,56.9,50.1,23.7,40.7,72,72,72,71,72
2017-07-25 16:00,15,71,70,0.00,100,20.49,,3.7,2.1,0.75,0.75,42.0,49.9,54.1,31.6,40.6,72,72,72,71,72
2017-07-25 17:00,15,71,70,0.00,100,56.48,,2.8,0.7,0.75,0.75,40.5,48.2,53.2,29.6,40.6,72,72,72,71,72
2017-07-25 18:00,15,71,71,0.00,100,28.69,,1.9,0.4,0.75,0.75,39.9,47.6,53.0,28.8,41.5,72,72,72,71,72
2017-07-25 19:00,15,71,71,0.00,100,0.73,,2.2,0.3,0.76,0.76,39.6,47.2,52.6,28.2,44.3,72,72,72,71,72
2017-07-25 20:00,15,71,71,0.00,100,0.00,,1.9,0.3,0.75,0.76,39.3,47.0,52.5,27.8,45.8,72,72,72,71,72
2017-07-25 21:00,15,71,71,0.00,97,0.00,,2.9,1.4,0.75,0.77,39.1,46.7,52.3,27.4,46.1,72,72,72,71,72
2017-07-25 22:00,15,71,71,0.00,99,0.00,,3.0,0.6,0.76,0.76,38.7,46.5,52.3,27.2,46.2,72,72,72,71,72
2017-07-25 23:00,15,71,71,0.00,98,0.00,,2.8,0.4,0.74,0.77,38.6,46.4,52.2,27.1,46.5,72,72,72,71,72
2017-07-26 00:00,15,72,71,0.00,93,0.00,,1.7,0.2,0.72,0.78,38.5,46.3,52.0,26.9,46.1,72,72,72,71,72
2017-07-26 01:00,15,72,71,0.00,94,0.00,,2.3,0.8,0.72,0.77,38.6,46.1,52.0,26.7,46.3,72,72,72,71,72
2017-07-26 02:00,15,71,71,0.00,91,0.00,,3.2,1.7,0.70,0.77,38.3,46.1,51.8,26.6,46.1,72,72,72,71,72
2017-07-26 03:00,15,72,71,0.00,94,0.00,,2.4,0.4,0.72,0.76,38.2,46.0,51.8,26.5,45.9,72,72,72,71,72
2017-07-26 04:00,15,72,71,0.00,94,0.00,,2.3,0.3,0.72,0.77,38.0,45.9,51.6,26.3,46.0,71,72,72,71,72
2017-07-26 05:00,15,71,71,0.00,92,0.00,,1.2,0.1,0.71,0.77,38.1,45.9,51.8,26.2,45.9,71,72,72,71,72
2017-07-26 06:00,15,71,71,0.00,94,3.88,,3.5,0.4,0.72,0.76,38.0,45.7,51.8,26.2,45.8,71,72,72,71,72
2017-07-26 07:00,15,73,71,0.00,95,11.04,,2.3,0.3,0.74,0.79,37.9,45.7,51.7,26.1,45.6,71,72,72,71,72
2017-07-26 08:00,15,74,73,0.00,92,24.72,,3.0,0.4,0.76,0.83,37.7,45.7,51.5,26.0,45.5,71,72,72,71,72
2017-07-26 09:00,15,76,74,0.00,94,122.00,,1.2,0.0,0.81,0.87,37.7,45.5,51.5,25.9,45.6,71,72,72,71,72
2017-07-26 10:00,15,77,75,0.00,95,148.80,,3.9,0.9,0.82,0.89,37.6,45.4,51.5,25.8,45.4,71,72,72,71,72
2017-07-26 11:00,15,77,75,0.00,87,75.41,,4.7,1.7,0.82,0.89,37.4,45.5,51.3,25.8,45.2,71,72,72,71,72
2017-07-26 12:00,15,75,74,0.00,93,43.46,,5.2,2.7,0.80,0.85,37.4,45.4,51.1,25.7,45.2,71,72,72,71,72
2017-07-26 13:00,15,74,73,0.00,95,33.00,,4.0,1.9,0.79,0.83,37.4,45.4,51.1,25.7,45.1,71,72,72,71,72
2017-07-26 14:00,15,73,73,0.00,98,57.77,,3.8,1.5,0.81,0.82,37.1,45.4,51.1,25.6,45.1,71,72,72,71,72
2017-07-26 15:00,15,73,73,0.00,100,48.33,,3.4,1.2,0.82,0.82,37.2,45.3,51.1,25.5,44.9,71,72,72,71,72
2017-07-26 16:00,15,75,73,0.00,100,90.50,,1.5,0.2,0.83,0.83,37.1,45.3,51.0,25.5,44.7,72,72,72,71,72
2017-07-26 17:00,15,75,74,0.00,100,79.64,,2.8,0.4,0.86,0.86,37.0,45.1,51.0,25.5,44.7,72,72,72,71,72
2017-07-26 18:00,15,74,73,0.00,100,27.27,,1.5,0.1,0.82,0.84,37.0,45.2,50.9,25.5,44.7,72,72,72,71,72
2017-07-26 19:00,15,73,72,0.00,100,0.20,,1.8,0.3,0.80,0.80,36.9,45.1,51.0,25.4,44.5,72,72,72,71,72
2017-07-26 20:00,15,72,71,0.00,100,0.00,,1.1,0.1,0.78,0.78,37.0,45.1,51.0,25.4,44.5,72,72,72,71,72
2017-07-26 21:00,15,72,71,0.00,100,0.00,,1.9,1.0,0.78,0.78,37.0,44.9,50.8,25.3,44.6,72,72,72,71,72
2017-07-26 22:00,15,72,71,0.00,100,0.00,,1.8,0.6,0.78,0.78,37.1,45.0,50.9,25.2,44.3,72,72,72,71,72
2017-07-26 23:00,15,72,71,0.00,100,0.00,,1.7,0.3,0.77,0.77,37.0,44.9,50.8,25.2,44.3,72,72,72,71,72
2017-07-27 00:00,15,72,71,0.00,99,0.00,,2.7,0.6,0.76,0.78,36.9,44.9,50.9,25.1,44.1,72,72,72,71,72
2017-07-27 01:00,15,71,71,0.00,98,0.00,,2.8,0.4,0.76,0.77,37.0,44.8,50.9,25.2,44.2,72,72,72,71,72
2017-07-27 02:00,15,71,71,0.00,99,0.00,,1.8,0.9,0.74,0.76,36.9,44.9,50.7,25.1,44.1,72,72,72,71,72
2017-07-27 03:00,15,72,71,0.00,94,0.00,,1.9,0.4,0.69,0.78,36.7,44.8,50.8,25.0,43.9,72,72,72,71,72
2017-07-27 04:00,15,72,71,0.00,86,0.00,,3.4,0.3,0.68,0.78,36.7,44.8,50.8,25.0,44.1,72,72,72,71,72
2017-07-27 05:00,15,72,72,0.00,84,0.00,,2.5,0.4,0.67,0.79,36.4,44.7,50.7,25.0,43.9,71,72,72,71,72
2017-07-27 06:00,15,72,72,0.00,84,5.68,,1.4,0.2,0.68,0.80,36.4,44.8,50.7,24.9,43.9,71,72,72,71,72
2017-07-27 07:00,15,73,72,0.00,87,14.41,,0.9,0.0,0.71,0.81,36.5,44.8,50.5,24.9,43.9,71,72,72,71,72
2017-07-27 08:00,15,74,73,0.00,88,29.12,,2.0,0.3,0.72,0.83,36.3,44.8,50.6,24.9,43.7,71,72,72,71,72
2017-07-27 09:00,15,77,74,0.00,82,51.19,,2.6,0.7,0.74,0.88,36.3,44.7,50.7,24.9,43.7,71,72,72,71,72
2017-07-27 10:00,15,80,77,0.00,84,155.40,,2.8,0.8,0.78,0.96,36.2,44.7,50.6,24.8,43.6,71,72,72,71,72
2017-07-27 11:00,15,80,78,0.00,78,240.70,,3.0,0.7,0.79,0.99,36.0,44.6,50.5,24.7,43.8,71,72,72,71,72
2017-07-27 12:00,15,82,77,0.00,88,286.00,,3.7,1.1,0.85,1.00,35.9,44.6,50.5,24.7,43.5,71,72,72,71,72
2017-07-27 13:00,15,79,76,0.00,88,152.40,,2.7,0.3,0.89,0.94,35.7,44.6,50.4,24.8,43.5,71,72,72,71,72
2017-07-27 14:00,15,78,76,0.00,95,219.80,,3.3,0.7,0.91,0.95,35.6,44.6,50.3,24.7,43.5,71,72,72,71,72
2017-07-27 15:00,15,76,71,0.63,96,31.35,,3.7,1.1,0.83,0.84,35.8,44.5,50.3,24.7,43.3,72,72,72,71,72
2017-07-27 16:00,15,72,71,0.01,100,33.67,,2.0,0.4,0.78,0.78,41.0,49.4,50.4,24.6,43.4,72,72,72,71,72
2017-07-27 17:00,15,72,72,0.00,100,41.08,,4.2,2.2,0.79,0.79,40.5,48.5,50.6,24.7,43.2,72,72,72,71,72
2017-07-27 18:00,15,72,71,0.00,100,29.11,,3.8,2.4,0.79,0.79,40.1,47.9,51.2,24.9,43.2,72,72,72,71,72
2017-07-27 19:00,15,72,71,0.00,100,1.09,,4.0,2.2,0.79,0.79,39.7,47.4,51.7,25.0,43.2,72,72,72,71,72
2017-07-27 20:00,15,72,72,0.00,100,0.00,,2.7,0.2,0.79,0.79,39.2,47.2,51.6,25.2,43.2,72,72,72,71,72
2017-07-27 21:00,15,72,72,0.00,100,0.00,,0.0,0.0,0.79,0.79,39.0,46.9,51.7,25.4,43.2,72,72,72,71,72
2017-07-27 22:00,15,72,72,0.00,100,0.00,,2.5,0.3,0.78,0.78,39.1,46.7,51.6,25.4,43.1,72,72,72,71,72
2017-07-27 23:00,15,72,71,0.00,100,0.00,,1.5,0.4,0.78,0.78,38.6,46.5,51.8,25.4,43.2,72,72,72,71,72
2017-07-28 00:00,15,71,71,0.00,100,0.00,,1.3,0.1,0.77,0.77,38.6,46.4,51.6,25.5,43.1,72,72,72,71,72
2017-07-28 01:00,15,72,71,0.00,100,0.00,,0.6,0.0,0.77,0.77,38.6,46.3,51.4,25.4,43.2,72,72,72,71,72
2017-07-28 02:00,15,72,71,0.00,99,0.00,,2.5,0.3,0.75,0.77,38.5,46.1,51.6,25.4,43.0,72,72,72,71,72
2017-07-28 03:00,15,72,71,0.00,94,0.00,,2.3,0.6,0.70,0.78,38.3,46.0,51.6,25.4,43.0,72,72,72,71,72
2017-07-28 04:00,15,72,71,0.00,92,0.00,,2.3,0.3,0.71,0.77,38.2,46.0,51.4,25.4,43.3,72,72,72,71,72
2017-07-28 05:00,15,72,71,0.00,96,0.00,,3.2,0.2,0.71,0.77,38.0,45.9,51.5,25.4,43.2,72,72,72,71,72
2017-07-28 06:00,15,72,71,0.00,92,5.52,,2.2,0.5,0.71,0.78,38.0,45.9,51.3,25.4,43.2,72,72,72,71,72
2017-07-28 07:00,15,73,72,0.00,94,13.98,,4.1,0.4,0.74,0.80,37.9,45.8,51.4,25.3,43.1,72,72,72,71,72
2017-07-28 08:00,15,75,73,0.00,94,28.48,,3.4,0.7,0.76,0.83,37.7,45.7,51.2,25.3,43.2,72,72,72,71,72
2017-07-28 09:00,15,77,75,0.00,92,76.90,,3.5,0.5,0.80,0.89,37.7,45.7,51.2,25.2,43.2,72,72,72,71,72
2017-07-28 10:00,15,79,77,0.00,89,201.20,,3.4,1.4,0.83,0.96,37.5,45.6,51.1,25.1,43.3,71,72,72,71,72
2017-07-28 11:00,15,79,77,0.00,81,354.90,,4.0,1.8,0.80,0.97,37.4,45.6,51.0,25.1,43.2,71,72,72,71,72
2017-07-28 12:00,15,80,77,0.00,86,399.00,,5.0,2.6,0.81,0.97,37.3,45.4,51.2,25.1,43.1,72,72,72,71,72
2017-07-28 13:00,15,82,80,0.00,83,743.30,,6.0,3.9,0.85,1.05,37.3,45.4,51.0,25.1,43.1,72,72,72,71,72
2017-07-28 14:00,15,82,82,0.00,78,827.00,,8.0,4.3,0.85,1.09,37.1,45.3,51.2,25.1,43.3,72,72,72,71,72
2017-07-28 15:00,15,82,76,0.00,80,225.20,,6.6,2.9,0.84,1.00,37.1,45.3,51.1,25.0,43.2,72,72,72,71,72
2017-07-28 16:00,15,76,75,0.00,88,29.35,,4.2,1.8,0.82,0.89,36.8,45.2,51.2,25.0,43.2,72,72,72,71,72
2017-07-28 17:00,15,75,75,0.00,98,41.55,,4.4,0.9,0.84,0.87,36.8,45.2,50.9,24.9,43.3,72,72,72,71,72
2017-07-28 18:00,15,75,74,0.00,97,20.44,,4.2,1.0,0.84,0.85,36.7,45.2,50.9,24.9,43.3,72,72,72,71,72
2017-07-28 19:00,15,74,73,0.00,100,0.29,,3.0,1.2,0.83,0.83,36.9,45.1,50.8,24.9,43.1,72,72,72,71,72
2017-07-28 20:00,15,73,72,0.00,100,0.00,,3.6,0.5,0.81,0.81,36.8,45.0,50.8,24.8,43.4,72,72,72,71,72
2017-07-28 21:00,15,73,72,0.00,100,0.00,,2.4,0.2,0.80,0.80,36.6,45.1,50.8,24.8,43.0,72,72,72,71,72
2017-07-28 22:00,15,73,72,0.00,100,0.00,,2.7,0.6,0.80,0.80,36.7,44.9,50.6,24.8,43.3,72,72,72,71,72
2017-07-28 23:00,15,72,72,0.00,100,0.00,,3.1,0.2,0.79,0.79,36.8,44.8,50.8,24.7,43.1,72,72,72,71,72
2017-07-29 00:00,15,72,72,0.00,100,0.00,,2.5,0.4,0.79,0.79,36.7,44.8,50.7,24.8,42.9,72,72,72,71,72
2017-07-29 01:00,15,72,72,0.00,100,0.00,,4.6,0.7,0.79,0.79,36.6,44.9,50.5,24.7,43.2,72,72,72,71,72
2017-07-29 02:00,15,72,71,0.00,100,0.00,,3.7,0.3,0.79,0.79,36.5,44.8,50.5,24.6,43.1,72,72,72,71,72
2017-07-29 03:00,15,72,71,0.00,100,0.00,,3.9,0.8,0.78,0.78,36.5,44.8,50.3,24.7,43.1,72,72,72,71,72
2017-07-29 04:00,15,73,72,0.00,97,0.00,,5.8,1.7,0.76,0.80,36.6,44.7,50.7,24.7,42.9,72,72,72,71,72
2017-07-29 05:00,15,73,73,0.00,91,0.00,,5.2,2.7,0.73,0.82,36.5,44.8,50.5,24.6,42.8,72,72,72,71,72
2017-07-29 06:00,15,73,73,0.00,86,6.35,,5.0,3.3,0.69,0.82,36.4,44.7,50.5,24.7,42.8,72,72,72,71,72
2017-07-29 07:00,15,73,73,0.00,74,18.04,,5.3,2.7,0.64,0.82,36.3,44.7,50.5,24.5,42.8,72,72,72,71,72
2017-07-29 08:00,15,74,73,0.00,85,36.46,,5.7,0.8,0.74,0.84,36.2,44.6,50.4,24.6,42.9,72,72,72,71,72
2017-07-29 09:00,15,76,74,0.00,90,70.05,,4.1,1.1,0.77,0.88,36.2,44.6,50.2,24.5,42.9,72,72,72,71,72
2017-07-29 10:00,15,78,76,0.00,86,187.70,,5.5,2.1,0.80,0.94,36.2,44.4,50.4,24.5,42.9,72,72,72,71,72
2017-07-29 11:00,15,81,78,0.00,82,473.10,,5.6,2.6,0.85,1.00,35.9,44.4,50.2,24.5,42.9,72,72,72,71,72
2017-07-29 12:00,15,81,79,0.00,84,486.60,,5.2,3.1,0.84,1.00,35.8,44.5,50.4,24.5,42.8,72,72,72,71,72
2017-07-29 13:00,15,82,79,0.00,80,354.00,,5.0,2.8,0.86,1.04,35.8,44.4,50.3,24.4,42.6,72,72,72,71,72
2017-07-29 14:00,15,79,74,0.00,85,23.35,,5.2,1.1,0.83,0.91,35.3,44.5,50.3,24.5,42.7,72,72,72,71,72
2017-07-29 15:00,15,74,70,0.41,96,5.86,,4.0,1.1,0.78,0.79,35.6,44.3,50.3,24.4,42.6,72,72,72,71,72
2017-07-29 16:00,15,70,69,0.00,100,17.07,,2.0,0.3,0.73,0.73,39.1,48.6,50.2,24.3,42.7,72,72,72,71,72
2017-07-29 17:00,15,71,70,0.01,100,52.81,,4.0,1.2,0.76,0.76,40.0,48.1,50.4,24.3,42.7,72,72,72,71,72
2017-07-29 18:00,15,72,71,0.00,100,25.70,,4.2,1.0,0.74,0.77,39.7,47.6,50.5,24.3,42.5,72,72,72,71,72
2017-07-29 19:00,15,72,72,0.00,96,0.31,,2.4,0.6,0.73,0.79,39.3,47.3,51.0,24.5,42.5,72,72,72,71,72
2017-07-29 20:00,15,73,72,0.00,83,0.00,,1.5,0.2,0.69,0.81,39.2,46.9,51.2,24.5,42.5,72,72,72,71,72
2017-07-29 21:00,15,73,73,0.00,84,0.00,,1.6,0.2,0.71,0.83,38.8,46.8,51.0,24.5,42.6,72,72,72,71,72
2017-07-29 22:00,15,73,72,0.00,90,0.00,,3.1,0.4,0.71,0.81,38.8,46.6,51.2,24.6,42.3,72,72,72,71,72
2017-07-29 23:00,15,73,72,0.00,88,0.00,,2.9,0.8,0.72,0.81,38.7,46.5,51.2,24.7,42.3,72,72,72,71,72
2017-07-30 00:00,15,73,72,0.00,89,0.00,,2.5,0.3,0.72,0.81,38.4,46.3,51.2,24.7,42.3,72,72,72,71,72
2017-07-30 01:00,15,73,72,0.00,90,0.00,,2.0,0.2,0.73,0.80,38.3,46.2,51.1,24.7,42.5,72,72,72,71,72
2017-07-30 02:00,15,72,72,0.00,92,0.00,,2.5,0.3,0.72,0.80,38.2,46.1,51.2,24.6,42.4,72,72,72,71,72
2017-07-30 03:00,15,72,72,0.00,88,0.00,,3.2,0.4,0.71,0.80,38.2,46.0,51.1,24.6,42.4,72,72,72,71,72
2017-07-30 04:00,15,72,72,0.00,87,0.00,,3.6,0.8,0.69,0.80,38.2,45.9,51.1,24.7,42.3,72,72,72,71,72
2017-07-30 05:00,15,72,72,0.00,87,0.00,,3.0,0.6,0.68,0.79,38.0,45.8,51.2,24.7,42.3,72,72,72,71,72
2017-07-30 06:00,15,72,72,0.00,86,4.43,,4.3,1.0,0.69,0.79,37.9,45.8,51.0,24.7,42.4,72,72,72,71,72
2017-07-30 07:00,15,72,72,0.00,90,12.76,,3.4,0.9,0.69,0.79,37.9,45.6,51.0,24.7,42.3,72,72,72,71,72
2017-07-30 08:00,15,73,72,0.00,87,24.35,,5.8,1.3,0.72,0.81,37.7,45.6,51.0,24.7,42.3,72,72,72,71,72
2017-07-30 09:00,15,76,73,0.00,90,72.10,,4.4,1.3,0.76,0.86,37.6,45.6,51.1,24.7,42.3,72,72,72,71,72
2017-07-30 10:00,15,78,76,0.00,89,159.10,,6.0,1.4,0.78,0.92,37.2,45.5,50.9,24.7,42.2,72,72,72,71,72
2017-07-30 11:00,15,80,78,0.00,81,764.70,,5.9,2.2,0.79,1.01,37.3,45.4,50.9,24.6,42.4,72,72,72,71,72
2017-07-30 12:00,15,80,76,0.00,80,641.10,,6.8,3.5,0.86,0.98,37.1,45.4,50.6,24.5,42.4,72,72,72,71,72
2017-07-30 13:00,15,80,77,0.00,89,807.00,,6.8,4.1,0.85,1.01,37.0,45.3,50.9,24.6,42.6,72,72,72,71,72
2017-07-30 14:00,15,80,75,0.00,81,171.70,,7.1,2.9,0.80,0.94,36.9,45.3,50.8,24.5,42.1,72,72,72,71,72
2017-07-30 15:00,15,75,74,0.00,87,86.30,,3.6,0.7,0.79,0.87,36.9,45.3,50.6,24.5,42.3,72,72,72,71,72
2017-07-30 16:00,15,75,74,0.00,88,110.50,,3.3,0.8,0.78,0.86,36.8,45.1,50.7,24.5,42.4,72,72,72,71,72
2017-07-30 17:00,15,74,73,0.00,93,67.71,,2.1,0.2,0.79,0.85,36.6,45.1,50.7,24.5,42.2,72,72,72,71,72
2017-07-30 18:00,15,73,72,0.00,92,23.30,,2.1,0.2,0.77,0.82,36.5,45.0,50.6,24.4,42.4,72,72,72,71,72
2017-07-30 19:00,15,72,72,0.00,95,0.16,,2.7,1.1,0.77,0.80,36.6,45.1,50.7,24.5,42.4,72,72,72,71,72
2017-07-30 20:00,15,72,71,0.00,99,0.00,,2.4,0.6,0.77,0.78,36.6,45.0,50.7,24.4,42.3,72,73,72,71,72
2017-07-30 21:00,15,72,71,0.00,97,0.00,,3.0,0.8,0.76,0.78,36.5,44.9,50.6,24.4,42.4,72,73,72,71,72
2017-07-30 22:00,15,72,71,0.00,93,0.00,,2.8,0.6,0.73,0.79,36.5,44.9,50.6,24.5,42.3,72,73,72,71,72
2017-07-30 23:00,15,72,71,0.00,91,0.00,,3.4,0.6,0.72,0.79,36.6,44.9,50.5,24.3,42.1,72,73,72,71,72
2017-07-31 00:00,15,72,71,0.00,92,0.00,,4.3,1.0,0.73,0.78,36.3,44.8,50.5,24.3,42.2,72,73,72,71,72
2017-07-31 01:00,15,71,71,0.00,94,0.00,,5.0,2.5,0.73,0.77,36.5,44.8,50.3,24.3,42.1,72,73,72,71,72
2017-07-31 02:00,15,72,71,0.00,95,0.00,,5.1,2.0,0.74,0.77,36.3,44.7,50.3,24.2,42.3,72,72,72,71,72
2017-07-31 03:00,15,71,71,0.00,94,0.00,,5.0,2.4,0.71,0.76,36.6,44.6,50.4,24.3,42.2,72,72,72,71,72
2017-07-31 04:00,15,71,71,0.00,94,0.00,,6.2,2.7,0.71,0.76,36.3,44.6,50.3,24.3,42.2,72,72,72,71,72
2017-07-31 05:00,15,71,71,0.00,94,0.00,,5.7,3.0,0.72,0.77,36.3,44.6,50.3,24.2,42.2,72,72,72,71,72
2017-07-31 06:00,15,72,71,0.00,94,4.52,,6.0,1.9,0.72,0.77,36.4,44.6,50.3,24.3,42.2,72,72,72,71,72
2017-07-31 07:00,15,73,71,0.00,92,18.06,,4.5,1.3,0.73,0.78,36.1,44.5,50.3,24.2,42.1,72,72,72,71,72
2017-07-31 08:00,15,74,72,0.00,90,31.53,,5.7,1.6,0.73,0.82,36.2,44.5,50.3,24.2,42.2,72,72,72,71,72
2017-07-31 09:00,15,77,74,0.00,90,63.64,,4.2,1.2,0.76,0.87,35.9,44.5,50.1,24.1,42.2,72,72,72,71,72
2017-07-31 10:00,15,80,77,0.00,86,259.50,,6.0,1.4,0.80,0.96,35.8,44.5,50.2,24.2,42.0,72,72,72,71,72
2017-07-31 11:00,15,82,80,0.00,81,792.70,,4.7,2.0,0.83,1.06,35.7,44.4,50.2,24.2,42.1,72,72,72,71,72
2017-07-31 12:00,15,81,80,0.00,79,521.60,,5.4,2.5,0.83,1.04,35.6,44.3,50.0,24.2,42.1,72,72,72,71,72
2017-07-31 13:00,15,82,80,0.00,82,638.30,,5.6,2.2,0.86,1.06,35.3,44.3,50.0,24.1,42.1,72,72,72,71,72
2017-07-31 14:00,15,82,80,0.00,78,625.60,,5.3,2.9,0.84,1.07,35.4,44.3,50.1,24.1,42.0,72,72,72,71,72
2017-07-31 15:00,15,80,79,0.00,81,632.10,,6.4,3.4,0.84,1.03,35.3,44.2,50.2,24.0,42.0,72,72,72,71,72
2017-07-31 16:00,15,79,78,0.00,81,206.40,,6.7,3.1,0.82,0.98,35.1,44.2,49.9,24.0,41.8,72,72,72,71,72
2017-07-31 17:00,15,78,76,0.00,85,48.62,,3.6,0.9,0.81,0.94,34.8,44.2,50.1,24.1,41.7,73,72,72,71,72
2017-07-31 18:00,15,76,75,0.00,86,16.04,,2.0,0.4,0.78,0.90,35.0,44.1,49.9,24.0,42.0,73,73,72,71,72
2017-07-31 19:00,15,75,73,0.00,90,0.25,,1.3,0.1,0.77,0.85,34.9,44.2,49.9,24.0,42.0,73,73,72,71,72
2017-07-31 20:00,15,74,73,0.00,91,0.00,,2.0,0.3,0.77,0.83,34.8,44.2,49.8,23.9,41.8,73,73,72,71,72
2017-07-31 21:00,15,74,73,0.00,94,0.00,,3.4,2.0,0.82,0.84,35.0,44.0,49.9,24.0,41.8,73,73,72,71,72
2017-07-31 22:00,15,73,73,0.00,100,0.00,,3.1,1.3,0.82,0.82,34.8,44.0,49.9,23.9,41.9,73,73,72,71,72
2017-07-31 23:00,15,73,72,0.00,100,0.00,,2.2,0.9,0.79,0.81,34.8,44.1,49.9,23.9,41.8,73,73,72,71,72
