Date,Station Id,Air Temperature Maximum (degF),Air Temperature Minimum (degF),Precipitation Increment (in),Relative Humidity (pct),Solar Radiation Average (watt/m2),Solar Radiation/langley Total (langley),Wind Speed Maximum (mph),Wind Speed Average (mph),Vapor Pressure - Partial (inch_Hg),Vapor Pressure - Saturated (inch_Hg),Soil Moisture Percent -2in (pct),Soil Moisture Percent -4in (pct),Soil Moisture Percent -8in (pct),Soil Moisture Percent -20in (pct),Soil Moisture Percent -40in (pct),Soil Temperature Observed -2in (degF),Soil Temperature Observed -4in (degF),Soil Temperature Observed -8in (degF),Soil Temperature Observed -20in (degF),Soil Temperature Observed -40in (degF)
2017-01-01 00:00,2017,15,13,0.00,,0.00,,7.6,4.6,,,9.1,10.1,11.5,,13.7,28,29,32,,39
2017-01-01 01:00,2017,14,12,0.00,,0.00,,7.3,5.6,,,9.0,9.9,11.5,,13.7,26,28,32,,39
2017-01-01 02:00,2017,15,13,0.00,,0.00,,7.9,5.3,,,9.3,9.8,11.7,,13.7,26,27,32,,39
2017-01-01 03:00,2017,18,15,0.00,,0.00,,8.9,6.8,,,8.8,9.6,11.8,,13.2,25,26,31,,39
2017-01-01 04:00,2017,20,18,0.00,,0.00,,8.1,6.0,,,9.3,10.1,11.5,,13.7,24,26,31,,39
2017-01-01 05:00,2017,20,17,0.00,,0.00,,6.1,4.1,,,9.1,9.8,11.6,,13.2,23,25,31,,39
2017-01-01 06:00,2017,18,13,0.00,,0.00,,7.1,4.7,,,8.7,9.9,11.3,,13.7,23,25,31,,39
2017-01-01 07:00,2017,17,13,0.00,,15.20,,7.1,5.0,,,8.4,9.6,11.5,,13.2,22,24,31,,39
2017-01-01 08:00,2017,33,17,0.00,,142.70,,5.7,3.9,,,8.2,9.6,11.3,,13.7,22,24,30,,39
2017-01-01 09:00,2017,42,33,0.00,,279.00,,5.5,3.5,,,8.2,9.6,11.0,,13.2,22,23,30,,39
2017-01-01 10:00,2017,44,42,0.00,,385.10,,8.8,3.6,,,8.6,9.6,11.4,,13.2,24,24,30,,39
2017-01-01 11:00,2017,47,44,0.00,,442.60,,7.8,3.4,,,9.0,9.9,11.4,,13.7,26,25,29,,39
2017-01-01 12:00,2017,48,47,0.00,,446.00,,10.9,4.2,,,9.1,9.6,11.6,,13.7,29,26,29,,39
2017-01-01 13:00,2017,48,43,0.00,,350.50,,14.7,8.5,,,9.5,10.1,11.4,,13.7,31,28,29,,39
2017-01-01 14:00,2017,45,43,0.00,,244.00,,10.9,7.0,,,9.5,10.0,11.4,,13.7,35,29,29,,39
2017-01-01 15:00,2017,45,38,0.00,,105.80,,9.1,4.2,,,9.7,9.8,11.3,,13.2,35,30,30,,39
2017-01-01 16:00,2017,38,32,0.00,,9.68,,5.9,2.6,,,9.5,10.2,11.5,,13.2,35,31,30,,39
2017-01-01 17:00,2017,32,26,0.00,,0.04,,3.9,1.7,,,9.3,10.5,11.6,,13.2,33,31,30,,39
2017-01-01 18:00,2017,28,24,0.00,,0.10,,5.3,2.9,,,9.5,10.3,11.5,,13.2,32,31,31,,39
2017-01-01 19:00,2017,26,24,0.00,,0.01,,4.2,1.7,,,9.0,10.3,11.1,,13.7,32,31,31,,39
2017-01-01 20:00,2017,24,23,0.00,,0.00,,5.7,1.6,,,9.0,10.3,11.6,,13.2,32,31,31,,39
2017-01-01 21:00,2017,24,23,0.00,,0.00,,7.0,4.5,,,9.3,10.3,11.5,,13.2,31,31,31,,39
2017-01-01 22:00,2017,25,21,0.00,,0.00,,6.9,4.5,,,9.0,9.8,11.5,,13.2,31,31,31,,39
2017-01-01 23:00,2017,22,18,0.00,,0.00,,6.4,4.2,,,9.0,10.0,11.5,,13.2,31,31,31,,39
2017-01-02 00:00,2017,22,18,0.00,,0.00,,6.5,3.4,,,9.3,10.2,11.8,,13.2,30,30,31,,39
2017-01-02 01:00,2017,22,16,0.00,,0.00,,7.1,3.6,,,9.5,10.2,11.5,,13.7,29,30,31,,39
2017-01-02 02:00,2017,17,15,0.00,,0.00,,7.5,5.5,,,9.1,9.9,11.8,,13.2,29,29,31,,39
2017-01-02 03:00,2017,18,15,0.00,,0.00,,7.6,5.2,,,9.1,10.1,11.5,,13.2,28,29,31,,39
2017-01-02 04:00,2017,18,14,0.00,,0.00,,6.8,4.2,,,9.3,9.9,11.5,,13.2,27,28,31,,39
2017-01-02 05:00,2017,15,13,0.00,,0.00,,9.1,3.9,,,9.0,9.6,11.5,,13.2,26,27,31,,39
2017-01-02 06:00,2017,15,13,0.00,,0.00,,8.4,4.4,,,8.8,10.0,11.6,,13.2,25,27,31,,39
2017-01-02 07:00,2017,17,12,0.00,,16.70,,6.7,4.1,,,8.7,10.1,11.1,,13.2,24,26,31,,39
2017-01-02 08:00,2017,28,17,0.00,,141.40,,6.5,3.3,,,9.1,9.8,11.5,,13.2,23,25,31,,39
2017-01-02 09:00,2017,34,28,0.00,,278.70,,23.3,3.8,,,8.5,9.9,11.6,,13.2,23,25,30,,39
2017-01-02 10:00,2017,34,31,0.00,,433.40,,29.6,22.0,,,9.1,9.9,11.3,,13.7,25,25,30,,39
2017-01-02 11:00,2017,35,31,0.00,,291.40,,27.6,21.2,,,9.1,10.1,11.5,,13.2,27,26,30,,39
2017-01-02 12:00,2017,37,34,0.00,,300.50,,26.4,19.7,,,9.1,9.8,11.0,,13.2,29,27,30,,39
2017-01-02 13:00,2017,37,36,0.00,,359.60,,23.0,16.8,,,9.3,10.1,11.8,,13.2,30,28,30,,39
2017-01-02 14:00,2017,37,28,0.00,,177.20,,24.2,15.2,,,9.0,9.9,11.5,,13.2,31,29,30,,39
2017-01-02 15:00,2017,28,23,0.00,,93.30,,21.6,15.2,,,9.3,9.8,11.5,,13.2,32,29,30,,39
2017-01-02 16:00,2017,23,17,0.00,,12.04,,16.2,6.3,,,9.5,10.0,11.3,,13.2,32,30,30,,39
2017-01-02 17:00,2017,17,12,0.00,,0.02,,13.0,9.2,,,9.0,10.0,11.5,,13.2,31,30,30,,39
2017-01-02 18:00,2017,12,11,0.00,,0.00,,12.8,7.7,,,8.9,10.2,11.5,,13.2,31,30,31,,39
2017-01-02 19:00,2017,13,12,0.00,,0.00,,13.0,8.3,,,9.3,9.8,11.1,,13.2,31,30,31,,39
2017-01-02 20:00,2017,13,13,0.00,,0.00,,11.1,6.9,,,8.8,10.4,11.3,,13.2,29,29,31,,39
2017-01-02 21:00,2017,13,13,0.00,,0.00,,8.5,4.2,,,9.3,10.1,11.6,,13.2,28,29,31,,39
2017-01-02 22:00,2017,14,13,0.00,,0.00,,5.5,2.5,,,8.8,10.1,11.6,,13.2,28,28,31,,39
2017-01-02 23:00,2017,14,14,0.00,,0.00,,8.0,3.8,,,9.1,10.3,11.6,,13.5,27,28,31,,39
2017-01-03 00:00,2017,14,12,0.00,,0.00,,8.2,5.4,,,9.3,10.1,11.1,,13.2,27,28,31,,39
2017-01-03 01:00,2017,13,12,0.00,,0.00,,6.0,3.7,,,9.0,9.6,11.3,,13.2,26,27,31,,39
2017-01-03 02:00,2017,13,12,0.00,,0.00,,6.0,4.2,,,9.3,9.8,11.5,,13.5,26,27,31,,39
2017-01-03 03:00,2017,12,12,0.00,,0.00,,6.8,4.3,,,8.7,10.0,11.5,,13.5,25,26,31,,39
2017-01-03 04:00,2017,12,11,0.00,,0.00,,5.9,4.1,,,8.8,10.0,11.5,,13.2,25,26,30,,39
2017-01-03 05:00,2017,11,11,0.00,,0.00,,4.5,2.3,,,8.8,10.0,11.6,,13.5,25,26,30,,38
2017-01-03 06:00,2017,11,11,0.00,,0.00,,4.1,2.2,,,8.7,9.7,11.3,,13.5,24,26,30,,38
2017-01-03 07:00,2017,11,11,0.00,,4.95,,4.4,2.8,,,8.9,9.7,11.5,,13.5,24,25,30,,38
2017-01-03 08:00,2017,12,11,0.00,,40.31,,5.9,3.8,,,8.9,9.8,11.5,,13.5,24,25,30,,38
2017-01-03 09:00,2017,14,12,0.00,,143.30,,7.4,4.6,,,8.9,9.8,11.0,,13.5,24,25,30,,38
2017-01-03 10:00,2017,15,14,0.00,,232.90,,8.4,4.5,,,8.9,9.8,11.4,,13.5,25,25,29,,38
2017-01-03 11:00,2017,16,14,0.00,,227.90,,9.0,5.4,,,8.7,9.7,11.4,,13.5,25,25,29,,38
2017-01-03 12:00,2017,16,14,0.00,,265.80,,7.6,3.9,,,8.7,10.0,11.4,,13.5,26,26,29,,38
2017-01-03 13:00,2017,16,15,0.00,,243.60,,7.9,4.2,,,9.1,9.6,11.4,,13.5,27,26,29,,38
2017-01-03 14:00,2017,16,15,0.00,,185.60,,7.4,4.1,,,8.9,9.8,11.4,,13.5,28,27,29,,38
2017-01-03 15:00,2017,16,15,0.00,,64.16,,6.4,3.2,,,9.1,10.1,11.4,,13.5,28,27,29,,38
2017-01-03 16:00,2017,15,14,0.00,,11.33,,5.3,3.1,,,9.1,9.9,11.4,,13.5,28,28,29,,38
2017-01-03 17:00,2017,14,12,0.00,,0.00,,9.1,5.4,,,9.1,9.9,11.0,,13.5,28,28,30,,38
2017-01-03 18:00,2017,12,11,0.00,,0.00,,8.9,5.2,,,9.3,10.1,11.5,,13.5,27,28,30,,38
2017-01-03 19:00,2017,11,10,0.00,,0.00,,8.7,6.0,,,9.1,10.1,11.5,,13.5,27,27,30,,38
2017-01-03 20:00,2017,10,9,0.00,,0.00,,8.2,5.8,,,8.7,9.8,11.5,,13.5,26,27,30,,38
2017-01-03 21:00,2017,10,9,0.00,,0.00,,5.1,2.7,,,8.8,10.0,11.5,,13.5,26,27,30,,38
2017-01-03 22:00,2017,10,10,0.00,,0.00,,4.5,2.8,,,8.8,9.6,11.5,,13.5,25,26,30,,38
2017-01-03 23:00,2017,10,10,0.00,,0.00,,4.4,2.1,,,8.7,9.8,11.0,,13.5,25,26,30,,38
2017-01-04 00:00,2017,10,10,0.00,,0.00,,5.7,2.3,,,8.9,10.1,11.0,,13.5,25,26,30,,38
2017-01-04 01:00,2017,10,9,0.00,,0.00,,8.0,4.5,,,8.9,9.7,11.3,,13.5,24,26,30,,38
2017-01-04 02:00,2017,9,6,0.00,,0.00,,8.0,4.6,,,8.5,9.8,11.4,,13.5,24,25,29,,38
2017-01-04 03:00,2017,6,5,0.00,,0.00,,8.0,5.7,,,8.5,9.8,11.4,,13.5,24,25,29,,38
2017-01-04 04:00,2017,5,5,0.00,,0.00,,7.3,5.0,,,8.7,9.9,11.4,,13.5,24,25,29,,38
2017-01-04 05:00,2017,5,5,0.00,,0.00,,6.3,4.7,,,8.4,9.9,11.6,,13.8,23,25,29,,38
2017-01-04 06:00,2017,5,5,0.00,,0.00,,5.3,3.3,,,8.4,10.1,11.6,,13.8,23,24,29,,38
2017-01-04 07:00,2017,5,5,0.00,,7.81,,5.5,3.7,,,8.4,9.6,11.3,,13.5,23,24,29,,38
2017-01-04 08:00,2017,5,5,0.00,,53.63,,5.9,3.6,,,8.4,9.6,11.3,,13.5,23,24,29,,38
2017-01-04 09:00,2017,6,5,0.00,,81.80,,4.6,3.0,,,8.8,9.6,11.4,,13.5,23,24,29,,38
2017-01-04 10:00,2017,7,6,0.00,,129.90,,4.7,3.2,,,8.4,9.6,11.4,,13.5,24,24,29,,38
2017-01-04 11:00,2017,9,7,0.00,,177.80,,10.6,6.7,,,8.8,9.6,11.4,,13.5,24,24,29,,38
2017-01-04 12:00,2017,9,8,0.00,,217.20,,14.4,8.7,,,8.6,9.9,11.4,,13.5,24,25,29,,38
2017-01-04 13:00,2017,8,6,0.00,,169.90,,19.2,13.6,,,8.8,9.9,11.4,,13.5,25,25,29,,38
2017-01-04 14:00,2017,6,5,0.00,,128.80,,19.9,13.5,,,8.5,9.9,10.9,,13.5,25,25,29,,38
2017-01-04 15:00,2017,5,4,0.00,,69.71,,16.8,12.2,,,8.2,9.8,11.4,,13.5,25,25,29,,38
2017-01-04 16:00,2017,4,3,0.00,,11.50,,18.5,13.4,,,8.6,9.8,10.9,,13.5,25,25,29,,38
2017-01-04 17:00,2017,4,4,0.00,,0.00,,15.9,10.7,,,8.6,9.7,11.4,,13.5,25,26,29,,38
2017-01-04 18:00,2017,4,3,0.00,,0.00,,15.2,10.8,,,9.2,9.7,11.4,,13.5,26,26,29,,38
2017-01-04 19:00,2017,3,2,0.00,,0.00,,12.9,9.5,,,9.2,9.7,11.4,,13.5,26,26,29,,38
2017-01-04 20:00,2017,2,2,0.00,,0.00,,11.0,6.8,,,8.7,9.7,11.4,,13.5,26,26,29,,38
2017-01-04 21:00,2017,2,2,0.00,,0.00,,7.6,3.8,,,9.0,9.7,11.4,,13.5,26,26,29,,38
2017-01-04 22:00,2017,2,1,0.00,,0.00,,13.9,9.3,,,9.0,9.7,11.4,,13.5,26,26,29,,38
2017-01-04 23:00,2017,2,1,0.00,,0.00,,12.1,8.5,,,9.0,10.1,11.4,,13.5,26,26,29,,38
2017-01-05 00:00,2017,2,1,0.00,,0.00,,11.8,8.8,,,9.0,10.0,11.4,,13.5,26,26,29,,38
2017-01-05 01:00,2017,1,1,0.00,,0.00,,14.2,8.3,,,9.0,10.0,11.3,,13.5,26,26,29,,38
2017-01-05 02:00,2017,2,1,0.00,,0.00,,16.4,11.2,,,9.0,10.0,11.3,,13.5,26,26,29,,38
2017-01-05 03:00,2017,2,2,0.00,,0.00,,18.5,12.9,,,9.0,10.0,11.3,,13.5,26,26,29,,38
2017-01-05 04:00,2017,2,1,0.00,,0.01,,20.0,15.6,,,8.7,10.0,11.3,,13.5,26,26,29,,38
2017-01-05 05:00,2017,1,0,0.00,,0.02,,19.0,14.8,,,8.7,10.0,11.3,,13.7,26,26,29,,38
2017-01-05 06:00,2017,0,-1,0.00,,0.01,,18.4,12.8,,,9.0,10.0,11.3,,13.7,26,26,29,,38
2017-01-05 07:00,2017,-1,-2,0.00,,12.38,,16.7,12.6,,,8.8,10.0,11.3,,13.5,26,26,29,,38
2017-01-05 08:00,2017,-1,-3,0.00,,114.10,,16.4,12.1,,,8.8,9.8,11.6,,13.7,26,26,29,,38
2017-01-05 09:00,2017,-1,-1,0.00,,184.60,,15.2,12.1,,,8.8,10.0,11.3,,13.7,26,26,29,,38
2017-01-05 10:00,2017,2,-1,0.00,,374.00,,13.8,7.6,,,8.8,9.8,11.3,,13.7,26,26,29,,38
2017-01-05 11:00,2017,4,1,0.00,,400.80,,8.3,4.6,,,8.9,9.8,11.3,,13.7,26,26,29,,38
2017-01-05 12:00,2017,1,0,0.00,,354.10,,9.6,5.3,,,9.2,9.6,11.6,,13.2,26,27,29,,38
2017-01-05 13:00,2017,1,-3,0.00,,304.50,,6.6,4.5,,,9.2,9.6,11.6,,13.7,26,27,29,,38
2017-01-05 14:00,2017,-2,-3,0.00,,265.00,,7.4,4.6,,,9.2,9.8,11.6,,13.7,26,27,29,,38
2017-01-05 15:00,2017,-3,-8,0.00,,122.30,,8.5,5.5,,,8.9,9.6,11.3,,13.7,26,27,29,,38
2017-01-05 16:00,2017,-3,-9,0.00,,16.19,,6.5,3.5,,,8.9,10.0,11.6,,13.9,26,27,29,,38
2017-01-05 17:00,2017,-6,-16,0.00,,0.02,,9.9,6.9,,,9.2,10.0,11.4,,13.2,27,27,29,,38
2017-01-05 18:00,2017,-14,-16,0.00,,0.00,,8.9,6.5,,,9.2,10.0,11.4,,13.7,27,27,29,,38
2017-01-05 19:00,2017,-13,-16,0.00,,0.03,,10.2,7.2,,,9.2,10.0,11.4,,13.0,27,27,29,,38
2017-01-05 20:00,2017,-13,-16,0.00,,0.09,,8.9,4.7,,,9.2,10.0,11.4,,13.7,27,27,29,,38
2017-01-05 21:00,2017,-13,-17,0.00,,0.04,,10.1,5.9,,,9.2,10.0,11.4,,13.7,27,27,29,,38
2017-01-05 22:00,2017,-17,-18,0.00,,0.03,,10.0,8.3,,,9.2,10.0,11.4,,13.2,27,27,29,,38
2017-01-05 23:00,2017,-15,-19,0.00,,0.01,,12.1,8.3,,,9.2,10.0,11.4,,13.0,27,27,29,,38
2017-01-06 00:00,2017,-17,-21,0.00,,0.00,,11.6,8.6,,,8.7,10.0,11.4,,13.2,27,27,29,,38
2017-01-06 01:00,2017,-17,-19,0.00,,0.00,,11.3,7.1,,,8.9,10.0,11.4,,13.0,26,27,29,,38
2017-01-06 02:00,2017,-17,-19,0.00,,0.00,,9.8,6.5,,,9.2,10.0,11.4,,13.0,26,27,29,,38
2017-01-06 03:00,2017,-16,-20,0.00,,0.00,,10.1,7.8,,,9.2,10.0,11.4,,13.0,26,27,29,,38
2017-01-06 04:00,2017,-19,-22,0.00,,0.01,,9.5,5.8,,,9.2,10.0,11.4,,13.2,26,27,29,,38
2017-01-06 05:00,2017,-18,-22,0.00,,0.00,,11.8,9.4,,,9.2,10.0,11.4,,13.2,26,27,29,,38
2017-01-06 06:00,2017,-11,-18,0.00,,0.00,,10.4,7.5,,,9.2,10.0,11.4,,13.0,26,27,29,,38
2017-01-06 07:00,2017,-8,-12,0.00,,19.50,,11.6,8.8,,,9.2,10.0,11.4,,13.0,26,27,29,,38
2017-01-06 08:00,2017,-3,-13,0.00,,153.00,,10.0,7.2,,,8.8,9.6,11.4,,13.0,26,27,29,,38
2017-01-06 09:00,2017,3,-7,0.00,,297.30,,9.3,6.7,,,8.8,9.6,11.4,,13.0,26,27,29,,38
2017-01-06 10:00,2017,13,0,0.02,,410.00,,4.8,0.9,,,8.8,9.6,11.4,,13.0,26,27,29,,38
2017-01-06 11:00,2017,15,9,0.04,,470.80,,6.2,2.9,,,9.0,9.8,11.4,,13.0,26,26,29,,38
2017-01-06 12:00,2017,16,13,0.04,,475.80,,5.9,2.9,,,8.4,9.6,11.4,,13.0,26,26,29,,38
2017-01-06 13:00,2017,15,13,0.00,,422.40,,8.4,4.0,,,8.7,9.8,11.6,,13.2,26,26,29,,38
2017-01-06 14:00,2017,21,15,0.00,,320.20,,4.7,1.9,,,9.0,9.8,11.6,,13.2,26,26,29,,38
2017-01-06 15:00,2017,18,14,0.01,,182.60,,5.3,1.7,,,8.7,10.0,11.6,,13.2,26,26,29,,38
2017-01-06 16:00,2017,15,-5,0.00,,32.70,,10.0,4.7,,,9.0,10.0,11.4,,13.0,26,26,29,,38
2017-01-06 17:00,2017,5,-5,0.00,,0.09,,10.1,6.8,,,9.0,10.0,11.6,,13.2,26,26,29,,38
2017-01-06 18:00,2017,4,-4,0.00,,0.00,,10.7,8.2,,,8.7,10.0,11.6,,13.0,26,26,29,,38
2017-01-06 19:00,2017,-1,-5,0.00,,0.00,,11.5,7.8,,,9.0,10.0,11.4,,13.0,26,26,29,,38
2017-01-06 20:00,2017,1,-5,0.00,,0.00,,12.2,7.4,,,9.0,10.0,11.6,,13.0,26,26,29,,38
2017-01-06 21:00,2017,-2,-7,0.00,,0.03,,11.3,7.2,,,9.0,10.0,11.4,,13.2,26,26,29,,38
2017-01-06 22:00,2017,-3,-7,0.00,,0.06,,12.9,5.1,,,9.0,9.6,11.4,,13.0,26,26,29,,38
2017-01-06 23:00,2017,6,-7,0.00,,0.08,,12.1,6.8,,,9.0,10.0,11.6,,13.3,26,26,29,,38
2017-01-07 00:00,2017,11,5,0.00,,0.10,,12.6,5.0,,,8.7,9.6,11.6,,13.5,26,26,29,,38
2017-01-07 01:00,2017,11,-1,0.00,,0.08,,9.8,6.3,,,9.0,10.0,11.4,,13.3,26,26,29,,38
2017-01-07 02:00,2017,2,-3,0.00,,0.08,,11.0,7.7,,,9.0,9.8,11.4,,13.2,26,26,29,,38
2017-01-07 03:00,2017,2,1,0.00,,0.04,,13.4,8.1,,,9.0,9.6,11.6,,13.0,26,26,29,,38
2017-01-07 04:00,2017,2,-1,0.00,,0.05,,11.7,7.8,,,9.0,10.0,11.4,,13.3,26,26,29,,38
2017-01-07 05:00,2017,3,1,0.00,,0.08,,12.1,7.1,,,8.7,10.0,11.6,,13.3,26,26,29,,38
2017-01-07 06:00,2017,4,-3,0.00,,0.11,,10.0,4.6,,,9.0,10.0,11.6,,13.5,26,26,29,,38
2017-01-07 07:00,2017,-2,-5,0.00,,21.60,,8.8,5.8,,,9.0,10.0,11.6,,13.5,26,26,29,,38
2017-01-07 08:00,2017,3,-2,0.00,,154.20,,8.4,4.9,,,9.0,10.0,11.6,,13.5,26,26,29,,38
2017-01-07 09:00,2017,8,1,0.00,,293.30,,8.1,5.8,,,9.0,10.0,11.6,,13.3,26,26,29,,38
2017-01-07 10:00,2017,14,8,0.00,,407.10,,8.4,4.3,,,8.7,10.0,11.6,,13.5,26,26,29,,38
2017-01-07 11:00,2017,21,14,0.00,,430.90,,4.3,2.0,,,9.0,10.0,11.6,,13.3,26,26,29,,38
2017-01-07 12:00,2017,23,19,0.00,,452.10,,2.4,0.8,,,9.0,10.0,11.6,,13.5,26,26,29,,38
2017-01-07 13:00,2017,23,19,0.00,,379.40,,3.9,1.4,,,9.0,10.0,11.3,,13.3,26,26,29,,38
2017-01-07 14:00,2017,19,16,0.00,,293.40,,4.8,3.7,,,9.0,10.0,11.3,,13.5,26,26,29,,38
2017-01-07 15:00,2017,16,7,0.00,,153.70,,5.5,4.2,,,9.0,10.0,11.6,,13.5,26,26,29,,38
2017-01-07 16:00,2017,7,3,0.00,,17.58,,5.7,4.5,,,9.0,10.0,11.3,,13.3,26,26,29,,38
2017-01-07 17:00,2017,3,-1,0.00,,0.05,,10.1,6.0,,,9.0,10.0,11.6,,13.5,26,26,29,,38
2017-01-07 18:00,2017,2,-1,0.00,,0.00,,9.5,7.6,,,9.0,10.0,11.6,,13.5,26,26,29,,38
2017-01-07 19:00,2017,8,2,0.00,,0.00,,8.8,5.6,,,9.0,10.0,11.6,,13.5,26,26,29,,38
2017-01-07 20:00,2017,9,8,0.00,,0.00,,7.4,2.9,,,9.0,9.8,11.6,,13.5,26,26,29,,38
2017-01-07 21:00,2017,13,9,0.00,,0.00,,4.1,2.6,,,9.0,10.0,11.6,,13.3,26,26,29,,38
2017-01-07 22:00,2017,15,13,0.00,,0.00,,6.8,3.0,,,9.0,9.8,11.6,,13.3,26,26,29,,38
2017-01-07 23:00,2017,16,15,0.00,,0.00,,6.4,1.4,,,9.0,10.0,11.6,,13.5,26,26,29,,38
2017-01-08 00:00,2017,17,12,0.00,,0.00,,14.3,4.0,,,9.0,10.0,11.6,,13.3,26,26,29,,38
2017-01-08 01:00,2017,16,12,0.00,,0.00,,7.6,2.4,,,9.0,9.6,11.6,,13.3,26,26,29,,38
2017-01-08 02:00,2017,18,14,0.00,,0.00,,8.8,3.0,,,9.0,9.8,11.3,,13.5,26,26,29,,38
2017-01-08 03:00,2017,31,15,0.00,,0.00,,18.0,8.6,,,9.0,9.6,11.6,,13.5,26,26,29,,38
2017-01-08 04:00,2017,38,31,0.01,,0.00,,26.1,16.6,,,9.0,9.6,11.6,,13.3,26,26,29,,38
2017-01-08 05:00,2017,37,35,0.00,,0.00,,20.4,14.4,,,9.0,9.6,11.6,,13.3,26,26,29,,38
2017-01-08 06:00,2017,37,35,0.00,,0.00,,17.6,12.3,,,9.0,9.6,11.6,,13.5,26,26,29,,38
2017-01-08 07:00,2017,38,35,0.00,,11.93,,17.6,12.9,,,8.8,10.0,11.6,,13.3,26,27,29,,38
2017-01-08 08:00,2017,40,36,0.00,,67.30,,22.7,16.5,,,8.8,9.6,11.6,,13.5,26,27,29,,37
2017-01-08 09:00,2017,40,38,0.00,,208.30,,21.0,12.2,,,8.8,9.6,11.6,,13.5,27,27,29,,38
2017-01-08 10:00,2017,44,38,0.00,,339.20,,19.8,13.3,,,8.8,10.0,11.6,,13.5,27,27,29,,38
2017-01-08 11:00,2017,45,43,0.00,,390.00,,19.8,12.6,,,9.2,10.0,11.6,,13.5,27,27,29,,38
2017-01-08 12:00,2017,48,45,0.00,,415.50,,19.6,11.1,,,9.2,10.0,11.6,,13.3,27,27,29,,37
2017-01-08 13:00,2017,49,47,0.00,,462.70,,18.4,5.2,,,9.2,9.8,11.6,,13.3,27,27,29,,38
2017-01-08 14:00,2017,47,42,0.00,,228.60,,7.8,4.8,,,9.0,9.8,11.6,,13.3,27,27,29,,37
2017-01-08 15:00,2017,43,41,0.00,,158.70,,8.9,3.3,,,9.0,9.8,11.4,,13.3,27,27,29,,37
2017-01-08 16:00,2017,42,37,0.00,,24.90,,5.3,2.0,,,9.0,9.8,11.4,,13.3,28,27,29,,37
2017-01-08 17:00,2017,37,33,0.00,,0.04,,8.7,3.9,,,8.7,10.1,11.4,,13.5,28,27,29,,37
2017-01-08 18:00,2017,35,33,0.00,,0.06,,7.2,4.3,,,8.7,10.1,11.4,,13.1,28,28,29,,37
2017-01-08 19:00,2017,35,34,0.00,,0.14,,5.6,4.1,,,8.8,10.1,11.4,,13.5,28,28,29,,37
2017-01-08 20:00,2017,35,33,0.00,,0.11,,5.2,1.8,,,9.4,9.9,11.4,,13.5,28,28,29,,37
2017-01-08 21:00,2017,36,34,0.00,,0.09,,8.3,4.5,,,9.2,9.9,11.4,,13.5,28,28,29,,37
2017-01-08 22:00,2017,38,34,0.00,,0.04,,9.7,3.6,,,9.2,10.3,11.3,,13.5,28,28,29,,37
2017-01-08 23:00,2017,35,31,0.00,,0.03,,7.6,4.0,,,9.2,10.1,11.3,,13.5,28,28,30,,37
2017-01-09 00:00,2017,31,27,0.00,,0.01,,7.0,4.2,,,9.2,10.1,11.0,,13.5,28,28,30,,37
2017-01-09 01:00,2017,28,26,0.00,,0.00,,10.0,5.5,,,9.2,10.1,11.5,,13.5,28,28,30,,37
2017-01-09 02:00,2017,29,25,0.00,,0.00,,10.0,3.2,,,9.2,10.1,11.5,,13.5,28,28,30,,37
2017-01-09 03:00,2017,26,22,0.00,,0.00,,9.1,2.6,,,9.2,10.1,11.5,,13.1,28,28,30,,37
2017-01-09 04:00,2017,27,22,0.00,,0.00,,8.9,3.4,,,9.2,9.9,11.5,,13.2,29,28,30,,37
2017-01-09 05:00,2017,33,26,0.00,,0.00,,10.8,3.1,,,9.0,10.4,11.3,,13.7,29,28,30,,37
2017-01-09 06:00,2017,47,28,0.00,,0.00,,16.5,5.7,,,9.0,10.4,11.3,,13.7,29,28,30,,37
2017-01-09 07:00,2017,48,46,0.00,,10.27,,25.0,16.0,,,9.2,10.1,11.3,,13.5,29,28,30,,37
2017-01-09 08:00,2017,50,47,0.00,,120.50,,21.7,15.1,,,9.0,10.1,11.6,,13.3,29,28,30,,37
2017-01-09 09:00,2017,51,49,0.00,,148.00,,26.0,17.2,,,9.0,10.1,11.3,,13.2,29,28,30,,37
2017-01-09 10:00,2017,49,48,0.00,,205.00,,24.1,16.5,,,9.0,10.1,11.3,,13.2,29,28,30,,37
2017-01-09 11:00,2017,49,47,0.00,,239.50,,24.9,15.6,,,9.0,10.1,11.6,,13.5,29,29,30,,37
2017-01-09 12:00,2017,50,47,0.00,,333.50,,28.9,18.6,,,9.5,10.1,11.5,,13.2,29,29,30,,37
2017-01-09 13:00,2017,50,48,0.00,,256.00,,27.0,17.0,,,8.9,9.9,11.6,,13.5,29,29,30,,37
2017-01-09 14:00,2017,48,47,0.00,,158.00,,18.3,12.5,,,9.5,9.9,11.5,,13.7,30,29,30,,37
2017-01-09 15:00,2017,47,46,0.00,,107.40,,19.9,12.7,,,9.7,10.2,11.5,,13.5,31,29,31,,37
2017-01-09 16:00,2017,47,44,0.00,,16.62,,18.6,11.8,,,9.4,9.8,11.3,,13.7,32,30,31,,37
2017-01-09 17:00,2017,45,42,0.00,,0.06,,14.9,7.6,,,9.5,10.0,11.6,,13.2,32,30,31,,37
2017-01-09 18:00,2017,44,42,0.00,,0.03,,20.8,13.1,,,11.1,10.3,11.5,,13.5,32,31,31,,37
2017-01-09 19:00,2017,44,42,0.00,,0.06,,17.7,11.3,,,14.9,10.2,11.8,,13.2,32,31,31,,37
2017-01-09 20:00,2017,44,42,0.00,,0.09,,17.5,10.2,,,17.6,10.5,11.7,,13.7,32,31,32,,37
2017-01-09 21:00,2017,44,39,0.00,,0.12,,27.8,15.1,,,18.8,10.4,11.7,,13.7,32,31,32,,37
2017-01-09 22:00,2017,39,37,0.00,,0.11,,23.0,9.3,,,19.4,10.4,11.5,,13.2,32,31,32,,37
2017-01-09 23:00,2017,39,39,0.00,,0.08,,37.4,22.6,,,20.4,10.1,11.5,,13.5,32,31,32,,37
2017-01-10 00:00,2017,39,38,0.03,,0.09,,44.3,26.0,,,20.6,10.1,11.5,,13.2,32,31,32,,37
2017-01-10 01:00,2017,38,37,0.02,,0.09,,43.5,29.9,,,20.6,10.6,11.5,,13.2,32,31,32,,37
2017-01-10 02:00,2017,37,35,0.00,,0.10,,33.0,21.5,,,21.3,10.6,11.5,,13.0,32,31,32,,37
2017-01-10 03:00,2017,35,34,0.00,,0.08,,33.2,21.6,,,21.3,10.4,11.5,,13.2,32,31,32,,37
2017-01-10 04:00,2017,34,32,0.00,,0.13,,30.3,18.1,,,21.6,10.4,11.5,,13.2,32,31,32,,37
2017-01-10 05:00,2017,33,32,0.00,,0.10,,27.5,18.0,,,21.2,10.4,11.8,,13.5,32,32,32,,37
2017-01-10 06:00,2017,32,27,0.00,,0.07,,25.1,12.1,,,21.2,10.4,11.8,,13.2,32,32,32,,37
2017-01-10 07:00,2017,30,23,0.00,,18.10,,9.4,5.8,,,21.2,10.4,11.8,,13.2,32,32,32,,37
2017-01-10 08:00,2017,37,30,0.00,,150.50,,6.7,3.1,,,21.2,10.4,11.8,,13.5,32,32,32,,37
2017-01-10 09:00,2017,40,37,0.00,,289.70,,15.1,8.0,,,21.9,10.4,11.8,,13.5,32,32,33,,37
2017-01-10 10:00,2017,45,39,0.00,,355.40,,25.9,15.0,,,21.2,10.4,11.8,,13.2,32,32,33,,37
2017-01-10 11:00,2017,46,45,0.00,,447.70,,26.3,18.9,,,21.6,10.4,11.7,,13.2,32,32,33,,37
2017-01-10 12:00,2017,46,45,0.00,,458.20,,30.4,17.6,,,21.9,10.4,11.7,,13.5,32,32,33,,37
2017-01-10 13:00,2017,46,46,0.00,,378.20,,25.6,16.3,,,21.9,10.4,11.4,,13.5,32,32,33,,37
2017-01-10 14:00,2017,46,45,0.00,,236.70,,20.5,12.8,,,22.3,10.3,11.7,,13.2,32,32,33,,37
2017-01-10 15:00,2017,45,44,0.00,,129.90,,19.9,8.5,,,22.1,10.3,11.4,,13.5,32,32,33,,37
2017-01-10 16:00,2017,45,36,0.00,,33.39,,10.6,4.4,,,22.5,10.3,11.4,,13.7,32,32,33,,37
2017-01-10 17:00,2017,41,36,0.00,,0.11,,17.1,6.3,,,23.3,10.3,11.4,,13.2,32,32,33,,37
2017-01-10 18:00,2017,41,35,0.00,,0.07,,7.4,3.4,,,23.1,10.1,11.7,,13.5,32,32,33,,37
2017-01-10 19:00,2017,37,33,0.00,,0.16,,6.4,3.3,,,23.3,10.4,11.4,,13.7,32,32,33,,37
2017-01-10 20:00,2017,40,31,0.00,,0.06,,15.3,3.5,,,23.3,10.4,11.4,,13.0,32,32,33,,37
2017-01-10 21:00,2017,40,34,0.00,,0.00,,9.8,3.0,,,23.4,10.3,11.4,,13.7,32,32,33,,37
2017-01-10 22:00,2017,34,31,0.00,,0.00,,6.3,1.5,,,23.2,10.4,11.4,,13.2,32,32,33,,37
2017-01-10 23:00,2017,38,30,0.00,,0.00,,6.5,2.1,,,22.8,10.1,11.4,,13.2,32,32,33,,37
2017-01-11 00:00,2017,35,27,0.00,,0.00,,6.2,3.5,,,23.0,10.1,11.4,,13.7,32,32,33,,37
2017-01-11 01:00,2017,43,35,0.00,,0.00,,19.7,6.4,,,22.9,10.3,11.4,,13.2,32,32,33,,37
2017-01-11 02:00,2017,43,42,0.00,,0.02,,22.6,13.0,,,23.1,10.4,11.4,,13.2,32,32,33,,37
2017-01-11 03:00,2017,42,40,0.00,,0.04,,19.7,9.7,,,23.1,10.4,11.4,,13.2,32,32,33,,37
2017-01-11 04:00,2017,42,40,0.00,,0.11,,15.8,10.0,,,22.9,10.4,11.9,,13.2,32,32,33,,37
2017-01-11 05:00,2017,41,38,0.00,,0.12,,15.7,6.8,,,23.0,10.4,11.9,,13.5,32,32,33,,37
2017-01-11 06:00,2017,41,38,0.00,,0.15,,13.2,6.4,,,23.0,10.4,11.9,,13.7,32,32,33,,37
2017-01-11 07:00,2017,40,39,0.00,,20.66,,13.2,4.8,,,22.6,10.4,11.9,,13.2,32,32,33,,37
2017-01-11 08:00,2017,43,40,0.00,,180.30,,9.0,3.5,,,22.6,10.4,11.9,,13.5,32,32,33,,37
2017-01-11 09:00,2017,44,38,0.00,,269.70,,13.5,7.6,,,22.4,10.4,11.9,,13.5,32,32,33,,37
2017-01-11 10:00,2017,40,32,0.00,,179.10,,14.2,8.4,,,22.6,10.4,11.9,,13.5,32,32,33,,37
2017-01-11 11:00,2017,32,30,0.00,,184.40,,15.7,11.0,,,22.6,10.4,11.9,,13.2,32,32,33,,37
2017-01-11 12:00,2017,31,28,0.00,,275.70,,16.4,11.3,,,22.6,10.4,11.4,,13.2,32,32,33,,37
2017-01-11 13:00,2017,30,27,0.00,,390.40,,14.2,10.1,,,22.7,10.4,12.2,,13.7,32,32,33,,37
2017-01-11 14:00,2017,27,24,0.00,,175.30,,11.5,6.8,,,22.1,10.4,11.9,,13.2,32,32,33,,37
2017-01-11 15:00,2017,24,22,0.00,,61.44,,7.9,4.5,,,22.3,10.4,11.9,,13.3,32,32,33,,37
2017-01-11 16:00,2017,22,21,0.00,,14.15,,15.4,7.1,,,22.5,10.4,11.9,,13.7,32,32,33,,37
2017-01-11 17:00,2017,21,18,0.00,,0.11,,11.5,5.5,,,22.3,10.4,11.9,,13.7,32,32,33,,37
2017-01-11 18:00,2017,20,18,0.00,,0.00,,11.2,6.5,,,22.3,10.4,11.7,,13.2,32,32,33,,37
2017-01-11 19:00,2017,20,20,0.00,,0.00,,9.0,3.2,,,22.3,10.4,11.9,,13.7,32,32,33,,37
2017-01-11 20:00,2017,20,17,0.00,,0.00,,11.1,4.4,,,22.3,10.3,11.7,,13.5,32,32,33,,37
2017-01-11 21:00,2017,18,17,0.00,,0.00,,9.1,4.5,,,22.7,10.4,11.9,,13.7,32,32,33,,37
2017-01-11 22:00,2017,19,16,0.00,,0.00,,8.7,5.1,,,22.7,10.4,11.7,,13.7,32,32,33,,37
2017-01-11 23:00,2017,30,19,0.00,,0.00,,12.5,8.2,,,22.7,10.4,11.7,,13.3,32,32,33,,37
2017-01-12 00:00,2017,32,29,0.00,,0.00,,12.2,7.8,,,22.7,10.4,11.7,,13.7,32,32,33,,37
2017-01-12 01:00,2017,32,26,0.00,,0.00,,13.4,8.5,,,22.9,10.4,11.7,,13.7,32,32,33,,37
2017-01-12 02:00,2017,28,26,0.00,,0.00,,12.3,8.2,,,22.9,10.4,11.7,,13.5,32,32,33,,37
2017-01-12 03:00,2017,33,28,0.00,,0.00,,15.6,10.3,,,22.3,10.4,11.7,,13.3,32,32,33,,37
2017-01-12 04:00,2017,33,27,0.00,,0.00,,15.9,10.5,,,22.5,10.4,11.7,,13.3,32,32,33,,37
2017-01-12 05:00,2017,30,23,0.00,,0.00,,16.1,9.7,,,22.6,10.4,11.7,,13.7,32,32,33,,38
2017-01-12 06:00,2017,30,28,0.00,,0.00,,16.0,10.5,,,22.4,10.4,11.7,,13.5,32,32,33,,38
2017-01-12 07:00,2017,30,23,0.00,,11.74,,11.4,5.2,,,22.6,10.4,11.7,,13.5,32,32,33,,38
2017-01-12 08:00,2017,31,25,0.00,,118.50,,6.6,1.6,,,22.5,10.4,11.7,,13.5,32,32,33,,38
2017-01-12 09:00,2017,34,30,0.00,,196.40,,13.4,5.6,,,22.1,10.4,11.7,,13.5,32,32,33,,38
2017-01-12 10:00,2017,32,25,0.00,,242.40,,20.4,13.6,,,21.8,10.4,11.7,,13.5,32,32,33,,38
2017-01-12 11:00,2017,25,23,0.00,,232.80,,24.1,15.3,,,22.1,10.4,11.7,,13.5,32,32,33,,38
2017-01-12 12:00,2017,24,23,0.00,,195.90,,14.5,10.8,,,22.1,10.4,11.7,,13.5,32,32,33,,38
2017-01-12 13:00,2017,24,23,0.00,,167.10,,12.6,6.9,,,21.5,10.4,11.7,,13.3,32,32,33,,38
2017-01-12 14:00,2017,24,23,0.00,,97.60,,8.5,5.3,,,21.7,10.4,11.7,,13.3,32,32,33,,38
2017-01-12 15:00,2017,24,23,0.00,,76.00,,7.7,4.4,,,21.7,10.4,11.7,,13.3,32,32,33,,38
2017-01-12 16:00,2017,23,22,0.00,,14.36,,7.9,5.3,,,21.7,10.4,11.7,,13.5,32,32,33,,38
2017-01-12 17:00,2017,22,19,0.00,,0.08,,11.0,6.0,,,21.3,10.3,11.7,,13.5,32,32,33,,38
2017-01-12 18:00,2017,19,17,0.00,,0.00,,10.6,7.0,,,21.5,10.3,11.7,,13.3,32,32,33,,38
2017-01-12 19:00,2017,17,15,0.00,,0.00,,10.6,7.3,,,21.2,10.4,11.7,,13.3,32,32,33,,38
2017-01-12 20:00,2017,15,15,0.00,,0.00,,10.4,5.2,,,21.1,10.4,11.7,,13.5,32,32,33,,38
2017-01-12 21:00,2017,16,15,0.00,,0.00,,6.0,4.3,,,20.6,10.4,11.7,,13.3,32,32,33,,38
2017-01-12 22:00,2017,16,16,0.00,,0.00,,7.3,4.8,,,20.3,10.4,11.7,,13.3,32,32,33,,38
2017-01-12 23:00,2017,16,15,0.00,,0.00,,10.7,6.9,,,19.2,10.4,11.7,,13.5,32,32,33,,38
2017-01-13 00:00,2017,16,15,0.00,,0.00,,10.1,6.1,,,18.3,10.4,11.7,,13.5,32,32,33,,38
2017-01-13 01:00,2017,16,15,0.00,,0.00,,5.2,2.0,,,17.3,10.3,11.7,,13.3,31,32,33,,38
2017-01-13 02:00,2017,16,16,0.00,,0.00,,6.2,3.1,,,16.7,10.4,11.7,,13.5,31,32,33,,38
2017-01-13 03:00,2017,16,15,0.00,,0.00,,8.9,5.2,,,16.0,10.4,11.7,,13.5,31,32,33,,38
2017-01-13 04:00,2017,15,13,0.00,,0.00,,5.8,2.6,,,16.0,10.4,11.7,,13.5,31,32,33,,38
2017-01-13 05:00,2017,15,13,0.00,,0.00,,4.1,1.9,,,16.1,10.4,11.7,,13.3,31,32,33,,38
2017-01-13 06:00,2017,15,11,0.00,,0.00,,5.2,1.8,,,15.8,10.4,11.7,,13.3,31,32,33,,38
2017-01-13 07:00,2017,15,11,0.00,,9.00,,6.2,2.3,,,15.1,10.6,11.7,,13.5,31,32,33,,38
2017-01-13 08:00,2017,18,14,0.00,,121.00,,6.8,3.3,,,15.1,10.6,11.7,,13.5,31,31,33,,38
2017-01-13 09:00,2017,23,18,0.00,,214.60,,7.9,4.8,,,15.3,10.6,11.7,,13.3,31,31,33,,38
2017-01-13 10:00,2017,28,23,0.00,,324.20,,5.8,3.8,,,14.7,10.1,11.7,,13.5,31,31,33,,38
2017-01-13 11:00,2017,35,28,0.00,,299.90,,6.5,2.4,,,15.0,10.1,11.7,,13.3,31,31,33,,38
2017-01-13 12:00,2017,36,35,0.00,,284.80,,5.4,2.3,,,15.5,10.6,11.7,,13.5,31,31,33,,38
2017-01-13 13:00,2017,40,36,0.00,,403.40,,6.8,2.3,,,15.4,10.6,11.7,,13.5,31,31,33,,38
2017-01-13 14:00,2017,40,39,0.00,,296.70,,6.2,2.6,,,15.6,10.6,11.7,,13.3,31,31,33,,38
2017-01-13 15:00,2017,40,38,0.00,,111.10,,5.1,2.0,,,15.6,10.6,11.7,,13.3,32,31,33,,38
2017-01-13 16:00,2017,38,32,0.00,,53.82,,6.8,4.5,,,15.7,10.4,11.7,,13.3,32,32,33,,38
2017-01-13 17:00,2017,32,28,0.00,,0.21,,5.3,2.6,,,15.9,10.4,11.7,,13.5,32,32,33,,38
2017-01-13 18:00,2017,28,25,0.00,,0.12,,4.1,2.3,,,16.1,10.2,11.7,,13.3,32,32,33,,38
2017-01-13 19:00,2017,28,27,0.00,,0.05,,4.4,2.9,,,16.1,10.2,11.7,,13.3,32,32,33,,38
2017-01-13 20:00,2017,29,28,0.00,,0.01,,4.0,2.3,,,16.6,10.2,11.7,,13.5,32,32,33,,38
2017-01-13 21:00,2017,29,28,0.00,,0.00,,3.2,1.6,,,16.3,10.2,11.7,,13.3,32,32,33,,38
2017-01-13 22:00,2017,29,28,0.00,,0.00,,1.7,0.2,,,16.3,10.2,11.7,,13.3,32,32,33,,38
2017-01-13 23:00,2017,29,29,0.00,,0.00,,3.5,1.6,,,16.1,10.1,11.7,,13.3,32,32,33,,38
2017-01-14 00:00,2017,29,27,0.00,,0.00,,4.6,2.2,,,16.5,10.4,11.7,,13.5,32,32,33,,38
2017-01-14 01:00,2017,27,24,0.00,,0.00,,5.2,3.3,,,16.5,10.1,11.7,,13.5,32,32,33,,38
2017-01-14 02:00,2017,24,23,0.00,,0.00,,6.0,3.8,,,16.5,10.4,11.7,,13.5,32,32,33,,38
2017-01-14 03:00,2017,23,21,0.00,,0.00,,6.0,3.3,,,16.1,10.4,11.7,,13.3,32,32,33,,38
2017-01-14 04:00,2017,21,20,0.00,,0.00,,6.0,3.2,,,16.3,10.4,11.6,,13.3,31,32,33,,38
2017-01-14 05:00,2017,24,20,0.00,,0.00,,7.2,4.0,,,16.1,10.4,11.7,,13.5,31,32,33,,38
2017-01-14 06:00,2017,24,21,0.00,,0.00,,6.7,3.6,,,15.6,10.2,11.7,,13.3,31,31,33,,38
2017-01-14 07:00,2017,27,21,0.00,,19.42,,6.9,4.8,,,15.5,10.2,11.7,,13.3,31,31,33,,38
2017-01-14 08:00,2017,37,27,0.00,,164.50,,7.3,4.3,,,15.5,10.4,11.7,,13.3,31,31,33,,38
2017-01-14 09:00,2017,41,37,0.00,,284.60,,7.6,2.0,,,15.1,10.6,11.7,,13.5,31,31,33,,38
2017-01-14 10:00,2017,42,41,0.00,,400.10,,8.6,4.9,,,15.5,10.6,11.7,,13.0,31,31,33,,38
2017-01-14 11:00,2017,44,42,0.00,,454.10,,7.8,4.3,,,15.5,10.4,11.7,,13.3,31,31,33,,38
2017-01-14 12:00,2017,44,42,0.00,,317.70,,8.0,5.1,,,15.4,10.4,11.7,,13.3,31,31,33,,38
2017-01-14 13:00,2017,43,42,0.00,,376.50,,8.0,4.9,,,15.8,10.2,11.7,,13.3,31,31,33,,38
2017-01-14 14:00,2017,44,43,0.00,,296.30,,7.8,4.3,,,15.5,10.2,11.7,,13.0,32,31,33,,38
2017-01-14 15:00,2017,43,41,0.00,,148.10,,6.4,3.8,,,16.1,10.4,11.7,,13.0,32,31,33,,38
2017-01-14 16:00,2017,41,34,0.00,,36.25,,6.2,3.9,,,16.0,10.4,11.7,,13.0,32,31,33,,38
2017-01-14 17:00,2017,34,31,0.00,,0.23,,4.1,1.4,,,16.0,10.4,11.6,,13.5,32,31,33,,38
2017-01-14 18:00,2017,31,25,0.00,,0.02,,4.4,2.2,,,16.0,10.4,11.7,,13.0,32,32,33,,38
2017-01-14 19:00,2017,25,23,0.00,,0.10,,5.1,3.8,,,16.6,10.4,11.6,,13.2,32,32,33,,38
2017-01-14 20:00,2017,23,22,0.00,,0.01,,5.6,3.0,,,16.3,10.4,11.6,,13.2,32,32,33,,38
2017-01-14 21:00,2017,26,21,0.00,,0.00,,6.2,4.3,,,16.5,10.4,11.6,,13.0,32,32,33,,38
2017-01-14 22:00,2017,29,26,0.00,,0.00,,5.4,2.9,,,16.7,10.4,11.6,,13.0,32,32,33,,38
2017-01-14 23:00,2017,29,28,0.00,,0.00,,3.3,0.6,,,16.9,10.4,11.6,,13.0,32,32,33,,38
2017-01-15 00:00,2017,29,29,0.00,,0.00,,2.3,1.1,,,16.5,10.4,11.6,,13.0,32,32,33,,38
2017-01-15 01:00,2017,30,29,0.00,,0.00,,3.9,2.1,,,16.8,10.2,11.9,,13.0,32,32,33,,38
2017-01-15 02:00,2017,30,27,0.00,,0.00,,4.7,2.3,,,17.1,10.2,11.6,,13.0,32,32,33,,38
2017-01-15 03:00,2017,27,24,0.00,,0.00,,5.1,1.8,,,17.1,10.2,11.4,,13.0,32,32,33,,38
2017-01-15 04:00,2017,24,22,0.00,,0.00,,3.5,1.4,,,17.1,10.2,11.9,,13.2,32,32,33,,38
2017-01-15 05:00,2017,24,21,0.00,,0.00,,5.1,2.7,,,17.1,10.7,11.4,,13.2,32,32,33,,38
2017-01-15 06:00,2017,22,21,0.00,,0.00,,5.1,3.2,,,16.5,10.2,11.6,,13.5,32,32,33,,38
2017-01-15 07:00,2017,22,20,0.00,,8.07,,5.3,2.6,,,16.0,10.4,11.6,,13.0,31,32,33,,38
2017-01-15 08:00,2017,30,22,0.00,,69.69,,4.9,2.3,,,15.9,10.4,11.9,,13.0,31,31,33,,38
2017-01-15 09:00,2017,34,30,0.00,,150.40,,3.6,1.2,,,15.3,10.4,11.6,,13.0,31,31,33,,38
2017-01-15 10:00,2017,37,34,0.00,,157.80,,6.2,3.3,,,15.6,10.4,11.6,,13.2,31,31,33,,38
2017-01-15 11:00,2017,38,37,0.00,,166.80,,5.8,2.8,,,15.7,10.4,11.6,,13.0,31,31,33,,38
2017-01-15 12:00,2017,38,36,0.00,,128.70,,8.1,5.0,,,15.9,10.4,11.6,,13.7,32,31,33,,38
2017-01-15 13:00,2017,36,35,0.00,,96.10,,7.9,5.3,,,16.3,10.4,11.7,,13.0,32,31,33,,38
2017-01-15 14:00,2017,38,36,0.00,,80.40,,7.9,5.4,,,16.4,10.4,11.9,,13.2,32,31,33,,38
2017-01-15 15:00,2017,38,37,0.00,,41.63,,7.7,5.3,,,16.6,10.7,11.8,,13.0,32,31,33,,38
2017-01-15 16:00,2017,37,34,0.00,,10.27,,6.3,3.3,,,16.6,10.7,11.6,,13.0,32,32,33,,38
2017-01-15 17:00,2017,34,33,0.00,,0.32,,3.9,1.5,,,16.3,10.7,11.9,,13.0,32,32,33,,38
2017-01-15 18:00,2017,33,33,0.00,,0.20,,2.8,0.6,,,16.7,10.7,11.8,,13.0,32,32,33,,38
2017-01-15 19:00,2017,33,33,0.00,,0.11,,3.2,1.9,,,16.3,10.7,11.8,,13.0,32,32,33,,38
2017-01-15 20:00,2017,33,33,0.00,,0.07,,4.7,2.4,,,17.1,10.7,11.8,,13.0,32,32,33,,38
2017-01-15 21:00,2017,33,33,0.00,,0.06,,6.8,4.0,,,16.9,10.7,11.9,,13.0,32,32,33,,38
2017-01-15 22:00,2017,34,33,0.00,,0.07,,11.2,7.4,,,16.8,10.6,11.9,,13.7,32,32,33,,38
2017-01-15 23:00,2017,34,34,0.00,,0.06,,13.3,8.9,,,17.1,10.6,11.8,,13.0,32,32,33,,38
2017-01-16 00:00,2017,34,30,0.00,,0.10,,17.4,10.5,,,17.0,10.6,11.8,,13.0,32,32,33,,38
2017-01-16 01:00,2017,31,30,0.00,,0.11,,22.2,14.6,,,17.4,10.6,11.8,,13.0,32,32,33,,38
2017-01-16 02:00,2017,33,31,0.00,,0.06,,22.1,15.4,,,17.2,10.6,11.8,,13.0,32,32,33,,38
2017-01-16 03:00,2017,33,33,0.00,,0.07,,22.2,15.3,,,17.4,10.6,11.8,,13.2,32,32,33,,38
2017-01-16 04:00,2017,33,33,0.00,,0.10,,23.2,17.1,,,17.6,10.6,11.8,,13.0,32,32,33,,38
2017-01-16 05:00,2017,33,33,0.00,,0.12,,24.6,16.7,,,17.7,10.9,11.8,,13.2,32,32,33,,38
2017-01-16 06:00,2017,33,33,0.00,,0.10,,29.5,20.0,,,17.5,10.7,11.8,,13.7,32,32,33,,38
2017-01-16 07:00,2017,34,33,0.00,,2.03,,25.6,17.8,,,17.8,10.9,11.6,,13.2,32,32,33,,38
2017-01-16 08:00,2017,35,34,0.00,,23.59,,21.4,13.2,,,17.5,10.7,11.6,,13.0,32,32,33,,38
2017-01-16 09:00,2017,36,35,0.00,,134.30,,18.0,12.1,,,18.0,10.9,11.6,,13.0,32,32,33,,38
2017-01-16 10:00,2017,37,36,0.00,,146.70,,17.8,13.3,,,18.0,10.7,11.6,,13.7,32,32,33,,38
2017-01-16 11:00,2017,37,36,0.00,,126.20,,20.1,14.0,,,18.0,10.9,11.6,,13.0,32,32,33,,38
2017-01-16 12:00,2017,37,37,0.00,,184.40,,19.8,14.4,,,18.0,10.9,11.6,,13.2,32,32,33,,38
2017-01-16 13:00,2017,38,37,0.00,,225.00,,18.8,12.7,,,17.9,10.7,11.6,,13.7,32,32,33,,38
2017-01-16 14:00,2017,38,38,0.00,,156.20,,14.1,8.7,,,17.8,10.7,11.6,,13.7,32,32,33,,38
2017-01-16 15:00,2017,38,38,0.00,,92.30,,11.3,7.4,,,17.8,10.5,11.6,,13.0,32,32,33,,38
2017-01-16 16:00,2017,38,29,0.00,,19.82,,9.0,4.4,,,18.2,10.5,11.6,,13.0,32,32,33,,38
2017-01-16 17:00,2017,29,23,0.00,,0.64,,5.6,3.7,,,18.2,10.5,11.6,,13.0,32,32,33,,38
2017-01-16 18:00,2017,24,23,0.00,,0.04,,6.1,4.4,,,18.2,10.5,11.6,,13.7,32,32,33,,38
2017-01-16 19:00,2017,24,21,0.00,,0.00,,7.8,5.8,,,18.2,10.5,11.6,,13.0,32,32,33,,38
2017-01-16 20:00,2017,24,22,0.00,,0.00,,6.2,4.4,,,18.3,10.5,11.6,,13.0,32,32,33,,38
2017-01-16 21:00,2017,22,20,0.00,,0.00,,5.5,3.8,,,18.6,10.5,12.0,,13.7,32,32,33,,38
2017-01-16 22:00,2017,20,18,0.00,,0.00,,6.1,4.2,,,18.4,10.5,12.0,,13.7,32,32,33,,38
2017-01-16 23:00,2017,18,17,0.00,,0.00,,7.1,5.4,,,18.2,10.5,11.6,,13.7,32,32,33,,38
2017-01-17 00:00,2017,17,15,0.00,,0.00,,7.2,5.0,,,16.7,10.9,11.6,,13.7,31,32,33,,38
2017-01-17 01:00,2017,17,15,0.00,,0.00,,7.4,5.6,,,15.9,10.6,11.6,,13.7,31,31,33,,38
2017-01-17 02:00,2017,19,16,0.00,,0.00,,6.1,4.5,,,14.8,10.2,11.6,,13.0,30,31,33,,38
2017-01-17 03:00,2017,17,17,0.00,,0.00,,6.7,5.3,,,14.3,10.4,11.6,,13.7,29,31,33,,38
2017-01-17 04:00,2017,17,14,0.00,,0.00,,6.8,5.6,,,14.0,10.2,11.6,,13.7,29,30,33,,38
2017-01-17 05:00,2017,17,14,0.00,,0.00,,7.2,5.2,,,13.7,10.6,11.6,,13.7,28,30,33,,38
2017-01-17 06:00,2017,16,14,0.00,,0.00,,7.3,5.0,,,13.0,10.3,11.8,,13.0,28,29,33,,38
2017-01-17 07:00,2017,19,12,0.00,,22.55,,6.3,4.9,,,13.3,10.4,11.8,,13.7,28,29,33,,38
2017-01-17 08:00,2017,32,19,0.00,,164.10,,4.9,3.3,,,13.3,10.5,11.9,,13.7,27,28,33,,38
2017-01-17 09:00,2017,39,32,0.00,,309.50,,9.0,4.4,,,12.9,10.5,11.9,,13.7,27,28,33,,38
2017-01-17 10:00,2017,41,39,0.00,,424.40,,11.6,7.1,,,12.9,10.1,12.1,,13.7,28,28,33,,38
2017-01-17 11:00,2017,44,41,0.00,,489.80,,11.4,7.8,,,13.5,10.3,11.7,,13.7,29,29,33,,38
2017-01-17 12:00,2017,46,44,0.00,,498.90,,11.7,7.6,,,13.9,10.2,11.7,,13.4,30,29,33,,38
2017-01-17 13:00,2017,47,45,0.00,,451.30,,11.6,7.1,,,14.3,10.4,11.7,,13.7,31,30,33,,38
2017-01-17 14:00,2017,48,46,0.00,,351.50,,9.6,6.1,,,14.8,10.7,11.7,,13.7,31,30,33,,38
2017-01-17 15:00,2017,47,43,0.00,,213.00,,10.1,6.7,,,15.2,10.6,11.7,,13.0,31,31,33,,38
2017-01-17 16:00,2017,43,34,0.00,,55.21,,6.5,2.7,,,15.5,10.9,11.7,,13.7,32,31,33,,38
2017-01-17 17:00,2017,34,24,0.00,,0.46,,4.8,1.4,,,15.6,10.5,11.7,,13.0,32,31,33,,38
2017-01-17 18:00,2017,24,21,0.00,,0.02,,6.2,3.2,,,15.5,10.5,11.7,,13.7,32,31,33,,38
2017-01-17 19:00,2017,25,21,0.00,,0.06,,6.6,4.0,,,16.0,10.5,11.7,,13.0,32,31,33,,38
2017-01-17 20:00,2017,25,24,0.00,,0.00,,7.3,5.3,,,16.1,10.3,11.7,,13.0,32,31,33,,38
2017-01-17 21:00,2017,25,23,0.00,,0.00,,7.2,5.1,,,16.6,10.3,12.1,,13.7,32,31,33,,38
2017-01-17 22:00,2017,23,22,0.00,,0.00,,8.8,6.4,,,16.3,10.5,11.9,,13.2,32,31,33,,38
2017-01-17 23:00,2017,23,21,0.00,,0.00,,7.3,6.1,,,16.7,10.5,11.8,,13.7,32,31,33,,38
2017-01-18 00:00,2017,23,22,0.00,,0.00,,8.0,6.0,,,16.5,10.5,11.9,,13.0,32,31,33,,38
2017-01-18 01:00,2017,28,22,0.00,,0.00,,10.6,4.2,,,16.7,10.6,11.9,,13.0,32,31,33,,38
2017-01-18 02:00,2017,28,19,0.00,,0.00,,7.4,5.2,,,16.5,10.6,11.9,,13.7,32,31,33,,38
2017-01-18 03:00,2017,28,19,0.00,,0.00,,11.2,6.1,,,16.0,10.7,11.9,,13.9,31,30,33,,38
2017-01-18 04:00,2017,29,25,0.00,,0.00,,12.0,8.4,,,15.1,10.4,11.6,,13.9,31,30,33,,38
2017-01-18 05:00,2017,31,25,0.00,,0.00,,10.0,5.4,,,14.8,10.4,11.6,,13.7,30,29,33,,38
2017-01-18 06:00,2017,30,25,0.00,,0.00,,7.9,6.0,,,14.3,10.2,11.7,,13.7,29,29,33,,38
2017-01-18 07:00,2017,31,26,0.00,,22.06,,8.5,5.3,,,14.1,10.4,11.7,,13.7,29,29,33,,38
2017-01-18 08:00,2017,39,31,0.00,,166.00,,7.1,3.7,,,13.5,10.2,11.7,,13.9,28,28,33,,38
2017-01-18 09:00,2017,47,39,0.00,,221.00,,10.6,6.1,,,13.2,10.2,11.9,,13.9,29,28,33,,38
2017-01-18 10:00,2017,51,47,0.00,,383.50,,10.7,6.5,,,13.5,10.1,11.9,,13.7,29,28,33,,38
2017-01-18 11:00,2017,55,51,0.00,,428.00,,15.3,7.8,,,13.9,10.2,11.9,,13.2,30,29,32,,38
2017-01-18 12:00,2017,56,52,0.00,,495.70,,15.4,8.7,,,14.3,10.4,11.9,,13.0,31,29,32,,38
2017-01-18 13:00,2017,52,49,0.00,,466.30,,15.6,10.7,,,14.2,10.7,12.0,,13.7,31,30,32,,38
2017-01-18 14:00,2017,49,48,0.00,,355.00,,11.5,7.6,,,14.7,10.6,11.9,,13.7,31,30,32,,38
2017-01-18 15:00,2017,49,48,0.00,,216.60,,7.5,4.6,,,15.1,10.5,11.9,,13.2,32,31,32,,38
2017-01-18 16:00,2017,48,40,0.00,,60.76,,4.4,1.5,,,16.1,10.6,11.9,,13.7,32,31,32,,38
2017-01-18 17:00,2017,40,26,0.00,,0.82,,7.1,5.1,,,16.7,10.6,11.9,,13.7,32,31,32,,38
2017-01-18 18:00,2017,32,26,0.00,,0.00,,8.7,6.7,,,17.4,10.4,11.9,,13.2,32,31,32,,38
2017-01-18 19:00,2017,34,31,0.00,,0.08,,11.1,8.0,,,18.0,10.5,11.9,,13.7,32,31,32,,38
2017-01-18 20:00,2017,34,29,0.00,,0.14,,9.6,6.4,,,18.6,10.3,11.7,,13.7,32,31,33,,38
2017-01-18 21:00,2017,31,29,0.00,,0.08,,8.6,6.4,,,19.3,10.8,11.7,,13.2,32,31,33,,38
2017-01-18 22:00,2017,31,29,0.00,,0.02,,9.3,7.1,,,18.8,10.8,11.7,,13.9,32,31,33,,38
2017-01-18 23:00,2017,30,27,0.00,,0.00,,7.0,5.0,,,19.2,10.8,11.7,,13.7,32,31,33,,38
2017-01-19 00:00,2017,28,24,0.00,,0.00,,6.6,4.5,,,19.6,10.8,12.1,,13.7,32,31,33,,38
2017-01-19 01:00,2017,35,24,0.00,,0.00,,8.6,5.2,,,19.7,10.8,11.7,,13.9,32,31,33,,38
2017-01-19 02:00,2017,36,32,0.00,,0.00,,8.5,5.3,,,20.0,10.8,11.6,,13.2,32,31,33,,38
2017-01-19 03:00,2017,34,29,0.00,,0.00,,9.5,6.5,,,19.7,10.3,11.8,,13.9,32,31,33,,38
2017-01-19 04:00,2017,39,34,0.00,,0.00,,11.3,5.6,,,20.1,10.3,11.8,,13.2,32,31,33,,38
2017-01-19 05:00,2017,39,35,0.00,,0.00,,8.4,2.2,,,20.1,10.6,11.8,,13.7,32,31,33,,38
2017-01-19 06:00,2017,36,22,0.00,,0.03,,6.4,3.3,,,19.7,10.6,11.7,,13.7,32,31,33,,38
2017-01-19 07:00,2017,29,20,0.00,,22.44,,6.8,3.6,,,19.7,10.4,11.7,,13.9,32,30,33,,38
2017-01-19 08:00,2017,42,29,0.00,,162.30,,5.9,2.4,,,19.1,10.3,11.7,,13.7,31,30,33,,38
2017-01-19 09:00,2017,45,42,0.00,,308.20,,10.0,5.3,,,16.9,10.7,11.7,,13.0,31,30,33,,38
2017-01-19 10:00,2017,49,45,0.00,,423.80,,11.8,8.3,,,16.6,10.6,11.9,,13.7,31,30,33,,38
2017-01-19 11:00,2017,51,48,0.00,,489.90,,12.2,8.8,,,16.0,10.4,11.9,,13.2,31,30,33,,38
2017-01-19 12:00,2017,52,51,0.00,,500.10,,12.9,8.6,,,16.3,10.6,11.9,,13.7,31,30,32,,38
2017-01-19 13:00,2017,52,51,0.00,,453.90,,11.9,8.0,,,16.4,10.3,11.9,,13.9,32,31,32,,38
2017-01-19 14:00,2017,51,51,0.00,,356.10,,11.8,7.1,,,16.8,10.6,11.9,,13.2,32,31,32,,38
2017-01-19 15:00,2017,51,48,0.00,,220.10,,9.6,6.3,,,19.9,10.8,11.7,,13.7,33,31,32,,38
2017-01-19 16:00,2017,48,43,0.00,,61.78,,7.5,2.8,,,25.8,10.6,11.9,,13.9,33,31,33,,38
2017-01-19 17:00,2017,43,28,0.00,,0.45,,7.2,3.9,,,26.6,10.6,11.7,,13.9,33,32,33,,38
2017-01-19 18:00,2017,29,26,0.00,,0.00,,10.0,6.5,,,26.7,10.6,11.7,,13.2,32,31,33,,38
2017-01-19 19:00,2017,31,27,0.00,,0.08,,7.7,5.4,,,26.6,10.8,11.7,,13.7,32,31,33,,38
2017-01-19 20:00,2017,31,30,0.00,,0.05,,10.3,6.8,,,26.3,10.8,11.7,,13.7,32,31,33,,38
2017-01-19 21:00,2017,31,29,0.00,,0.01,,10.5,7.1,,,26.2,10.8,11.6,,13.2,32,32,33,,38
2017-01-19 22:00,2017,30,29,0.00,,0.00,,8.4,6.2,,,25.9,10.6,11.8,,13.2,32,32,33,,38
2017-01-19 23:00,2017,32,30,0.00,,0.00,,8.8,5.8,,,26.1,10.6,11.9,,13.7,32,32,33,,38
2017-01-20 00:00,2017,32,31,0.00,,0.00,,7.7,5.5,,,26.0,10.6,11.8,,13.2,32,32,33,,38
2017-01-20 01:00,2017,32,31,0.00,,0.00,,7.6,5.6,,,25.6,10.6,11.8,,13.7,32,32,33,,38
2017-01-20 02:00,2017,32,30,0.00,,0.00,,8.1,6.1,,,25.5,10.6,11.8,,13.0,32,32,33,,38
2017-01-20 03:00,2017,30,26,0.00,,0.00,,5.6,4.2,,,25.3,10.6,11.8,,13.7,32,32,33,,38
2017-01-20 04:00,2017,34,27,0.00,,0.00,,4.4,1.6,,,25.3,11.1,11.8,,13.0,32,32,33,,38
2017-01-20 05:00,2017,39,34,0.00,,0.00,,16.8,8.2,,,25.0,11.1,11.8,,13.7,32,32,33,,38
2017-01-20 06:00,2017,38,36,0.00,,0.02,,13.2,5.0,,,24.7,11.1,11.8,,13.7,32,32,33,,38
2017-01-20 07:00,2017,36,34,0.00,,6.55,,4.7,2.3,,,24.8,10.9,11.8,,13.7,32,32,33,,38
2017-01-20 08:00,2017,34,33,0.00,,61.61,,6.3,3.7,,,24.6,10.9,11.6,,13.2,32,32,33,,38
2017-01-20 09:00,2017,36,34,0.00,,159.50,,7.4,5.1,,,24.6,11.1,11.6,,13.0,32,32,33,,38
2017-01-20 10:00,2017,40,36,0.00,,365.70,,10.0,5.8,,,24.3,10.9,11.6,,13.9,32,32,33,,38
2017-01-20 11:00,2017,42,40,0.00,,308.20,,18.2,8.6,,,24.4,11.1,11.8,,13.7,32,32,33,,38
2017-01-20 12:00,2017,44,42,0.00,,310.80,,21.7,14.2,,,24.4,11.1,11.6,,13.7,32,32,33,,38
2017-01-20 13:00,2017,44,43,0.00,,192.30,,23.1,17.1,,,24.6,11.0,11.8,,13.7,32,32,33,,38
2017-01-20 14:00,2017,43,43,0.00,,153.60,,24.9,16.8,,,26.1,10.8,11.6,,13.0,33,32,33,,38
2017-01-20 15:00,2017,43,40,0.00,,114.20,,19.6,13.0,,,26.5,10.9,11.6,,13.2,33,32,33,,38
2017-01-20 16:00,2017,40,37,0.00,,45.28,,18.2,13.4,,,26.7,10.8,11.6,,13.7,34,32,33,,38
2017-01-20 17:00,2017,37,33,0.00,,0.88,,14.0,9.1,,,26.7,10.8,12.0,,13.7,33,32,33,,38
2017-01-20 18:00,2017,33,32,0.00,,0.09,,12.4,8.7,,,26.9,10.9,12.0,,13.2,32,32,33,,38
2017-01-20 19:00,2017,35,33,0.00,,0.12,,21.9,13.8,,,26.6,10.9,12.0,,13.7,32,32,33,,38
2017-01-20 20:00,2017,34,29,0.00,,0.09,,19.2,11.0,,,26.3,10.5,12.0,,13.0,32,32,33,,38
2017-01-20 21:00,2017,29,27,0.00,,0.03,,8.7,4.4,,,26.2,10.8,12.0,,13.7,32,32,33,,38
2017-01-20 22:00,2017,28,23,0.00,,0.00,,6.3,4.5,,,26.1,10.8,12.0,,13.7,32,32,33,,38
2017-01-20 23:00,2017,28,22,0.00,,0.00,,7.3,4.6,,,25.8,11.0,12.0,,13.7,32,32,33,,38
2017-01-21 00:00,2017,26,22,0.00,,0.00,,6.7,3.4,,,25.4,11.3,12.0,,13.2,32,32,33,,38
2017-01-21 01:00,2017,24,22,0.00,,0.00,,6.5,4.7,,,25.4,11.0,12.0,,13.2,32,32,33,,38
2017-01-21 02:00,2017,23,18,0.00,,0.00,,6.5,2.7,,,25.3,11.2,12.0,,13.7,32,32,33,,38
2017-01-21 03:00,2017,19,17,0.00,,0.00,,6.9,4.1,,,25.2,10.9,12.0,,13.2,32,32,33,,38
2017-01-21 04:00,2017,17,17,0.00,,0.00,,6.3,4.2,,,25.2,11.2,11.9,,13.7,32,32,33,,38
2017-01-21 05:00,2017,18,15,0.00,,0.00,,6.8,5.2,,,24.7,11.2,11.9,,13.7,32,32,33,,38
2017-01-21 06:00,2017,16,15,0.00,,0.00,,6.2,3.9,,,24.7,11.5,11.9,,13.0,32,32,33,,38
2017-01-21 07:00,2017,20,15,0.00,,19.87,,6.3,4.1,,,24.5,11.1,12.0,,13.2,32,32,33,,38
2017-01-21 08:00,2017,30,20,0.00,,158.60,,5.8,2.7,,,23.4,11.1,11.9,,13.2,31,31,33,,38
2017-01-21 09:00,2017,35,30,0.00,,283.80,,9.5,6.6,,,22.1,11.1,12.0,,13.0,31,31,33,,38
2017-01-21 10:00,2017,38,35,0.00,,351.60,,11.3,7.7,,,21.5,11.1,12.0,,13.2,32,31,33,,38
2017-01-21 11:00,2017,37,35,0.00,,283.70,,12.9,8.2,,,21.0,11.4,12.0,,13.7,32,31,33,,38
2017-01-21 12:00,2017,41,37,0.00,,361.90,,12.6,8.7,,,20.7,11.0,12.0,,13.7,32,31,33,,38
2017-01-21 13:00,2017,42,41,0.00,,460.50,,12.9,7.5,,,20.7,11.4,12.0,,13.2,32,31,33,,38
2017-01-21 14:00,2017,42,41,0.00,,330.40,,12.8,7.0,,,20.5,11.1,12.0,,13.7,32,31,33,,38
2017-01-21 15:00,2017,41,40,0.00,,154.30,,8.0,5.0,,,20.8,11.1,12.0,,13.2,32,31,33,,38
2017-01-21 16:00,2017,40,32,0.00,,44.13,,6.4,3.3,,,20.9,10.9,12.0,,13.2,32,31,33,,38
2017-01-21 17:00,2017,32,26,0.00,,0.57,,5.7,2.8,,,21.1,11.2,12.0,,13.7,32,31,33,,38
2017-01-21 18:00,2017,28,23,0.00,,0.06,,5.5,3.7,,,21.6,11.2,12.0,,13.7,32,31,33,,38
2017-01-21 19:00,2017,24,22,0.00,,0.06,,6.0,4.6,,,21.6,11.1,12.0,,13.2,32,31,33,,38
2017-01-21 20:00,2017,25,22,0.00,,0.00,,6.6,5.1,,,21.8,11.1,12.0,,13.7,32,31,33,,38
2017-01-21 21:00,2017,28,25,0.00,,0.00,,6.8,4.4,,,22.4,11.6,12.0,,13.7,32,32,33,,38
2017-01-21 22:00,2017,29,28,0.00,,0.00,,6.8,3.5,,,22.4,11.6,11.9,,13.0,32,32,33,,38
2017-01-21 23:00,2017,32,28,0.00,,0.00,,11.6,5.7,,,22.4,11.5,11.9,,13.7,32,32,33,,38
2017-01-22 00:00,2017,32,30,0.00,,0.00,,9.2,6.1,,,22.6,11.5,11.9,,13.7,32,32,33,,38
2017-01-22 01:00,2017,35,31,0.00,,0.01,,17.5,9.8,,,22.6,11.3,11.9,,13.7,32,32,33,,38
2017-01-22 02:00,2017,35,34,0.00,,0.05,,22.1,15.3,,,23.0,11.4,11.9,,13.7,32,32,33,,38
2017-01-22 03:00,2017,34,32,0.00,,0.10,,21.0,14.9,,,22.7,11.4,11.9,,13.2,32,32,33,,38
2017-01-22 04:00,2017,32,31,0.00,,0.09,,21.2,15.2,,,22.7,11.4,11.9,,13.7,32,32,33,,38
2017-01-22 05:00,2017,31,29,0.00,,0.04,,16.6,11.1,,,22.7,11.4,11.9,,13.9,32,32,33,,38
2017-01-22 06:00,2017,31,29,0.00,,0.07,,18.9,12.6,,,22.7,11.4,12.2,,13.7,32,32,33,,38
2017-01-22 07:00,2017,31,28,0.00,,23.90,,18.3,11.5,,,22.9,11.3,12.2,,13.7,32,32,33,,38
2017-01-22 08:00,2017,36,31,0.00,,171.70,,19.5,11.6,,,22.6,11.3,11.9,,13.2,32,32,33,,38
2017-01-22 09:00,2017,39,36,0.00,,320.40,,21.6,13.1,,,22.4,11.4,11.9,,13.7,32,31,33,,38
2017-01-22 10:00,2017,42,39,0.00,,438.90,,24.6,15.2,,,21.8,11.4,11.9,,13.0,32,31,33,,38
2017-01-22 11:00,2017,42,41,0.00,,506.20,,23.4,16.0,,,21.5,11.4,12.2,,13.2,32,31,33,,38
2017-01-22 12:00,2017,42,41,0.00,,517.30,,24.2,16.4,,,21.3,11.4,11.9,,13.7,32,31,33,,38
2017-01-22 13:00,2017,44,42,0.00,,473.60,,23.6,15.0,,,21.0,11.4,11.9,,13.2,32,31,33,,38
2017-01-22 14:00,2017,44,43,0.00,,377.70,,18.6,12.7,,,21.4,11.4,11.9,,13.2,33,31,33,,38
2017-01-22 15:00,2017,43,38,0.00,,150.60,,18.3,11.5,,,24.8,11.3,12.2,,13.2,34,31,33,,38
2017-01-22 16:00,2017,38,35,0.00,,61.01,,13.7,5.5,,,26.9,11.6,11.9,,13.7,34,32,33,,38
2017-01-22 17:00,2017,35,24,0.00,,0.61,,5.5,2.9,,,26.7,11.6,11.9,,13.7,33,32,33,,38
2017-01-22 18:00,2017,24,20,0.00,,0.09,,6.0,2.9,,,26.4,11.6,12.2,,13.0,32,32,33,,38
2017-01-22 19:00,2017,25,21,0.00,,0.02,,4.6,2.0,,,26.3,11.7,11.7,,13.7,32,32,33,,38
2017-01-22 20:00,2017,26,23,0.00,,0.00,,5.8,2.8,,,26.1,11.9,12.2,,13.7,32,32,33,,38
2017-01-22 21:00,2017,27,23,0.00,,0.00,,5.6,2.6,,,25.8,11.5,12.0,,13.7,32,32,33,,38
2017-01-22 22:00,2017,28,26,0.00,,0.00,,4.1,1.4,,,25.9,12.0,12.0,,13.0,32,32,33,,38
2017-01-22 23:00,2017,28,26,0.00,,0.00,,5.0,2.2,,,25.7,12.1,12.0,,13.7,32,32,33,,38
2017-01-23 00:00,2017,30,28,0.00,,0.00,,5.8,2.9,,,25.4,12.0,12.0,,13.7,32,32,33,,38
2017-01-23 01:00,2017,29,24,0.00,,0.00,,6.0,2.2,,,25.4,11.7,12.0,,13.7,32,32,33,,38
2017-01-23 02:00,2017,25,22,0.00,,0.00,,7.3,5.0,,,25.0,12.2,11.8,,13.7,32,32,33,,38
2017-01-23 03:00,2017,22,19,0.00,,0.00,,9.2,4.6,,,24.9,12.1,12.0,,13.0,32,32,33,,38
2017-01-23 04:00,2017,20,18,0.00,,0.00,,8.5,3.5,,,24.7,12.2,11.8,,13.2,32,32,33,,38
2017-01-23 05:00,2017,18,16,0.00,,0.00,,7.5,2.7,,,24.9,12.2,11.8,,13.7,32,32,33,,38
2017-01-23 06:00,2017,18,16,0.00,,0.03,,6.9,3.7,,,24.5,12.1,12.0,,13.7,32,32,33,,38
2017-01-23 07:00,2017,25,16,0.00,,28.22,,5.9,3.1,,,24.2,12.1,11.8,,13.7,32,32,33,,38
2017-01-23 08:00,2017,31,25,0.00,,113.50,,9.2,4.1,,,23.4,12.1,12.2,,13.2,32,32,33,,38
2017-01-23 09:00,2017,35,31,0.00,,147.70,,11.3,6.2,,,22.6,12.1,12.2,,13.2,32,31,33,,38
2017-01-23 10:00,2017,45,35,0.00,,461.00,,13.5,6.1,,,22.1,12.4,12.2,,13.7,32,31,33,,38
2017-01-23 11:00,2017,50,45,0.00,,504.00,,13.8,6.6,,,21.6,12.1,12.2,,13.0,32,31,33,,38
2017-01-23 12:00,2017,49,48,0.00,,517.20,,16.3,9.7,,,21.3,12.1,12.0,,13.2,32,31,33,,38
2017-01-23 13:00,2017,50,46,0.00,,387.60,,18.7,11.8,,,21.5,11.7,12.2,,13.7,32,31,33,,38
2017-01-23 14:00,2017,49,47,0.00,,327.20,,15.5,9.1,,,22.4,11.7,12.0,,13.7,33,31,33,,38
2017-01-23 15:00,2017,49,46,0.00,,169.30,,14.6,8.6,,,25.4,12.2,12.2,,13.7,35,31,33,,38
2017-01-23 16:00,2017,46,37,0.00,,30.71,,8.8,3.6,,,25.9,11.9,12.2,,13.2,35,32,33,,38
2017-01-23 17:00,2017,40,37,0.00,,0.30,,13.4,8.9,,,26.2,12.3,11.8,,13.7,34,32,33,,38
2017-01-23 18:00,2017,38,35,0.00,,0.00,,12.5,7.6,,,26.4,12.8,12.0,,13.7,33,32,33,,38
2017-01-23 19:00,2017,35,34,0.00,,0.05,,13.1,8.5,,,26.3,13.2,11.8,,13.7,32,32,33,,38
2017-01-23 20:00,2017,35,34,0.00,,0.13,,23.3,8.3,,,26.2,12.9,11.8,,13.7,32,32,33,,38
2017-01-23 21:00,2017,34,32,0.00,,0.18,,12.9,6.8,,,26.5,13.4,11.8,,13.7,32,32,33,,38
2017-01-23 22:00,2017,32,32,0.00,,0.15,,8.1,3.9,,,26.5,13.5,11.8,,13.2,32,32,33,,38
2017-01-23 23:00,2017,32,28,0.00,,0.10,,0.0,0.0,,,26.0,13.8,11.8,,13.7,32,32,33,,38
2017-01-24 00:00,2017,28,27,0.00,,0.05,,0.0,0.0,,,26.0,13.9,11.8,,13.7,32,32,33,,38
2017-01-24 01:00,2017,27,23,0.00,,0.00,,0.0,0.0,,,26.0,13.9,11.8,,13.7,32,32,33,,38
2017-01-24 02:00,2017,27,22,0.00,,0.00,,0.0,0.0,,,26.0,14.2,11.8,,13.2,32,32,33,,38
2017-01-24 03:00,2017,27,18,0.00,,0.00,,0.0,0.0,,,25.9,14.3,11.8,,13.0,32,32,33,,38
2017-01-24 04:00,2017,26,18,0.00,,0.00,,10.7,2.0,,,25.9,14.0,11.8,,13.7,32,32,33,,38
2017-01-24 05:00,2017,27,26,0.00,,0.00,,15.1,10.3,,,25.9,14.3,11.8,,13.0,32,32,33,,38
2017-01-24 06:00,2017,26,24,0.00,,0.02,,17.4,11.8,,,26.1,14.4,12.3,,13.7,32,32,33,,38
2017-01-24 07:00,2017,24,23,0.00,,27.91,,21.6,14.4,,,26.1,14.4,12.1,,13.7,32,32,33,,38
2017-01-24 08:00,2017,25,24,0.00,,131.50,,22.0,16.9,,,25.7,14.7,12.3,,13.7,32,32,33,,38
2017-01-24 09:00,2017,25,22,0.00,,194.20,,30.2,21.6,,,25.9,14.7,12.1,,13.7,32,32,33,,38
2017-01-24 10:00,2017,22,22,0.00,,471.20,,35.2,26.7,,,26.2,14.8,12.1,,13.2,32,32,33,,38
2017-01-24 11:00,2017,22,22,0.00,,674.70,,33.1,25.1,,,25.7,14.6,12.1,,13.2,32,32,33,,38
2017-01-24 12:00,2017,22,22,0.00,,583.60,,30.5,24.3,,,25.7,14.8,12.1,,13.2,32,32,33,,38
2017-01-24 13:00,2017,22,21,0.00,,357.40,,32.6,23.2,,,25.7,15.0,12.1,,13.0,32,32,33,,38
2017-01-24 14:00,2017,21,20,0.00,,204.50,,28.5,21.4,,,25.9,15.0,12.1,,13.2,32,32,33,,38
2017-01-24 15:00,2017,20,20,0.00,,140.00,,25.0,18.4,,,25.9,15.2,12.1,,13.2,32,32,33,,38
2017-01-24 16:00,2017,20,17,0.00,,41.75,,30.4,22.2,,,25.9,15.3,12.1,,13.7,32,32,33,,38
2017-01-24 17:00,2017,17,16,0.00,,0.87,,29.2,22.5,,,25.6,15.6,12.1,,13.0,32,32,33,,38
2017-01-24 18:00,2017,16,15,0.00,,0.02,,29.3,22.6,,,25.7,15.3,12.1,,13.7,32,32,33,,38
2017-01-24 19:00,2017,15,13,0.00,,0.01,,26.3,18.9,,,25.1,15.3,12.1,,13.0,32,32,33,,38
2017-01-24 20:00,2017,14,12,0.00,,0.00,,22.1,14.2,,,25.3,15.5,12.1,,13.7,32,32,33,,38
2017-01-24 21:00,2017,12,10,0.00,,0.00,,13.4,8.2,,,25.4,15.5,12.1,,13.2,32,32,33,,38
2017-01-24 22:00,2017,10,4,0.00,,0.00,,10.1,6.5,,,25.3,15.4,12.1,,13.7,32,32,33,,38
2017-01-24 23:00,2017,11,4,0.00,,0.00,,10.4,8.0,,,25.4,15.7,12.1,,13.0,32,32,33,,38
2017-01-25 00:00,2017,13,8,0.00,,0.00,,11.4,7.2,,,25.4,15.7,12.1,,13.7,32,32,33,,38
2017-01-25 01:00,2017,14,12,0.00,,0.00,,10.7,8.1,,,25.0,15.9,12.0,,13.7,32,32,33,,38
2017-01-25 02:00,2017,17,14,0.00,,0.00,,10.2,7.7,,,24.8,15.8,12.1,,13.7,32,32,33,,38
2017-01-25 03:00,2017,17,16,0.00,,0.00,,11.6,8.4,,,24.8,15.6,12.1,,13.7,32,32,33,,38
2017-01-25 04:00,2017,17,14,0.00,,0.00,,12.7,7.5,,,25.2,15.9,12.0,,13.7,32,32,33,,38
2017-01-25 05:00,2017,14,12,0.00,,0.00,,8.0,5.3,,,24.7,16.1,12.0,,13.0,32,32,33,,38
2017-01-25 06:00,2017,12,11,0.00,,0.03,,8.5,5.7,,,24.8,15.8,12.0,,13.0,32,32,33,,38
2017-01-25 07:00,2017,16,8,0.00,,34.77,,14.6,6.3,,,24.8,16.1,12.0,,13.7,32,32,33,,38
2017-01-25 08:00,2017,18,16,0.00,,175.70,,16.0,7.1,,,24.7,15.8,12.1,,13.7,32,32,33,,38
2017-01-25 09:00,2017,20,18,0.00,,249.20,,15.6,9.8,,,24.7,16.1,12.0,,13.0,32,32,33,,38
2017-01-25 10:00,2017,24,20,0.00,,433.50,,20.3,13.8,,,24.4,16.0,12.0,,13.7,32,32,33,,38
2017-01-25 11:00,2017,25,24,0.00,,512.40,,22.6,17.4,,,24.4,16.2,12.0,,13.0,32,32,33,,38
2017-01-25 12:00,2017,25,24,0.00,,428.80,,23.2,17.8,,,24.6,16.0,12.0,,13.0,32,32,33,,38
2017-01-25 13:00,2017,26,25,0.00,,445.10,,26.3,18.0,,,24.3,16.4,12.0,,13.0,32,32,33,,38
2017-01-25 14:00,2017,25,24,0.00,,329.50,,28.6,20.1,,,24.4,16.3,12.0,,13.2,32,32,33,,38
2017-01-25 15:00,2017,24,22,0.00,,229.10,,28.5,21.0,,,24.4,16.6,12.0,,13.2,32,32,33,,38
2017-01-25 16:00,2017,22,20,0.00,,60.77,,26.1,19.0,,,24.5,16.5,12.0,,13.7,32,32,33,,38
2017-01-25 17:00,2017,20,18,0.00,,1.01,,21.6,16.1,,,24.5,16.2,12.0,,13.0,32,32,33,,38
2017-01-25 18:00,2017,19,18,0.00,,0.00,,19.0,14.7,,,24.2,16.4,12.0,,13.0,32,32,33,,38
2017-01-25 19:00,2017,18,17,0.00,,0.00,,15.9,11.9,,,24.2,16.4,12.0,,13.0,32,32,33,,38
2017-01-25 20:00,2017,17,13,0.00,,0.00,,15.2,10.9,,,24.3,16.2,12.0,,13.0,32,32,33,,38
2017-01-25 21:00,2017,13,12,0.00,,0.00,,13.1,10.1,,,24.3,16.2,12.3,,13.2,32,32,33,,38
2017-01-25 22:00,2017,13,10,0.00,,0.00,,14.3,10.2,,,23.9,16.4,12.3,,13.7,32,32,33,,38
2017-01-25 23:00,2017,14,8,0.00,,0.00,,17.6,10.0,,,24.2,16.4,12.0,,13.0,32,32,33,,38
2017-01-26 00:00,2017,15,14,0.00,,0.00,,22.0,17.3,,,24.3,16.4,12.3,,13.2,32,32,33,,38
2017-01-26 01:00,2017,14,12,0.00,,0.00,,18.4,14.0,,,24.1,16.7,12.3,,13.2,32,32,33,,38
2017-01-26 02:00,2017,13,12,0.00,,0.00,,14.8,11.5,,,24.1,16.4,12.3,,13.2,32,32,33,,38
2017-01-26 03:00,2017,13,11,0.00,,0.00,,17.4,12.8,,,23.8,16.4,12.1,,13.0,32,32,33,,38
2017-01-26 04:00,2017,11,9,0.00,,0.00,,19.4,13.2,,,23.5,16.3,12.3,,13.7,32,32,33,,38
2017-01-26 05:00,2017,9,6,0.00,,0.00,,12.6,9.6,,,23.9,16.3,12.3,,13.7,32,32,33,,38
2017-01-26 06:00,2017,10,5,0.00,,0.06,,11.8,7.9,,,23.5,16.6,12.0,,13.0,32,32,33,,38
2017-01-26 07:00,2017,9,5,0.00,,31.29,,11.6,8.0,,,23.7,16.5,12.2,,13.0,32,32,33,,38
2017-01-26 08:00,2017,18,9,0.00,,185.50,,14.9,9.2,,,23.4,16.5,12.3,,13.0,32,32,33,,38
2017-01-26 09:00,2017,22,18,0.00,,336.70,,21.1,13.9,,,23.6,16.5,12.3,,13.7,32,32,33,,38
2017-01-26 10:00,2017,23,22,0.00,,455.80,,23.3,16.0,,,23.1,16.5,12.1,,13.2,32,32,33,,38
2017-01-26 11:00,2017,24,23,0.00,,525.10,,25.0,17.6,,,23.0,16.6,12.3,,13.0,32,32,33,,38
2017-01-26 12:00,2017,25,24,0.00,,545.40,,23.3,16.1,,,23.0,16.8,12.3,,13.0,32,32,33,,38
2017-01-26 13:00,2017,25,24,0.00,,446.90,,22.4,15.0,,,22.5,16.6,12.3,,13.2,32,32,33,,38
2017-01-26 14:00,2017,24,23,0.00,,235.80,,18.8,12.0,,,22.3,16.6,12.3,,13.2,32,32,33,,38
2017-01-26 15:00,2017,25,22,0.00,,166.00,,21.4,13.8,,,22.5,16.5,12.3,,13.7,32,32,33,,38
2017-01-26 16:00,2017,23,18,0.00,,80.80,,19.5,11.1,,,22.5,16.5,12.2,,13.0,32,32,33,,38
2017-01-26 17:00,2017,18,12,0.00,,1.33,,11.5,7.5,,,22.4,16.5,12.3,,13.0,32,32,33,,38
2017-01-26 18:00,2017,12,10,0.00,,0.00,,8.5,6.7,,,22.3,16.5,12.3,,13.0,32,32,33,,38
2017-01-26 19:00,2017,10,8,0.00,,0.00,,11.5,8.8,,,21.9,16.5,12.3,,13.7,32,32,33,,38
2017-01-26 20:00,2017,13,8,0.00,,0.00,,12.1,8.5,,,21.5,16.5,12.3,,13.7,32,32,33,,38
2017-01-26 21:00,2017,13,8,0.00,,0.00,,18.0,9.0,,,20.4,16.5,12.3,,13.7,32,32,33,,38
2017-01-26 22:00,2017,13,11,0.00,,0.00,,18.3,12.3,,,19.6,16.5,12.3,,13.7,31,32,33,,38
2017-01-26 23:00,2017,12,11,0.00,,0.00,,15.4,11.7,,,18.6,16.5,12.3,,13.2,31,32,33,,38
2017-01-27 00:00,2017,12,10,0.00,,0.00,,15.6,10.2,,,17.4,16.5,12.3,,13.0,31,32,33,,38
2017-01-27 01:00,2017,10,8,0.00,,0.00,,11.6,8.9,,,17.0,16.5,12.3,,13.0,31,32,33,,38
2017-01-27 02:00,2017,8,6,0.00,,0.00,,10.2,7.9,,,16.4,16.6,12.3,,13.0,31,32,33,,38
2017-01-27 03:00,2017,6,4,0.00,,0.00,,7.7,6.3,,,16.3,16.6,12.3,,13.2,31,32,33,,38
2017-01-27 04:00,2017,7,6,0.00,,0.00,,9.3,7.0,,,15.7,16.6,12.3,,13.2,31,31,33,,38
2017-01-27 05:00,2017,11,6,0.00,,0.00,,6.5,4.8,,,15.6,16.2,12.3,,13.0,31,31,33,,38
2017-01-27 06:00,2017,15,9,0.00,,0.10,,11.4,4.2,,,15.3,16.3,12.3,,13.0,30,31,33,,38
2017-01-27 07:00,2017,19,12,0.00,,25.34,,18.3,10.4,,,15.2,16.3,12.0,,13.2,30,31,33,,38
2017-01-27 08:00,2017,22,19,0.00,,110.70,,24.5,12.7,,,14.8,16.1,12.0,,13.7,30,31,33,,38
2017-01-27 09:00,2017,28,22,0.00,,354.70,,22.2,14.0,,,15.0,15.6,12.0,,13.7,30,31,33,,38
2017-01-27 10:00,2017,33,28,0.00,,459.20,,21.3,14.1,,,15.2,15.2,12.0,,13.7,30,31,33,,38
2017-01-27 11:00,2017,34,33,0.00,,530.60,,19.9,14.6,,,14.8,15.2,12.0,,13.0,30,31,33,,38
2017-01-27 12:00,2017,36,34,0.00,,542.80,,28.7,19.7,,,14.8,14.7,12.0,,13.2,30,31,33,,38
2017-01-27 13:00,2017,36,35,0.00,,483.00,,36.2,21.8,,,14.8,14.7,12.0,,13.9,30,31,33,,38
2017-01-27 14:00,2017,36,33,0.00,,360.70,,30.0,21.4,,,14.9,14.4,12.0,,13.0,31,31,33,,38
2017-01-27 15:00,2017,36,35,0.00,,221.00,,26.6,16.2,,,14.9,14.8,12.0,,13.7,31,31,33,,38
2017-01-27 16:00,2017,35,33,0.00,,44.25,,24.2,12.7,,,15.2,14.6,12.1,,13.7,31,31,33,,38
2017-01-27 17:00,2017,33,23,0.00,,1.66,,15.6,9.0,,,15.1,14.6,12.1,,13.0,31,31,33,,38
2017-01-27 18:00,2017,24,22,0.00,,0.11,,25.0,11.1,,,15.2,14.8,12.1,,13.0,31,31,33,,38
2017-01-27 19:00,2017,23,21,0.00,,0.03,,29.0,17.2,,,14.9,14.4,12.1,,13.2,31,31,33,,38
2017-01-27 20:00,2017,26,23,0.00,,0.00,,18.9,13.7,,,15.1,14.3,12.1,,13.0,30,31,32,,38
2017-01-27 21:00,2017,23,19,0.00,,0.00,,14.0,6.9,,,15.0,14.1,12.1,,13.0,30,31,32,,38
2017-01-27 22:00,2017,21,17,0.00,,0.00,,11.4,6.3,,,14.8,14.4,12.1,,13.0,30,31,32,,38
2017-01-27 23:00,2017,21,19,0.00,,0.00,,10.9,5.6,,,14.4,13.9,12.1,,13.2,29,30,32,,38
2017-01-28 00:00,2017,24,21,0.00,,0.00,,16.3,11.5,,,14.3,14.2,12.1,,13.7,29,30,32,,38
2017-01-28 01:00,2017,24,23,0.00,,0.00,,17.7,7.8,,,14.4,14.1,12.3,,13.0,29,30,32,,38
2017-01-28 02:00,2017,26,22,0.00,,0.00,,11.4,6.0,,,14.0,13.8,12.2,,13.0,29,30,32,,38
2017-01-28 03:00,2017,28,26,0.00,,0.00,,21.5,10.5,,,14.3,13.7,11.8,,13.0,28,29,32,,38
2017-01-28 04:00,2017,28,26,0.00,,0.00,,20.7,13.5,,,14.1,13.7,11.8,,13.7,28,29,32,,38
2017-01-28 05:00,2017,29,25,0.00,,0.00,,19.4,12.8,,,13.8,13.7,11.8,,13.2,28,29,32,,38
2017-01-28 06:00,2017,28,25,0.00,,0.04,,24.5,15.3,,,13.6,13.2,12.0,,13.0,28,29,32,,38
2017-01-28 07:00,2017,31,26,0.00,,31.42,,24.6,14.9,,,13.6,13.3,12.0,,13.2,28,29,32,,38
2017-01-28 08:00,2017,33,31,0.00,,134.40,,24.3,17.7,,,13.8,13.1,11.9,,13.2,28,29,32,,38
2017-01-28 09:00,2017,37,33,0.00,,267.80,,26.8,19.3,,,13.4,13.0,11.9,,13.2,28,29,32,,38
2017-01-28 10:00,2017,38,37,0.00,,244.90,,27.1,20.0,,,13.4,13.1,12.0,,13.0,28,29,32,,38
2017-01-28 11:00,2017,40,38,0.00,,314.30,,26.1,19.7,,,13.6,12.8,12.0,,13.0,28,29,31,,38
2017-01-28 12:00,2017,41,40,0.00,,428.20,,31.3,20.1,,,13.8,13.1,12.0,,13.2,29,29,31,,38
2017-01-28 13:00,2017,44,41,0.00,,405.00,,25.8,18.2,,,13.8,13.0,12.0,,13.0,29,29,31,,38
2017-01-28 14:00,2017,44,41,0.00,,358.60,,29.4,20.1,,,13.7,13.3,12.0,,13.0,29,29,31,,38
2017-01-28 15:00,2017,42,40,0.00,,89.00,,30.0,18.4,,,14.0,13.3,12.0,,13.0,30,29,31,,38
2017-01-28 16:00,2017,42,38,0.00,,53.99,,30.2,21.4,,,14.1,13.6,12.0,,13.2,30,29,31,,38
2017-01-28 17:00,2017,38,35,0.00,,1.52,,22.5,16.3,,,14.3,13.2,12.0,,13.2,30,30,31,,38
2017-01-28 18:00,2017,36,35,0.00,,0.11,,25.2,15.5,,,14.7,13.3,12.0,,13.0,30,30,31,,38
2017-01-28 19:00,2017,36,34,0.00,,0.13,,25.6,12.7,,,14.7,13.6,12.0,,13.5,30,30,31,,38
2017-01-28 20:00,2017,35,34,0.00,,0.11,,22.9,13.3,,,14.1,13.6,12.0,,13.5,30,30,31,,38
2017-01-28 21:00,2017,35,33,0.00,,0.09,,22.3,13.1,,,14.3,13.6,11.9,,13.5,30,30,31,,38
2017-01-28 22:00,2017,35,34,0.00,,0.08,,30.3,18.9,,,14.3,13.6,11.9,,13.5,30,30,31,,38
2017-01-28 23:00,2017,35,34,0.00,,0.10,,26.2,18.6,,,14.3,13.3,11.9,,13.3,29,30,31,,38
2017-01-29 00:00,2017,36,34,0.00,,0.07,,23.1,17.3,,,14.0,13.3,11.9,,13.5,29,29,31,,38
2017-01-29 01:00,2017,37,33,0.00,,0.10,,22.5,13.2,,,13.9,13.4,11.9,,13.5,29,29,31,,38
2017-01-29 02:00,2017,37,36,0.00,,0.07,,22.8,16.2,,,13.7,13.2,12.2,,13.5,29,29,31,,38
2017-01-29 03:00,2017,37,36,0.00,,0.12,,23.4,16.2,,,13.7,13.2,11.9,,13.5,29,29,31,,38
2017-01-29 04:00,2017,36,35,0.00,,0.12,,22.0,15.5,,,13.8,13.6,12.0,,13.5,29,29,31,,38
2017-01-29 05:00,2017,37,36,0.00,,0.12,,18.5,13.8,,,13.8,13.1,11.9,,13.3,29,29,31,,38
2017-01-29 06:00,2017,37,29,0.00,,0.42,,17.4,9.7,,,14.1,13.3,11.9,,13.5,29,29,31,,38
2017-01-29 07:00,2017,42,32,0.00,,27.23,,22.5,13.6,,,13.8,13.0,12.0,,13.5,28,29,31,,38
2017-01-29 08:00,2017,44,42,0.00,,152.30,,26.7,17.2,,,13.8,13.3,12.0,,13.3,28,29,31,,38
2017-01-29 09:00,2017,48,44,0.00,,344.00,,35.3,23.4,,,13.7,13.3,12.0,,13.3,29,29,31,,38
2017-01-29 10:00,2017,51,48,0.00,,451.50,,37.8,27.0,,,13.7,13.3,12.0,,13.5,29,29,31,,38
2017-01-29 11:00,2017,52,51,0.00,,485.80,,37.5,27.7,,,14.0,13.3,12.0,,13.5,30,29,31,,38
2017-01-29 12:00,2017,55,51,0.04,,501.20,,42.9,31.3,,,14.5,13.2,12.0,,13.5,30,29,31,,38
2017-01-29 13:00,2017,55,54,0.00,,510.00,,38.5,26.8,,,14.7,13.3,11.9,,13.0,31,30,31,,38
2017-01-29 14:00,2017,55,54,0.00,,410.90,,26.2,19.0,,,14.9,13.6,12.2,,13.3,31,30,31,,38
2017-01-29 15:00,2017,54,51,0.00,,226.00,,26.2,18.5,,,14.8,13.7,12.0,,13.3,32,30,31,,38
2017-01-29 16:00,2017,51,48,0.00,,78.10,,23.9,14.2,,,15.4,13.7,11.8,,13.3,32,31,31,,38
2017-01-29 17:00,2017,48,46,0.00,,1.70,,20.8,14.6,,,16.0,13.9,11.8,,13.5,32,31,31,,38
2017-01-29 18:00,2017,46,43,0.00,,0.00,,21.3,14.7,,,16.2,14.1,11.8,,13.3,32,31,32,,38
2017-01-29 19:00,2017,44,43,0.00,,0.01,,21.7,13.7,,,16.6,14.1,11.8,,13.5,32,31,32,,38
2017-01-29 20:00,2017,44,43,0.00,,0.07,,26.9,19.8,,,16.4,14.4,12.1,,13.5,32,31,32,,38
2017-01-29 21:00,2017,44,43,0.00,,0.06,,25.7,17.8,,,16.7,14.1,12.1,,13.5,32,31,32,,38
2017-01-29 22:00,2017,43,42,0.00,,0.08,,23.4,17.2,,,17.0,14.5,12.1,,13.3,32,31,32,,38
2017-01-29 23:00,2017,42,41,0.00,,0.08,,22.5,16.3,,,17.1,14.3,12.1,,13.3,32,31,32,,38
2017-01-30 00:00,2017,41,36,0.00,,0.11,,17.9,13.2,,,17.5,14.6,12.1,,13.5,32,31,32,,38
2017-01-30 01:00,2017,44,36,0.00,,0.12,,18.0,10.0,,,17.1,14.8,12.0,,13.5,32,31,32,,38
2017-01-30 02:00,2017,46,38,0.00,,0.15,,28.7,11.5,,,17.0,14.4,12.1,,13.5,32,31,32,,38
2017-01-30 03:00,2017,43,38,0.00,,0.11,,27.0,14.8,,,17.4,14.6,12.1,,13.5,32,31,32,,38
2017-01-30 04:00,2017,45,40,0.00,,0.14,,21.9,13.8,,,17.4,14.7,12.0,,13.5,32,31,32,,38
2017-01-30 05:00,2017,47,45,0.00,,0.07,,27.1,18.4,,,17.7,14.9,12.0,,13.5,32,31,32,,38
2017-01-30 06:00,2017,47,44,0.00,,0.20,,28.6,19.1,,,17.2,14.8,12.0,,13.5,32,31,32,,38
2017-01-30 07:00,2017,44,42,0.00,,44.79,,20.1,12.8,,,17.7,15.0,12.0,,13.5,32,31,32,,37
2017-01-30 08:00,2017,49,44,0.00,,177.80,,20.3,13.5,,,18.1,14.8,12.0,,13.5,32,31,32,,37
2017-01-30 09:00,2017,53,49,0.00,,309.70,,29.9,18.5,,,17.8,14.9,12.0,,13.5,32,31,32,,38
2017-01-30 10:00,2017,55,53,0.00,,432.10,,32.9,23.3,,,17.7,14.9,12.3,,13.5,32,31,32,,38
2017-01-30 11:00,2017,56,55,0.00,,508.60,,34.8,25.3,,,18.3,15.0,12.0,,13.7,32,31,32,,37
2017-01-30 12:00,2017,59,56,0.00,,523.40,,30.2,21.4,,,17.9,15.0,12.3,,13.3,32,31,32,,37
2017-01-30 13:00,2017,59,58,0.00,,462.90,,27.9,18.1,,,19.3,15.0,12.3,,13.5,33,31,32,,37
2017-01-30 14:00,2017,61,58,0.00,,330.20,,21.8,12.7,,,25.5,15.2,12.3,,13.1,35,32,32,,37
2017-01-30 15:00,2017,60,57,0.00,,219.70,,21.2,13.0,,,27.2,15.7,12.3,,13.7,36,32,32,,37
2017-01-30 16:00,2017,57,51,0.00,,75.30,,25.2,13.2,,,27.1,17.1,12.3,,13.7,36,33,32,,37
2017-01-30 17:00,2017,51,49,0.00,,2.10,,20.7,12.6,,,27.0,17.9,12.3,,13.7,35,33,32,,37
2017-01-30 18:00,2017,49,47,0.00,,0.00,,16.8,10.0,,,27.0,18.0,12.3,,13.7,34,33,32,,37
2017-01-30 19:00,2017,51,48,0.00,,0.00,,19.6,10.9,,,26.9,18.3,12.3,,13.7,33,32,32,,37
2017-01-30 20:00,2017,49,46,0.00,,0.00,,20.3,11.5,,,27.2,18.8,12.3,,13.7,32,32,33,,37
2017-01-30 21:00,2017,49,42,0.00,,0.00,,20.5,9.6,,,26.9,19.1,12.1,,13.7,32,32,33,,37
2017-01-30 22:00,2017,44,35,0.00,,0.00,,5.2,1.7,,,27.0,19.5,12.0,,13.7,32,32,33,,37
2017-01-30 23:00,2017,44,35,0.00,,0.01,,10.8,3.8,,,27.1,19.6,12.3,,13.2,32,32,33,,37
2017-01-31 00:00,2017,39,32,0.00,,0.13,,6.9,2.4,,,26.6,19.7,12.0,,13.5,32,32,33,,37
2017-01-31 01:00,2017,35,28,0.00,,0.15,,7.7,4.0,,,26.8,20.1,12.0,,13.5,32,32,33,,37
2017-01-31 02:00,2017,36,26,0.00,,0.06,,11.9,6.1,,,26.6,20.0,12.0,,13.7,32,32,33,,37
2017-01-31 03:00,2017,32,27,0.00,,0.00,,7.8,3.3,,,26.3,19.9,12.1,,13.5,32,32,33,,37
2017-01-31 04:00,2017,30,26,0.00,,0.00,,10.4,4.5,,,26.5,20.4,12.0,,13.7,32,32,33,,37
2017-01-31 05:00,2017,50,30,0.00,,0.00,,23.0,8.2,,,26.3,20.1,12.0,,13.7,32,32,33,,37
2017-01-31 06:00,2017,50,46,0.00,,0.14,,29.1,15.2,,,26.0,20.3,12.0,,13.2,32,32,33,,37
2017-01-31 07:00,2017,50,47,0.00,,17.90,,22.5,13.2,,,26.1,20.5,12.0,,13.7,32,32,33,,37
2017-01-31 08:00,2017,49,48,0.00,,70.19,,27.3,15.9,,,25.9,20.2,12.0,,13.7,32,32,33,,37
2017-01-31 09:00,2017,56,49,0.00,,279.80,,24.5,16.3,,,25.5,20.1,12.4,,13.2,32,32,33,,37
2017-01-31 10:00,2017,56,53,0.00,,262.90,,13.1,4.8,,,25.6,20.1,12.4,,13.0,32,32,33,,37
2017-01-31 11:00,2017,58,56,0.00,,456.80,,21.5,10.0,,,25.6,20.1,12.4,,13.7,32,32,33,,37
2017-01-31 12:00,2017,58,56,0.00,,203.90,,21.5,11.0,,,25.6,20.4,12.4,,13.2,32,32,33,,37
2017-01-31 13:00,2017,60,58,0.00,,456.30,,28.4,19.3,,,26.5,20.5,12.0,,13.0,34,32,33,,37
2017-01-31 14:00,2017,61,58,0.00,,491.90,,33.6,19.1,,,26.9,20.6,12.4,,13.5,36,33,33,,37
2017-01-31 15:00,2017,58,53,0.00,,126.20,,39.9,18.1,,,27.0,21.0,12.4,,13.2,39,35,33,,37
2017-01-31 16:00,2017,54,53,0.00,,72.40,,23.9,12.4,,,26.7,21.2,12.4,,13.7,39,36,33,,37
2017-01-31 17:00,2017,53,49,0.00,,4.66,,30.5,14.4,,,26.7,21.2,12.3,,13.5,37,35,33,,37
2017-01-31 18:00,2017,50,47,0.00,,0.00,,15.7,6.2,,,26.7,21.1,12.3,,13.5,36,35,33,,37
2017-01-31 19:00,2017,49,46,0.00,,0.00,,12.3,7.4,,,26.8,21.3,12.3,,13.7,35,34,33,,37
2017-01-31 20:00,2017,46,35,0.00,,0.00,,20.3,8.1,,,26.5,21.5,12.3,,13.5,34,33,33,,37
2017-01-31 21:00,2017,35,29,0.00,,0.05,,26.0,16.8,,,26.3,21.0,12.3,,13.2,34,33,33,,37
2017-01-31 22:00,2017,29,27,0.00,,0.06,,19.2,10.7,,,26.4,21.0,12.3,,13.2,33,33,33,,37
2017-01-31 23:00,2017,27,25,0.00,,0.19,,17.4,11.8,,,26.2,21.1,12.1,,13.5,33,32,33,,37
