Date,Station Id,Air Temperature Maximum (degF),Air Temperature Minimum (degF),Precipitation Increment (in),Relative Humidity (pct),Solar Radiation Average (watt/m2),Solar Radiation/langley Total (langley),Wind Speed Maximum (mph),Wind Speed Average (mph),Vapor Pressure - Partial (inch_Hg),Vapor Pressure - Saturated (inch_Hg),Soil Moisture Percent -2in (pct),Soil Moisture Percent -4in (pct),Soil Moisture Percent -8in (pct),Soil Moisture Percent -20in (pct),Soil Moisture Percent -40in (pct),Soil Temperature Observed -2in (degF),Soil Temperature Observed -4in (degF),Soil Temperature Observed -8in (degF),Soil Temperature Observed -20in (degF),Soil Temperature Observed -40in (degF)
2017-01-01 00:00,15,67,67,0.00,84,0.00,,6.2,2.4,0.56,0.67,37.6,45.4,51.0,25.3,43.7,69,70,70,69,72
2017-01-01 01:00,15,68,67,0.00,86,0.00,,6.6,2.2,0.56,0.68,37.5,45.3,51.1,25.2,43.6,69,69,70,69,72
2017-01-01 02:00,15,67,67,0.00,83,0.00,,6.7,2.5,0.57,0.67,37.4,45.2,51.0,25.1,43.7,69,69,70,69,72
2017-01-01 03:00,15,67,66,0.00,89,0.00,,6.5,2.4,0.59,0.66,37.3,45.3,51.1,25.1,43.5,69,69,70,69,72
2017-01-01 04:00,15,67,67,0.00,91,0.00,,6.1,1.7,0.60,0.66,37.3,45.2,50.9,25.1,43.6,68,69,70,69,72
2017-01-01 05:00,15,67,67,0.00,92,0.00,,6.2,1.2,0.60,0.66,37.4,45.2,51.0,25.1,43.7,68,69,70,69,72
2017-01-01 06:00,15,67,67,0.00,92,0.14,,3.2,0.7,0.60,0.66,37.2,45.1,50.8,25.0,43.6,68,69,70,69,72
2017-01-01 07:00,15,68,67,0.00,87,10.91,,4.3,1.2,0.61,0.67,37.4,45.1,51.0,25.0,43.7,68,69,70,69,72
2017-01-01 08:00,15,69,67,0.00,94,60.03,,3.6,0.9,0.65,0.69,37.3,45.1,50.9,25.0,43.4,68,69,70,69,72
2017-01-01 09:00,15,72,69,0.00,93,271.70,,3.4,0.6,0.67,0.74,37.2,45.1,50.9,24.9,43.5,68,69,70,69,72
2017-01-01 10:00,15,75,71,0.00,85,301.80,,4.2,1.0,0.68,0.81,37.2,45.0,50.8,24.9,43.3,68,69,70,69,72
2017-01-01 11:00,15,73,71,0.00,83,164.40,,3.2,0.7,0.69,0.78,37.1,44.9,50.9,24.9,43.2,68,69,70,69,72
2017-01-01 12:00,15,76,71,0.00,92,321.40,,2.1,0.4,0.72,0.82,37.2,45.0,50.7,24.8,43.3,68,69,70,69,72
2017-01-01 13:00,15,75,72,0.00,91,254.90,,3.4,0.5,0.73,0.84,37.1,44.9,50.9,24.8,43.3,69,69,70,69,72
2017-01-01 14:00,15,74,72,0.00,89,160.00,,2.3,0.8,0.74,0.82,37.1,44.9,50.7,24.8,43.1,69,69,70,69,72
2017-01-01 15:00,15,75,72,0.00,92,100.40,,3.4,0.6,0.75,0.83,37.0,44.9,50.8,24.7,43.4,69,69,70,69,72
2017-01-01 16:00,15,73,71,0.00,86,86.60,,3.4,1.4,0.71,0.79,37.0,44.9,50.7,24.7,43.3,69,69,70,69,72
2017-01-01 17:00,15,71,69,0.00,94,7.40,,4.7,2.8,0.69,0.74,36.9,44.8,50.7,24.7,43.2,69,69,70,69,72
2017-01-01 18:00,15,69,67,0.00,96,0.49,,4.0,1.9,0.67,0.69,37.1,44.8,50.5,24.6,43.1,69,70,70,69,72
2017-01-01 19:00,15,67,67,0.00,96,0.00,,3.2,0.8,0.63,0.67,36.7,44.7,50.7,24.7,43.1,69,70,70,69,72
2017-01-01 20:00,15,67,66,0.00,91,0.00,,3.9,1.9,0.62,0.66,37.0,44.7,50.4,24.6,43.1,69,70,70,69,72
2017-01-01 21:00,15,66,66,0.00,96,0.00,,5.6,2.9,0.62,0.64,36.9,44.7,50.4,24.6,43.0,69,70,70,69,72
2017-01-01 22:00,15,66,66,0.00,96,0.00,,6.1,2.4,0.62,0.65,36.7,44.7,50.4,24.6,43.2,69,70,70,69,72
2017-01-01 23:00,15,67,66,0.00,95,0.00,,4.8,1.7,0.62,0.66,36.8,44.7,50.4,24.5,43.0,69,70,70,69,72
2017-01-02 00:00,15,67,66,0.00,95,0.00,,5.4,1.8,0.63,0.66,36.7,44.6,50.5,24.6,42.9,69,70,70,69,72
2017-01-02 01:00,15,67,66,0.00,94,0.00,,4.7,1.0,0.61,0.66,36.6,44.7,50.6,24.5,42.9,69,70,70,69,72
2017-01-02 02:00,15,67,66,0.00,90,0.00,,2.8,0.7,0.58,0.66,36.7,44.6,50.4,24.4,42.9,69,70,70,69,72
2017-01-02 03:00,15,66,66,0.00,90,0.00,,3.8,1.0,0.59,0.65,36.6,44.6,50.5,24.4,42.9,69,70,70,69,72
2017-01-02 04:00,15,66,66,0.00,93,0.00,,6.1,2.0,0.59,0.64,36.6,44.5,50.4,24.4,42.9,69,69,70,69,72
2017-01-02 05:00,15,66,66,0.00,89,0.00,,6.7,2.8,0.57,0.65,36.5,44.5,50.4,24.4,42.7,69,69,70,69,72
2017-01-02 06:00,15,66,66,0.00,88,0.18,,7.3,4.0,0.56,0.64,36.6,44.6,50.5,24.4,42.9,68,69,70,69,72
2017-01-02 07:00,15,66,66,0.00,91,10.61,,7.4,4.3,0.59,0.64,36.5,44.5,50.4,24.4,42.8,68,69,70,69,72
2017-01-02 08:00,15,67,66,0.00,95,52.46,,7.9,4.7,0.61,0.66,36.6,44.5,50.3,24.4,42.6,68,69,70,69,72
2017-01-02 09:00,15,69,67,0.00,92,307.60,,6.5,3.2,0.63,0.69,36.5,44.6,50.3,24.4,42.7,68,69,70,69,72
2017-01-02 10:00,15,72,69,0.00,86,619.60,,5.8,2.0,0.64,0.76,36.5,44.4,50.2,24.3,42.7,68,69,70,69,72
2017-01-02 11:00,15,75,72,0.00,83,689.40,,5.9,2.2,0.67,0.84,36.4,44.3,50.4,24.3,42.5,68,69,70,69,72
2017-01-02 12:00,15,76,72,0.00,84,504.90,,5.9,1.5,0.68,0.82,36.2,44.4,50.4,24.3,42.6,68,69,70,69,72
2017-01-02 13:00,15,76,72,0.00,78,162.10,,5.5,3.0,0.67,0.82,36.3,44.4,50.3,24.2,42.5,69,69,70,69,72
2017-01-02 14:00,15,74,71,0.00,84,162.40,,3.0,0.7,0.65,0.79,36.4,44.4,50.1,24.2,42.5,69,69,70,69,72
2017-01-02 15:00,15,75,72,0.00,74,176.00,,3.5,1.0,0.65,0.84,36.2,44.4,50.1,24.2,42.6,69,69,70,69,72
2017-01-02 16:00,15,72,70,0.00,84,135.10,,5.6,2.7,0.67,0.77,36.2,44.3,50.1,24.2,42.5,69,69,70,69,72
2017-01-02 17:00,15,70,68,0.00,91,31.87,,6.0,3.2,0.66,0.72,36.0,44.3,50.2,24.2,42.4,69,70,70,69,72
2017-01-02 18:00,15,68,67,0.00,95,0.47,,6.5,4.3,0.66,0.69,36.1,44.3,50.1,24.2,42.3,70,70,70,69,72
2017-01-02 19:00,15,67,67,0.00,99,0.00,,7.2,4.7,0.67,0.67,35.9,44.3,50.1,24.1,42.3,70,70,70,69,72
2017-01-02 20:00,15,67,67,0.00,100,0.00,,7.5,4.4,0.66,0.66,36.1,44.2,50.1,24.1,42.4,69,70,70,69,72
2017-01-02 21:00,15,67,66,0.00,100,0.00,,5.5,1.7,0.65,0.65,36.0,44.3,50.0,24.1,42.2,69,70,70,69,72
2017-01-02 22:00,15,66,65,0.00,100,0.00,,6.3,3.5,0.63,0.63,35.9,44.2,50.1,24.1,42.3,69,70,70,69,72
2017-01-02 23:00,15,65,65,0.00,100,0.00,,5.8,3.3,0.63,0.63,36.0,44.2,49.9,24.0,42.1,69,70,70,69,72
2017-01-03 00:00,15,65,65,0.00,100,0.00,,5.7,2.7,0.62,0.63,36.0,44.2,50.0,24.0,42.2,69,70,70,69,72
2017-01-03 01:00,15,65,65,0.00,98,0.00,,5.6,3.0,0.62,0.63,35.8,44.1,49.9,24.0,42.3,69,70,70,69,72
2017-01-03 02:00,15,66,65,0.00,99,0.00,,6.2,3.3,0.62,0.63,36.0,44.2,50.0,24.1,42.0,69,70,70,69,72
2017-01-03 03:00,15,66,65,0.00,96,0.00,,6.7,3.7,0.62,0.63,35.8,44.2,50.0,23.9,42.2,69,70,70,69,72
2017-01-03 04:00,15,66,65,0.00,97,0.00,,7.3,3.5,0.61,0.64,35.8,44.2,50.0,23.9,42.2,69,70,70,69,72
2017-01-03 05:00,15,66,65,0.00,96,0.00,,5.4,2.3,0.61,0.63,35.9,44.1,50.0,24.0,41.9,69,70,70,69,72
2017-01-03 06:00,15,66,65,0.00,94,0.16,,4.6,1.2,0.58,0.63,35.8,44.1,50.1,24.0,42.0,69,70,70,69,72
2017-01-03 07:00,15,66,65,0.00,89,12.13,,3.7,0.7,0.55,0.63,35.9,44.1,50.0,24.0,42.1,69,70,70,69,72
2017-01-03 08:00,15,68,66,0.00,87,75.26,,3.7,0.6,0.59,0.68,35.7,44.0,50.0,23.9,41.9,69,70,70,69,72
2017-01-03 09:00,15,71,68,0.00,87,297.90,,3.3,1.0,0.62,0.74,35.8,44.0,50.0,23.9,41.9,69,69,70,69,72
2017-01-03 10:00,15,75,70,0.00,87,574.40,,2.4,0.4,0.66,0.82,35.7,44.1,49.6,23.9,41.9,69,69,70,69,72
2017-01-03 11:00,15,75,71,0.00,77,241.10,,2.7,1.0,0.68,0.81,35.8,44.0,49.8,23.8,42.1,69,69,70,69,72
2017-01-03 12:00,15,73,72,0.00,86,132.20,,2.3,0.7,0.70,0.80,35.7,44.0,49.8,23.8,42.0,69,69,70,69,72
2017-01-03 13:00,15,72,71,0.00,87,75.51,,1.7,0.3,0.70,0.78,35.6,44.0,49.8,23.9,41.9,69,69,70,69,72
2017-01-03 14:00,15,73,71,0.00,90,71.56,,2.3,0.9,0.69,0.76,35.7,44.0,49.9,23.9,41.9,69,69,70,69,72
2017-01-03 15:00,15,76,72,0.00,92,162.10,,5.0,2.6,0.74,0.85,35.8,44.0,49.6,23.8,41.7,69,69,70,69,72
2017-01-03 16:00,15,75,72,0.00,86,141.10,,3.5,1.4,0.74,0.84,35.5,44.0,49.6,23.7,41.7,69,70,70,69,72
2017-01-03 17:00,15,72,69,0.00,93,33.11,,1.6,0.3,0.72,0.76,35.5,44.0,49.7,23.8,41.6,69,70,70,69,72
2017-01-03 18:00,15,69,68,0.00,97,0.77,,1.7,0.5,0.69,0.70,35.5,43.9,49.6,23.8,41.7,69,70,70,69,72
2017-01-03 19:00,15,68,68,0.00,100,0.00,,1.4,0.5,0.69,0.69,35.5,43.9,49.6,23.7,41.7,69,70,70,69,72
2017-01-03 20:00,15,68,67,0.00,100,0.00,,1.7,0.5,0.68,0.68,35.3,43.8,49.6,23.8,41.7,69,70,70,69,72
2017-01-03 21:00,15,67,67,0.00,99,0.00,,2.3,0.7,0.64,0.67,35.5,43.8,49.5,23.7,41.6,69,70,70,69,72
2017-01-03 22:00,15,68,67,0.00,86,0.00,,1.6,0.4,0.56,0.68,35.5,43.8,49.6,23.7,41.6,69,70,70,69,72
2017-01-03 23:00,15,68,68,0.00,81,0.00,,3.7,1.7,0.58,0.69,35.4,43.8,49.8,23.7,41.6,69,70,70,69,72
2017-01-04 00:00,15,68,66,0.00,89,0.00,,3.6,1.4,0.61,0.67,35.6,43.8,49.7,23.7,41.7,69,70,70,69,72
2017-01-04 01:00,15,67,66,0.00,93,0.00,,2.2,0.9,0.60,0.66,35.4,43.8,49.5,23.7,41.7,69,70,70,69,72
2017-01-04 02:00,15,67,67,0.00,86,0.00,,2.1,0.7,0.56,0.67,35.3,43.8,49.7,23.7,41.6,69,70,70,69,72
2017-01-04 03:00,15,67,67,0.00,76,0.00,,3.1,0.5,0.50,0.67,35.3,43.8,49.6,23.7,41.6,69,70,70,69,72
2017-01-04 04:00,15,67,67,0.00,71,0.00,,4.0,0.9,0.49,0.67,35.3,43.8,49.5,23.6,41.5,69,70,70,69,72
2017-01-04 05:00,15,67,67,0.00,73,0.00,,2.5,0.3,0.50,0.67,35.4,43.7,49.4,23.5,41.6,69,69,70,69,72
2017-01-04 06:00,15,68,67,0.00,78,0.33,,3.0,1.0,0.56,0.67,35.3,43.7,49.4,23.6,41.5,69,69,70,69,72
2017-01-04 07:00,15,68,67,0.00,86,24.60,,3.6,1.2,0.59,0.68,35.3,43.7,49.4,23.6,41.4,68,69,70,69,72
2017-01-04 08:00,15,69,68,0.00,87,69.53,,4.0,0.9,0.59,0.69,35.3,43.7,49.4,23.6,41.4,68,69,70,69,72
2017-01-04 09:00,15,69,68,0.00,87,298.40,,3.6,0.5,0.60,0.70,35.4,43.7,49.4,23.6,41.4,68,69,70,69,72
2017-01-04 10:00,15,75,68,0.00,87,630.30,,2.0,0.4,0.63,0.77,35.3,43.7,49.4,23.5,41.3,68,69,70,69,72
2017-01-04 11:00,15,78,75,0.00,73,714.80,,3.2,0.7,0.65,0.90,35.2,43.7,49.4,23.5,41.3,68,69,70,69,72
2017-01-04 12:00,15,80,78,0.00,67,782.70,,3.5,1.8,0.67,1.00,35.2,43.7,49.5,23.5,41.4,68,69,70,69,72
2017-01-04 13:00,15,80,76,0.00,66,399.60,,4.6,2.4,0.66,0.96,35.1,43.6,49.4,23.5,41.3,69,69,70,69,72
2017-01-04 14:00,15,78,74,0.00,67,126.10,,6.3,3.4,0.64,0.89,35.1,43.6,49.4,23.5,41.4,69,69,70,69,72
2017-01-04 15:00,15,76,75,0.00,73,133.70,,3.9,1.7,0.66,0.89,35.0,43.6,49.3,23.5,41.1,69,69,70,69,72
2017-01-04 16:00,15,76,72,0.00,75,176.40,,4.8,1.6,0.65,0.86,35.0,43.6,49.5,23.4,41.3,70,70,70,69,72
2017-01-04 17:00,15,72,68,0.00,79,41.33,,4.7,1.0,0.62,0.76,35.0,43.5,49.4,23.5,41.0,70,70,70,69,72
2017-01-04 18:00,15,68,67,0.00,81,1.21,,0.3,0.0,0.53,0.68,34.8,43.6,49.5,23.5,41.3,70,70,70,69,72
2017-01-04 19:00,15,69,67,0.00,48,0.00,,2.4,0.5,0.34,0.69,34.9,43.5,49.4,23.4,41.1,70,70,70,69,72
2017-01-04 20:00,15,69,67,0.00,49,0.00,,3.2,1.9,0.36,0.69,34.9,43.6,49.4,23.4,41.2,70,70,70,69,72
2017-01-04 21:00,15,68,67,0.00,66,0.00,,3.4,2.2,0.50,0.68,34.7,43.5,49.4,23.4,41.0,69,70,70,69,72
2017-01-04 22:00,15,68,67,0.00,82,0.00,,3.1,1.6,0.56,0.68,34.7,43.6,49.3,23.4,41.0,69,70,70,69,72
2017-01-04 23:00,15,67,67,0.00,85,0.00,,2.3,1.1,0.59,0.67,34.7,43.5,49.4,23.4,41.0,69,70,70,69,72
2017-01-05 00:00,15,69,67,0.00,83,0.00,,3.0,1.3,0.57,0.69,34.9,43.4,49.5,23.3,41.0,69,70,70,69,72
2017-01-05 01:00,15,68,68,0.00,84,0.00,,1.9,0.5,0.58,0.69,34.8,43.5,49.3,23.3,41.1,69,70,70,69,72
2017-01-05 02:00,15,68,67,0.00,85,0.00,,3.4,1.0,0.59,0.69,34.8,43.5,49.3,23.4,41.0,69,70,70,69,72
2017-01-05 03:00,15,67,67,0.00,91,0.00,,3.6,1.1,0.61,0.67,34.7,43.4,49.2,23.2,40.9,69,69,70,69,72
2017-01-05 04:00,15,68,67,0.00,91,0.00,,4.8,2.4,0.56,0.68,34.8,43.4,49.2,23.3,40.8,68,69,70,69,72
2017-01-05 05:00,15,68,66,0.00,70,0.00,,5.5,2.9,0.51,0.67,34.9,43.4,49.2,23.3,40.9,68,69,70,69,72
2017-01-05 06:00,15,67,67,0.00,73,0.16,,5.8,2.1,0.45,0.67,34.6,43.3,49.2,23.3,40.9,68,69,70,69,72
2017-01-05 07:00,15,68,67,0.00,65,10.27,,4.7,2.2,0.47,0.68,34.6,43.4,49.0,23.3,40.9,68,69,70,69,72
2017-01-05 08:00,15,70,68,0.00,83,54.62,,5.8,1.8,0.61,0.70,34.6,43.3,49.4,23.2,40.9,68,69,70,69,72
2017-01-05 09:00,15,72,70,0.00,88,296.50,,5.3,1.8,0.66,0.75,34.6,43.4,49.0,23.3,40.7,68,69,70,69,72
2017-01-05 10:00,15,77,72,0.00,76,602.00,,4.1,1.4,0.64,0.86,34.6,43.3,49.2,23.2,41.0,68,69,70,69,72
2017-01-05 11:00,15,78,74,0.00,77,551.70,,8.9,1.7,0.69,0.90,34.7,43.4,49.0,23.3,40.6,68,69,70,69,72
2017-01-05 12:00,15,80,76,0.00,65,709.40,,5.2,2.0,0.63,0.97,34.5,43.3,49.2,23.2,40.9,68,69,70,69,72
2017-01-05 13:00,15,80,77,0.00,66,361.70,,5.6,2.2,0.61,1.00,34.6,43.4,49.0,23.2,40.7,69,69,70,69,72
2017-01-05 14:00,15,79,77,0.00,56,114.90,,4.8,2.0,0.55,0.98,34.4,43.4,49.2,23.2,40.7,69,69,70,69,72
2017-01-05 15:00,15,78,77,0.00,57,131.40,,4.5,1.9,0.60,0.95,34.5,43.3,49.1,23.2,40.6,69,69,70,69,72
2017-01-05 16:00,15,77,73,0.00,71,201.20,,4.3,2.2,0.67,0.89,34.3,43.3,49.2,23.1,40.7,69,69,70,69,72
2017-01-05 17:00,15,73,70,0.00,81,41.35,,4.1,2.3,0.65,0.78,34.5,43.3,48.9,23.1,40.8,70,70,70,69,72
2017-01-05 18:00,15,70,68,0.00,88,1.18,,3.4,1.2,0.63,0.71,34.3,43.2,49.0,23.2,40.6,70,70,70,69,72
2017-01-05 19:00,15,68,68,0.00,72,0.00,,1.9,0.6,0.56,0.69,34.2,43.2,49.0,23.1,40.5,70,70,70,69,72
2017-01-05 20:00,15,69,68,0.00,73,0.00,,1.6,0.3,0.53,0.70,34.2,43.3,49.0,23.0,40.5,69,70,70,69,72
2017-01-05 21:00,15,69,69,0.00,75,0.00,,2.0,0.9,0.53,0.71,34.4,43.2,49.0,23.0,40.5,69,70,70,69,72
2017-01-05 22:00,15,69,68,0.00,68,0.00,,4.1,1.6,0.44,0.71,34.4,43.2,48.9,23.1,40.6,69,70,70,69,72
2017-01-05 23:00,15,68,68,0.00,73,0.00,,4.8,2.1,0.52,0.69,34.2,43.2,49.0,23.1,40.6,69,70,70,69,72
2017-01-06 00:00,15,68,68,0.00,83,0.00,,3.6,1.6,0.58,0.69,34.2,43.2,49.0,23.0,40.5,69,70,70,69,72
2017-01-06 01:00,15,68,67,0.00,88,0.00,,5.2,1.2,0.59,0.68,34.2,43.2,49.0,23.1,40.4,69,70,70,69,72
2017-01-06 02:00,15,67,67,0.00,87,0.00,,4.3,1.2,0.59,0.66,34.1,43.1,48.9,23.0,40.4,69,70,70,69,72
2017-01-06 03:00,15,67,67,0.00,90,0.00,,5.0,1.6,0.59,0.66,34.1,43.1,49.0,23.0,40.5,69,70,70,69,72
2017-01-06 04:00,15,67,67,0.00,88,0.00,,5.7,1.8,0.59,0.67,34.0,43.1,48.7,23.0,40.5,69,69,70,69,72
2017-01-06 05:00,15,67,67,0.00,86,0.00,,5.5,2.4,0.57,0.67,34.1,43.1,49.0,23.1,40.3,68,69,70,69,72
2017-01-06 06:00,15,68,67,0.00,84,0.17,,4.6,2.4,0.58,0.67,34.0,43.2,48.7,23.1,40.5,68,69,70,69,72
2017-01-06 07:00,15,68,67,0.00,83,10.07,,5.4,2.1,0.54,0.68,34.1,43.1,49.0,23.1,40.5,68,69,70,69,72
2017-01-06 08:00,15,70,68,0.00,75,53.29,,5.7,3.3,0.54,0.70,34.2,43.1,48.9,23.0,40.3,68,69,70,69,72
2017-01-06 09:00,15,73,70,0.00,78,305.90,,6.0,2.7,0.59,0.76,34.0,43.1,48.8,23.0,40.4,68,69,70,69,72
2017-01-06 10:00,15,78,73,0.00,79,640.10,,6.0,2.9,0.62,0.88,34.0,43.1,48.9,22.9,40.5,68,69,70,69,72
2017-01-06 11:00,15,82,78,0.00,69,748.90,,4.4,1.5,0.66,1.00,34.0,43.0,48.7,22.9,40.2,68,69,70,69,72
2017-01-06 12:00,15,82,79,0.00,59,792.80,,5.7,2.4,0.69,1.08,34.0,43.0,48.8,22.9,40.2,68,69,70,69,72
2017-01-06 13:00,15,80,75,0.00,69,268.40,,4.9,2.1,0.68,0.96,33.9,43.1,48.7,23.0,40.2,69,69,70,69,72
2017-01-06 14:00,15,80,77,0.00,66,156.20,,4.4,1.9,0.71,1.02,33.9,43.0,48.7,23.0,40.1,69,69,70,69,72
2017-01-06 15:00,15,77,74,0.00,76,131.90,,3.2,0.4,0.72,0.92,33.7,43.0,48.7,22.9,40.0,70,69,70,69,72
2017-01-06 16:00,15,74,72,0.00,85,113.70,,2.7,0.7,0.71,0.81,33.8,42.9,48.7,22.9,40.2,70,70,70,69,72
2017-01-06 17:00,15,73,70,0.00,87,70.22,,2.0,0.7,0.71,0.79,33.6,43.0,48.8,22.9,40.3,70,70,70,69,72
2017-01-06 18:00,15,70,69,0.00,97,1.44,,2.7,0.8,0.71,0.73,33.8,42.9,48.8,22.8,40.2,70,70,70,69,72
2017-01-06 19:00,15,69,68,0.00,98,0.00,,3.6,2.3,0.69,0.71,33.5,43.0,48.6,22.8,40.2,70,70,70,69,72
2017-01-06 20:00,15,68,68,0.00,96,0.00,,3.7,1.7,0.64,0.69,33.6,42.9,48.5,22.9,40.1,70,70,70,69,72
2017-01-06 21:00,15,68,68,0.00,89,0.00,,4.7,2.4,0.63,0.69,33.5,43.0,48.5,22.9,40.1,70,70,70,69,72
2017-01-06 22:00,15,68,67,0.00,92,0.00,,5.2,2.2,0.62,0.68,33.7,42.9,48.7,22.8,40.1,70,70,70,69,72
2017-01-06 23:00,15,67,66,0.00,93,0.00,,5.0,1.3,0.61,0.66,33.6,42.9,48.6,22.8,40.0,70,70,70,69,72
2017-01-07 00:00,15,67,66,0.00,92,0.00,,4.1,1.4,0.61,0.66,33.5,42.9,48.8,22.8,40.1,70,70,70,69,72
2017-01-07 01:00,15,68,67,0.00,89,0.00,,4.4,2.0,0.58,0.67,33.7,42.9,48.5,22.8,40.0,70,70,70,69,72
2017-01-07 02:00,15,68,67,0.00,83,0.00,,3.6,1.1,0.56,0.68,33.7,42.9,48.6,22.8,40.2,69,70,70,69,72
2017-01-07 03:00,15,68,67,0.00,75,0.00,,4.1,0.8,0.50,0.68,33.6,42.9,48.6,22.7,40.1,69,70,70,69,72
2017-01-07 04:00,15,67,67,0.00,70,0.00,,4.6,1.6,0.48,0.67,33.6,42.9,48.7,22.8,39.8,69,70,70,69,72
2017-01-07 05:00,15,68,67,0.00,74,0.00,,4.4,1.8,0.52,0.68,33.5,42.9,48.5,22.8,40.2,69,70,70,69,72
2017-01-07 06:00,15,68,67,0.00,78,0.15,,4.9,1.6,0.53,0.68,33.5,42.8,48.7,22.7,40.0,69,70,70,69,72
2017-01-07 07:00,15,69,67,0.00,78,9.68,,7.2,2.3,0.55,0.68,33.5,42.8,48.6,22.7,39.8,69,70,70,69,72
2017-01-07 08:00,15,71,69,0.00,83,47.96,,9.3,2.0,0.58,0.72,33.4,42.8,48.6,22.7,39.9,69,70,70,69,72
2017-01-07 09:00,15,74,71,0.00,82,292.30,,5.3,1.3,0.64,0.79,33.6,42.8,48.5,22.8,39.8,68,69,70,69,72
2017-01-07 10:00,15,79,74,0.00,81,614.20,,5.4,1.7,0.71,0.89,33.3,42.7,48.5,22.8,40.0,68,69,70,69,72
2017-01-07 11:00,15,79,75,0.00,69,578.70,,5.0,1.5,0.69,0.96,33.4,42.8,48.6,22.7,39.8,68,69,70,69,72
2017-01-07 12:00,15,78,74,0.00,68,302.60,,3.9,1.4,0.71,0.93,33.4,42.7,48.5,22.7,40.0,69,69,70,69,72
2017-01-07 13:00,15,80,74,0.00,88,318.00,,5.2,1.8,0.74,0.95,33.3,42.8,48.5,22.7,39.9,69,69,70,69,72
2017-01-07 14:00,15,77,74,0.00,83,160.10,,5.1,1.9,0.75,0.91,33.2,42.6,48.4,22.7,39.7,69,69,70,69,72
2017-01-07 15:00,15,78,76,0.00,80,169.30,,4.2,1.9,0.75,0.94,33.4,42.7,48.3,22.7,39.8,70,70,70,69,72
2017-01-07 16:00,15,76,73,0.00,80,112.60,,3.6,1.7,0.73,0.87,33.2,42.7,48.3,22.6,39.8,70,70,70,69,72
2017-01-07 17:00,15,73,71,0.00,88,58.51,,4.6,1.8,0.71,0.80,33.3,42.7,48.4,22.7,39.6,70,70,70,69,72
2017-01-07 18:00,15,71,69,0.00,92,1.39,,3.7,0.8,0.69,0.73,33.2,42.7,48.6,22.6,39.8,70,70,70,69,72
2017-01-07 19:00,15,69,69,0.00,97,0.00,,2.3,0.6,0.69,0.71,33.2,42.7,48.5,22.6,39.8,70,70,70,69,72
2017-01-07 20:00,15,69,68,0.00,98,0.00,,2.4,0.6,0.67,0.70,33.0,42.7,48.6,22.6,39.8,70,70,70,69,72
2017-01-07 21:00,15,68,68,0.00,95,0.00,,3.1,0.9,0.65,0.69,33.1,42.7,48.5,22.5,39.7,70,70,70,69,72
2017-01-07 22:00,15,68,67,0.00,91,0.00,,4.0,0.8,0.61,0.68,33.0,42.7,48.5,22.6,39.8,70,70,70,69,72
2017-01-07 23:00,15,68,67,0.00,88,0.00,,2.6,0.6,0.60,0.68,33.1,42.6,48.4,22.6,39.6,70,70,70,69,72
2017-01-08 00:00,15,67,67,0.00,90,0.00,,3.7,0.6,0.60,0.67,33.0,42.5,48.5,22.5,39.6,70,70,70,69,72
2017-01-08 01:00,15,67,67,0.00,86,0.00,,5.0,1.0,0.57,0.67,33.1,42.5,48.2,22.7,39.8,69,70,70,69,72
2017-01-08 02:00,15,67,66,0.00,88,0.00,,2.6,1.0,0.59,0.66,33.1,42.5,48.2,22.6,39.7,69,70,70,69,72
2017-01-08 03:00,15,67,66,0.00,92,0.00,,3.5,0.5,0.60,0.66,32.9,42.6,48.3,22.5,39.8,69,70,70,69,72
2017-01-08 04:00,15,67,67,0.00,92,0.00,,2.6,0.7,0.61,0.66,32.9,42.6,48.3,22.6,39.7,69,70,70,69,72
2017-01-08 05:00,15,67,67,0.00,91,0.00,,1.9,0.4,0.60,0.67,33.1,42.6,48.4,22.5,39.5,69,70,70,69,72
2017-01-08 06:00,15,67,67,0.00,90,0.14,,1.5,0.3,0.60,0.66,32.8,42.5,48.3,22.5,39.4,69,70,70,69,72
2017-01-08 07:00,15,68,67,0.00,91,9.44,,1.4,0.2,0.61,0.67,32.8,42.5,48.2,22.5,39.6,69,70,70,69,72
2017-01-08 08:00,15,69,68,0.00,88,52.62,,1.5,0.2,0.63,0.71,33.0,42.5,48.3,22.5,39.5,69,70,70,69,72
2017-01-08 09:00,15,71,69,0.00,88,162.70,,2.8,1.0,0.64,0.74,33.0,42.5,48.1,22.5,39.6,69,70,70,69,72
2017-01-08 10:00,15,78,71,0.00,88,543.10,,3.6,1.7,0.68,0.83,32.9,42.5,48.3,22.6,39.4,69,70,70,69,72
2017-01-08 11:00,15,78,75,0.00,78,583.90,,3.1,1.4,0.73,0.92,33.0,42.5,48.2,22.5,39.4,69,70,70,69,72
2017-01-08 12:00,15,78,71,0.00,77,121.00,,1.2,0.1,0.71,0.83,32.9,42.4,48.4,22.5,39.4,69,69,70,69,72
2017-01-08 13:00,15,72,70,0.00,91,124.90,,3.3,1.5,0.71,0.77,32.7,42.4,48.3,22.4,39.6,69,70,70,69,72
2017-01-08 14:00,15,71,70,0.00,96,170.60,,4.2,2.3,0.71,0.75,32.8,42.5,48.3,22.5,39.4,69,70,70,69,72
2017-01-08 15:00,15,73,69,0.00,95,148.80,,4.6,2.7,0.70,0.75,32.9,42.5,48.1,22.5,39.5,70,70,70,69,72
2017-01-08 16:00,15,72,69,0.00,86,48.38,,2.7,0.9,0.70,0.76,32.9,42.5,48.1,22.5,39.4,70,70,70,69,72
2017-01-08 17:00,15,69,68,0.00,98,15.23,,4.4,1.7,0.65,0.70,32.7,42.4,48.4,22.4,39.5,70,70,70,69,72
2017-01-08 18:00,15,68,68,0.00,91,0.16,,3.0,1.1,0.63,0.69,32.7,42.4,48.2,22.4,39.3,70,70,70,69,72
2017-01-08 19:00,15,68,68,0.00,95,0.00,,2.1,0.4,0.64,0.69,32.7,42.4,48.2,22.4,39.4,70,70,70,69,72
2017-01-08 20:00,15,68,67,0.00,90,0.00,,2.1,1.1,0.63,0.69,32.8,42.4,48.1,22.3,39.5,70,70,70,69,72
2017-01-08 21:00,15,67,67,0.00,95,0.00,,1.9,0.6,0.64,0.67,32.8,42.4,48.1,22.4,39.4,70,70,70,69,72
2017-01-08 22:00,15,67,66,0.00,97,0.00,,2.0,1.1,0.64,0.66,32.6,42.4,48.2,22.4,39.4,70,70,70,69,72
2017-01-08 23:00,15,67,66,0.00,100,0.00,,2.1,0.7,0.64,0.65,32.8,42.4,48.3,22.3,39.2,70,70,70,69,72
2017-01-09 00:00,15,67,66,0.00,98,0.00,,3.5,1.5,0.65,0.65,32.7,42.4,48.1,22.4,39.3,69,70,70,69,72
2017-01-09 01:00,15,66,66,0.00,100,0.00,,4.5,3.0,0.65,0.65,32.7,42.4,48.2,22.4,39.2,69,70,70,69,72
2017-01-09 02:00,15,66,66,0.00,100,0.00,,5.4,3.7,0.64,0.64,32.6,42.4,48.1,22.3,39.2,69,70,70,69,72
2017-01-09 03:00,15,66,65,0.00,100,0.00,,6.0,4.6,0.63,0.63,32.6,42.3,47.9,22.3,39.3,69,70,70,69,72
2017-01-09 04:00,15,65,65,0.00,97,0.00,,6.3,5.0,0.61,0.63,32.6,42.4,48.1,22.4,39.3,69,70,70,69,72
2017-01-09 05:00,15,65,65,0.00,99,0.00,,6.9,4.9,0.61,0.62,32.6,42.3,48.1,22.4,39.3,69,70,70,69,72
2017-01-09 06:00,15,65,65,0.00,98,0.26,,6.4,5.1,0.61,0.62,32.7,42.3,48.2,22.4,39.1,69,70,70,69,72
2017-01-09 07:00,15,65,65,0.00,99,18.28,,7.2,5.4,0.61,0.61,32.6,42.3,48.1,22.3,39.2,69,70,70,69,72
2017-01-09 08:00,15,66,65,0.00,99,76.91,,8.1,5.2,0.62,0.63,32.6,42.3,48.0,22.3,39.2,69,70,70,69,72
2017-01-09 09:00,15,68,66,0.00,96,278.50,,7.3,4.6,0.63,0.66,32.6,42.3,48.1,22.3,39.2,69,70,70,69,72
2017-01-09 10:00,15,71,68,0.00,92,608.20,,5.5,3.0,0.64,0.72,32.5,42.2,48.0,22.4,39.2,69,70,70,69,72
2017-01-09 11:00,15,71,70,0.00,87,397.30,,5.4,2.5,0.67,0.76,32.7,42.3,47.9,22.3,39.2,69,70,70,69,72
2017-01-09 12:00,15,73,71,0.00,87,424.90,,4.0,1.6,0.67,0.77,32.5,42.3,48.0,22.3,39.0,69,70,70,69,72
2017-01-09 13:00,15,73,69,0.00,86,337.30,,5.5,2.6,0.69,0.79,32.5,42.2,48.0,22.3,39.3,69,70,70,69,72
2017-01-09 14:00,15,69,68,0.00,93,191.60,,5.3,3.4,0.66,0.70,32.3,42.3,48.0,22.3,39.2,69,70,70,69,72
2017-01-09 15:00,15,68,68,0.00,96,114.10,,5.0,3.3,0.67,0.69,32.4,42.3,47.9,22.3,39.2,70,70,70,69,72
2017-01-09 16:00,15,69,67,0.01,97,67.97,,5.3,2.9,0.68,0.69,32.4,42.2,48.2,22.3,39.2,70,70,70,69,72
2017-01-09 17:00,15,67,66,0.00,100,19.04,,5.9,4.3,0.65,0.65,32.2,42.2,48.0,22.3,39.1,70,70,70,69,72
2017-01-09 18:00,15,66,65,0.04,100,0.61,,5.5,2.9,0.64,0.64,32.5,42.2,47.9,22.3,39.1,70,70,70,69,72
2017-01-09 19:00,15,66,65,0.00,100,0.00,,5.9,3.8,0.63,0.63,32.3,42.2,48.0,22.2,39.0,70,70,70,69,72
2017-01-09 20:00,15,65,65,0.00,100,0.00,,7.6,5.6,0.62,0.62,32.3,42.2,47.8,22.3,38.9,70,70,70,69,72
2017-01-09 21:00,15,65,65,0.00,100,0.00,,6.8,5.1,0.63,0.63,32.2,42.2,47.9,22.3,39.1,70,70,70,69,72
2017-01-09 22:00,15,65,64,0.00,100,0.00,,7.6,6.0,0.62,0.62,32.2,42.2,48.0,22.3,39.0,70,70,70,69,72
2017-01-09 23:00,15,65,64,0.00,100,0.00,,7.5,6.1,0.61,0.61,32.4,42.2,47.8,22.2,39.1,69,70,70,69,72
2017-01-10 00:00,15,65,65,0.00,100,0.00,,7.7,6.2,0.62,0.62,32.2,42.1,48.0,22.2,39.0,69,70,70,69,72
2017-01-10 01:00,15,65,65,0.00,100,0.00,,7.3,5.7,0.63,0.63,32.4,42.2,47.8,22.2,39.0,69,70,70,69,72
2017-01-10 02:00,15,65,65,0.00,100,0.00,,6.4,4.9,0.62,0.62,32.3,42.1,47.8,22.2,39.0,69,70,70,69,72
2017-01-10 03:00,15,65,64,0.00,100,0.00,,7.8,5.6,0.61,0.61,32.4,42.1,47.8,22.2,39.1,69,70,70,69,72
2017-01-10 04:00,15,64,64,0.00,100,0.00,,8.6,6.9,0.60,0.60,32.3,42.1,47.7,22.2,38.9,69,70,70,69,72
2017-01-10 05:00,15,64,64,0.00,100,0.01,,8.5,6.0,0.60,0.60,32.2,42.2,47.8,22.2,39.0,69,70,70,69,72
2017-01-10 06:00,15,64,64,0.00,100,0.18,,7.1,5.0,0.61,0.61,32.4,42.1,47.9,22.2,38.9,69,70,70,69,72
2017-01-10 07:00,15,65,64,0.00,100,14.07,,7.2,5.5,0.61,0.61,32.5,42.1,47.9,22.2,38.8,69,70,70,69,72
2017-01-10 08:00,15,66,65,0.00,100,94.40,,6.4,3.8,0.62,0.62,32.4,42.1,47.8,22.1,38.9,69,70,70,69,72
2017-01-10 09:00,15,67,65,0.00,100,293.00,,8.1,3.9,0.64,0.64,32.4,42.1,47.8,22.1,38.9,69,70,70,69,72
2017-01-10 10:00,15,70,67,0.00,98,580.30,,6.5,3.4,0.66,0.69,32.5,42.2,47.9,22.2,38.9,69,70,70,69,72
2017-01-10 11:00,15,71,69,0.00,89,523.00,,5.1,2.6,0.67,0.74,32.3,42.0,47.7,22.2,39.0,69,70,70,69,72
2017-01-10 12:00,15,73,70,0.00,88,531.20,,4.2,2.0,0.67,0.77,32.3,42.0,47.7,22.1,38.9,69,70,70,69,71
2017-01-10 13:00,15,73,71,0.00,82,262.40,,3.8,0.7,0.68,0.79,32.2,42.1,47.9,22.1,38.7,69,70,70,69,72
2017-01-10 14:00,15,73,67,0.00,84,109.80,,5.9,2.9,0.69,0.73,32.2,42.1,48.0,22.2,38.8,69,70,70,69,72
2017-01-10 15:00,15,68,67,0.00,100,102.50,,6.2,4.0,0.67,0.67,32.3,42.0,47.8,22.1,38.7,69,70,70,69,71
2017-01-10 16:00,15,68,66,0.03,100,47.84,,6.8,3.1,0.67,0.67,32.3,42.1,47.8,22.1,38.9,70,70,70,69,72
2017-01-10 17:00,15,66,65,0.01,100,13.33,,8.9,5.7,0.63,0.63,32.0,41.9,47.8,22.0,38.8,70,70,70,69,72
2017-01-10 18:00,15,65,64,0.01,100,0.67,,9.0,5.9,0.61,0.61,32.2,42.0,47.7,22.0,38.7,70,70,70,69,72
2017-01-10 19:00,15,64,63,0.02,100,0.00,,12.2,7.5,0.59,0.59,32.3,42.1,47.8,22.1,38.9,70,70,70,69,72
2017-01-10 20:00,15,64,64,0.02,100,0.01,,12.0,7.6,0.59,0.59,32.3,42.0,47.7,22.0,38.9,69,70,70,69,72
2017-01-10 21:00,15,64,63,0.04,100,0.01,,15.5,9.8,0.59,0.59,32.2,42.1,47.8,22.0,38.9,69,70,70,69,72
2017-01-10 22:00,15,64,63,0.04,100,0.01,,14.2,9.5,0.59,0.59,32.4,42.1,47.8,22.0,38.8,69,70,70,69,72
2017-01-10 23:00,15,64,63,0.01,100,0.02,,14.1,10.2,0.58,0.58,32.2,42.1,47.8,22.0,38.8,69,70,70,69,72
2017-01-11 00:00,15,64,64,0.02,100,0.01,,13.7,9.8,0.59,0.59,32.2,42.1,47.7,21.9,38.8,69,70,70,69,72
2017-01-11 01:00,15,64,64,0.01,100,0.00,,13.6,8.7,0.60,0.60,32.2,42.1,47.7,21.9,38.8,69,70,70,69,72
2017-01-11 02:00,15,64,64,0.01,100,0.00,,11.4,8.5,0.60,0.60,32.4,42.1,47.8,21.9,38.6,69,70,70,69,72
2017-01-11 03:00,15,64,64,0.01,100,0.01,,11.1,7.9,0.60,0.60,32.5,42.3,47.8,21.9,38.7,69,70,70,69,72
2017-01-11 04:00,15,64,64,0.00,100,0.01,,11.5,7.1,0.60,0.60,32.6,42.5,47.9,21.9,38.6,69,70,70,69,72
2017-01-11 05:00,15,64,63,0.01,100,0.00,,11.1,8.2,0.59,0.59,32.7,42.7,47.6,21.9,38.8,69,70,70,69,72
2017-01-11 06:00,15,64,64,0.00,100,0.16,,10.3,7.3,0.59,0.59,33.0,42.9,47.8,21.9,38.8,69,70,70,69,72
2017-01-11 07:00,15,64,64,0.01,100,8.68,,10.4,6.5,0.60,0.60,32.9,43.0,47.8,21.9,38.6,69,70,70,69,72
2017-01-11 08:00,15,65,64,0.01,100,29.48,,9.3,6.4,0.61,0.61,33.2,43.2,47.7,21.9,38.7,69,69,70,69,72
2017-01-11 09:00,15,65,65,0.02,100,87.80,,7.9,4.3,0.62,0.62,33.4,43.5,47.8,21.9,38.8,68,69,70,69,72
2017-01-11 10:00,15,65,65,0.06,100,96.60,,7.6,4.4,0.62,0.62,33.7,43.8,47.9,21.9,38.7,68,69,70,69,72
2017-01-11 11:00,15,66,65,0.01,100,277.50,,8.2,5.4,0.63,0.63,34.0,46.2,48.0,21.8,38.7,68,69,70,69,72
2017-01-11 12:00,15,66,65,0.00,100,275.20,,8.9,5.7,0.64,0.64,35.7,47.4,47.8,21.9,38.7,68,69,70,69,72
2017-01-11 13:00,15,67,66,0.00,100,295.20,,8.1,5.5,0.65,0.65,36.5,47.2,48.3,21.8,38.7,68,69,70,69,72
2017-01-11 14:00,15,67,65,0.00,100,238.00,,9.4,5.9,0.64,0.64,36.6,46.9,49.0,21.8,38.6,69,69,70,69,71
2017-01-11 15:00,15,67,65,0.00,100,136.80,,10.0,7.0,0.65,0.65,36.7,46.7,49.6,22.0,38.6,69,69,70,69,71
2017-01-11 16:00,15,67,66,0.00,97,208.80,,10.3,6.9,0.64,0.66,36.8,46.4,50.1,22.0,38.6,69,69,70,69,71
2017-01-11 17:00,15,66,64,0.00,99,79.91,,10.0,6.7,0.61,0.62,36.6,46.2,50.4,22.0,38.6,69,69,70,69,71
2017-01-11 18:00,15,64,62,0.00,100,5.77,,7.6,5.5,0.58,0.58,36.7,46.0,50.4,22.1,38.7,69,69,70,69,72
2017-01-11 19:00,15,63,62,0.00,100,0.01,,8.1,5.2,0.57,0.57,36.6,45.9,50.4,22.2,38.7,69,69,70,69,72
2017-01-11 20:00,15,63,63,0.00,100,0.01,,9.8,6.2,0.58,0.58,36.7,45.9,50.4,22.1,38.5,69,69,70,69,72
2017-01-11 21:00,15,63,63,0.00,100,0.01,,10.0,7.2,0.57,0.57,36.5,45.7,50.5,22.2,38.6,69,69,70,69,72
2017-01-11 22:00,15,63,61,0.01,100,0.01,,12.2,9.0,0.56,0.56,36.5,45.7,50.5,22.2,38.4,69,69,70,69,72
2017-01-11 23:00,15,62,61,0.00,100,0.02,,11.4,8.0,0.54,0.54,36.5,45.5,50.4,22.3,38.4,69,69,70,69,72
2017-01-12 00:00,15,62,62,0.00,100,0.00,,12.8,9.4,0.56,0.56,36.6,45.5,50.3,22.2,38.5,68,69,70,69,72
2017-01-12 01:00,15,62,62,0.00,100,0.01,,12.0,8.6,0.55,0.55,36.5,45.4,50.2,22.2,38.5,68,69,70,69,72
2017-01-12 02:00,15,62,61,0.00,100,0.00,,11.3,8.3,0.55,0.55,36.5,45.4,50.3,22.3,38.4,68,69,70,69,72
2017-01-12 03:00,15,61,61,0.00,99,0.00,,11.5,8.8,0.52,0.54,36.3,45.3,50.3,22.3,38.7,68,69,70,69,72
2017-01-12 04:00,15,61,61,0.00,92,0.00,,12.0,9.2,0.50,0.54,36.4,45.2,50.3,22.3,38.5,68,69,70,69,72
2017-01-12 05:00,15,61,61,0.00,97,0.00,,12.0,8.7,0.53,0.54,36.4,45.2,50.3,22.4,38.5,68,69,70,69,72
2017-01-12 06:00,15,61,61,0.00,100,0.14,,11.3,7.4,0.54,0.54,36.3,45.2,50.3,22.3,38.5,68,69,70,69,72
2017-01-12 07:00,15,62,61,0.00,98,10.18,,10.9,8.2,0.52,0.54,36.4,45.0,50.2,22.4,38.5,68,69,70,69,72
2017-01-12 08:00,15,62,61,0.00,92,42.84,,10.2,7.5,0.52,0.56,36.3,45.0,50.2,22.4,38.5,68,69,70,69,72
2017-01-12 09:00,15,64,62,0.00,92,268.90,,10.2,6.5,0.53,0.58,36.3,45.0,50.2,22.4,38.6,68,69,70,69,72
2017-01-12 10:00,15,64,63,0.00,89,536.80,,11.5,7.7,0.53,0.59,36.2,44.9,50.2,22.4,38.4,67,69,70,69,72
2017-01-12 11:00,15,64,63,0.00,92,695.90,,11.6,7.6,0.54,0.59,36.2,44.8,50.1,22.4,38.6,67,69,70,69,71
2017-01-12 12:00,15,67,64,0.00,93,790.00,,11.0,7.0,0.55,0.62,36.1,44.8,50.2,22.4,38.4,67,69,70,69,71
2017-01-12 13:00,15,67,63,0.00,84,410.40,,11.2,6.5,0.56,0.62,36.2,44.8,50.0,22.4,38.4,68,69,70,69,71
2017-01-12 14:00,15,65,65,0.00,94,203.50,,9.5,5.8,0.55,0.62,36.1,44.7,50.2,22.4,38.4,68,69,70,69,71
2017-01-12 15:00,15,66,65,0.00,88,144.20,,8.7,5.1,0.56,0.64,35.9,44.7,49.9,22.4,38.4,68,69,70,69,71
2017-01-12 16:00,15,65,63,0.00,88,159.90,,8.6,5.8,0.56,0.60,36.0,44.7,49.9,22.4,38.4,68,69,70,69,71
2017-01-12 17:00,15,63,62,0.00,99,36.00,,8.9,5.3,0.57,0.57,36.0,44.7,49.9,22.3,38.3,68,69,70,69,71
2017-01-12 18:00,15,62,62,0.00,100,1.49,,8.3,5.2,0.56,0.56,35.9,44.5,49.8,22.4,38.3,68,69,70,69,72
2017-01-12 19:00,15,62,61,0.00,100,0.00,,8.8,5.2,0.55,0.55,35.8,44.5,50.1,22.4,38.5,68,69,70,69,72
2017-01-12 20:00,15,62,61,0.00,100,0.00,,6.9,4.2,0.54,0.54,35.8,44.5,50.0,22.3,38.5,68,69,70,69,72
2017-01-12 21:00,15,62,61,0.00,100,0.00,,8.0,5.3,0.55,0.55,35.8,44.5,49.9,22.4,38.4,68,69,70,69,72
2017-01-12 22:00,15,61,61,0.00,100,0.00,,8.1,5.5,0.54,0.54,35.8,44.4,49.8,22.4,38.4,68,69,70,69,72
2017-01-12 23:00,15,61,61,0.00,100,0.00,,8.4,5.5,0.53,0.54,35.7,44.4,49.8,22.3,38.4,68,69,70,69,72
2017-01-13 00:00,15,61,60,0.00,99,0.00,,8.6,5.9,0.53,0.54,35.9,44.3,49.9,22.4,38.5,68,69,70,69,72
2017-01-13 01:00,15,61,61,0.00,100,0.00,,8.4,5.8,0.53,0.53,35.8,44.3,49.9,22.4,38.6,68,69,70,69,72
2017-01-13 02:00,15,61,61,0.00,100,0.00,,7.6,4.8,0.54,0.54,35.7,44.3,49.8,22.4,38.5,67,69,70,69,72
2017-01-13 03:00,15,62,61,0.00,100,0.00,,8.5,4.8,0.55,0.55,35.7,44.3,49.8,22.3,38.4,67,69,70,69,72
2017-01-13 04:00,15,62,61,0.00,100,0.00,,9.4,5.2,0.56,0.56,35.7,44.3,49.7,22.4,38.5,67,69,70,69,72
2017-01-13 05:00,15,62,61,0.00,100,0.01,,7.6,4.8,0.55,0.55,35.8,44.1,49.7,22.4,38.4,67,69,70,69,71
2017-01-13 06:00,15,62,62,0.00,100,0.13,,7.1,4.2,0.56,0.56,35.7,44.3,49.6,22.4,38.3,67,69,70,69,72
2017-01-13 07:00,15,62,62,0.00,100,11.23,,8.7,5.0,0.56,0.56,35.8,44.2,49.5,22.3,38.2,67,69,70,69,72
2017-01-13 08:00,15,63,62,0.00,100,58.03,,10.6,7.4,0.57,0.57,35.6,44.2,49.8,22.4,38.5,67,69,70,69,71
2017-01-13 09:00,15,63,63,0.00,100,185.50,,10.6,6.6,0.58,0.58,35.5,44.1,49.5,22.4,38.5,67,69,70,69,71
2017-01-13 10:00,15,65,63,0.00,100,238.80,,10.3,6.4,0.61,0.61,35.5,44.1,49.6,22.3,38.5,67,69,69,69,71
2017-01-13 11:00,15,67,65,0.00,100,729.80,,10.8,7.2,0.63,0.65,35.5,44.1,49.5,22.3,38.4,67,68,69,69,71
2017-01-13 12:00,15,69,67,0.00,89,739.60,,9.6,5.9,0.61,0.70,35.5,44.0,49.6,22.3,38.4,67,69,69,69,71
2017-01-13 13:00,15,69,68,0.00,85,448.60,,11.7,7.7,0.59,0.70,35.6,44.0,49.6,22.3,38.5,67,68,69,69,71
2017-01-13 14:00,15,69,68,0.00,80,248.60,,10.8,6.5,0.60,0.70,35.5,44.0,49.6,22.3,38.5,68,69,69,69,71
2017-01-13 15:00,15,68,67,0.00,90,172.50,,9.6,5.7,0.60,0.69,35.4,43.9,49.5,22.3,38.3,68,69,69,69,71
2017-01-13 16:00,15,67,67,0.00,91,149.50,,9.7,5.2,0.61,0.67,35.4,43.9,49.6,22.3,38.6,68,69,69,69,71
2017-01-13 17:00,15,67,65,0.00,93,53.76,,8.4,5.6,0.62,0.65,35.3,43.9,49.3,22.4,38.3,68,69,69,69,71
2017-01-13 18:00,15,65,65,0.00,98,0.85,,8.1,5.4,0.62,0.63,35.2,43.9,49.4,22.2,38.4,68,69,69,69,71
2017-01-13 19:00,15,65,64,0.00,100,0.00,,8.7,5.5,0.62,0.62,35.1,43.9,49.3,22.3,38.5,68,69,69,69,71
2017-01-13 20:00,15,64,64,0.00,100,0.00,,7.5,4.4,0.60,0.60,35.3,43.8,49.4,22.4,38.4,68,69,69,69,71
2017-01-13 21:00,15,64,64,0.00,100,0.00,,8.2,4.8,0.60,0.60,35.3,43.8,49.4,22.2,38.4,68,69,69,69,71
2017-01-13 22:00,15,64,64,0.00,100,0.00,,7.5,4.9,0.61,0.61,35.2,43.8,49.2,22.3,38.3,68,69,69,69,71
2017-01-13 23:00,15,64,64,0.00,100,0.00,,8.7,5.0,0.60,0.60,35.1,43.8,49.1,22.3,38.3,68,69,69,69,71
2017-01-14 00:00,15,64,64,0.00,100,0.00,,7.9,4.7,0.60,0.60,35.1,43.7,49.2,22.2,38.4,68,69,69,69,71
2017-01-14 01:00,15,64,64,0.00,100,0.00,,7.3,4.9,0.60,0.60,34.9,43.7,49.1,22.3,38.3,68,69,69,69,71
2017-01-14 02:00,15,64,63,0.00,100,0.00,,9.7,5.3,0.59,0.59,35.2,43.8,49.3,22.3,38.4,68,69,69,69,71
2017-01-14 03:00,15,63,63,0.00,100,0.00,,11.4,7.2,0.58,0.58,35.2,43.8,49.2,22.3,38.2,68,69,69,69,71
2017-01-14 04:00,15,64,63,0.00,100,0.00,,10.5,5.8,0.58,0.58,35.3,43.6,49.2,22.2,38.4,68,69,69,69,71
2017-01-14 05:00,15,64,63,0.01,100,0.01,,10.9,6.5,0.59,0.59,35.1,43.6,49.4,22.2,38.5,68,69,69,69,71
2017-01-14 06:00,15,63,63,0.00,100,0.21,,10.6,5.6,0.58,0.58,35.2,43.6,49.2,22.2,38.4,68,69,69,69,71
2017-01-14 07:00,15,63,63,0.01,100,9.18,,9.7,5.2,0.58,0.58,35.0,43.6,49.1,22.2,38.2,68,69,69,69,71
2017-01-14 08:00,15,64,63,0.00,100,70.09,,10.7,6.2,0.59,0.59,35.2,43.7,49.1,22.2,38.4,68,69,69,69,71
2017-01-14 09:00,15,64,64,0.00,100,246.40,,11.4,7.7,0.60,0.60,35.0,43.6,49.0,22.2,38.2,68,69,69,69,71
2017-01-14 10:00,15,66,64,0.00,100,343.80,,10.3,6.1,0.61,0.61,35.3,43.6,48.9,22.2,38.3,67,69,69,69,71
2017-01-14 11:00,15,67,65,0.00,100,576.10,,9.4,5.4,0.65,0.65,35.2,43.6,49.0,22.2,38.3,67,69,69,69,71
2017-01-14 12:00,15,67,66,0.00,98,535.10,,8.8,5.2,0.66,0.66,35.2,43.6,48.9,22.2,38.1,68,69,69,69,71
2017-01-14 13:00,15,69,67,0.00,100,375.60,,9.9,6.2,0.67,0.67,35.3,43.6,49.1,22.1,38.3,68,69,69,69,71
2017-01-14 14:00,15,69,67,0.00,95,281.00,,9.5,5.1,0.67,0.69,35.3,43.6,49.0,22.1,38.3,68,69,69,69,71
2017-01-14 15:00,15,67,66,0.00,98,113.50,,7.7,4.9,0.64,0.65,35.3,43.6,49.0,22.1,38.2,68,69,69,69,71
2017-01-14 16:00,15,66,64,0.00,100,170.20,,9.4,5.6,0.64,0.64,35.4,43.6,48.9,22.1,38.2,68,69,69,69,71
2017-01-14 17:00,15,64,64,0.00,100,15.08,,8.7,4.7,0.60,0.60,35.2,43.7,49.3,22.1,38.4,68,69,69,69,71
2017-01-14 18:00,15,64,64,0.00,100,1.48,,8.8,5.2,0.60,0.60,35.1,43.6,49.0,22.2,38.2,68,69,69,69,71
2017-01-14 19:00,15,64,63,0.00,100,0.00,,9.8,5.6,0.59,0.59,35.2,43.7,49.1,22.1,38.3,68,69,69,69,71
2017-01-14 20:00,15,63,62,0.00,100,0.01,,9.6,4.6,0.57,0.57,35.3,43.7,48.9,22.1,38.2,68,69,69,69,71
2017-01-14 21:00,15,63,63,0.00,100,0.01,,11.0,6.4,0.58,0.58,35.4,43.7,49.1,22.1,38.4,68,69,69,69,71
2017-01-14 22:00,15,64,63,0.00,100,0.01,,10.7,6.4,0.58,0.58,35.4,43.6,49.0,22.2,38.2,68,69,69,69,71
2017-01-14 23:00,15,64,64,0.00,100,0.00,,10.1,5.8,0.59,0.60,35.3,43.6,49.1,22.0,38.4,68,69,69,69,71
2017-01-15 00:00,15,64,63,0.00,100,0.00,,9.9,5.4,0.59,0.59,35.4,43.7,49.1,22.1,38.4,68,69,69,69,71
2017-01-15 01:00,15,64,64,0.00,100,0.00,,8.9,4.3,0.59,0.59,35.4,43.6,48.9,22.1,38.1,68,69,69,69,71
2017-01-15 02:00,15,64,63,0.00,100,0.00,,6.4,3.0,0.58,0.58,35.5,43.6,48.9,22.1,38.1,68,69,69,69,71
2017-01-15 03:00,15,63,63,0.00,100,0.00,,9.8,5.0,0.58,0.58,35.3,43.6,49.2,22.1,38.4,68,69,69,69,71
2017-01-15 04:00,15,63,63,0.00,100,0.01,,9.5,4.8,0.58,0.58,35.4,43.6,49.0,22.1,38.3,68,69,69,69,71
2017-01-15 05:00,15,63,63,0.00,100,0.00,,9.3,5.4,0.58,0.58,35.4,43.6,49.2,22.1,38.4,68,69,69,69,71
2017-01-15 06:00,15,64,63,0.00,98,0.16,,9.0,4.7,0.57,0.59,35.3,43.6,48.9,22.1,38.2,68,69,69,69,71
2017-01-15 07:00,15,64,64,0.00,93,9.68,,7.2,3.7,0.57,0.60,35.3,43.6,49.1,22.1,38.3,68,69,69,69,71
2017-01-15 08:00,15,65,64,0.00,97,38.31,,8.5,4.3,0.57,0.61,35.3,43.6,49.1,22.1,38.2,67,69,69,69,71
2017-01-15 09:00,15,67,65,0.00,92,247.40,,8.1,4.3,0.58,0.63,35.2,43.6,49.0,22.1,38.1,67,69,69,69,71
2017-01-15 10:00,15,68,67,0.00,88,517.20,,8.4,4.0,0.59,0.68,35.3,43.6,48.9,22.1,38.2,67,69,69,69,71
2017-01-15 11:00,15,71,68,0.00,89,608.80,,6.2,2.9,0.62,0.73,35.2,43.6,49.1,22.1,38.3,67,69,69,69,71
2017-01-15 12:00,15,71,68,0.00,88,552.00,,5.9,3.2,0.64,0.73,35.2,43.6,49.1,22.1,38.2,67,69,69,69,71
2017-01-15 13:00,15,70,65,0.00,86,189.40,,8.0,3.1,0.63,0.66,35.2,43.5,48.9,22.1,38.3,68,69,69,69,71
2017-01-15 14:00,15,70,67,0.00,99,213.10,,7.2,3.9,0.66,0.69,35.2,43.6,48.9,22.0,38.2,68,69,69,69,71
2017-01-15 15:00,15,70,67,0.00,90,155.70,,7.6,4.5,0.65,0.71,35.0,43.5,48.8,22.1,38.2,68,69,69,69,71
2017-01-15 16:00,15,68,67,0.00,94,180.20,,8.4,4.8,0.65,0.68,35.1,43.6,48.7,22.1,38.1,68,69,69,69,71
2017-01-15 17:00,15,67,65,0.00,95,51.31,,8.3,4.8,0.61,0.64,35.0,43.5,48.6,22.0,38.2,68,69,69,69,71
2017-01-15 18:00,15,65,64,0.00,94,1.07,,7.4,4.5,0.58,0.62,35.0,43.4,48.9,22.0,38.2,68,69,69,69,71
2017-01-15 19:00,15,64,64,0.00,97,0.00,,7.5,4.1,0.59,0.60,35.0,43.5,49.0,22.0,38.3,68,69,69,69,71
2017-01-15 20:00,15,64,63,0.00,100,0.00,,8.9,5.1,0.58,0.59,35.0,43.4,48.8,22.0,38.1,68,69,69,69,71
2017-01-15 21:00,15,64,63,0.00,96,0.00,,9.0,5.5,0.55,0.59,35.1,43.4,48.8,22.0,38.0,68,69,69,69,71
2017-01-15 22:00,15,64,63,0.00,87,0.00,,9.3,5.8,0.51,0.59,34.9,43.4,48.9,22.0,38.2,68,69,69,69,71
2017-01-15 23:00,15,64,64,0.00,89,0.00,,8.9,5.6,0.53,0.59,34.9,43.4,48.8,22.0,38.1,68,69,69,69,71
2017-01-16 00:00,15,64,63,0.00,93,0.00,,8.0,5.1,0.55,0.58,34.8,43.3,48.9,21.9,38.2,68,69,69,69,71
2017-01-16 01:00,15,63,63,0.00,94,0.00,,7.9,4.8,0.54,0.58,34.9,43.3,48.7,22.0,38.0,68,69,69,69,71
2017-01-16 02:00,15,63,63,0.00,96,0.00,,8.2,4.8,0.56,0.58,34.8,43.3,48.8,21.9,38.1,68,69,69,69,71
2017-01-16 03:00,15,63,63,0.00,97,0.01,,8.3,5.4,0.57,0.58,34.8,43.3,48.8,21.9,38.1,68,69,69,69,71
2017-01-16 04:00,15,63,62,0.00,100,0.00,,8.8,6.2,0.57,0.57,34.6,43.3,48.8,22.0,38.1,67,69,69,69,71
2017-01-16 05:00,15,63,62,0.00,100,0.00,,10.5,6.2,0.57,0.57,34.8,43.3,48.8,22.0,38.1,67,69,69,69,71
2017-01-16 06:00,15,64,63,0.00,99,0.12,,9.1,6.3,0.58,0.58,34.7,43.3,48.6,21.9,38.0,67,69,69,69,71
2017-01-16 07:00,15,64,63,0.00,100,8.64,,8.8,5.6,0.58,0.58,34.8,43.3,48.6,21.9,38.1,67,69,69,69,71
2017-01-16 08:00,15,65,64,0.00,97,34.13,,9.8,5.9,0.57,0.60,34.7,43.3,48.7,22.0,38.1,67,69,69,69,71
2017-01-16 09:00,15,66,65,0.00,92,234.50,,10.2,6.8,0.57,0.63,34.6,43.3,48.6,22.0,38.2,67,68,69,69,71
2017-01-16 10:00,15,68,66,0.00,90,639.30,,10.5,6.7,0.58,0.67,34.8,43.2,48.7,22.0,38.0,67,68,69,69,71
2017-01-16 11:00,15,70,68,0.00,83,758.40,,10.0,5.1,0.57,0.72,34.6,43.3,48.7,22.0,38.2,67,68,69,69,71
2017-01-16 12:00,15,72,70,0.00,76,811.00,,8.7,4.2,0.56,0.75,34.7,43.2,48.5,22.0,38.0,67,68,69,69,71
2017-01-16 13:00,15,72,71,0.00,69,455.10,,8.0,3.3,0.55,0.78,34.7,43.2,48.7,22.0,38.2,68,68,69,69,71
2017-01-16 14:00,15,71,70,0.00,77,170.00,,6.2,2.8,0.56,0.76,34.7,43.2,48.5,22.0,37.9,68,68,69,69,71
2017-01-16 15:00,15,71,70,0.00,68,155.50,,7.4,3.7,0.53,0.74,34.6,43.2,48.5,21.9,38.0,68,69,69,69,71
2017-01-16 16:00,15,71,68,0.00,74,179.40,,7.5,3.5,0.56,0.72,34.5,43.1,48.4,21.9,38.0,68,69,69,69,71
2017-01-16 17:00,15,68,65,0.00,80,60.10,,6.0,3.5,0.53,0.66,34.5,43.1,48.6,22.0,38.1,68,69,69,69,71
2017-01-16 18:00,15,65,64,0.00,82,1.43,,7.4,4.4,0.53,0.62,34.5,43.2,48.4,21.9,38.0,68,69,69,69,71
2017-01-16 19:00,15,64,64,0.00,93,0.00,,8.4,5.5,0.58,0.61,34.3,43.2,48.5,21.9,38.1,68,69,69,69,71
2017-01-16 20:00,15,64,64,0.00,97,0.00,,9.5,4.9,0.57,0.60,34.3,43.1,48.4,21.9,37.9,68,69,69,69,71
2017-01-16 21:00,15,64,64,0.00,91,0.00,,10.4,7.0,0.56,0.61,34.2,43.2,48.6,21.9,38.0,68,69,69,69,71
2017-01-16 22:00,15,64,64,0.00,94,0.00,,10.2,6.9,0.57,0.60,34.3,43.2,48.6,21.9,38.1,68,69,69,69,71
2017-01-16 23:00,15,64,63,0.00,99,0.00,,9.2,6.6,0.59,0.59,34.1,43.1,48.5,21.8,38.1,68,69,69,69,71
2017-01-17 00:00,15,64,63,0.00,100,0.00,,9.0,5.4,0.59,0.59,34.2,43.1,48.5,21.8,38.0,68,69,69,69,71
2017-01-17 01:00,15,63,63,0.00,100,0.00,,11.0,6.6,0.58,0.58,34.3,43.0,48.3,21.8,37.9,68,69,69,69,71
2017-01-17 02:00,15,63,63,0.00,100,0.00,,10.8,7.5,0.58,0.58,34.3,43.0,48.5,21.9,37.9,68,69,69,69,71
2017-01-17 03:00,15,63,63,0.00,100,0.00,,10.2,6.7,0.58,0.58,34.3,43.0,48.5,21.8,38.0,67,69,69,69,71
2017-01-17 04:00,15,63,63,0.00,100,0.00,,10.6,6.3,0.58,0.58,34.3,43.0,48.5,21.8,38.0,67,69,69,69,71
2017-01-17 05:00,15,63,63,0.00,100,0.00,,11.2,7.1,0.57,0.58,34.3,43.0,48.4,21.8,37.9,67,69,69,69,71
2017-01-17 06:00,15,63,63,0.00,99,0.12,,8.0,4.9,0.57,0.58,34.1,42.9,48.3,21.9,38.0,67,69,69,69,71
2017-01-17 07:00,15,63,63,0.00,100,7.05,,8.8,5.5,0.58,0.58,34.2,43.0,48.3,21.8,38.0,67,68,69,69,71
2017-01-17 08:00,15,64,63,0.00,100,45.69,,10.7,7.2,0.58,0.59,34.2,42.9,48.3,21.9,37.9,67,68,69,69,71
2017-01-17 09:00,15,66,64,0.00,95,197.00,,10.9,6.0,0.57,0.61,34.2,42.9,48.2,21.9,37.9,67,68,69,68,71
2017-01-17 10:00,15,68,66,0.00,92,597.90,,8.6,4.6,0.59,0.66,34.2,43.0,48.5,21.8,37.9,67,68,69,68,71
2017-01-17 11:00,15,71,68,0.00,84,758.10,,8.6,4.4,0.58,0.71,34.3,42.8,48.4,21.8,37.9,67,68,69,69,71
2017-01-17 12:00,15,71,70,0.00,79,772.90,,7.8,3.9,0.58,0.75,34.1,42.9,48.5,21.8,38.1,67,68,69,68,71
2017-01-17 13:00,15,73,71,0.00,74,444.20,,6.4,2.5,0.60,0.80,34.0,42.9,48.2,21.8,38.0,68,68,69,68,71
2017-01-17 14:00,15,72,71,0.00,78,163.30,,5.8,2.8,0.61,0.77,34.1,42.9,48.2,21.8,37.9,68,68,69,68,71
2017-01-17 15:00,15,71,70,0.00,83,194.30,,6.3,3.4,0.63,0.75,34.2,42.9,48.4,21.8,37.9,68,69,69,68,71
2017-01-17 16:00,15,70,68,0.00,85,184.50,,6.4,3.9,0.61,0.71,34.1,42.9,48.3,21.8,37.9,68,69,69,68,71
2017-01-17 17:00,15,68,66,0.00,87,59.10,,6.4,4.1,0.58,0.67,34.1,42.8,48.2,21.8,37.8,68,69,69,68,71
2017-01-17 18:00,15,66,65,0.00,90,1.40,,8.3,5.7,0.59,0.63,33.9,42.8,48.0,21.8,37.9,68,69,69,69,71
2017-01-17 19:00,15,65,64,0.00,99,0.00,,9.3,7.0,0.61,0.61,33.8,42.8,48.4,21.8,38.0,68,69,69,68,71
2017-01-17 20:00,15,64,64,0.00,100,0.00,,10.8,7.3,0.60,0.60,34.0,42.8,48.1,21.8,37.9,68,69,69,68,71
2017-01-17 21:00,15,64,63,0.00,100,0.00,,9.0,6.5,0.59,0.59,34.0,42.8,48.2,21.8,37.9,68,69,69,68,71
2017-01-17 22:00,15,64,63,0.00,100,0.00,,9.2,6.4,0.59,0.59,34.0,42.8,48.1,21.8,37.8,68,69,69,68,71
2017-01-17 23:00,15,63,63,0.00,100,0.00,,9.0,6.4,0.59,0.59,33.8,42.8,48.3,21.8,37.8,68,69,69,68,71
2017-01-18 00:00,15,63,63,0.00,100,0.00,,9.0,5.3,0.58,0.58,33.9,42.7,48.0,21.8,37.8,68,69,69,68,71
2017-01-18 01:00,15,63,63,0.00,100,0.00,,6.4,3.1,0.58,0.58,33.9,42.8,48.1,21.8,37.8,68,69,69,68,71
2017-01-18 02:00,15,63,62,0.00,100,0.00,,5.0,2.0,0.57,0.57,33.7,42.7,48.0,21.8,37.9,68,69,69,68,71
2017-01-18 03:00,15,63,62,0.00,100,0.00,,5.7,2.4,0.57,0.57,33.8,42.8,48.2,21.8,37.9,68,69,69,68,71
2017-01-18 04:00,15,63,62,0.03,100,0.00,,5.8,2.9,0.57,0.57,33.8,42.6,48.1,21.7,37.9,68,69,69,68,71
2017-01-18 05:00,15,63,63,0.00,100,0.00,,9.1,5.1,0.58,0.58,33.7,42.6,48.2,21.8,37.7,68,69,69,68,71
2017-01-18 06:00,15,63,62,0.00,100,0.13,,10.3,6.9,0.57,0.57,33.9,42.6,48.2,21.7,37.9,68,69,69,68,71
2017-01-18 07:00,15,62,62,0.00,100,12.59,,8.3,3.9,0.56,0.56,33.8,42.6,48.2,21.8,37.7,68,69,69,68,71
2017-01-18 08:00,15,63,62,0.00,100,59.77,,6.6,2.8,0.56,0.56,33.7,42.7,48.0,21.7,37.8,67,69,69,68,71
2017-01-18 09:00,15,65,63,0.00,100,236.80,,7.8,3.3,0.58,0.58,33.7,42.6,48.0,21.7,37.9,67,69,69,68,71
2017-01-18 10:00,15,67,65,0.00,100,567.00,,7.2,3.9,0.63,0.64,33.8,42.6,48.1,21.7,37.8,67,68,69,68,71
2017-01-18 11:00,15,70,67,0.00,92,762.40,,7.5,3.8,0.60,0.70,33.8,42.5,48.0,21.7,37.8,67,69,69,68,71
2017-01-18 12:00,15,72,69,0.00,78,827.00,,6.1,2.8,0.62,0.75,33.8,42.5,48.2,21.7,37.9,67,68,69,68,71
2017-01-18 13:00,15,72,70,0.00,86,437.60,,6.0,3.0,0.64,0.77,33.8,42.6,48.0,21.6,37.7,68,68,69,68,71
2017-01-18 14:00,15,70,68,0.00,85,103.60,,4.4,0.8,0.63,0.72,33.6,42.6,47.9,21.6,37.7,68,69,69,68,71
2017-01-18 15:00,15,69,68,0.00,91,46.89,,2.4,0.6,0.66,0.70,33.7,42.5,47.9,21.6,37.8,68,69,69,68,71
2017-01-18 16:00,15,69,67,0.00,95,50.24,,3.7,1.5,0.65,0.68,33.7,42.5,47.9,21.7,37.8,68,69,69,68,71
2017-01-18 17:00,15,67,65,0.00,98,5.83,,4.7,2.7,0.64,0.64,33.6,42.5,48.0,21.6,37.6,68,69,69,68,71
2017-01-18 18:00,15,65,64,0.00,100,0.70,,5.2,3.2,0.62,0.62,33.5,42.5,47.9,21.6,37.6,68,69,69,68,71
2017-01-18 19:00,15,64,63,0.00,100,0.00,,4.9,3.0,0.60,0.60,33.6,42.6,47.9,21.6,37.5,68,69,69,68,71
2017-01-18 20:00,15,63,63,0.00,100,0.00,,3.5,1.8,0.58,0.58,33.6,42.5,47.8,21.6,37.9,68,69,69,68,71
2017-01-18 21:00,15,63,63,0.00,99,0.00,,4.8,3.3,0.56,0.58,33.6,42.5,48.1,21.6,37.8,68,69,69,68,71
2017-01-18 22:00,15,63,63,0.00,97,0.00,,4.4,2.8,0.56,0.58,33.6,42.5,47.7,21.6,37.6,68,69,69,68,71
2017-01-18 23:00,15,63,62,0.00,96,0.00,,3.7,2.3,0.54,0.57,33.6,42.6,48.0,21.6,37.9,68,69,69,68,71
2017-01-19 00:00,15,63,62,0.00,93,0.00,,5.9,3.2,0.52,0.57,33.7,42.5,47.9,21.6,37.7,68,69,69,68,71
2017-01-19 01:00,15,62,62,0.00,91,0.00,,5.0,3.2,0.51,0.56,33.5,42.5,47.9,21.7,37.8,68,69,69,68,71
2017-01-19 02:00,15,62,61,0.00,92,0.00,,5.5,3.6,0.51,0.55,33.5,42.4,47.9,21.6,37.8,68,69,69,68,71
2017-01-19 03:00,15,62,62,0.00,89,0.00,,5.8,3.8,0.48,0.55,33.7,42.4,47.8,21.7,37.7,68,69,69,68,71
2017-01-19 04:00,15,62,60,0.00,84,0.00,,4.4,2.5,0.46,0.55,33.5,42.5,47.9,21.6,37.7,68,69,69,68,71
2017-01-19 05:00,15,64,60,0.00,83,0.00,,2.6,0.8,0.42,0.56,33.6,42.4,47.8,21.7,37.7,67,69,69,68,71
2017-01-19 06:00,15,64,63,0.00,86,0.14,,2.5,1.5,0.53,0.58,33.5,42.4,48.0,21.5,37.5,67,69,69,68,71
2017-01-19 07:00,15,63,63,0.00,94,8.84,,2.4,1.0,0.55,0.58,33.6,42.4,48.0,21.7,37.6,67,68,69,68,71
2017-01-19 08:00,15,66,63,0.00,86,35.56,,3.3,1.5,0.54,0.61,33.4,42.4,48.0,21.6,37.8,67,68,69,68,71
2017-01-19 09:00,15,67,65,0.00,91,246.90,,2.8,0.3,0.52,0.63,33.4,42.4,47.9,21.6,37.8,67,68,69,68,71
2017-01-19 10:00,15,72,67,0.00,74,660.00,,2.8,0.7,0.54,0.73,33.3,42.4,47.8,21.5,37.5,67,68,69,68,71
2017-01-19 11:00,15,77,72,0.00,68,778.10,,3.5,1.6,0.57,0.85,33.5,42.4,47.8,21.6,37.8,67,68,69,68,71
2017-01-19 12:00,15,80,77,0.00,63,936.00,,3.4,1.2,0.60,0.97,33.5,42.4,47.8,21.5,37.8,67,68,69,68,71
2017-01-19 13:00,15,78,74,0.00,58,517.10,,4.1,1.6,0.59,0.94,33.4,42.4,47.7,21.5,37.6,67,68,69,68,71
2017-01-19 14:00,15,74,67,0.00,61,138.50,,2.5,0.5,0.53,0.76,33.3,42.4,47.9,21.5,37.7,68,68,69,68,71
2017-01-19 15:00,15,74,67,0.00,80,227.10,,2.4,0.7,0.56,0.74,33.4,42.3,47.8,21.6,37.6,68,68,69,68,71
2017-01-19 16:00,15,72,68,0.00,74,97.30,,1.3,0.0,0.57,0.73,33.2,42.4,47.8,21.5,37.6,68,68,69,68,71
2017-01-19 17:00,15,68,65,0.00,86,20.83,,3.2,1.9,0.58,0.65,33.1,42.4,48.0,21.5,37.5,68,69,69,68,71
2017-01-19 18:00,15,65,64,0.00,94,1.77,,2.9,1.8,0.59,0.61,33.2,42.3,47.8,21.5,37.5,68,69,69,68,71
2017-01-19 19:00,15,64,63,0.00,97,0.00,,2.2,0.7,0.58,0.59,33.2,42.3,47.8,21.5,37.5,68,69,69,68,71
2017-01-19 20:00,15,63,63,0.00,100,0.00,,3.1,1.9,0.58,0.58,33.2,42.4,47.7,21.5,37.4,68,69,69,68,71
2017-01-19 21:00,15,63,63,0.00,100,0.00,,3.6,2.4,0.58,0.58,33.2,42.3,47.8,21.5,37.4,68,69,69,68,71
2017-01-19 22:00,15,63,63,0.00,100,0.00,,4.4,3.0,0.58,0.58,33.3,42.3,47.9,21.5,37.7,68,69,69,68,71
2017-01-19 23:00,15,63,63,0.00,100,0.00,,4.3,1.6,0.57,0.58,33.3,42.2,47.7,21.5,37.4,68,69,69,68,71
2017-01-20 00:00,15,63,62,0.00,98,0.00,,3.3,2.2,0.56,0.57,33.1,42.2,47.8,21.5,37.4,68,69,69,68,71
2017-01-20 01:00,15,62,62,0.00,99,0.00,,2.8,1.5,0.56,0.57,33.3,42.2,47.8,21.5,37.6,68,69,69,68,71
2017-01-20 02:00,15,62,62,0.00,97,0.00,,3.4,2.3,0.55,0.57,33.3,42.2,47.9,21.5,37.5,67,69,69,68,71
2017-01-20 03:00,15,62,62,0.00,95,0.00,,4.0,3.0,0.54,0.56,33.3,42.2,47.6,21.5,37.5,67,69,69,68,71
2017-01-20 04:00,15,62,62,0.00,94,0.00,,3.9,2.4,0.52,0.56,33.0,42.2,47.7,21.5,37.5,67,68,69,68,71
2017-01-20 05:00,15,63,61,0.00,95,0.00,,3.6,2.4,0.54,0.56,33.1,42.2,47.7,21.5,37.5,67,68,69,68,71
2017-01-20 06:00,15,63,62,0.00,95,0.15,,4.0,3.1,0.54,0.56,33.2,42.2,47.8,21.5,37.4,67,68,69,68,71
2017-01-20 07:00,15,63,62,0.00,94,8.71,,4.0,3.0,0.55,0.57,33.0,42.2,47.6,21.5,37.4,67,68,69,68,71
2017-01-20 08:00,15,64,63,0.00,96,31.90,,4.9,3.7,0.57,0.59,33.1,42.2,47.6,21.5,37.5,67,68,69,68,71
2017-01-20 09:00,15,65,64,0.00,98,107.70,,5.0,3.1,0.60,0.61,33.2,42.2,47.5,21.4,37.4,67,68,69,68,71
2017-01-20 10:00,15,68,65,0.00,98,477.60,,3.8,2.2,0.61,0.66,33.1,42.1,47.5,21.5,37.5,67,68,69,68,71
2017-01-20 11:00,15,70,67,0.00,88,516.90,,4.1,2.5,0.62,0.70,33.0,42.1,47.7,21.5,37.4,67,68,69,68,71
2017-01-20 12:00,15,73,69,0.00,88,659.30,,3.6,1.8,0.63,0.73,32.9,42.2,47.7,21.5,37.6,67,68,69,68,71
2017-01-20 13:00,15,73,68,0.00,77,154.60,,2.9,1.1,0.62,0.74,32.9,42.2,47.5,21.4,37.4,67,68,69,68,71
2017-01-20 14:00,15,72,68,0.00,87,123.90,,4.0,1.4,0.63,0.74,33.0,42.1,47.8,21.4,37.5,67,68,69,68,71
2017-01-20 15:00,15,68,67,0.00,92,65.15,,2.0,0.6,0.63,0.68,33.0,42.1,47.5,21.4,37.5,68,68,69,68,71
2017-01-20 16:00,15,69,67,0.00,93,98.50,,2.8,1.0,0.63,0.68,32.9,42.2,47.5,21.4,37.4,68,68,69,68,71
2017-01-20 17:00,15,67,66,0.00,92,28.17,,3.2,1.8,0.62,0.66,32.9,42.1,47.6,21.4,37.4,68,68,69,68,71
2017-01-20 18:00,15,66,64,0.00,97,1.18,,4.0,2.1,0.61,0.63,32.9,42.1,47.7,21.5,37.5,68,68,69,68,71
2017-01-20 19:00,15,64,64,0.00,100,0.00,,4.9,3.8,0.60,0.60,32.9,42.1,47.5,21.3,37.3,68,68,69,68,71
2017-01-20 20:00,15,64,64,0.00,100,0.00,,5.4,4.3,0.59,0.59,32.9,42.1,47.5,21.5,37.3,68,68,69,68,71
2017-01-20 21:00,15,64,63,0.00,100,0.00,,5.1,4.1,0.59,0.59,32.8,42.1,47.5,21.5,37.4,68,68,69,68,71
2017-01-20 22:00,15,63,63,0.00,100,0.00,,5.2,4.1,0.58,0.58,32.8,42.0,47.6,21.5,37.4,68,69,69,68,71
2017-01-20 23:00,15,63,63,0.00,100,0.00,,5.0,3.8,0.58,0.58,33.0,42.1,47.7,21.4,37.4,68,69,69,68,71
2017-01-21 00:00,15,63,63,0.00,100,0.00,,4.8,3.8,0.57,0.57,32.8,42.0,47.5,21.5,37.3,68,68,69,68,71
2017-01-21 01:00,15,63,63,0.00,100,0.00,,4.5,3.7,0.57,0.57,32.8,42.0,47.4,21.4,37.4,68,68,69,68,71
2017-01-21 02:00,15,63,62,0.00,100,0.00,,4.8,3.9,0.57,0.57,32.8,42.0,47.6,21.4,37.4,68,68,69,68,71
2017-01-21 03:00,15,62,62,0.00,100,0.00,,5.2,3.9,0.56,0.56,32.8,42.0,47.5,21.4,37.3,67,68,69,68,71
2017-01-21 04:00,15,62,62,0.00,100,0.00,,5.2,4.2,0.56,0.56,32.9,42.0,47.6,21.4,37.4,67,68,69,68,71
2017-01-21 05:00,15,62,62,0.00,100,0.00,,5.4,4.3,0.56,0.56,32.8,42.0,47.4,21.4,37.4,67,68,69,68,71
2017-01-21 06:00,15,62,62,0.00,96,0.14,,6.0,4.8,0.54,0.56,32.7,42.0,47.5,21.4,37.5,67,68,69,68,71
2017-01-21 07:00,15,63,62,0.00,90,9.26,,6.0,4.5,0.52,0.57,32.7,42.0,47.4,21.4,37.4,67,68,69,68,71
2017-01-21 08:00,15,64,63,0.00,93,29.71,,6.1,4.6,0.54,0.59,32.7,42.0,47.5,21.3,37.3,67,68,69,68,71
2017-01-21 09:00,15,65,64,0.00,91,211.20,,5.5,3.9,0.56,0.62,32.8,42.0,47.2,21.4,37.3,67,68,69,68,71
2017-01-21 10:00,15,69,65,0.00,89,649.20,,5.0,2.8,0.57,0.65,32.5,42.0,47.5,21.4,37.4,67,68,69,68,71
2017-01-21 11:00,15,72,69,0.00,82,752.80,,3.2,1.2,0.58,0.75,32.7,42.0,47.3,21.3,37.4,67,68,69,68,71
2017-01-21 12:00,15,74,71,0.00,70,760.00,,3.9,1.7,0.58,0.80,32.7,41.9,47.5,21.4,37.2,67,68,69,68,71
2017-01-21 13:00,15,73,69,0.00,73,169.90,,2.4,0.5,0.60,0.75,32.5,42.0,47.2,21.3,37.4,67,68,69,68,71
2017-01-21 14:00,15,72,68,0.00,76,80.50,,2.9,1.1,0.58,0.74,32.7,42.0,47.3,21.3,37.4,68,68,69,68,71
2017-01-21 15:00,15,70,68,0.00,82,147.50,,2.1,0.7,0.60,0.72,32.5,42.0,47.5,21.4,37.4,68,68,69,68,71
2017-01-21 16:00,15,68,68,0.00,88,93.10,,2.1,1.1,0.60,0.69,32.5,42.0,47.5,21.4,37.3,68,68,69,68,71
2017-01-21 17:00,15,68,66,0.00,88,66.72,,4.0,2.1,0.61,0.68,32.4,42.0,47.2,21.3,37.4,68,68,69,68,71
2017-01-21 18:00,15,66,64,0.00,92,2.80,,5.0,3.1,0.58,0.63,32.4,41.9,47.3,21.3,37.4,68,69,69,68,71
2017-01-21 19:00,15,64,63,0.00,96,0.00,,5.1,3.7,0.58,0.59,32.3,41.9,47.5,21.2,37.2,68,69,69,68,71
2017-01-21 20:00,15,63,63,0.00,99,0.00,,5.5,3.8,0.58,0.58,32.4,41.9,47.5,21.2,37.3,68,69,69,68,71
2017-01-21 21:00,15,64,63,0.00,97,0.00,,4.7,3.3,0.56,0.59,32.6,41.8,47.4,21.2,37.2,68,69,69,68,71
2017-01-21 22:00,15,64,63,0.00,96,0.00,,5.3,2.7,0.57,0.59,32.3,41.8,47.5,21.2,37.2,68,69,69,68,71
2017-01-21 23:00,15,64,64,0.00,98,0.00,,4.8,3.2,0.58,0.59,32.5,41.9,47.3,21.2,37.2,68,69,69,68,71
2017-01-22 00:00,15,64,64,0.00,98,0.00,,4.1,2.3,0.58,0.60,32.6,41.8,47.6,21.3,37.3,68,69,69,68,71
2017-01-22 01:00,15,64,64,0.00,95,0.00,,3.6,2.1,0.58,0.60,32.3,41.9,47.2,21.2,37.3,68,68,69,68,71
2017-01-22 02:00,15,64,63,0.00,98,0.00,,2.4,1.1,0.58,0.59,32.4,41.8,47.2,21.3,37.3,68,68,69,68,71
2017-01-22 03:00,15,64,62,0.00,98,0.00,,2.1,0.5,0.57,0.58,32.4,41.9,47.4,21.2,37.1,67,68,69,68,71
2017-01-22 04:00,15,64,63,0.00,99,0.00,,1.6,0.6,0.55,0.58,32.4,41.8,47.2,21.2,37.1,67,68,69,68,71
2017-01-22 05:00,15,64,63,0.00,91,0.00,,2.1,0.5,0.54,0.59,32.5,41.8,47.4,21.2,37.3,67,68,69,68,71
2017-01-22 06:00,15,63,62,0.00,96,0.35,,2.0,1.2,0.56,0.56,32.4,41.8,47.1,21.3,37.3,67,68,69,68,71
2017-01-22 07:00,15,62,62,0.00,100,10.96,,1.9,1.1,0.56,0.56,32.3,41.8,47.3,21.2,37.3,67,68,69,68,71
2017-01-22 08:00,15,65,62,0.00,99,35.85,,2.0,0.6,0.57,0.58,32.2,41.8,47.3,21.2,37.3,67,68,69,68,71
2017-01-22 09:00,15,67,65,0.00,93,210.10,,2.3,0.9,0.58,0.64,32.2,41.8,47.3,21.2,37.3,67,68,69,68,71
2017-01-22 10:00,15,75,67,0.00,86,644.80,,1.8,0.8,0.59,0.72,32.2,41.8,47.3,21.2,37.2,67,68,69,68,71
2017-01-22 11:00,15,76,73,0.00,69,715.90,,4.0,1.8,0.63,0.89,32.3,41.8,47.2,21.3,37.2,67,68,69,68,71
2017-01-22 12:00,15,73,69,0.00,71,170.10,,2.2,0.6,0.60,0.75,32.1,41.7,47.2,21.2,37.2,67,68,69,68,71
2017-01-22 13:00,15,73,71,0.00,80,206.60,,3.7,0.9,0.59,0.77,32.2,41.7,47.1,21.2,37.3,67,68,69,68,71
2017-01-22 14:00,15,74,70,0.00,78,243.40,,4.5,2.7,0.62,0.80,32.4,41.7,47.3,21.2,37.2,68,68,69,68,71
2017-01-22 15:00,15,72,68,0.00,79,105.10,,4.6,2.0,0.61,0.73,32.1,41.7,47.2,21.1,37.2,68,68,69,68,71
2017-01-22 16:00,15,68,68,0.00,86,77.66,,4.3,2.9,0.61,0.69,32.1,41.7,47.0,21.1,37.3,68,68,69,68,71
2017-01-22 17:00,15,68,66,0.00,90,44.02,,4.6,3.0,0.63,0.67,32.2,41.7,47.2,21.1,37.1,68,68,69,68,71
2017-01-22 18:00,15,66,65,0.00,97,2.59,,3.7,1.8,0.62,0.64,32.2,41.6,47.1,21.1,37.2,68,69,69,68,71
2017-01-22 19:00,15,65,64,0.00,98,0.00,,2.8,1.6,0.59,0.62,32.0,41.7,47.3,21.1,37.1,68,69,69,68,71
2017-01-22 20:00,15,65,64,0.00,95,0.00,,2.7,1.7,0.58,0.61,32.1,41.7,47.2,21.2,37.2,68,69,69,68,71
2017-01-22 21:00,15,64,64,0.00,100,0.00,,3.5,1.9,0.61,0.61,32.0,41.6,47.3,21.2,37.1,68,69,69,68,71
2017-01-22 22:00,15,64,64,0.00,98,0.00,,3.5,2.2,0.58,0.60,32.0,41.7,47.0,21.1,37.2,68,69,69,68,71
2017-01-22 23:00,15,64,64,0.00,99,0.00,,3.9,1.8,0.59,0.60,32.0,41.7,47.0,21.2,37.1,68,69,69,68,71
2017-01-23 00:00,15,64,63,0.00,100,0.00,,4.6,2.2,0.59,0.60,32.0,41.6,47.2,21.1,37.1,68,69,69,68,71
2017-01-23 01:00,15,64,63,0.00,99,0.00,,4.8,2.7,0.59,0.59,32.0,41.7,47.0,21.2,37.2,68,69,69,68,71
2017-01-23 02:00,15,64,64,0.00,99,0.00,,3.9,1.3,0.58,0.59,32.1,41.7,47.1,21.1,37.1,68,69,69,68,71
2017-01-23 03:00,15,64,64,0.00,96,0.00,,3.0,1.6,0.56,0.60,31.9,41.7,47.0,21.1,37.1,68,69,69,68,71
2017-01-23 04:00,15,65,64,0.00,91,0.00,,4.3,2.3,0.56,0.61,32.1,41.6,47.1,21.1,37.3,67,68,69,68,71
2017-01-23 05:00,15,64,64,0.00,96,0.00,,4.4,3.0,0.58,0.60,32.1,41.7,47.1,21.2,37.2,67,68,69,68,71
2017-01-23 06:00,15,64,64,0.00,96,0.14,,5.0,3.5,0.57,0.60,31.9,41.5,47.0,21.2,37.2,67,68,69,68,71
2017-01-23 07:00,15,65,64,0.00,96,6.74,,6.0,3.7,0.56,0.61,31.9,41.6,47.2,21.2,37.1,67,68,69,68,71
2017-01-23 08:00,15,68,65,0.00,85,34.85,,5.6,3.3,0.51,0.65,31.9,41.6,46.9,21.1,37.1,67,68,69,68,71
2017-01-23 09:00,15,71,68,0.00,76,232.30,,5.6,3.5,0.53,0.72,31.9,41.6,47.2,21.1,37.0,67,68,69,68,71
2017-01-23 10:00,15,75,71,0.00,77,649.40,,8.8,3.3,0.63,0.81,31.8,41.6,46.9,21.1,37.1,67,68,69,68,71
2017-01-23 11:00,15,74,73,0.00,72,768.80,,8.8,4.9,0.61,0.84,31.8,41.5,46.9,21.1,37.1,67,68,69,68,71
2017-01-23 12:00,15,75,73,0.00,77,820.00,,8.9,5.4,0.63,0.86,31.8,41.5,47.0,21.1,37.0,67,68,69,68,71
2017-01-23 13:00,15,75,74,0.00,72,506.60,,7.4,5.4,0.66,0.87,31.7,41.5,47.0,21.1,37.0,68,68,69,68,71
2017-01-23 14:00,15,74,68,0.00,78,155.80,,7.7,5.2,0.63,0.77,31.8,41.4,47.3,21.1,37.1,68,68,69,68,71
2017-01-23 15:00,15,72,68,0.00,89,152.80,,10.2,4.5,0.63,0.73,31.6,41.4,47.0,21.1,37.1,69,68,69,68,71
2017-01-23 16:00,15,72,70,0.00,80,216.50,,7.6,4.7,0.62,0.77,31.7,41.5,47.0,21.1,37.2,69,69,69,68,71
2017-01-23 17:00,15,70,67,0.00,84,90.60,,7.4,4.7,0.60,0.72,31.6,41.4,47.0,21.1,37.1,69,69,69,68,71
2017-01-23 18:00,15,67,65,0.00,90,4.14,,7.5,4.7,0.61,0.65,31.6,41.5,47.0,21.0,36.9,69,69,69,68,71
2017-01-23 19:00,15,65,65,0.00,98,0.00,,9.5,5.7,0.61,0.63,31.6,41.5,47.0,21.1,37.0,69,69,69,68,71
2017-01-23 20:00,15,65,65,0.00,99,0.00,,9.5,6.8,0.62,0.62,31.5,41.5,47.0,21.2,37.1,69,69,69,68,71
2017-01-23 21:00,15,65,65,0.00,99,0.00,,11.4,7.6,0.62,0.62,31.4,41.5,46.9,21.0,36.9,69,69,69,68,71
2017-01-23 22:00,15,65,65,0.00,100,0.00,,11.1,6.6,0.62,0.62,31.7,41.4,46.8,21.1,37.1,69,69,69,68,71
2017-01-23 23:00,15,65,65,0.00,98,0.00,,8.4,5.8,0.61,0.62,31.5,41.4,47.2,21.0,37.0,68,69,69,68,71
2017-01-24 00:00,15,65,65,0.00,100,0.00,,7.7,5.6,0.62,0.62,31.6,41.4,47.0,21.1,36.9,68,69,69,68,71
2017-01-24 01:00,15,65,65,0.00,100,0.00,,8.3,5.7,0.62,0.62,31.4,41.3,47.0,21.0,37.1,68,69,69,68,71
2017-01-24 02:00,15,65,65,0.00,100,0.00,,10.0,6.3,0.62,0.62,31.3,41.3,46.7,21.1,37.1,68,69,69,68,71
2017-01-24 03:00,15,65,65,0.00,100,0.00,,8.5,5.9,0.62,0.62,31.5,41.3,47.0,21.0,36.8,68,69,69,68,71
2017-01-24 04:00,15,65,65,0.00,100,0.00,,9.7,6.2,0.62,0.62,31.4,41.3,47.1,21.1,36.9,68,69,69,68,71
2017-01-24 05:00,15,66,65,0.00,100,0.00,,11.0,7.3,0.63,0.63,31.4,41.3,47.1,21.1,36.9,68,69,69,68,71
2017-01-24 06:00,15,66,65,0.00,100,0.06,,9.1,6.5,0.64,0.64,31.3,41.3,47.0,21.0,36.8,68,69,69,68,71
2017-01-24 07:00,15,66,66,0.00,100,7.09,,8.2,6.0,0.64,0.64,31.5,41.3,47.0,21.0,36.8,68,69,69,68,71
2017-01-24 08:00,15,67,66,0.00,100,61.32,,9.4,6.4,0.66,0.66,31.5,41.4,46.8,21.0,37.0,68,69,69,68,71
2017-01-24 09:00,15,69,67,0.00,100,180.50,,10.2,6.5,0.69,0.69,31.3,41.4,46.9,21.0,36.8,68,69,69,68,71
2017-01-24 10:00,15,72,69,0.00,99,289.20,,9.0,6.4,0.72,0.74,31.4,41.3,47.0,21.0,36.8,68,69,69,68,71
2017-01-24 11:00,15,73,71,0.00,91,469.80,,8.9,6.1,0.71,0.80,31.4,41.3,46.7,21.0,36.9,68,69,69,68,71
2017-01-24 12:00,15,75,72,0.00,88,607.20,,9.9,7.0,0.71,0.84,31.3,41.4,47.1,21.0,37.0,68,69,69,68,71
2017-01-24 13:00,15,75,72,0.00,82,280.40,,9.7,6.7,0.70,0.83,31.4,41.3,46.9,21.1,36.8,68,69,69,68,71
2017-01-24 14:00,15,74,73,0.00,84,218.70,,9.4,6.4,0.71,0.83,31.5,41.2,46.7,20.9,36.9,69,69,69,68,71
2017-01-24 15:00,15,74,71,0.00,83,147.30,,9.3,6.2,0.69,0.81,31.3,41.3,46.8,21.0,36.7,69,69,69,68,71
2017-01-24 16:00,15,71,70,0.00,90,115.10,,9.8,6.1,0.69,0.75,31.3,41.2,46.9,20.9,36.8,69,69,69,68,71
2017-01-24 17:00,15,71,69,0.00,95,42.65,,8.9,5.5,0.71,0.73,31.2,41.4,46.9,20.9,36.9,69,69,69,68,71
2017-01-24 18:00,15,69,68,0.00,100,1.74,,6.6,4.7,0.70,0.70,31.1,41.2,46.9,21.0,36.9,69,69,69,68,71
2017-01-24 19:00,15,69,68,0.00,100,0.00,,6.5,4.3,0.70,0.70,31.3,41.2,46.6,21.0,36.8,69,69,69,68,71
2017-01-24 20:00,15,69,68,0.01,100,0.00,,6.4,3.9,0.70,0.70,31.1,41.2,46.9,21.0,36.8,69,69,69,68,71
2017-01-24 21:00,15,68,68,0.05,100,0.00,,8.2,4.3,0.69,0.69,31.3,41.3,46.7,20.9,36.8,69,69,69,68,71
2017-01-24 22:00,15,68,68,0.00,100,0.00,,6.3,4.4,0.69,0.69,31.2,41.2,46.8,20.9,36.8,69,69,69,68,71
2017-01-24 23:00,15,68,68,0.00,100,0.00,,5.3,3.8,0.69,0.69,31.1,41.2,47.0,20.9,36.9,69,69,69,68,71
2017-01-25 00:00,15,68,68,0.00,100,0.00,,5.3,3.3,0.69,0.69,31.2,41.2,46.8,20.8,36.8,69,69,69,68,71
2017-01-25 01:00,15,68,67,0.00,100,0.00,,4.6,2.4,0.69,0.69,31.0,41.2,46.8,20.8,36.8,69,69,69,68,71
2017-01-25 02:00,15,67,67,0.00,100,0.00,,3.8,2.3,0.66,0.66,31.0,41.1,46.7,20.9,36.9,69,69,69,68,71
2017-01-25 03:00,15,67,67,0.00,100,0.00,,3.1,1.4,0.66,0.66,31.3,41.2,46.7,20.9,36.8,69,69,69,68,71
2017-01-25 04:00,15,67,66,0.00,100,0.00,,2.3,0.7,0.66,0.66,31.3,41.2,46.5,20.9,36.6,69,69,69,68,71
2017-01-25 05:00,15,66,65,0.00,100,0.00,,1.6,0.6,0.63,0.63,31.2,41.1,46.7,20.8,36.7,69,69,69,68,71
2017-01-25 06:00,15,66,66,0.16,100,0.04,,3.5,1.0,0.65,0.65,31.2,41.2,46.8,20.8,36.8,69,69,69,68,71
2017-01-25 07:00,15,66,65,0.00,100,19.71,,3.7,2.7,0.63,0.63,31.4,41.2,46.7,20.8,36.7,69,69,69,68,71
2017-01-25 08:00,15,66,65,0.00,100,49.78,,3.9,2.9,0.63,0.63,31.3,41.1,46.6,20.8,36.8,69,69,69,68,71
2017-01-25 09:00,15,67,65,0.00,100,72.26,,3.7,2.7,0.63,0.63,31.3,41.3,46.6,20.9,36.9,69,69,69,68,71
2017-01-25 10:00,15,67,67,0.00,100,136.30,,4.3,2.7,0.66,0.66,31.3,41.2,46.5,20.9,36.8,69,69,69,68,71
2017-01-25 11:00,15,68,67,0.00,100,254.90,,4.5,3.3,0.67,0.67,31.1,41.1,46.9,20.9,36.8,69,69,69,68,71
2017-01-25 12:00,15,70,68,0.00,100,319.80,,3.2,1.5,0.70,0.70,31.1,41.2,46.7,20.9,36.7,69,69,69,69,71
2017-01-25 13:00,15,70,69,0.00,100,190.30,,3.5,1.7,0.73,0.73,31.1,41.1,46.6,20.8,36.8,69,69,69,69,71
2017-01-25 14:00,15,69,67,0.00,100,69.67,,4.7,2.9,0.71,0.71,31.2,41.1,46.6,20.9,36.7,69,69,69,69,71
2017-01-25 15:00,15,67,66,0.00,100,58.52,,6.6,3.5,0.66,0.66,31.2,41.1,46.6,20.9,36.8,69,69,69,69,71
2017-01-25 16:00,15,67,66,0.00,100,133.80,,6.2,4.4,0.66,0.66,31.3,41.1,46.6,20.8,36.8,69,69,69,69,71
2017-01-25 17:00,15,67,66,0.00,100,28.60,,7.5,5.1,0.65,0.65,31.3,41.1,46.6,20.8,36.7,69,69,69,69,71
2017-01-25 18:00,15,66,66,0.00,100,3.30,,5.9,4.3,0.65,0.65,31.2,41.2,46.6,20.8,36.7,69,69,69,69,71
2017-01-25 19:00,15,66,65,0.00,100,0.00,,6.1,4.4,0.64,0.64,31.1,41.2,46.8,20.8,36.9,69,69,69,69,71
2017-01-25 20:00,15,65,65,0.00,100,0.00,,6.7,4.3,0.63,0.63,31.1,41.1,46.8,20.8,36.9,69,69,69,69,71
2017-01-25 21:00,15,65,64,0.00,100,0.00,,9.6,6.3,0.61,0.61,31.3,41.2,46.6,20.8,36.6,69,69,69,69,71
2017-01-25 22:00,15,64,64,0.00,100,0.00,,8.8,6.2,0.60,0.60,31.2,41.2,46.7,20.8,36.8,69,69,69,69,71
2017-01-25 23:00,15,64,64,0.00,100,0.00,,7.3,4.7,0.59,0.59,31.3,41.1,46.7,20.8,36.7,69,69,69,69,71
2017-01-26 00:00,15,64,63,0.00,100,0.00,,6.8,4.2,0.60,0.60,31.3,41.2,46.7,20.8,36.8,69,69,69,69,71
2017-01-26 01:00,15,63,63,0.00,100,0.00,,5.3,3.3,0.58,0.58,31.3,41.2,46.6,20.8,36.6,69,69,69,69,71
2017-01-26 02:00,15,63,63,0.00,100,0.00,,5.9,3.4,0.58,0.58,31.4,41.2,46.8,20.8,36.7,69,69,69,69,71
2017-01-26 03:00,15,63,63,0.00,100,0.00,,5.8,3.6,0.57,0.58,31.4,41.2,46.6,20.8,36.7,69,69,69,69,71
2017-01-26 04:00,15,63,62,0.00,99,0.00,,5.3,3.5,0.56,0.57,31.3,41.2,46.6,20.8,36.6,68,69,69,69,71
2017-01-26 05:00,15,62,62,0.00,98,0.00,,4.4,3.2,0.54,0.56,31.2,41.2,46.7,20.8,36.8,68,69,69,69,71
2017-01-26 06:00,15,62,62,0.00,95,0.14,,5.1,3.6,0.53,0.56,31.3,41.2,46.6,20.8,36.7,68,69,69,69,71
2017-01-26 07:00,15,62,62,0.00,94,8.92,,5.2,3.7,0.52,0.56,31.4,41.2,46.8,20.8,36.7,68,69,69,69,71
2017-01-26 08:00,15,64,62,0.00,93,31.74,,5.2,3.3,0.52,0.57,31.3,41.2,46.6,20.8,36.6,68,69,69,69,71
2017-01-26 09:00,15,66,64,0.00,89,185.40,,3.6,1.7,0.54,0.61,31.5,41.2,46.8,20.8,36.6,68,69,69,69,71
2017-01-26 10:00,15,69,66,0.00,87,610.80,,2.9,1.7,0.57,0.68,31.3,41.2,46.9,20.8,36.8,68,69,69,69,71
2017-01-26 11:00,15,75,69,0.00,82,442.10,,3.0,0.9,0.63,0.77,31.2,41.3,46.8,20.8,36.7,68,69,69,69,71
2017-01-26 12:00,15,80,71,0.00,81,656.50,,4.0,1.5,0.66,0.86,31.3,41.2,46.8,20.8,36.7,68,69,69,69,71
2017-01-26 13:00,15,80,73,0.00,70,421.90,,3.9,1.3,0.67,0.91,31.5,41.3,46.7,20.8,36.7,68,69,69,69,71
2017-01-26 14:00,15,77,70,0.00,70,178.40,,3.0,0.3,0.66,0.83,31.3,41.2,46.8,20.8,36.7,68,69,69,69,71
2017-01-26 15:00,15,74,70,0.00,87,187.60,,3.0,0.4,0.65,0.81,31.3,41.2,46.6,20.8,36.6,69,69,69,69,71
2017-01-26 16:00,15,71,68,0.00,84,73.99,,1.1,0.0,0.65,0.73,31.2,41.2,46.8,20.7,36.7,69,69,69,69,71
2017-01-26 17:00,15,68,67,0.00,91,37.43,,1.2,0.1,0.62,0.69,31.4,41.2,46.8,20.8,36.8,69,69,69,69,71
2017-01-26 18:00,15,67,66,0.00,89,4.04,,2.6,0.8,0.60,0.66,31.3,41.2,46.8,20.8,36.7,69,69,69,69,71
2017-01-26 19:00,15,66,65,0.00,93,0.00,,2.9,2.3,0.59,0.62,31.2,41.2,46.6,20.8,36.5,69,69,69,69,71
2017-01-26 20:00,15,66,65,0.00,94,0.00,,3.2,1.3,0.57,0.63,31.3,41.2,46.5,20.8,36.5,69,69,69,69,71
2017-01-26 21:00,15,66,64,0.00,95,0.00,,1.6,0.1,0.60,0.63,31.3,41.2,46.8,20.8,36.6,69,69,69,69,71
2017-01-26 22:00,15,64,64,0.00,99,0.00,,1.5,0.0,0.60,0.60,31.2,41.2,46.7,20.8,36.4,69,69,69,69,71
2017-01-26 23:00,15,64,64,0.00,100,0.00,,1.6,0.7,0.58,0.60,31.2,41.2,46.8,20.8,36.6,68,69,69,69,71
2017-01-27 00:00,15,64,64,0.00,95,0.00,,1.7,0.8,0.56,0.59,31.4,41.2,46.7,20.7,36.5,68,69,69,69,71
2017-01-27 01:00,15,64,63,0.00,92,0.00,,1.3,0.2,0.54,0.59,31.3,41.2,46.8,20.8,36.6,68,69,69,69,71
2017-01-27 02:00,15,64,63,0.00,92,0.00,,2.1,0.1,0.53,0.58,31.3,41.2,46.7,20.8,36.6,68,69,69,69,71
2017-01-27 03:00,15,64,63,0.00,89,0.00,,1.2,0.2,0.53,0.60,31.3,41.2,46.7,20.7,36.5,68,69,69,69,71
2017-01-27 04:00,15,64,64,0.00,89,0.00,,1.9,0.9,0.53,0.60,31.2,41.2,46.7,20.6,36.5,68,69,69,69,71
2017-01-27 05:00,15,64,63,0.00,89,0.00,,1.9,0.3,0.53,0.59,31.3,41.2,46.7,20.7,36.5,68,69,69,69,71
2017-01-27 06:00,15,64,63,0.00,88,0.14,,1.4,0.3,0.50,0.60,31.3,41.2,46.6,20.7,36.4,67,69,69,69,71
2017-01-27 07:00,15,68,64,0.00,81,8.44,,2.3,0.9,0.46,0.64,31.4,41.2,47.0,20.7,36.6,67,69,69,69,71
2017-01-27 08:00,15,69,68,0.00,66,29.13,,2.5,1.3,0.51,0.71,31.4,41.3,46.7,20.7,36.5,67,69,69,69,71
2017-01-27 09:00,15,72,69,0.00,73,196.70,,3.8,1.6,0.57,0.75,31.4,41.1,46.9,20.7,36.6,67,68,69,69,71
2017-01-27 10:00,15,77,72,0.00,77,648.10,,3.8,1.7,0.63,0.85,31.3,41.1,46.6,20.7,36.5,67,68,69,69,71
2017-01-27 11:00,15,79,76,0.00,72,772.80,,3.4,0.8,0.66,0.94,31.3,41.2,46.7,20.7,36.6,67,68,69,69,71
2017-01-27 12:00,15,81,77,0.00,64,746.50,,3.2,0.7,0.66,1.00,31.3,41.2,46.9,20.7,36.5,67,68,69,69,71
2017-01-27 13:00,15,82,75,0.00,63,549.40,,4.8,2.0,0.66,1.03,31.3,41.2,46.8,20.7,36.4,68,68,69,69,71
2017-01-27 14:00,15,77,75,0.00,73,220.30,,4.8,1.9,0.67,0.88,31.2,41.2,46.7,20.7,36.6,68,68,69,69,71
2017-01-27 15:00,15,77,70,0.00,76,109.80,,3.0,0.7,0.68,0.84,31.1,41.3,47.0,20.6,36.5,69,69,69,69,71
2017-01-27 16:00,15,70,69,0.00,88,56.94,,1.9,0.4,0.65,0.72,31.2,41.1,46.7,20.7,36.7,69,69,69,69,71
2017-01-27 17:00,15,70,69,0.00,92,42.22,,1.2,0.1,0.67,0.73,31.1,41.2,46.7,20.7,36.6,69,69,69,69,71
2017-01-27 18:00,15,69,68,0.00,95,0.70,,1.6,0.2,0.66,0.70,31.1,41.1,46.7,20.7,36.5,69,69,69,69,71
2017-01-27 19:00,15,68,67,0.00,96,0.00,,1.0,0.0,0.64,0.68,31.2,41.2,46.7,20.7,36.5,69,69,69,69,71
2017-01-27 20:00,15,67,66,0.00,98,0.00,,1.2,0.0,0.66,0.67,31.3,41.2,46.6,20.7,36.5,69,69,69,69,71
2017-01-27 21:00,15,67,66,0.00,99,0.00,,1.4,0.4,0.65,0.66,31.2,41.2,46.8,20.7,36.5,69,69,69,69,71
2017-01-27 22:00,15,67,67,0.00,96,0.00,,1.6,0.5,0.65,0.67,31.2,41.2,46.7,20.7,36.5,69,69,69,69,71
2017-01-27 23:00,15,69,67,0.00,96,0.00,,3.4,0.8,0.64,0.68,31.2,41.2,46.6,20.7,36.3,69,69,69,69,71
2017-01-28 00:00,15,69,67,0.00,87,0.00,,3.4,1.0,0.57,0.69,31.1,41.2,46.8,20.6,36.5,69,69,69,69,71
2017-01-28 01:00,15,68,67,0.00,80,0.00,,4.3,1.0,0.57,0.67,31.2,41.2,46.7,20.6,36.5,69,69,69,69,71
2017-01-28 02:00,15,67,67,0.00,85,0.00,,4.6,1.8,0.60,0.66,31.1,41.1,46.8,20.7,36.4,68,69,69,69,71
2017-01-28 03:00,15,67,67,0.00,92,0.00,,4.8,2.2,0.60,0.66,31.1,41.1,46.6,20.5,36.3,68,69,69,69,71
2017-01-28 04:00,15,67,67,0.00,92,0.00,,4.8,1.9,0.60,0.67,31.1,41.2,46.8,20.5,36.5,68,69,69,69,71
2017-01-28 05:00,15,68,67,0.00,89,0.00,,4.5,1.2,0.59,0.67,31.3,41.1,46.6,20.6,36.3,68,69,69,69,71
2017-01-28 06:00,15,67,66,0.00,88,0.13,,4.6,1.0,0.56,0.66,31.2,41.1,46.5,20.6,36.4,68,69,69,69,71
2017-01-28 07:00,15,67,67,0.00,83,7.96,,5.3,1.3,0.53,0.66,31.1,41.2,46.7,20.6,36.5,68,69,69,69,71
2017-01-28 08:00,15,68,67,0.00,77,28.19,,3.7,1.0,0.52,0.68,31.3,41.1,46.7,20.6,36.5,68,69,69,69,71
2017-01-28 09:00,15,72,67,0.00,78,176.80,,2.9,0.3,0.55,0.71,31.2,41.1,46.6,20.6,36.3,68,69,69,69,71
2017-01-28 10:00,15,78,72,0.00,79,668.40,,3.0,0.6,0.63,0.85,31.1,41.1,46.5,20.6,36.3,68,69,69,69,71
2017-01-28 11:00,15,80,78,0.00,71,762.80,,3.4,0.6,0.67,0.97,30.9,41.1,46.4,20.7,36.4,68,69,69,69,71
2017-01-28 12:00,15,82,80,0.00,69,855.00,,4.4,1.1,0.66,1.03,31.0,41.1,46.5,20.6,36.3,68,69,69,69,71
2017-01-28 13:00,15,82,77,0.00,58,444.00,,5.5,2.6,0.64,1.01,31.2,41.1,46.8,20.6,36.4,69,69,69,69,71
2017-01-28 14:00,15,81,80,0.00,69,226.20,,6.0,3.0,0.72,1.04,31.0,41.1,46.5,20.7,36.2,69,69,69,69,71
2017-01-28 15:00,15,80,71,0.00,71,187.20,,4.1,1.4,0.71,0.93,31.0,41.1,46.6,20.6,36.3,69,69,69,69,71
2017-01-28 16:00,15,71,70,0.00,89,85.00,,2.9,1.2,0.66,0.74,31.0,41.1,46.7,20.5,36.4,70,69,69,69,71
2017-01-28 17:00,15,71,70,0.00,86,42.76,,2.9,0.8,0.65,0.75,31.0,41.1,46.8,20.6,36.5,70,69,69,69,71
2017-01-28 18:00,15,71,68,0.00,86,3.78,,3.9,2.0,0.67,0.73,30.9,41.1,46.7,20.5,36.5,70,69,69,69,71
2017-01-28 19:00,15,68,67,0.00,96,0.00,,3.0,1.7,0.67,0.69,31.0,41.0,46.8,20.5,36.6,70,70,69,69,71
2017-01-28 20:00,15,69,68,0.00,96,0.00,,4.1,1.5,0.65,0.69,31.1,41.1,46.7,20.5,36.5,70,70,69,69,71
2017-01-28 21:00,15,69,68,0.00,94,0.00,,3.7,0.5,0.65,0.71,30.9,41.0,46.5,20.6,36.3,70,70,69,69,71
2017-01-28 22:00,15,69,69,0.00,90,0.00,,3.1,0.6,0.64,0.71,30.9,41.0,46.8,20.6,36.4,69,70,69,69,71
2017-01-28 23:00,15,69,69,0.00,90,0.00,,3.7,0.7,0.64,0.71,30.8,41.1,46.6,20.6,36.4,69,70,69,69,71
2017-01-29 00:00,15,70,69,0.00,88,0.00,,2.8,0.9,0.62,0.71,30.7,41.0,46.5,20.6,36.2,69,70,69,69,71
2017-01-29 01:00,15,70,69,0.00,83,0.00,,4.3,1.6,0.62,0.72,30.9,41.0,46.6,20.6,36.3,69,70,69,69,71
2017-01-29 02:00,15,69,68,0.00,88,0.00,,4.6,1.8,0.63,0.71,30.9,41.0,46.4,20.5,36.4,69,70,69,69,71
2017-01-29 03:00,15,69,68,0.00,91,0.00,,5.7,2.5,0.62,0.69,30.8,41.0,46.6,20.5,36.3,69,70,70,69,71
2017-01-29 04:00,15,69,69,0.00,82,0.00,,5.7,2.6,0.55,0.71,30.7,41.0,46.6,20.6,36.4,69,70,70,69,71
2017-01-29 05:00,15,69,68,0.00,73,0.00,,6.7,3.8,0.50,0.71,30.8,41.0,46.4,20.6,36.3,69,70,70,69,71
2017-01-29 06:00,15,69,68,0.00,75,0.09,,7.4,3.8,0.54,0.69,30.8,41.1,46.6,20.5,36.4,69,69,70,69,71
2017-01-29 07:00,15,68,68,0.00,81,8.12,,6.5,3.2,0.57,0.69,30.8,41.1,46.6,20.5,36.5,69,69,70,69,71
2017-01-29 08:00,15,70,68,0.00,82,29.95,,7.7,3.4,0.56,0.71,30.8,41.0,46.7,20.5,36.3,69,69,70,69,71
2017-01-29 09:00,15,72,70,0.00,79,200.80,,6.9,4.0,0.60,0.76,30.7,40.9,46.7,20.5,36.3,68,69,70,69,71
2017-01-29 10:00,15,76,72,0.00,74,663.40,,7.7,3.7,0.61,0.84,30.8,40.9,46.6,20.5,36.5,68,69,70,69,71
2017-01-29 11:00,15,79,76,0.00,72,790.60,,7.3,3.6,0.66,0.95,30.7,41.0,46.3,20.5,36.2,68,69,70,69,71
2017-01-29 12:00,15,80,78,0.00,66,805.00,,8.0,3.2,0.63,1.00,30.8,41.0,46.5,20.5,36.2,69,69,70,69,71
2017-01-29 13:00,15,79,76,0.00,65,321.40,,5.4,1.5,0.65,0.94,30.7,40.9,46.7,20.4,36.3,69,69,70,69,71
2017-01-29 14:00,15,77,74,0.00,77,187.70,,6.1,2.9,0.69,0.90,30.6,40.9,46.3,20.6,36.3,70,69,70,69,71
2017-01-29 15:00,15,76,74,0.00,77,125.70,,4.9,1.8,0.70,0.88,30.5,41.0,46.4,20.5,36.4,70,70,70,69,71
2017-01-29 16:00,15,74,74,0.00,77,169.50,,6.4,2.0,0.68,0.85,30.5,40.9,46.5,20.4,36.3,70,70,70,69,71
2017-01-29 17:00,15,74,72,0.00,80,50.07,,3.9,1.6,0.66,0.82,30.6,40.9,46.5,20.5,36.4,70,70,70,69,71
2017-01-29 18:00,15,72,69,0.00,83,4.36,,4.3,1.2,0.65,0.74,30.5,40.9,46.4,20.4,36.4,70,70,70,69,71
2017-01-29 19:00,15,69,68,0.00,92,0.00,,4.5,1.6,0.61,0.70,30.4,40.8,46.4,20.4,36.3,70,70,70,69,71
2017-01-29 20:00,15,68,68,0.00,81,0.00,,5.5,1.8,0.52,0.70,30.5,40.9,46.3,20.5,36.2,70,70,70,69,71
2017-01-29 21:00,15,68,68,0.00,70,0.00,,4.9,2.0,0.50,0.69,30.3,40.9,46.4,20.4,36.3,70,70,70,69,71
2017-01-29 22:00,15,68,67,0.00,74,0.00,,5.4,2.0,0.51,0.68,30.7,40.9,46.3,20.4,36.3,70,70,70,69,71
2017-01-29 23:00,15,67,67,0.00,79,0.00,,6.1,3.3,0.55,0.67,30.5,40.8,46.3,20.4,36.3,70,70,70,69,71
2017-01-30 00:00,15,67,67,0.00,86,0.00,,6.3,3.6,0.56,0.67,30.5,40.9,46.3,20.5,36.2,69,70,70,69,71
2017-01-30 01:00,15,68,67,0.00,84,0.00,,6.1,4.0,0.54,0.67,30.6,40.8,46.2,20.4,36.1,69,70,70,69,71
2017-01-30 02:00,15,67,67,0.00,79,0.00,,7.6,3.5,0.55,0.67,30.4,40.8,46.5,20.4,36.2,69,70,70,69,71
2017-01-30 03:00,15,67,67,0.00,87,0.00,,5.8,3.0,0.56,0.66,30.4,40.8,46.5,20.4,36.2,69,70,70,69,71
2017-01-30 04:00,15,68,67,0.00,82,0.00,,5.1,2.6,0.53,0.67,30.4,40.7,46.4,20.3,36.2,69,70,70,69,71
2017-01-30 05:00,15,68,67,0.00,75,0.00,,4.7,1.3,0.50,0.68,30.5,40.7,46.5,20.4,36.3,69,70,70,69,71
2017-01-30 06:00,15,68,67,0.00,75,0.10,,3.6,1.4,0.50,0.68,30.3,40.7,46.4,20.4,36.2,69,70,70,69,71
2017-01-30 07:00,15,69,68,0.00,72,9.96,,4.2,2.1,0.50,0.70,30.4,40.7,46.5,20.4,36.3,68,69,70,69,71
2017-01-30 08:00,15,69,68,0.00,70,30.93,,3.1,0.6,0.51,0.71,30.2,40.8,46.3,20.4,36.3,68,69,70,69,71
2017-01-30 09:00,15,74,68,0.00,77,185.30,,2.9,0.6,0.55,0.72,30.4,40.7,46.3,20.4,36.0,68,69,70,69,71
2017-01-30 10:00,15,78,74,0.00,73,647.60,,3.9,1.9,0.65,0.88,30.3,40.7,46.2,20.4,36.2,68,69,70,69,71
2017-01-30 11:00,15,81,78,0.00,67,830.00,,2.9,0.6,0.67,1.03,30.3,40.7,46.4,20.4,36.1,68,69,70,69,71
2017-01-30 12:00,15,80,72,0.00,68,386.80,,2.6,0.8,0.67,0.93,30.3,40.7,46.3,20.5,36.2,69,69,70,69,71
2017-01-30 13:00,15,72,71,0.00,82,77.16,,2.4,0.9,0.65,0.77,30.3,40.7,46.4,20.5,36.2,69,69,70,69,71
2017-01-30 14:00,15,71,71,0.00,85,51.75,,2.5,1.2,0.64,0.76,30.3,40.8,46.2,20.4,36.2,69,69,70,69,71
2017-01-30 15:00,15,73,71,0.00,86,101.70,,3.5,2.1,0.66,0.76,30.1,40.6,46.4,20.4,36.1,70,70,70,69,71
2017-01-30 16:00,15,74,71,0.00,81,121.00,,3.9,2.0,0.68,0.82,30.1,40.6,46.3,20.3,36.1,70,70,70,69,71
2017-01-30 17:00,15,71,67,0.04,86,32.41,,3.3,2.0,0.69,0.74,30.0,40.7,46.3,20.4,36.0,70,70,70,69,71
2017-01-30 18:00,15,67,67,0.07,100,0.74,,3.0,1.7,0.67,0.67,30.0,40.6,46.3,20.4,36.2,70,70,70,69,71
2017-01-30 19:00,15,67,66,0.01,100,0.00,,3.0,1.4,0.66,0.66,30.1,40.6,46.1,20.4,36.2,70,70,70,69,71
2017-01-30 20:00,15,67,67,0.00,100,0.00,,1.9,0.6,0.66,0.66,30.0,40.6,46.4,20.4,36.3,70,70,70,69,71
2017-01-30 21:00,15,67,67,0.00,100,0.00,,1.3,0.4,0.66,0.66,30.1,40.6,46.3,20.3,36.2,70,70,70,69,71
2017-01-30 22:00,15,67,65,0.00,100,0.00,,1.3,0.5,0.66,0.66,30.1,40.7,46.3,20.3,36.1,70,70,70,69,71
2017-01-30 23:00,15,67,65,0.00,100,0.00,,2.4,0.3,0.64,0.64,30.0,40.6,46.2,20.3,36.0,69,70,70,69,71
2017-01-31 00:00,15,67,66,0.00,100,0.00,,4.0,1.5,0.65,0.65,30.0,40.7,46.3,20.3,36.0,69,70,70,69,71
2017-01-31 01:00,15,67,66,0.00,100,0.00,,4.1,2.0,0.65,0.65,30.0,40.7,46.3,20.4,36.0,69,70,70,69,71
2017-01-31 02:00,15,67,66,0.00,97,0.00,,3.0,0.8,0.63,0.66,30.1,40.5,46.1,20.3,36.0,69,70,70,69,71
2017-01-31 03:00,15,67,66,0.00,97,0.00,,2.5,0.8,0.62,0.66,30.0,40.6,46.2,20.3,36.3,69,70,70,69,71
2017-01-31 04:00,15,67,67,0.00,94,0.00,,2.5,0.5,0.61,0.67,30.0,40.5,46.3,20.3,36.2,69,70,70,69,71
2017-01-31 05:00,15,68,67,0.00,88,0.00,,1.7,0.2,0.60,0.67,30.0,40.6,46.1,20.3,35.9,69,70,70,69,71
2017-01-31 06:00,15,68,67,0.00,90,0.08,,3.4,1.4,0.60,0.69,30.1,40.6,46.4,20.3,36.0,69,70,70,69,71
2017-01-31 07:00,15,68,67,0.00,89,11.57,,2.4,0.1,0.61,0.68,30.1,40.6,46.2,20.3,36.2,69,70,70,69,71
2017-01-31 08:00,15,70,68,0.00,84,73.89,,3.0,0.6,0.58,0.71,30.0,40.6,46.3,20.3,36.1,69,69,70,69,71
2017-01-31 09:00,15,71,69,0.00,87,180.00,,3.4,0.1,0.64,0.73,30.0,40.5,46.3,20.3,36.1,69,69,70,69,71
2017-01-31 10:00,15,74,71,0.00,84,459.70,,2.6,0.9,0.67,0.82,30.2,40.5,46.4,20.3,36.1,69,69,70,69,71
2017-01-31 11:00,15,75,70,0.00,80,272.90,,1.8,0.5,0.70,0.81,30.0,40.7,46.2,20.2,36.1,69,69,70,69,71
2017-01-31 12:00,15,74,71,0.00,91,354.20,,1.7,0.4,0.69,0.81,30.1,40.6,46.2,20.4,36.1,69,69,70,69,71
2017-01-31 13:00,15,77,70,0.00,82,283.00,,3.1,1.2,0.72,0.88,30.0,40.5,46.1,20.3,36.0,69,69,70,69,71
2017-01-31 14:00,15,75,70,0.01,94,218.10,,5.7,3.5,0.74,0.82,30.1,40.7,46.2,20.2,35.9,69,69,70,69,71
2017-01-31 15:00,15,70,68,0.07,96,113.40,,5.3,2.6,0.71,0.71,30.0,40.6,46.4,20.2,36.1,69,70,70,69,71
2017-01-31 16:00,15,70,68,0.00,100,73.01,,2.5,0.5,0.71,0.71,30.2,40.6,46.1,20.2,36.1,69,70,70,69,71
2017-01-31 17:00,15,69,68,0.00,100,27.91,,2.0,0.1,0.70,0.70,30.0,40.5,46.1,20.2,35.9,69,70,70,69,71
2017-01-31 18:00,15,68,67,0.00,100,0.94,,1.8,0.7,0.68,0.68,30.1,40.6,46.3,20.2,36.1,70,70,70,69,71
2017-01-31 19:00,15,67,67,0.00,100,0.00,,2.1,0.8,0.66,0.66,30.1,40.6,46.2,20.2,36.0,70,70,70,69,71
2017-01-31 20:00,15,67,65,0.00,100,0.00,,3.3,1.3,0.65,0.65,30.2,40.7,46.3,20.3,36.1,69,70,70,69,71
2017-01-31 21:00,15,68,66,0.00,94,0.00,,4.1,1.6,0.59,0.68,30.1,40.6,46.3,20.3,36.1,69,70,70,69,71
2017-01-31 22:00,15,67,67,0.00,88,0.00,,3.1,0.7,0.59,0.67,30.3,40.6,46.1,20.3,36.2,69,70,70,69,71
2017-01-31 23:00,15,68,67,0.00,85,0.00,,3.1,0.4,0.56,0.68,30.3,40.6,46.3,20.2,36.0,69,70,70,69,71
