Date,Station Id,Air Temperature Maximum (degF),Air Temperature Minimum (degF),Precipitation Increment (in),Relative Humidity (pct),Solar Radiation Average (watt/m2),Solar Radiation/langley Total (langley),Wind Speed Maximum (mph),Wind Speed Average (mph),Vapor Pressure - Partial (inch_Hg),Vapor Pressure - Saturated (inch_Hg),Soil Moisture Percent -2in (pct),Soil Moisture Percent -4in (pct),Soil Moisture Percent -8in (pct),Soil Moisture Percent -20in (pct),Soil Moisture Percent -40in (pct),Soil Temperature Observed -2in (degF),Soil Temperature Observed -4in (degF),Soil Temperature Observed -8in (degF),Soil Temperature Observed -20in (degF),Soil Temperature Observed -40in (degF)
2017-07-01 00:00,2021,67,65,0.00,55,0.00,,6.0,3.3,0.35,0.64,2.6,3.4,10.8,9.8,17.7,76,78,76,67,62
2017-07-01 01:00,2021,66,60,0.00,54,0.00,,4.6,2.7,0.34,0.63,1.7,3.9,11.1,9.6,17.5,74,76,75,67,62
2017-07-01 02:00,2021,61,60,0.00,64,0.00,,3.4,1.7,0.34,0.53,2.2,3.3,11.0,9.6,18.0,73,75,75,67,62
2017-07-01 03:00,2021,60,58,0.00,66,0.60,,4.3,2.0,0.34,0.50,2.1,3.8,9.9,8.7,18.1,71,74,75,67,62
2017-07-01 04:00,2021,64,59,0.00,69,40.66,,4.4,2.3,0.34,0.53,2.1,3.1,10.6,9.5,17.5,70,73,74,67,62
2017-07-01 05:00,2021,68,64,0.00,56,170.40,,4.6,1.3,0.37,0.64,1.5,3.1,10.5,10.1,17.7,69,72,74,67,62
2017-07-01 06:00,2021,73,68,0.00,54,304.00,,5.2,3.0,0.38,0.72,1.3,3.2,10.3,9.3,18.0,69,71,73,68,62
2017-07-01 07:00,2021,79,73,0.00,50,461.70,,9.8,4.6,0.40,0.88,2.2,2.3,10.9,9.5,17.8,69,71,73,68,62
2017-07-01 08:00,2021,81,78,0.00,36,623.60,,10.3,5.6,0.36,1.02,2.2,3.9,10.3,9.8,17.8,71,71,73,68,62
2017-07-01 09:00,2021,85,81,0.00,33,777.00,,10.5,5.6,0.35,1.12,1.9,3.2,10.1,9.1,18.0,74,71,72,68,62
2017-07-01 10:00,2021,87,85,0.00,31,831.00,,13.3,5.9,0.38,1.24,2.8,3.3,10.6,9.7,17.8,78,73,72,68,62
2017-07-01 11:00,2021,89,87,0.00,30,866.00,,12.5,6.6,0.38,1.32,3.2,2.9,10.5,8.8,17.7,82,75,72,68,62
2017-07-01 12:00,2021,89,88,0.00,28,784.00,,15.4,7.5,0.38,1.36,3.3,2.8,10.6,9.8,17.9,86,78,72,68,62
2017-07-01 13:00,2021,90,89,0.00,26,796.00,,12.8,6.3,0.34,1.40,3.1,4.4,10.8,9.1,18.0,89,81,72,68,62
2017-07-01 14:00,2021,92,90,0.00,23,760.00,,13.1,6.1,0.33,1.47,2.7,4.4,10.2,9.5,17.9,91,83,73,68,62
2017-07-01 15:00,2021,92,90,0.00,22,601.00,,13.2,6.6,0.30,1.47,2.7,3.9,10.8,9.2,17.7,93,85,73,68,62
2017-07-01 16:00,2021,92,90,0.00,20,442.20,,13.4,7.5,0.31,1.46,3.3,3.6,10.5,8.8,17.7,95,86,74,68,62
2017-07-01 17:00,2021,90,90,0.00,21,318.70,,12.4,6.5,0.31,1.43,2.8,4.2,10.6,9.6,17.8,94,86,74,68,62
2017-07-01 18:00,2021,90,86,0.00,20,156.00,,8.8,5.1,0.31,1.36,2.4,4.3,9.6,8.6,17.6,92,86,75,68,62
2017-07-01 19:00,2021,86,77,0.00,26,28.08,,6.5,3.3,0.33,1.13,2.4,3.3,11.1,8.5,17.5,90,85,76,68,62
2017-07-01 20:00,2021,77,73,0.00,36,0.37,,4.3,2.2,0.34,0.90,2.2,4.1,10.2,8.6,17.7,87,84,76,68,62
2017-07-01 21:00,2021,74,72,0.00,42,0.00,,8.0,3.8,0.32,0.82,1.7,4.2,10.9,8.7,17.8,84,83,76,68,62
2017-07-01 22:00,2021,72,68,0.00,38,0.00,,8.5,3.1,0.30,0.75,2.2,3.9,9.8,9.6,17.5,82,81,76,68,62
2017-07-01 23:00,2021,70,67,0.00,40,0.00,,4.5,2.2,0.30,0.72,1.9,3.0,10.6,9.5,17.5,79,80,76,68,62
2017-07-02 00:00,2021,67,65,0.00,45,0.00,,5.3,1.6,0.31,0.65,1.9,4.4,10.8,8.6,17.7,77,78,76,68,62
2017-07-02 01:00,2021,65,62,0.00,51,0.00,,5.0,1.5,0.32,0.62,2.2,3.4,11.0,9.7,17.4,75,77,76,68,62
2017-07-02 02:00,2021,62,58,0.00,59,0.00,,9.2,4.1,0.32,0.52,0.7,3.6,9.8,9.0,17.7,74,76,76,68,62
2017-07-02 03:00,2021,58,57,0.00,67,0.52,,3.8,1.9,0.32,0.48,0.8,4.1,11.3,9.6,17.6,72,74,75,68,62
2017-07-02 04:00,2021,60,57,0.00,66,32.14,,3.3,1.7,0.32,0.49,1.3,4.1,10.7,9.9,17.5,71,73,75,68,62
2017-07-02 05:00,2021,65,60,0.00,64,161.90,,5.5,3.1,0.34,0.56,1.4,2.7,9.6,8.7,17.6,69,72,75,68,62
2017-07-02 06:00,2021,71,65,0.00,57,326.10,,7.5,4.2,0.34,0.67,1.4,3.8,9.4,8.8,17.6,69,71,74,68,62
2017-07-02 07:00,2021,75,71,0.00,44,496.60,,11.3,6.4,0.32,0.82,1.1,2.3,10.2,9.2,17.3,69,71,74,68,62
2017-07-02 08:00,2021,79,75,0.00,36,655.40,,11.8,7.4,0.30,0.93,1.0,3.9,9.8,8.6,17.3,71,71,73,68,62
2017-07-02 09:00,2021,82,79,0.00,28,785.00,,13.4,6.8,0.28,1.02,1.9,3.9,10.2,8.9,17.4,74,71,73,68,62
2017-07-02 10:00,2021,85,82,0.00,27,878.00,,13.5,7.4,0.25,1.14,1.3,4.3,9.8,9.2,17.4,78,73,73,68,62
2017-07-02 11:00,2021,87,85,0.00,20,925.00,,14.2,6.4,0.22,1.24,2.1,3.4,11.1,9.4,17.7,82,75,72,68,62
2017-07-02 12:00,2021,89,87,0.00,17,920.00,,13.2,6.4,0.24,1.33,2.0,3.5,10.2,9.8,17.6,86,78,72,68,62
2017-07-02 13:00,2021,91,89,0.00,18,874.00,,16.8,6.2,0.27,1.43,2.2,2.7,10.4,9.1,17.5,89,81,73,68,62
2017-07-02 14:00,2021,92,91,0.00,18,783.00,,14.7,8.2,0.27,1.48,2.0,3.6,11.1,9.2,17.4,93,83,73,68,62
2017-07-02 15:00,2021,92,91,0.00,18,653.00,,16.0,8.8,0.27,1.51,2.5,2.9,10.9,9.2,17.7,96,85,74,68,62
2017-07-02 16:00,2021,92,91,0.00,18,498.10,,15.5,8.8,0.25,1.48,2.9,4.1,9.5,9.0,17.6,96,87,74,68,62
2017-07-02 17:00,2021,91,89,0.00,18,328.40,,13.1,6.9,0.26,1.43,2.3,3.6,10.0,9.1,17.8,96,87,75,68,62
2017-07-02 18:00,2021,89,84,0.00,19,133.30,,9.0,5.3,0.26,1.33,2.3,3.8,10.7,8.8,18.0,94,87,76,68,62
2017-07-02 19:00,2021,84,80,0.00,24,29.58,,6.2,2.0,0.29,1.10,2.1,3.7,9.6,8.8,17.8,91,86,76,68,62
2017-07-02 20:00,2021,80,76,0.00,28,0.34,,2.1,1.0,0.28,0.97,2.0,4.0,9.6,9.2,17.6,88,85,77,68,62
2017-07-02 21:00,2021,76,72,0.00,30,0.00,,6.0,2.8,0.28,0.84,2.0,3.6,11.3,9.2,17.6,85,83,77,68,62
2017-07-02 22:00,2021,72,67,0.00,41,0.00,,5.1,2.8,0.34,0.76,1.3,3.1,10.9,8.8,17.4,82,82,77,68,62
2017-07-02 23:00,2021,67,66,0.00,51,0.00,,6.1,2.4,0.35,0.66,1.1,4.1,10.5,8.8,17.4,80,80,77,68,62
2017-07-03 00:00,2021,66,63,0.00,56,0.00,,5.0,2.9,0.36,0.60,1.5,2.4,10.9,9.0,17.7,78,79,77,68,62
2017-07-03 01:00,2021,64,60,0.00,60,0.00,,4.7,2.7,0.35,0.57,1.0,3.3,10.3,8.6,17.5,76,78,77,68,62
2017-07-03 02:00,2021,60,58,0.00,66,0.00,,7.6,3.3,0.35,0.50,1.8,3.4,10.1,8.8,17.7,74,76,76,68,62
2017-07-03 03:00,2021,60,59,0.00,69,0.56,,10.0,5.8,0.35,0.51,0.8,3.7,10.4,8.8,17.5,73,75,76,68,62
2017-07-03 04:00,2021,60,59,0.00,66,33.29,,7.8,3.7,0.34,0.51,1.5,3.6,9.7,8.5,17.3,71,74,76,68,62
2017-07-03 05:00,2021,64,60,0.00,65,170.30,,9.8,3.6,0.34,0.54,1.8,2.9,10.0,8.7,17.5,70,73,75,69,63
2017-07-03 06:00,2021,69,64,0.00,59,339.80,,10.5,7.5,0.35,0.65,1.4,3.0,11.3,9.7,17.4,69,72,75,69,63
2017-07-03 07:00,2021,73,69,0.00,49,511.60,,12.4,7.5,0.35,0.76,0.3,2.7,10.4,9.5,17.8,70,72,74,69,63
2017-07-03 08:00,2021,76,73,0.00,42,669.30,,15.3,9.6,0.33,0.86,0.7,2.1,10.7,9.3,17.5,71,71,74,69,63
2017-07-03 09:00,2021,78,76,0.00,37,804.00,,16.1,9.9,0.32,0.94,1.5,3.0,10.9,8.7,17.4,75,72,74,69,63
2017-07-03 10:00,2021,80,78,0.00,31,897.00,,15.7,10.0,0.29,1.01,1.4,3.1,10.9,9.7,17.7,79,73,73,69,63
2017-07-03 11:00,2021,83,80,0.00,26,946.00,,17.5,9.2,0.25,1.09,1.5,3.9,10.2,9.2,17.4,83,76,73,69,63
2017-07-03 12:00,2021,85,83,0.00,21,946.00,,15.0,8.1,0.22,1.16,1.7,3.8,11.0,8.9,17.5,86,78,73,69,63
2017-07-03 13:00,2021,85,85,0.00,18,893.00,,16.8,8.0,0.23,1.22,2.3,3.9,10.5,9.5,17.5,90,81,73,69,63
2017-07-03 14:00,2021,87,85,0.00,18,796.00,,15.8,8.0,0.22,1.25,1.9,3.3,10.3,9.4,17.6,93,83,74,69,63
2017-07-03 15:00,2021,88,87,0.00,18,662.10,,13.9,6.6,0.21,1.31,1.6,3.9,11.1,9.5,17.1,95,85,74,69,63
2017-07-03 16:00,2021,89,87,0.00,15,506.80,,13.3,7.0,0.19,1.34,2.1,3.2,11.2,9.1,17.4,96,86,75,69,63
2017-07-03 17:00,2021,88,87,0.00,14,337.80,,11.9,5.9,0.18,1.31,1.9,3.2,10.5,8.9,17.5,96,87,75,69,63
2017-07-03 18:00,2021,87,82,0.00,14,164.20,,10.2,5.0,0.20,1.23,1.7,3.2,10.8,9.1,17.5,94,87,76,69,63
2017-07-03 19:00,2021,82,76,0.00,19,33.14,,5.3,2.4,0.22,1.03,1.5,4.2,9.7,8.5,17.5,91,86,76,69,63
2017-07-03 20:00,2021,76,73,0.00,25,0.47,,5.5,1.4,0.23,0.85,1.6,2.7,10.6,9.2,17.4,88,85,77,69,63
2017-07-03 21:00,2021,74,69,0.00,28,0.00,,4.3,0.8,0.24,0.81,1.1,3.8,10.3,8.6,17.5,84,83,77,69,63
2017-07-03 22:00,2021,69,66,0.00,34,0.00,,5.0,2.5,0.24,0.69,1.4,2.1,10.8,8.3,17.3,81,82,77,69,63
2017-07-03 23:00,2021,66,63,0.00,36,0.00,,5.0,2.6,0.24,0.62,0.7,3.4,10.3,9.6,17.5,79,80,77,69,63
2017-07-04 00:00,2021,63,57,0.00,43,0.00,,5.0,3.7,0.25,0.53,1.3,3.3,11.0,9.3,17.5,76,78,77,69,63
2017-07-04 01:00,2021,60,57,0.00,48,0.00,,8.6,5.8,0.25,0.50,0.9,3.4,10.7,8.5,17.3,74,77,77,69,63
2017-07-04 02:00,2021,59,57,0.00,52,0.00,,8.4,3.5,0.25,0.49,1.1,3.6,10.3,8.8,17.5,73,76,76,69,63
2017-07-04 03:00,2021,58,56,0.00,50,1.85,,5.3,3.5,0.24,0.47,1.2,3.5,11.2,9.5,17.4,71,74,76,69,63
2017-07-04 04:00,2021,58,57,0.00,50,31.78,,6.5,4.3,0.24,0.47,0.8,3.2,10.8,9.3,17.5,70,73,76,69,63
2017-07-04 05:00,2021,62,58,0.00,50,97.20,,7.2,4.1,0.25,0.50,0.8,2.5,9.7,9.1,17.4,69,72,75,69,63
2017-07-04 06:00,2021,68,62,0.00,45,317.40,,7.5,4.5,0.25,0.61,0.4,1.3,11.0,9.4,17.4,69,72,75,69,63
2017-07-04 07:00,2021,74,68,0.00,39,499.40,,8.2,4.1,0.27,0.75,0.8,3.3,10.5,8.6,17.2,69,71,74,69,63
2017-07-04 08:00,2021,78,74,0.00,32,518.40,,9.7,4.8,0.26,0.91,1.1,2.4,10.9,9.5,17.3,71,71,74,69,63
2017-07-04 09:00,2021,82,78,0.00,27,797.00,,10.9,5.7,0.26,1.02,0.9,2.9,10.2,9.7,17.3,74,72,73,69,63
2017-07-04 10:00,2021,86,82,0.00,22,898.00,,13.4,6.1,0.24,1.17,1.3,3.4,10.7,9.9,17.5,78,73,73,69,63
2017-07-04 11:00,2021,88,86,0.00,15,957.00,,13.9,6.3,0.20,1.30,1.8,2.7,10.6,9.2,17.5,82,75,73,69,63
2017-07-04 12:00,2021,90,87,0.00,16,945.00,,14.0,6.7,0.20,1.37,1.8,2.8,10.7,9.6,17.5,86,78,73,69,63
2017-07-04 13:00,2021,92,90,0.00,14,893.00,,17.5,7.8,0.21,1.45,1.9,2.9,10.7,9.3,17.3,90,81,73,69,63
2017-07-04 14:00,2021,92,91,0.00,14,800.00,,16.0,8.5,0.21,1.48,2.1,3.4,9.7,8.8,17.3,94,83,73,69,63
2017-07-04 15:00,2021,93,92,0.00,14,672.10,,13.4,8.2,0.20,1.53,2.0,3.5,10.7,9.0,17.3,96,85,74,69,63
2017-07-04 16:00,2021,92,91,0.00,13,514.60,,12.8,8.1,0.19,1.48,1.8,3.0,9.6,8.4,17.4,98,87,74,69,63
2017-07-04 17:00,2021,91,87,0.00,13,344.40,,13.4,8.0,0.18,1.42,1.6,3.7,9.7,8.6,17.5,97,87,75,69,63
2017-07-04 18:00,2021,87,82,0.00,14,176.40,,11.3,5.7,0.19,1.27,2.0,3.6,10.2,8.7,17.6,95,87,76,69,63
2017-07-04 19:00,2021,82,75,0.00,18,30.30,,5.2,3.5,0.22,0.98,1.9,3.0,10.7,9.4,17.2,92,87,76,69,63
2017-07-04 20:00,2021,76,72,0.00,23,0.28,,5.1,3.4,0.20,0.85,1.1,2.8,9.8,9.3,17.0,89,85,77,69,63
2017-07-04 21:00,2021,72,65,0.00,26,0.00,,6.5,4.3,0.21,0.71,1.4,2.9,9.7,9.2,17.3,85,84,77,69,63
2017-07-04 22:00,2021,69,65,0.00,30,0.00,,4.8,2.5,0.20,0.66,1.2,2.8,11.0,9.1,17.6,82,82,77,69,63
2017-07-04 23:00,2021,68,64,0.00,35,0.00,,5.0,3.8,0.21,0.64,1.0,2.5,10.8,9.4,17.1,79,80,77,69,63
2017-07-05 00:00,2021,66,56,0.00,32,0.00,,7.3,3.2,0.21,0.60,0.8,3.1,10.8,9.3,17.3,77,79,77,69,63
2017-07-05 01:00,2021,63,56,0.00,47,0.00,,7.7,5.1,0.21,0.53,1.2,1.3,10.0,8.6,17.2,75,77,77,69,63
2017-07-05 02:00,2021,65,62,0.00,34,0.00,,7.3,4.7,0.20,0.59,1.0,2.3,10.2,8.9,17.4,74,76,76,69,63
2017-07-05 03:00,2021,65,57,0.00,30,0.88,,8.9,4.1,0.20,0.59,0.7,1.7,10.9,9.6,17.1,72,75,76,69,63
2017-07-05 04:00,2021,62,57,0.00,45,34.22,,7.2,4.0,0.21,0.51,0.5,2.0,10.3,9.5,17.2,71,74,76,69,63
2017-07-05 05:00,2021,70,61,0.00,39,158.60,,6.0,2.7,0.22,0.58,1.1,2.2,10.1,8.5,17.1,70,73,75,69,63
2017-07-05 06:00,2021,75,70,0.00,30,323.50,,7.6,4.6,0.23,0.80,1.0,1.8,9.7,9.5,17.4,70,72,75,69,63
2017-07-05 07:00,2021,81,75,0.00,27,503.50,,10.1,5.5,0.24,0.94,1.4,2.4,10.0,8.7,17.1,70,72,74,69,63
2017-07-05 08:00,2021,86,81,0.00,21,654.30,,12.2,6.4,0.23,1.15,0.9,2.1,10.3,9.6,17.3,72,72,74,69,63
2017-07-05 09:00,2021,89,86,0.00,19,782.00,,11.5,6.0,0.23,1.31,0.9,2.2,11.0,8.5,17.3,76,72,74,69,63
2017-07-05 10:00,2021,92,89,0.00,15,874.00,,12.0,5.5,0.21,1.42,1.0,3.1,11.0,8.4,17.2,80,74,74,69,63
2017-07-05 11:00,2021,94,92,0.00,15,919.00,,13.4,6.4,0.21,1.54,1.4,2.6,9.8,9.2,17.3,85,77,73,69,63
2017-07-05 12:00,2021,96,93,0.00,14,917.00,,12.2,5.5,0.21,1.61,1.6,1.7,9.7,9.1,17.2,89,80,73,69,63
2017-07-05 13:00,2021,99,95,0.00,12,871.00,,11.2,5.0,0.20,1.71,1.3,3.5,9.4,9.3,17.6,92,82,74,69,63
2017-07-05 14:00,2021,99,96,0.00,11,780.00,,11.3,4.3,0.21,1.78,2.2,2.6,11.3,9.1,17.1,96,85,74,69,63
2017-07-05 15:00,2021,99,97,0.00,13,648.30,,12.5,4.3,0.24,1.81,2.5,3.9,11.2,9.2,17.1,99,87,74,69,63
2017-07-05 16:00,2021,98,97,0.00,13,503.90,,13.0,6.2,0.24,1.81,2.3,2.1,10.4,9.4,17.4,100,88,75,69,63
2017-07-05 17:00,2021,97,96,0.00,13,315.20,,9.2,3.6,0.24,1.75,2.2,2.5,10.0,8.6,17.5,100,89,76,69,63
2017-07-05 18:00,2021,97,89,0.00,13,146.30,,6.3,3.9,0.27,1.64,1.9,2.1,10.5,9.4,17.1,98,89,76,69,63
2017-07-05 19:00,2021,89,83,0.00,22,27.67,,8.8,4.8,0.30,1.23,1.2,3.2,10.1,8.4,17.3,96,89,77,69,63
2017-07-05 20:00,2021,83,76,0.00,25,0.26,,8.0,5.4,0.28,1.00,1.0,3.1,10.7,8.6,17.4,92,88,78,69,63
2017-07-05 21:00,2021,77,74,0.00,31,0.00,,6.2,4.1,0.27,0.91,1.4,1.9,11.0,9.1,16.9,89,86,78,69,63
2017-07-05 22:00,2021,74,71,0.00,32,0.00,,5.5,2.8,0.27,0.80,1.1,3.0,10.8,8.4,17.2,86,85,78,69,63
2017-07-05 23:00,2021,72,67,0.00,34,0.00,,6.5,3.8,0.28,0.72,0.9,2.4,10.5,9.4,17.3,83,83,78,69,63
2017-07-06 00:00,2021,72,66,0.00,38,0.00,,6.4,3.9,0.28,0.77,1.0,2.5,10.0,8.4,17.2,81,82,78,69,63
2017-07-06 01:00,2021,71,66,0.00,44,0.00,,7.4,4.4,0.28,0.68,0.6,2.0,9.7,8.9,16.9,79,80,78,69,63
2017-07-06 02:00,2021,71,67,0.00,37,0.00,,6.0,2.9,0.28,0.69,0.8,2.3,10.4,9.2,16.9,78,79,78,69,63
2017-07-06 03:00,2021,69,63,0.00,41,0.40,,7.2,4.4,0.29,0.64,1.4,3.2,10.3,8.6,17.4,76,78,77,69,63
2017-07-06 04:00,2021,67,64,0.00,50,28.67,,7.1,3.9,0.30,0.62,0.6,1.7,9.6,8.6,17.3,75,77,77,69,63
2017-07-06 05:00,2021,72,64,0.00,50,154.60,,6.1,3.5,0.32,0.65,1.0,2.3,10.3,8.6,17.1,74,76,77,70,63
2017-07-06 06:00,2021,76,72,0.00,42,312.10,,5.7,2.9,0.33,0.84,0.8,1.6,10.3,8.8,17.3,73,75,76,70,63
2017-07-06 07:00,2021,82,76,0.00,36,489.10,,7.3,2.6,0.32,0.99,0.9,2.0,9.8,8.7,17.3,73,74,76,70,63
2017-07-06 08:00,2021,88,82,0.00,30,646.40,,8.3,3.5,0.33,1.19,0.7,1.7,10.7,9.3,17.2,75,74,76,70,63
2017-07-06 09:00,2021,93,88,0.00,24,777.00,,7.8,3.4,0.31,1.42,1.3,1.7,10.2,8.1,17.2,79,75,75,70,63
2017-07-06 10:00,2021,96,93,0.00,20,871.00,,8.5,3.9,0.31,1.60,1.0,2.0,10.3,9.3,17.0,83,76,75,70,63
2017-07-06 11:00,2021,97,96,0.00,18,918.00,,14.7,4.7,0.30,1.74,1.3,2.6,10.9,8.4,17.1,87,79,75,70,63
2017-07-06 12:00,2021,99,97,0.00,16,910.00,,12.7,5.7,0.29,1.82,2.0,3.0,11.0,8.4,17.4,91,82,75,70,63
2017-07-06 13:00,2021,101,99,0.00,14,860.00,,19.1,9.4,0.27,1.92,1.9,2.3,10.7,8.4,17.2,95,85,75,70,63
2017-07-06 14:00,2021,100,99,0.00,16,773.00,,22.5,10.1,0.27,1.91,1.7,3.0,9.9,8.4,16.9,99,87,75,70,63
2017-07-06 15:00,2021,100,100,0.00,12,653.40,,20.9,8.9,0.22,1.92,1.8,2.9,10.2,9.5,16.9,101,89,76,70,63
2017-07-06 16:00,2021,100,98,0.00,11,506.20,,16.5,9.9,0.20,1.90,2.1,2.4,9.8,8.6,17.0,103,90,76,70,63
2017-07-06 17:00,2021,99,96,0.00,11,327.60,,12.8,8.3,0.22,1.81,1.7,2.6,11.0,9.2,17.1,102,91,77,70,63
2017-07-06 18:00,2021,96,92,0.00,16,161.50,,11.1,5.4,0.28,1.66,1.3,2.4,10.5,8.9,17.1,100,91,78,70,63
2017-07-06 19:00,2021,92,87,0.00,22,27.15,,3.4,1.1,0.32,1.42,1.7,1.8,10.4,9.2,17.2,97,90,78,70,63
2017-07-06 20:00,2021,88,78,0.00,23,0.26,,5.9,2.6,0.30,1.17,1.8,1.8,10.6,8.0,16.9,94,89,79,70,63
2017-07-06 21:00,2021,79,76,0.00,33,0.00,,6.1,2.9,0.31,0.95,0.9,2.0,9.8,9.1,16.9,90,88,79,70,63
2017-07-06 22:00,2021,81,74,0.00,30,0.00,,4.8,3.1,0.29,0.93,0.8,2.4,10.3,8.6,16.9,87,86,79,70,63
2017-07-06 23:00,2021,81,75,0.00,25,0.00,,4.8,3.3,0.27,0.94,0.4,2.3,10.4,8.7,16.8,85,84,79,70,63
2017-07-07 00:00,2021,77,73,0.00,31,0.00,,4.4,3.6,0.27,0.87,0.8,2.5,9.7,8.7,17.0,82,83,79,70,63
2017-07-07 01:00,2021,77,70,0.00,28,0.00,,5.2,3.6,0.27,0.85,0.8,1.2,11.2,9.3,17.1,80,81,79,70,63
2017-07-07 02:00,2021,76,70,0.00,30,0.00,,4.2,2.6,0.26,0.84,1.3,1.4,10.7,8.4,17.3,79,80,79,70,64
2017-07-07 03:00,2021,70,65,0.00,36,0.36,,5.6,3.2,0.27,0.69,1.2,2.0,9.8,8.6,17.0,77,79,78,70,64
2017-07-07 04:00,2021,69,65,0.00,42,33.48,,8.1,3.5,0.27,0.64,0.7,1.8,9.7,8.4,16.7,76,78,78,70,64
2017-07-07 05:00,2021,75,69,0.00,38,151.10,,8.6,4.9,0.29,0.79,0.9,1.6,9.6,8.6,16.9,75,77,78,70,64
2017-07-07 06:00,2021,81,75,0.00,37,249.00,,8.8,4.0,0.32,0.95,0.9,2.4,11.0,9.3,17.1,74,76,77,70,64
2017-07-07 07:00,2021,84,81,0.00,29,376.50,,8.7,5.3,0.31,1.13,0.3,2.2,11.1,9.4,17.0,75,76,77,70,64
2017-07-07 08:00,2021,89,83,0.00,27,457.90,,7.8,3.2,0.31,1.20,0.9,1.6,10.3,9.1,17.2,77,76,76,70,64
2017-07-07 09:00,2021,94,89,0.00,23,751.00,,9.3,4.4,0.30,1.49,0.7,2.3,10.9,9.3,17.1,79,76,76,70,64
2017-07-07 10:00,2021,96,92,0.00,20,857.00,,12.9,6.9,0.30,1.64,1.0,2.1,10.1,8.1,16.7,83,78,76,70,64
2017-07-07 11:00,2021,98,96,0.00,17,894.00,,15.4,7.4,0.30,1.76,1.4,1.9,10.5,9.1,17.0,87,80,76,70,64
2017-07-07 12:00,2021,98,96,0.00,19,911.00,,13.1,6.6,0.29,1.77,1.5,1.4,10.3,8.4,17.0,91,82,76,70,64
2017-07-07 13:00,2021,100,98,0.00,14,863.00,,14.9,6.0,0.25,1.88,1.7,2.4,10.5,8.4,16.9,95,85,76,70,64
2017-07-07 14:00,2021,101,99,0.00,14,777.00,,16.8,8.4,0.26,1.90,1.9,2.0,11.2,8.6,17.0,99,88,76,70,64
2017-07-07 15:00,2021,101,100,0.00,13,672.80,,16.0,9.7,0.23,1.97,1.4,2.8,10.2,8.2,17.2,101,90,77,70,64
2017-07-07 16:00,2021,101,99,0.00,10,467.00,,15.2,9.2,0.19,1.90,1.8,1.8,9.9,8.4,16.8,103,91,77,70,64
2017-07-07 17:00,2021,100,96,0.00,12,268.90,,15.2,9.0,0.23,1.82,1.8,1.7,10.2,8.7,16.6,102,91,78,70,64
2017-07-07 18:00,2021,96,90,0.00,14,121.30,,18.9,11.0,0.25,1.62,2.0,2.6,10.2,9.2,16.8,101,91,78,70,64
2017-07-07 19:00,2021,90,81,0.00,18,14.75,,9.6,5.6,0.27,1.26,2.0,1.6,10.3,9.3,16.9,98,91,79,70,64
2017-07-07 20:00,2021,81,77,0.00,26,0.17,,7.8,5.3,0.30,1.01,1.0,3.3,9.7,8.3,16.8,95,90,79,70,64
2017-07-07 21:00,2021,77,74,0.00,34,0.00,,8.3,4.5,0.31,0.89,1.4,2.4,10.7,9.4,16.9,92,88,80,70,64
2017-07-07 22:00,2021,74,71,0.00,33,0.00,,8.3,4.6,0.28,0.83,0.8,1.2,10.5,8.8,17.0,89,87,80,70,64
2017-07-07 23:00,2021,71,68,0.00,38,0.00,,7.0,3.7,0.29,0.73,0.9,2.5,11.2,9.3,16.7,86,85,80,70,64
2017-07-08 00:00,2021,68,63,0.00,41,0.00,,8.2,4.7,0.28,0.64,1.4,1.5,10.7,9.0,16.8,83,84,80,70,64
2017-07-08 01:00,2021,63,60,0.00,48,0.00,,8.2,5.1,0.28,0.56,0.8,1.5,10.3,8.1,16.7,81,82,80,71,64
2017-07-08 02:00,2021,63,61,0.00,48,0.00,,7.4,3.4,0.27,0.56,0.9,2.1,10.3,8.3,17.0,79,81,79,71,64
2017-07-08 03:00,2021,62,60,0.00,49,0.22,,5.9,2.9,0.26,0.54,0.6,1.1,10.2,8.8,16.9,77,80,79,71,64
2017-07-08 04:00,2021,62,58,0.00,46,28.06,,5.8,3.6,0.26,0.50,0.4,0.9,10.3,9.2,16.7,75,78,79,71,64
2017-07-08 05:00,2021,67,58,0.00,52,161.60,,5.4,3.4,0.27,0.56,1.4,1.9,9.9,8.5,16.5,74,77,78,71,64
2017-07-08 06:00,2021,73,67,0.00,41,327.50,,7.4,3.5,0.28,0.70,0.6,0.8,10.2,8.1,16.9,72,76,78,71,64
2017-07-08 07:00,2021,78,73,0.00,37,499.50,,11.6,6.9,0.27,0.88,0.3,1.4,10.2,8.3,17.0,72,75,78,71,64
2017-07-08 08:00,2021,83,78,0.00,27,656.80,,12.7,7.1,0.27,1.03,0.9,1.6,10.9,8.4,16.6,74,75,77,71,64
2017-07-08 09:00,2021,85,83,0.00,20,789.00,,13.3,7.7,0.25,1.17,0.9,1.6,10.6,8.5,17.1,78,75,77,71,64
2017-07-08 10:00,2021,88,85,0.00,20,884.00,,13.9,7.3,0.25,1.28,1.5,0.9,10.9,8.1,16.8,82,77,76,71,64
2017-07-08 11:00,2021,90,88,0.00,19,931.00,,13.4,7.1,0.22,1.37,1.4,2.1,9.4,9.1,16.8,86,79,76,71,64
2017-07-08 12:00,2021,92,90,0.00,13,931.00,,11.7,5.5,0.18,1.49,1.7,1.1,10.3,8.3,16.7,90,82,76,71,64
2017-07-08 13:00,2021,94,92,0.00,12,882.00,,11.5,6.2,0.18,1.58,1.5,1.4,10.1,8.8,16.7,94,85,76,71,64
2017-07-08 14:00,2021,96,94,0.00,11,789.00,,12.4,6.2,0.18,1.67,1.6,2.7,10.2,8.3,16.9,98,87,76,71,64
2017-07-08 15:00,2021,96,95,0.00,10,655.80,,13.7,6.9,0.17,1.69,1.6,2.1,9.7,8.6,17.0,100,89,77,71,64
2017-07-08 16:00,2021,96,94,0.00,10,501.00,,13.1,6.3,0.16,1.67,2.1,2.3,9.8,8.6,17.1,102,90,77,71,64
2017-07-08 17:00,2021,95,91,0.00,10,331.10,,12.7,7.6,0.17,1.61,1.1,2.1,11.4,9.1,16.7,101,91,78,71,64
2017-07-08 18:00,2021,91,86,0.00,11,167.30,,10.5,5.5,0.17,1.42,1.6,1.5,11.3,9.3,16.7,100,91,78,71,64
2017-07-08 19:00,2021,86,83,0.00,17,27.30,,2.9,1.7,0.19,1.21,1.1,1.8,10.0,8.4,16.8,96,90,79,71,64
2017-07-08 20:00,2021,83,77,0.00,16,0.19,,5.0,2.6,0.19,1.03,1.0,2.9,10.6,9.1,16.5,93,89,79,71,64
2017-07-08 21:00,2021,78,70,0.00,20,0.00,,4.7,2.9,0.20,0.90,1.4,1.6,10.8,9.0,16.8,89,87,80,71,64
2017-07-08 22:00,2021,74,70,0.00,27,0.00,,4.7,2.0,0.20,0.81,0.8,2.5,10.7,8.6,16.8,86,86,80,71,64
2017-07-08 23:00,2021,70,68,0.00,29,0.00,,3.8,2.3,0.20,0.72,0.3,1.1,11.3,8.9,16.6,83,84,80,71,64
2017-07-09 00:00,2021,71,65,0.00,27,0.00,,4.3,2.4,0.19,0.75,0.5,1.1,11.2,9.1,16.8,80,82,80,71,64
2017-07-09 01:00,2021,71,61,0.00,32,0.00,,5.6,2.9,0.20,0.63,0.6,0.8,10.3,8.2,16.7,78,81,79,71,64
2017-07-09 02:00,2021,63,61,0.00,37,0.00,,7.1,3.7,0.20,0.56,0.5,2.0,11.2,9.0,16.6,76,79,79,71,64
2017-07-09 03:00,2021,63,61,0.00,37,0.36,,6.7,4.7,0.21,0.56,0.5,1.8,10.6,9.2,16.7,75,78,79,71,64
2017-07-09 04:00,2021,62,60,0.00,41,27.16,,8.4,4.3,0.25,0.54,0.9,2.0,10.9,8.8,16.4,73,77,78,71,64
2017-07-09 05:00,2021,66,60,0.00,51,156.30,,4.8,2.3,0.28,0.57,0.0,1.1,10.3,8.6,16.4,72,76,78,71,64
2017-07-09 06:00,2021,74,66,0.00,48,320.40,,10.8,4.0,0.33,0.71,0.6,0.8,10.8,8.6,16.6,71,75,78,71,64
2017-07-09 07:00,2021,77,74,0.00,41,493.80,,12.2,8.4,0.32,0.89,0.4,1.4,9.3,9.0,16.8,72,74,77,71,64
2017-07-09 08:00,2021,81,77,0.00,33,650.80,,11.7,7.7,0.30,0.99,0.6,2.1,9.9,8.9,16.6,73,74,77,71,64
2017-07-09 09:00,2021,84,81,0.00,27,784.00,,14.4,8.1,0.29,1.14,0.9,2.1,10.8,8.5,16.6,77,75,76,71,64
2017-07-09 10:00,2021,86,84,0.00,24,880.00,,16.3,9.8,0.27,1.22,1.4,2.0,10.0,9.1,16.6,82,76,76,71,64
2017-07-09 11:00,2021,88,86,0.00,19,927.00,,15.4,10.4,0.23,1.30,0.9,1.3,10.4,9.0,16.8,86,78,76,71,64
2017-07-09 12:00,2021,90,88,0.00,18,919.00,,15.8,9.1,0.24,1.36,1.9,2.3,10.9,8.4,16.5,90,81,76,71,64
2017-07-09 13:00,2021,91,90,0.00,15,874.00,,18.4,9.0,0.22,1.44,1.8,1.2,9.8,9.0,16.8,93,84,76,71,64
2017-07-09 14:00,2021,93,91,0.00,13,791.00,,15.8,9.0,0.18,1.51,1.4,2.0,10.3,9.2,16.7,97,87,76,71,64
2017-07-09 15:00,2021,93,89,0.00,11,425.00,,15.0,9.0,0.18,1.47,1.9,3.0,10.8,8.2,16.6,99,89,76,71,64
2017-07-09 16:00,2021,90,88,0.00,16,307.00,,15.3,8.5,0.24,1.40,1.5,1.0,10.1,7.9,16.6,100,90,77,71,64
2017-07-09 17:00,2021,90,88,0.00,20,289.40,,11.5,7.5,0.26,1.36,1.8,2.4,10.6,9.0,16.5,98,90,78,71,64
2017-07-09 18:00,2021,89,85,0.00,19,142.40,,11.3,7.7,0.27,1.31,1.6,1.1,10.8,9.4,16.5,97,90,78,71,64
2017-07-09 19:00,2021,85,78,0.00,22,25.59,,7.8,4.9,0.28,1.13,1.1,1.6,10.0,8.3,16.9,94,89,79,71,64
2017-07-09 20:00,2021,78,72,0.00,29,0.17,,9.2,5.9,0.34,0.90,1.0,2.1,9.7,8.4,16.9,92,88,79,71,64
2017-07-09 21:00,2021,72,70,0.00,48,0.00,,6.2,3.8,0.38,0.76,0.7,1.8,10.6,8.8,16.4,89,87,79,71,64
2017-07-09 22:00,2021,71,69,0.00,50,0.00,,9.2,5.3,0.38,0.74,1.4,1.2,9.8,8.3,16.7,86,85,79,71,64
2017-07-09 23:00,2021,71,68,0.00,50,0.00,,9.8,6.0,0.38,0.72,1.0,1.3,10.0,8.4,16.8,84,84,79,71,64
2017-07-10 00:00,2021,68,65,0.00,54,0.00,,9.2,5.0,0.38,0.66,1.1,0.8,11.0,9.3,16.6,82,82,79,71,64
2017-07-10 01:00,2021,65,62,0.00,62,0.00,,6.8,4.2,0.38,0.59,1.0,2.0,9.3,8.0,16.5,80,81,79,71,64
2017-07-10 02:00,2021,62,61,0.00,68,0.00,,8.7,4.3,0.37,0.55,0.6,1.2,9.8,8.4,16.7,78,80,79,71,64
2017-07-10 03:00,2021,62,61,0.00,68,0.09,,9.0,5.0,0.37,0.56,0.3,1.7,10.2,8.4,16.2,77,79,78,71,64
2017-07-10 04:00,2021,64,62,0.00,64,12.08,,7.8,4.6,0.37,0.59,1.0,0.9,9.4,7.9,16.5,76,78,78,71,64
2017-07-10 05:00,2021,66,64,0.00,61,74.40,,7.2,3.1,0.38,0.61,0.0,1.4,9.8,8.5,16.5,75,77,78,71,64
2017-07-10 06:00,2021,68,66,0.00,62,172.30,,10.4,6.3,0.39,0.66,1.0,0.6,10.6,8.5,16.3,74,76,78,71,64
2017-07-10 07:00,2021,72,67,0.00,55,376.70,,12.2,8.0,0.38,0.70,1.0,0.9,10.4,9.0,16.8,75,76,77,71,64
2017-07-10 08:00,2021,76,72,0.00,46,647.40,,14.4,8.5,0.36,0.84,1.0,1.5,9.6,9.3,16.7,76,76,77,71,64
2017-07-10 09:00,2021,79,76,0.00,37,765.00,,20.2,10.6,0.33,0.92,1.3,1.3,10.0,9.1,16.4,78,76,76,71,64
2017-07-10 10:00,2021,81,79,0.00,29,922.00,,20.6,13.3,0.29,1.03,0.7,1.0,9.7,9.0,16.4,82,78,76,71,64
2017-07-10 11:00,2021,82,79,0.00,27,697.70,,21.2,12.5,0.29,1.03,1.2,2.1,9.8,8.8,16.6,86,79,76,71,64
2017-07-10 12:00,2021,82,81,0.00,28,760.00,,18.6,11.1,0.31,1.08,1.9,1.3,10.5,8.2,16.7,89,82,76,71,64
2017-07-10 13:00,2021,84,81,0.00,29,810.00,,22.2,11.4,0.30,1.13,1.8,1.5,10.3,8.3,16.4,91,83,76,71,64
2017-07-10 14:00,2021,85,83,0.00,28,763.00,,20.5,12.4,0.28,1.18,1.7,2.1,9.8,8.9,16.5,94,85,76,71,64
2017-07-10 15:00,2021,86,84,0.00,20,653.30,,19.9,13.4,0.23,1.21,1.6,2.4,9.6,9.1,16.6,96,87,77,71,64
2017-07-10 16:00,2021,85,84,0.00,21,489.90,,21.9,14.8,0.23,1.19,1.5,1.5,10.1,8.3,16.3,97,88,77,71,64
2017-07-10 17:00,2021,84,83,0.00,19,322.30,,19.8,13.8,0.22,1.17,1.3,1.0,10.9,8.8,16.4,96,88,77,71,64
2017-07-10 18:00,2021,83,78,0.00,23,155.60,,19.0,11.3,0.23,1.07,1.6,2.3,10.3,9.0,16.5,94,88,78,71,64
2017-07-10 19:00,2021,78,71,0.00,30,24.29,,12.8,8.7,0.30,0.87,1.7,1.5,10.2,8.2,16.5,92,87,78,71,64
2017-07-10 20:00,2021,71,68,0.00,41,0.16,,11.4,7.7,0.32,0.73,0.8,1.2,9.2,8.1,16.4,89,86,78,71,64
2017-07-10 21:00,2021,68,65,0.00,46,0.00,,10.7,7.1,0.31,0.65,1.2,2.0,10.7,8.4,16.4,86,85,79,71,65
2017-07-10 22:00,2021,65,63,0.00,49,0.00,,8.3,4.0,0.30,0.60,1.1,2.4,10.9,8.7,16.4,83,83,79,71,65
2017-07-10 23:00,2021,63,58,0.00,51,0.00,,7.8,4.6,0.30,0.55,1.0,0.9,10.0,8.1,16.3,81,82,79,71,65
2017-07-11 00:00,2021,58,56,0.00,63,0.00,,8.4,5.0,0.30,0.47,0.6,1.7,10.3,8.7,16.5,79,81,79,71,65
2017-07-11 01:00,2021,57,55,0.00,69,0.00,,9.8,6.0,0.31,0.45,0.5,0.7,10.4,8.8,16.2,77,79,78,71,65
2017-07-11 02:00,2021,56,54,0.00,68,0.00,,8.5,4.7,0.30,0.44,0.1,1.5,9.8,8.8,16.3,75,78,78,71,65
2017-07-11 03:00,2021,55,53,0.00,71,0.17,,9.0,4.7,0.30,0.43,0.7,0.9,9.2,8.0,16.1,73,77,78,71,65
2017-07-11 04:00,2021,54,53,0.00,73,23.23,,6.6,3.8,0.30,0.40,0.7,1.8,11.1,8.2,16.1,72,76,77,71,65
2017-07-11 05:00,2021,59,54,0.00,72,148.50,,8.6,5.2,0.30,0.45,0.7,2.0,10.2,7.8,16.4,71,75,77,71,65
2017-07-11 06:00,2021,65,59,0.00,61,312.50,,12.6,8.1,0.30,0.55,0.4,2.0,9.8,8.1,16.4,70,74,77,71,65
2017-07-11 07:00,2021,69,65,0.00,47,482.80,,13.9,8.6,0.30,0.65,0.9,0.1,9.9,8.9,16.7,70,73,76,71,65
2017-07-11 08:00,2021,72,69,0.00,41,639.00,,15.4,9.8,0.28,0.74,0.6,1.7,10.4,8.7,16.6,71,73,76,71,65
2017-07-11 09:00,2021,76,72,0.00,34,772.00,,15.0,8.9,0.27,0.83,1.1,1.5,9.2,8.9,16.5,74,73,75,71,65
2017-07-11 10:00,2021,78,76,0.00,29,865.00,,16.5,8.5,0.26,0.92,1.2,1.4,10.7,8.1,16.5,78,74,75,71,65
2017-07-11 11:00,2021,81,78,0.00,27,911.00,,16.7,8.4,0.26,1.00,1.1,0.6,10.4,8.1,16.3,82,76,75,71,65
2017-07-11 12:00,2021,82,80,0.00,24,912.00,,15.0,7.4,0.25,1.06,1.5,0.8,10.2,8.2,16.6,86,79,75,71,65
2017-07-11 13:00,2021,83,82,0.00,22,868.00,,12.4,5.4,0.24,1.11,1.3,2.6,10.1,8.3,16.3,90,82,75,71,65
2017-07-11 14:00,2021,85,83,0.00,20,775.00,,13.7,5.1,0.22,1.15,1.4,1.5,10.7,8.6,16.4,94,85,75,71,65
2017-07-11 15:00,2021,85,84,0.00,18,648.00,,12.7,5.6,0.22,1.19,1.5,2.2,11.1,8.1,16.2,96,87,75,71,65
2017-07-11 16:00,2021,86,84,0.00,18,490.10,,9.8,4.2,0.22,1.22,1.2,2.0,11.0,8.3,16.1,98,88,76,71,65
2017-07-11 17:00,2021,85,84,0.00,18,321.50,,8.0,3.1,0.21,1.21,1.1,1.9,10.9,8.1,16.5,97,89,76,71,65
2017-07-11 18:00,2021,84,81,0.00,18,156.80,,6.4,3.3,0.22,1.15,0.9,1.7,9.5,8.7,16.4,96,89,77,71,65
2017-07-11 19:00,2021,81,71,0.00,23,24.67,,5.4,2.3,0.25,0.94,1.3,1.9,9.9,8.7,16.1,93,88,78,71,65
2017-07-11 20:00,2021,72,67,0.00,35,0.12,,6.1,3.2,0.28,0.75,1.1,1.7,9.4,8.5,16.3,90,87,78,71,65
2017-07-11 21:00,2021,68,63,0.00,43,0.00,,4.6,3.6,0.28,0.66,0.8,0.9,9.4,8.1,16.4,86,85,78,71,65
2017-07-11 22:00,2021,67,63,0.00,50,0.00,,4.7,2.7,0.29,0.61,1.3,1.7,10.5,8.1,16.4,83,84,78,71,65
2017-07-11 23:00,2021,65,61,0.00,51,0.00,,5.0,3.4,0.29,0.58,0.6,1.2,11.1,9.1,16.6,80,82,78,71,65
2017-07-12 00:00,2021,63,59,0.00,54,0.00,,4.8,3.2,0.29,0.54,0.5,1.8,11.2,8.9,16.4,78,80,78,71,65
2017-07-12 01:00,2021,59,55,0.00,58,0.00,,7.8,3.4,0.28,0.47,0.9,0.8,10.7,8.5,16.4,76,79,78,71,65
2017-07-12 02:00,2021,57,55,0.00,60,0.00,,5.3,2.6,0.28,0.45,0.3,1.4,10.6,9.0,16.1,74,78,78,71,65
2017-07-12 03:00,2021,58,56,0.00,58,0.20,,4.8,2.4,0.27,0.47,0.9,1.3,10.9,8.9,16.4,72,76,77,71,65
2017-07-12 04:00,2021,58,56,0.00,58,23.02,,6.9,4.9,0.26,0.47,0.0,1.4,9.8,8.0,16.3,71,75,77,71,65
2017-07-12 05:00,2021,62,58,0.00,51,149.00,,10.0,6.5,0.25,0.51,0.7,1.5,10.2,8.1,16.6,70,74,77,71,65
2017-07-12 06:00,2021,68,62,0.00,49,311.50,,10.7,7.0,0.30,0.61,0.4,1.4,10.2,8.4,16.4,69,73,76,71,65
2017-07-12 07:00,2021,72,68,0.00,46,481.30,,13.6,9.4,0.33,0.74,0.5,0.9,10.7,8.4,16.4,69,72,76,71,65
2017-07-12 08:00,2021,76,72,0.00,42,637.60,,13.8,9.0,0.33,0.84,1.1,1.0,10.6,8.2,16.3,71,72,75,71,65
2017-07-12 09:00,2021,81,76,0.00,36,770.00,,16.3,9.8,0.31,0.95,0.5,0.9,10.9,7.6,16.5,74,73,75,71,65
2017-07-12 10:00,2021,84,80,0.00,29,864.00,,17.2,10.4,0.29,1.08,0.9,1.4,9.9,9.2,16.8,79,74,75,71,65
2017-07-12 11:00,2021,87,84,0.00,24,915.00,,22.3,11.3,0.26,1.18,1.3,1.0,9.2,8.6,16.1,83,77,75,71,65
2017-07-12 12:00,2021,88,86,0.00,18,917.00,,18.7,10.5,0.22,1.29,1.3,2.3,10.3,9.0,16.3,87,80,74,71,65
2017-07-12 13:00,2021,89,87,0.00,17,873.00,,18.9,10.2,0.22,1.33,1.9,1.3,10.2,8.1,16.4,91,82,74,71,65
2017-07-12 14:00,2021,89,88,0.00,14,781.00,,19.1,9.6,0.19,1.36,1.1,2.7,9.2,8.7,16.2,94,85,75,71,65
2017-07-12 15:00,2021,90,88,0.00,15,651.50,,16.9,8.0,0.19,1.37,1.1,1.5,9.4,9.0,16.7,97,87,75,71,65
2017-07-12 16:00,2021,90,88,0.00,13,496.10,,16.8,7.3,0.18,1.37,1.5,2.3,10.9,7.7,16.5,98,88,76,71,65
2017-07-12 17:00,2021,89,87,0.00,12,324.80,,11.4,6.1,0.16,1.35,2.1,2.1,9.7,9.1,16.4,98,89,76,71,65
2017-07-12 18:00,2021,87,85,0.00,11,157.70,,8.0,4.0,0.16,1.27,1.0,1.6,10.9,8.4,16.1,96,89,77,71,65
2017-07-12 19:00,2021,85,79,0.00,16,24.20,,3.4,1.5,0.19,1.11,1.4,1.2,10.1,8.3,16.3,94,88,77,71,65
2017-07-12 20:00,2021,79,72,0.00,18,0.11,,5.1,2.6,0.19,0.93,1.3,1.2,11.2,9.0,16.3,90,87,78,71,65
2017-07-12 21:00,2021,72,68,0.00,25,0.00,,5.5,3.0,0.19,0.74,1.4,0.8,10.5,8.9,16.3,87,86,78,71,65
2017-07-12 22:00,2021,69,67,0.00,28,0.00,,4.5,3.0,0.19,0.70,0.7,0.9,10.5,8.9,16.3,83,84,78,71,65
2017-07-12 23:00,2021,67,63,0.00,29,0.00,,5.9,3.4,0.19,0.64,0.7,1.3,11.1,8.9,16.4,81,82,78,71,65
2017-07-13 00:00,2021,67,63,0.00,34,0.00,,4.1,2.7,0.21,0.62,0.7,1.5,11.2,9.3,16.2,78,81,78,71,65
2017-07-13 01:00,2021,67,63,0.00,34,0.00,,5.6,4.0,0.22,0.64,1.0,1.3,10.2,8.6,16.3,76,79,78,71,65
2017-07-13 02:00,2021,64,60,0.00,39,0.00,,6.0,3.1,0.22,0.58,0.9,0.3,10.1,8.4,16.4,75,78,78,71,65
2017-07-13 03:00,2021,62,60,0.00,42,0.17,,8.6,6.0,0.21,0.53,0.9,1.0,10.2,9.2,16.5,73,77,77,71,65
2017-07-13 04:00,2021,60,60,0.00,39,21.51,,6.2,3.6,0.22,0.52,0.5,1.4,10.8,8.4,16.1,72,76,77,71,65
2017-07-13 05:00,2021,65,60,0.00,45,145.80,,7.1,4.2,0.25,0.55,0.8,1.1,9.9,8.5,16.3,71,75,77,71,65
2017-07-13 06:00,2021,71,65,0.00,45,308.10,,12.7,7.3,0.30,0.67,0.1,1.3,10.5,7.8,16.5,70,74,76,71,65
2017-07-13 07:00,2021,76,71,0.00,41,478.90,,12.4,8.1,0.32,0.81,0.4,0.8,10.8,8.2,16.4,70,73,76,71,65
2017-07-13 08:00,2021,79,76,0.00,36,636.10,,14.6,8.8,0.32,0.94,0.6,2.0,9.6,8.9,16.0,72,73,76,71,65
2017-07-13 09:00,2021,82,79,0.00,33,767.00,,17.4,9.9,0.32,1.04,0.9,0.5,9.5,9.0,16.4,76,73,75,71,65
2017-07-13 10:00,2021,83,82,0.00,30,860.00,,17.9,10.9,0.33,1.10,1.0,1.1,10.0,8.3,16.1,80,75,75,71,65
2017-07-13 11:00,2021,85,83,0.00,27,910.00,,20.2,12.0,0.32,1.18,1.1,0.9,10.1,9.3,16.4,84,77,75,71,65
2017-07-13 12:00,2021,87,85,0.00,25,913.00,,18.7,11.0,0.31,1.25,1.3,1.2,10.3,8.2,16.2,88,80,75,71,65
2017-07-13 13:00,2021,88,87,0.00,25,865.00,,22.2,10.1,0.32,1.31,1.4,1.8,9.7,9.1,16.4,92,83,75,71,65
2017-07-13 14:00,2021,90,88,0.00,22,773.00,,18.2,9.1,0.29,1.34,1.3,2.5,9.3,9.0,16.2,95,85,75,71,65
2017-07-13 15:00,2021,90,88,0.00,20,641.30,,17.4,11.0,0.27,1.38,1.7,1.5,10.3,8.0,16.5,98,88,75,71,65
2017-07-13 16:00,2021,89,88,0.00,19,485.10,,16.0,10.3,0.26,1.37,1.9,2.0,9.1,8.8,16.2,99,89,76,71,65
2017-07-13 17:00,2021,89,87,0.00,18,313.00,,13.7,9.2,0.24,1.34,1.3,2.3,9.7,8.4,16.2,99,89,77,71,65
2017-07-13 18:00,2021,87,83,0.00,19,146.20,,10.9,5.0,0.28,1.26,1.3,1.6,10.2,8.8,16.3,97,89,77,71,65
2017-07-13 19:00,2021,83,75,0.00,29,22.67,,5.9,3.8,0.31,1.00,1.7,1.5,10.2,7.8,16.3,94,89,78,71,65
2017-07-13 20:00,2021,78,72,0.00,31,0.14,,4.7,3.2,0.27,0.92,1.4,1.8,10.0,7.9,16.4,91,88,78,71,65
2017-07-13 21:00,2021,72,69,0.00,33,0.00,,5.4,3.0,0.27,0.76,1.0,1.8,9.7,7.7,16.0,88,86,78,71,65
2017-07-13 22:00,2021,71,67,0.00,35,0.00,,5.2,3.0,0.28,0.70,0.9,1.7,9.5,8.2,16.2,85,85,78,71,65
2017-07-13 23:00,2021,69,65,0.00,39,0.00,,4.3,2.8,0.28,0.67,0.8,1.6,9.4,7.7,16.2,82,83,78,71,65
2017-07-14 00:00,2021,69,62,0.00,40,0.00,,4.5,2.8,0.28,0.61,1.0,1.4,9.7,7.9,16.2,80,81,78,71,65
2017-07-14 01:00,2021,63,61,0.00,47,0.00,,7.3,4.4,0.27,0.56,0.6,1.5,10.8,9.2,16.2,77,80,78,71,65
2017-07-14 02:00,2021,62,59,0.00,45,0.00,,8.0,6.3,0.25,0.54,1.0,0.6,9.5,7.8,16.1,75,78,78,71,65
2017-07-14 03:00,2021,59,56,0.00,50,0.18,,5.9,4.9,0.26,0.49,0.0,1.9,10.5,7.9,16.4,74,77,78,71,65
2017-07-14 04:00,2021,56,54,0.00,57,19.23,,7.0,3.3,0.26,0.44,0.4,0.7,10.6,8.2,16.4,72,76,77,71,65
2017-07-14 05:00,2021,63,56,0.00,59,147.00,,4.5,2.0,0.28,0.50,0.3,0.8,10.1,9.2,16.3,71,75,77,71,65
2017-07-14 06:00,2021,70,63,0.00,50,311.20,,5.0,2.5,0.29,0.62,0.5,1.0,10.1,8.2,16.5,70,74,77,71,65
2017-07-14 07:00,2021,75,70,0.00,39,490.70,,4.8,2.4,0.29,0.79,0.9,0.8,9.5,9.0,16.0,70,73,76,71,65
2017-07-14 08:00,2021,80,75,0.00,33,641.90,,7.4,3.0,0.28,0.94,0.2,1.2,9.8,9.3,16.4,72,73,76,71,65
2017-07-14 09:00,2021,85,80,0.00,25,773.00,,7.5,2.9,0.27,1.10,0.6,0.5,10.1,8.0,15.8,75,74,75,71,65
2017-07-14 10:00,2021,87,85,0.00,22,867.00,,9.8,3.8,0.26,1.25,0.9,2.1,10.2,9.3,16.5,80,75,75,71,65
2017-07-14 11:00,2021,91,87,0.00,19,917.00,,8.6,2.8,0.25,1.38,1.2,1.3,9.8,9.0,16.2,84,77,75,71,65
2017-07-14 12:00,2021,92,90,0.00,16,916.00,,11.4,4.5,0.24,1.46,1.1,1.3,11.1,8.4,16.1,88,80,75,71,65
2017-07-14 13:00,2021,94,92,0.00,17,870.00,,11.6,5.6,0.25,1.57,1.6,1.5,10.3,8.1,16.2,92,83,75,71,65
2017-07-14 14:00,2021,96,94,0.00,15,776.00,,14.0,4.3,0.24,1.64,1.3,1.2,11.0,8.4,16.0,96,86,75,71,65
2017-07-14 15:00,2021,96,95,0.00,14,642.30,,11.7,5.2,0.24,1.70,1.8,2.1,9.8,8.8,16.1,99,88,76,71,65
2017-07-14 16:00,2021,95,94,0.00,14,481.20,,12.9,5.7,0.25,1.66,1.5,1.4,10.2,8.0,16.2,101,90,76,71,65
2017-07-14 17:00,2021,95,92,0.00,15,310.60,,10.8,5.7,0.26,1.62,1.1,1.3,9.8,8.9,16.2,101,91,77,71,65
2017-07-14 18:00,2021,92,87,0.00,19,151.00,,11.0,7.1,0.27,1.43,1.7,1.9,10.8,8.8,16.0,99,91,77,71,65
2017-07-14 19:00,2021,87,76,0.00,19,23.90,,7.3,4.6,0.25,1.11,1.7,2.6,10.8,8.1,16.3,96,90,78,71,65
2017-07-14 20:00,2021,80,75,0.00,28,0.13,,8.5,5.4,0.24,0.94,1.6,1.5,10.1,9.0,16.1,93,89,78,71,65
2017-07-14 21:00,2021,75,72,0.00,27,0.00,,5.4,4.0,0.24,0.87,0.8,1.8,10.1,7.9,15.9,90,88,79,71,65
2017-07-14 22:00,2021,73,68,0.00,29,0.00,,4.5,2.1,0.23,0.77,0.8,0.9,10.4,8.5,16.2,87,86,79,71,65
2017-07-14 23:00,2021,71,68,0.00,33,0.00,,5.3,3.6,0.23,0.72,0.7,1.4,10.5,8.5,16.2,84,84,79,71,65
2017-07-15 00:00,2021,70,65,0.00,33,0.00,,5.4,2.5,0.23,0.66,0.8,0.8,11.1,9.2,15.8,81,83,79,71,65
2017-07-15 01:00,2021,70,65,0.00,31,0.00,,4.9,3.2,0.23,0.66,0.6,1.3,10.6,8.7,16.2,80,81,79,71,65
2017-07-15 02:00,2021,68,63,0.00,34,0.00,,7.5,4.3,0.24,0.64,1.1,0.8,10.5,9.0,15.9,78,80,79,71,65
2017-07-15 03:00,2021,65,65,0.00,39,0.00,,8.9,3.8,0.24,0.62,0.8,0.3,10.4,9.1,16.1,76,79,78,71,65
2017-07-15 04:00,2021,65,62,0.01,50,4.88,,8.5,5.1,0.32,0.60,0.3,1.1,9.6,7.9,15.9,76,78,78,71,65
2017-07-15 05:00,2021,66,64,0.00,56,38.12,,4.6,2.5,0.34,0.60,0.5,1.3,10.7,8.9,16.0,75,77,78,71,65
2017-07-15 06:00,2021,71,66,0.00,53,146.20,,4.8,2.0,0.35,0.68,0.9,0.8,9.3,8.4,15.9,74,76,77,71,65
2017-07-15 07:00,2021,77,71,0.00,47,405.30,,5.4,2.4,0.33,0.84,0.1,1.2,10.3,9.1,15.9,74,76,77,72,65
2017-07-15 08:00,2021,80,76,0.00,35,421.80,,14.0,5.6,0.32,0.96,0.2,1.2,10.3,8.0,15.8,75,76,77,72,65
2017-07-15 09:00,2021,84,79,0.00,32,700.00,,13.5,8.5,0.33,1.04,1.3,1.3,9.6,9.0,16.1,77,76,76,72,65
2017-07-15 10:00,2021,88,84,0.00,28,875.00,,14.0,7.5,0.34,1.23,1.4,0.7,10.3,8.5,16.2,79,76,76,72,65
2017-07-15 11:00,2021,89,88,0.00,24,871.00,,16.3,9.0,0.32,1.35,0.4,0.8,10.7,8.4,16.0,83,78,76,72,65
2017-07-15 12:00,2021,89,86,0.00,23,517.30,,13.4,8.7,0.32,1.33,1.1,1.6,9.3,8.9,16.4,86,80,76,72,65
2017-07-15 13:00,2021,92,87,0.00,22,843.00,,16.7,8.5,0.27,1.44,1.4,1.0,9.2,8.8,16.1,89,83,76,72,65
2017-07-15 14:00,2021,93,92,0.00,16,783.00,,17.0,10.3,0.23,1.52,1.4,1.6,10.6,8.2,16.0,91,84,76,72,65
2017-07-15 15:00,2021,93,89,0.00,17,474.10,,17.9,10.1,0.27,1.50,2.1,1.9,10.6,8.0,16.0,94,86,76,72,65
2017-07-15 16:00,2021,93,89,0.00,21,403.00,,11.9,6.7,0.28,1.43,1.2,1.7,10.6,8.7,16.4,96,87,77,72,65
2017-07-15 17:00,2021,93,90,0.00,18,328.90,,17.4,10.2,0.27,1.49,1.3,1.4,10.1,7.6,16.1,95,88,77,72,65
2017-07-15 18:00,2021,90,86,0.00,20,144.90,,14.7,10.3,0.30,1.37,1.6,2.2,10.6,8.2,15.8,94,88,77,72,65
2017-07-15 19:00,2021,86,80,0.00,24,19.50,,14.4,8.6,0.30,1.16,1.5,1.0,11.0,8.2,16.0,92,87,78,72,65
2017-07-15 20:00,2021,80,74,0.00,25,0.07,,15.5,9.0,0.28,0.96,1.2,1.4,9.7,8.2,15.7,90,87,78,72,65
2017-07-15 21:00,2021,74,67,0.00,35,0.00,,12.1,8.5,0.27,0.77,1.2,1.8,10.0,8.8,15.8,87,85,78,72,65
2017-07-15 22:00,2021,67,63,0.00,38,0.00,,11.5,7.7,0.25,0.63,1.5,1.2,9.3,8.7,15.9,85,84,78,72,65
2017-07-15 23:00,2021,64,60,0.00,44,0.00,,13.8,7.8,0.25,0.57,0.8,1.5,10.3,7.8,16.1,82,83,79,72,65
2017-07-16 00:00,2021,60,59,0.00,51,0.00,,13.0,7.1,0.27,0.51,0.7,1.7,10.7,8.8,16.1,80,81,78,72,65
2017-07-16 01:00,2021,59,56,0.00,55,0.00,,10.9,6.8,0.28,0.48,0.7,1.0,10.1,9.1,15.8,77,80,78,72,66
2017-07-16 02:00,2021,56,54,0.00,63,0.00,,8.0,5.0,0.28,0.43,0.6,1.4,10.2,7.7,16.1,75,78,78,72,66
2017-07-16 03:00,2021,54,53,0.00,67,0.12,,7.6,4.5,0.28,0.41,0.5,1.6,10.1,8.9,15.8,74,77,78,72,66
2017-07-16 04:00,2021,55,53,0.00,69,19.12,,11.1,5.8,0.27,0.41,0.1,1.1,10.5,8.9,15.8,72,76,78,72,66
2017-07-16 05:00,2021,58,55,0.00,63,143.00,,13.3,8.4,0.27,0.45,0.3,1.2,10.7,8.1,16.3,70,75,77,72,66
2017-07-16 06:00,2021,63,58,0.00,53,316.00,,13.7,9.5,0.26,0.52,0.5,1.1,10.2,8.6,16.1,69,74,77,72,66
2017-07-16 07:00,2021,66,63,0.00,44,491.30,,16.3,10.6,0.24,0.62,0.5,1.3,10.0,7.7,16.1,69,73,76,72,66
2017-07-16 08:00,2021,69,66,0.00,36,653.60,,18.4,12.0,0.22,0.67,0.5,1.8,10.4,8.3,15.8,71,72,76,72,66
2017-07-16 09:00,2021,71,69,0.00,25,787.00,,20.9,13.3,0.18,0.73,0.7,1.1,10.1,8.0,15.9,73,73,76,72,66
2017-07-16 10:00,2021,72,71,0.00,25,876.00,,19.5,12.6,0.19,0.77,0.4,1.5,10.8,7.8,16.0,77,74,75,72,66
2017-07-16 11:00,2021,74,72,0.00,23,926.00,,18.4,11.7,0.18,0.83,0.6,0.5,10.0,8.1,15.9,81,76,75,72,66
2017-07-16 12:00,2021,77,74,0.00,21,927.00,,18.6,11.0,0.17,0.89,1.2,1.6,9.9,9.0,15.9,84,79,75,72,66
2017-07-16 13:00,2021,78,76,0.00,19,877.00,,18.9,11.2,0.16,0.93,1.3,2.1,10.1,7.9,16.0,88,81,75,72,66
2017-07-16 14:00,2021,80,77,0.00,18,782.00,,20.0,10.8,0.17,0.97,1.8,1.4,9.9,7.9,15.8,91,84,75,72,66
2017-07-16 15:00,2021,80,78,0.00,16,651.50,,16.4,11.0,0.17,1.00,1.2,0.8,10.6,7.9,15.8,94,85,75,72,66
2017-07-16 16:00,2021,80,79,0.00,17,492.90,,16.9,10.8,0.17,1.00,1.8,1.5,10.0,8.9,15.9,95,87,76,72,66
2017-07-16 17:00,2021,79,78,0.00,15,322.10,,16.0,10.1,0.15,0.98,1.0,0.6,10.0,8.9,15.9,95,87,76,72,66
2017-07-16 18:00,2021,78,73,0.00,16,151.90,,12.3,8.6,0.16,0.92,1.3,1.5,10.4,8.1,15.9,93,87,77,72,66
2017-07-16 19:00,2021,73,68,0.00,20,20.27,,7.5,3.2,0.16,0.76,1.6,1.9,10.5,8.1,16.0,90,87,77,72,66
2017-07-16 20:00,2021,69,64,0.00,24,0.04,,4.0,1.9,0.17,0.66,1.5,1.4,10.3,8.9,16.1,87,85,78,72,66
2017-07-16 21:00,2021,64,59,0.00,28,0.00,,5.1,1.9,0.17,0.60,0.8,0.6,10.7,7.8,15.7,83,84,78,72,66
2017-07-16 22:00,2021,60,57,0.00,36,0.00,,5.2,2.3,0.20,0.50,1.1,1.1,10.0,7.8,16.0,80,82,78,72,66
2017-07-16 23:00,2021,58,56,0.00,46,0.00,,3.9,1.9,0.23,0.47,0.7,1.3,9.7,8.0,16.1,77,80,78,72,66
2017-07-17 00:00,2021,57,56,0.00,54,0.00,,3.2,1.3,0.24,0.45,0.3,1.0,10.5,8.4,16.1,75,78,78,72,66
2017-07-17 01:00,2021,57,53,0.00,49,0.00,,3.8,0.9,0.24,0.45,0.7,0.7,10.4,8.0,15.8,72,77,77,72,66
2017-07-17 02:00,2021,54,53,0.00,62,0.00,,5.9,3.3,0.25,0.41,0.9,1.0,10.6,8.5,15.8,71,75,77,72,66
2017-07-17 03:00,2021,55,53,0.00,60,0.11,,7.6,3.1,0.25,0.41,0.6,1.6,10.3,8.0,15.9,69,74,77,72,66
2017-07-17 04:00,2021,53,48,0.00,62,18.98,,6.7,3.8,0.24,0.36,0.4,0.9,10.9,7.9,15.7,68,73,76,72,66
2017-07-17 05:00,2021,55,50,0.00,68,142.80,,3.0,1.2,0.25,0.39,0.3,1.0,10.5,7.7,16.0,67,72,76,72,66
2017-07-17 06:00,2021,61,55,0.00,59,307.50,,5.0,1.9,0.26,0.48,0.3,0.7,9.6,8.4,16.0,66,71,76,72,66
2017-07-17 07:00,2021,67,61,0.00,48,481.10,,8.0,3.6,0.26,0.59,0.4,0.4,10.3,8.9,15.9,66,70,75,72,66
2017-07-17 08:00,2021,72,67,0.00,35,641.40,,13.1,5.1,0.23,0.72,0.5,1.4,9.2,8.9,15.7,67,70,75,72,66
2017-07-17 09:00,2021,75,72,0.00,28,773.00,,11.8,5.7,0.22,0.82,0.8,0.8,10.1,7.7,16.1,71,71,74,72,66
2017-07-17 10:00,2021,78,75,0.00,24,865.00,,13.1,5.4,0.21,0.92,1.1,1.2,9.9,8.8,16.0,76,72,74,72,66
2017-07-17 11:00,2021,80,78,0.00,20,912.00,,14.1,5.6,0.20,0.99,0.4,1.1,9.6,8.1,15.8,80,74,74,72,66
2017-07-17 12:00,2021,81,80,0.00,20,912.00,,11.9,5.8,0.20,1.04,0.7,1.8,9.4,7.6,15.7,84,77,74,72,66
2017-07-17 13:00,2021,82,81,0.00,19,866.00,,12.6,5.3,0.19,1.09,1.2,1.5,10.4,8.3,16.0,88,80,74,72,66
2017-07-17 14:00,2021,83,82,0.00,18,775.00,,11.4,4.7,0.19,1.13,1.5,1.0,9.6,7.9,15.8,92,83,74,72,66
2017-07-17 15:00,2021,85,83,0.00,16,641.80,,12.4,4.9,0.19,1.16,1.4,0.5,9.8,7.9,16.1,94,85,74,71,66
2017-07-17 16:00,2021,84,83,0.00,17,483.60,,11.3,4.7,0.19,1.16,1.0,1.1,9.2,8.1,15.7,96,87,75,71,66
2017-07-17 17:00,2021,84,83,0.00,15,313.60,,6.8,2.7,0.17,1.17,1.2,2.5,10.5,8.5,15.7,96,87,75,71,66
2017-07-17 18:00,2021,83,78,0.00,14,148.20,,8.3,4.4,0.18,1.09,0.9,1.4,8.9,9.0,15.9,94,87,76,71,66
2017-07-17 19:00,2021,78,70,0.00,20,19.34,,5.5,3.0,0.19,0.87,1.0,0.7,9.9,8.6,15.6,91,87,76,71,66
2017-07-17 20:00,2021,71,70,0.00,22,0.02,,5.4,2.5,0.15,0.74,1.0,1.9,10.9,7.9,15.7,88,86,77,71,66
2017-07-17 21:00,2021,71,64,0.00,19,0.00,,5.4,3.9,0.15,0.70,1.0,1.6,9.9,8.3,15.8,85,84,77,71,66
2017-07-17 22:00,2021,67,63,0.00,28,0.00,,7.5,2.2,0.18,0.62,0.6,1.2,10.2,8.0,15.9,82,82,77,71,66
2017-07-17 23:00,2021,63,58,0.00,33,0.00,,5.5,3.2,0.19,0.53,0.9,0.8,10.4,7.7,15.5,79,81,77,71,66
2017-07-18 00:00,2021,59,56,0.00,40,0.00,,5.2,2.9,0.19,0.48,0.2,1.5,10.5,8.4,15.9,76,79,77,71,66
2017-07-18 01:00,2021,57,55,0.00,42,0.00,,4.7,2.8,0.20,0.46,0.3,0.9,10.5,8.0,15.4,74,78,77,71,66
2017-07-18 02:00,2021,57,54,0.00,45,0.00,,4.6,1.9,0.20,0.45,0.9,0.8,10.2,8.5,15.8,72,76,77,71,66
2017-07-18 03:00,2021,57,53,0.00,47,0.08,,5.5,3.8,0.20,0.44,0.5,0.5,9.5,8.9,15.7,71,75,76,71,66
2017-07-18 04:00,2021,53,51,0.00,51,18.48,,5.7,3.9,0.20,0.39,0.3,1.6,9.8,8.8,15.4,69,74,76,71,66
2017-07-18 05:00,2021,62,53,0.00,51,142.00,,7.3,4.1,0.21,0.48,0.1,1.2,9.7,8.9,15.7,68,72,76,71,66
2017-07-18 06:00,2021,69,62,0.00,37,304.90,,8.0,5.5,0.22,0.63,0.3,0.8,9.4,9.0,15.7,67,72,75,71,66
2017-07-18 07:00,2021,76,69,0.00,31,473.40,,6.6,2.7,0.22,0.79,0.4,1.5,9.5,8.9,15.8,67,71,75,71,66
2017-07-18 08:00,2021,80,76,0.00,25,634.10,,6.3,2.4,0.22,0.97,0.6,1.5,9.0,8.7,15.7,69,71,74,71,66
2017-07-18 09:00,2021,84,80,0.00,21,767.00,,9.1,3.4,0.20,1.08,1.0,1.1,8.9,8.2,15.9,73,71,74,71,66
2017-07-18 10:00,2021,85,84,0.00,17,860.00,,9.7,3.7,0.19,1.19,1.0,0.6,10.1,9.1,15.9,77,73,74,71,66
2017-07-18 11:00,2021,88,85,0.00,14,903.00,,9.4,3.5,0.18,1.28,0.4,1.2,10.3,8.6,15.8,82,75,74,71,66
2017-07-18 12:00,2021,89,87,0.00,15,907.00,,13.3,5.8,0.18,1.33,1.1,1.5,10.0,7.5,15.8,86,78,74,71,66
2017-07-18 13:00,2021,90,89,0.00,14,856.00,,14.3,6.2,0.19,1.37,1.8,1.0,9.8,8.8,15.9,90,81,74,71,66
2017-07-18 14:00,2021,90,89,0.00,14,758.00,,13.2,6.6,0.19,1.40,1.9,1.4,9.1,8.5,15.9,94,84,74,71,66
2017-07-18 15:00,2021,91,90,0.00,14,630.40,,13.5,5.3,0.19,1.42,1.4,1.9,9.2,8.1,15.7,96,86,74,71,66
2017-07-18 16:00,2021,91,89,0.00,13,450.40,,13.4,6.3,0.19,1.41,1.5,1.8,10.5,8.9,15.8,98,88,75,71,66
2017-07-18 17:00,2021,89,85,0.00,14,260.00,,13.6,9.0,0.19,1.32,1.2,1.3,9.2,8.9,15.8,98,89,75,71,66
2017-07-18 18:00,2021,85,75,0.00,16,43.02,,12.4,4.7,0.19,1.04,1.5,2.0,10.0,8.9,15.8,96,89,76,71,66
2017-07-18 19:00,2021,75,74,0.00,22,12.97,,4.3,2.3,0.19,0.86,1.1,1.5,10.2,7.7,16.0,93,88,77,71,66
2017-07-18 20:00,2021,75,74,0.00,22,0.01,,3.7,1.6,0.19,0.86,0.9,1.5,10.9,8.3,15.4,89,87,77,71,66
2017-07-18 21:00,2021,75,71,0.00,22,0.00,,2.8,1.3,0.19,0.83,0.6,0.9,10.3,8.7,15.9,86,85,77,71,66
2017-07-18 22:00,2021,71,65,0.00,25,0.00,,4.0,2.6,0.19,0.70,0.9,0.5,10.1,8.9,15.9,83,83,78,71,66
2017-07-18 23:00,2021,69,62,0.00,29,0.00,,3.9,1.9,0.18,0.64,0.9,0.6,9.8,7.7,15.8,80,82,78,71,66
2017-07-19 00:00,2021,66,62,0.00,30,0.00,,5.1,2.0,0.19,0.61,0.6,1.6,10.3,8.0,15.6,78,80,78,71,66
2017-07-19 01:00,2021,64,61,0.00,34,0.00,,5.0,2.9,0.19,0.57,0.9,0.4,9.9,8.7,15.7,75,78,77,71,66
2017-07-19 02:00,2021,61,58,0.00,35,0.00,,10.8,3.8,0.19,0.50,0.8,0.9,10.2,7.9,15.5,74,77,77,71,66
2017-07-19 03:00,2021,60,59,0.00,40,0.06,,6.8,4.0,0.22,0.52,0.2,1.0,9.9,8.5,15.5,72,76,77,71,66
2017-07-19 04:00,2021,59,58,0.00,49,16.09,,6.1,3.0,0.26,0.49,0.7,0.9,10.7,8.1,15.7,71,75,76,71,66
2017-07-19 05:00,2021,64,58,0.00,55,128.20,,5.9,3.1,0.28,0.52,0.5,1.1,10.1,7.5,15.6,70,74,76,71,66
2017-07-19 06:00,2021,69,64,0.00,52,290.80,,10.9,5.3,0.32,0.65,0.3,0.9,9.2,8.8,15.5,69,73,76,71,66
2017-07-19 07:00,2021,74,69,0.00,47,463.70,,10.0,7.0,0.33,0.77,0.6,0.6,9.8,8.8,15.7,69,72,75,71,66
2017-07-19 08:00,2021,79,74,0.00,38,624.10,,14.1,8.1,0.32,0.90,0.7,1.0,10.9,7.8,15.8,71,72,75,71,66
2017-07-19 09:00,2021,82,79,0.00,30,756.00,,13.4,8.4,0.30,1.04,0.5,1.1,10.1,7.8,15.8,74,72,75,71,66
2017-07-19 10:00,2021,85,82,0.00,26,852.00,,17.4,7.9,0.29,1.13,1.1,1.6,9.3,8.7,15.6,79,74,74,71,66
2017-07-19 11:00,2021,87,85,0.00,24,902.00,,13.3,7.8,0.29,1.23,0.5,0.8,10.6,8.8,15.7,83,76,74,71,66
2017-07-19 12:00,2021,89,87,0.00,21,900.00,,14.9,7.3,0.27,1.33,0.9,0.8,9.4,7.5,15.6,87,79,74,71,66
2017-07-19 13:00,2021,90,88,0.00,17,850.00,,15.3,8.1,0.24,1.38,1.2,1.0,9.9,9.0,15.4,91,82,74,71,66
2017-07-19 14:00,2021,90,89,0.00,17,754.00,,16.3,8.8,0.25,1.41,1.1,1.6,10.7,8.3,15.6,94,85,74,71,66
2017-07-19 15:00,2021,90,90,0.00,17,624.90,,16.7,9.6,0.24,1.42,1.3,1.8,10.6,8.3,15.6,97,87,75,71,66
2017-07-19 16:00,2021,90,89,0.00,15,477.80,,17.1,10.5,0.19,1.39,1.8,0.9,9.3,8.6,15.5,99,89,75,71,66
2017-07-19 17:00,2021,89,88,0.00,10,312.00,,13.6,8.6,0.16,1.36,1.4,1.4,9.4,8.6,15.5,99,89,76,71,66
2017-07-19 18:00,2021,88,84,0.00,15,138.30,,8.1,4.2,0.20,1.29,1.7,1.2,10.6,7.5,15.9,97,89,76,71,66
2017-07-19 19:00,2021,84,78,0.00,19,16.92,,3.3,1.8,0.22,1.08,1.1,0.8,10.2,8.6,15.7,94,89,77,71,66
2017-07-19 20:00,2021,78,75,0.00,22,0.01,,3.2,1.5,0.22,0.92,1.5,1.6,9.7,8.7,15.6,91,87,77,71,66
2017-07-19 21:00,2021,76,73,0.00,24,0.00,,5.4,2.2,0.21,0.86,0.7,1.6,10.0,7.7,15.7,87,86,78,71,66
2017-07-19 22:00,2021,73,67,0.00,27,0.00,,7.3,4.4,0.22,0.75,0.7,1.6,10.5,7.7,15.7,84,84,78,71,66
2017-07-19 23:00,2021,67,66,0.00,33,0.00,,7.4,4.1,0.24,0.66,0.9,0.3,10.9,8.4,15.6,82,83,78,71,66
2017-07-20 00:00,2021,66,65,0.00,43,0.00,,10.4,6.2,0.30,0.64,0.9,0.2,10.6,7.9,15.7,80,81,78,71,66
2017-07-20 01:00,2021,66,65,0.00,50,0.00,,14.4,9.5,0.32,0.63,0.8,0.9,9.8,8.8,15.4,78,80,78,71,66
2017-07-20 02:00,2021,65,62,0.00,51,0.00,,14.3,7.9,0.32,0.59,0.5,0.9,9.3,8.8,15.7,77,79,78,71,66
2017-07-20 03:00,2021,62,60,0.00,57,0.01,,11.2,7.6,0.32,0.54,0.7,1.0,10.4,9.1,15.5,76,78,77,71,66
2017-07-20 04:00,2021,60,60,0.00,62,13.50,,13.2,8.2,0.32,0.52,0.6,0.8,9.9,7.5,15.6,75,77,77,71,66
2017-07-20 05:00,2021,64,59,0.00,64,132.70,,16.5,8.3,0.33,0.53,0.8,1.7,10.2,8.1,15.6,73,76,77,71,66
2017-07-20 06:00,2021,68,64,0.00,55,300.60,,23.1,15.1,0.32,0.63,0.4,1.4,10.5,8.1,15.5,72,75,76,71,66
2017-07-20 07:00,2021,71,68,0.00,46,470.60,,24.9,18.0,0.31,0.71,0.4,1.5,10.1,8.5,15.5,72,74,76,71,66
2017-07-20 08:00,2021,73,71,0.00,40,632.60,,24.4,17.3,0.30,0.78,0.3,1.3,11.0,8.2,15.6,73,74,76,71,66
2017-07-20 09:00,2021,75,73,0.00,35,765.00,,24.1,16.2,0.29,0.84,0.4,0.2,9.1,8.2,15.6,76,74,76,71,66
2017-07-20 10:00,2021,76,75,0.00,33,857.00,,21.9,14.4,0.29,0.89,0.8,1.6,10.2,7.8,15.5,79,75,75,72,66
2017-07-20 11:00,2021,78,76,0.00,33,902.00,,22.5,14.1,0.30,0.94,1.0,1.3,9.1,8.1,15.4,82,77,75,72,66
2017-07-20 12:00,2021,80,78,0.00,31,906.00,,21.9,13.8,0.29,0.99,1.3,0.4,10.1,7.4,15.6,86,80,75,72,66
2017-07-20 13:00,2021,80,79,0.00,29,772.00,,22.8,13.6,0.29,1.01,1.0,1.0,9.4,8.8,15.3,89,82,75,72,66
2017-07-20 14:00,2021,81,78,0.00,27,484.60,,18.6,12.3,0.28,0.97,0.7,0.9,10.8,7.8,15.7,92,85,75,71,66
2017-07-20 15:00,2021,81,79,0.00,26,530.60,,20.4,12.2,0.26,1.02,1.8,1.5,10.3,7.7,15.6,93,86,76,71,66
2017-07-20 16:00,2021,81,80,0.00,25,529.30,,20.0,12.4,0.26,1.05,1.4,2.4,9.7,8.2,15.4,93,87,76,71,66
2017-07-20 17:00,2021,80,78,0.00,26,318.60,,19.5,13.4,0.26,0.99,1.0,1.7,9.7,9.0,15.3,93,87,76,71,66
2017-07-20 18:00,2021,78,73,0.00,28,135.20,,18.6,11.4,0.27,0.91,1.2,1.4,10.0,8.0,15.6,92,87,77,71,66
2017-07-20 19:00,2021,73,69,0.00,33,19.92,,10.3,6.9,0.27,0.77,0.6,0.7,10.3,7.9,15.6,90,86,77,71,66
2017-07-20 20:00,2021,69,64,0.00,38,0.00,,8.7,5.0,0.27,0.66,1.0,1.5,10.6,8.5,15.3,87,85,77,71,66
2017-07-20 21:00,2021,64,61,0.00,47,0.00,,10.0,5.7,0.28,0.57,0.6,1.3,10.5,7.7,15.4,84,84,78,71,66
2017-07-20 22:00,2021,61,59,0.00,52,0.00,,9.5,5.4,0.28,0.52,0.5,1.1,9.5,7.6,15.3,82,82,78,71,66
2017-07-20 23:00,2021,59,57,0.00,57,0.00,,9.9,4.7,0.28,0.49,0.8,0.7,10.7,8.0,15.4,79,81,78,71,66
2017-07-21 00:00,2021,57,55,0.00,58,0.00,,4.8,2.8,0.27,0.45,0.3,1.1,10.2,8.6,15.2,77,79,78,71,66
2017-07-21 01:00,2021,56,54,0.00,63,0.00,,5.7,3.0,0.27,0.43,0.8,1.0,9.3,7.9,15.3,75,78,77,72,66
2017-07-21 02:00,2021,54,50,0.00,68,0.00,,5.9,2.5,0.27,0.40,0.1,1.0,10.0,8.8,15.4,72,76,77,72,66
2017-07-21 03:00,2021,51,49,0.00,74,0.03,,5.5,2.3,0.28,0.37,0.5,0.4,9.5,8.6,15.7,71,75,77,72,66
2017-07-21 04:00,2021,51,50,0.00,79,14.98,,3.8,1.5,0.30,0.37,0.4,0.8,10.6,8.0,15.6,69,74,76,72,66
2017-07-21 05:00,2021,58,51,0.00,79,131.50,,9.7,4.2,0.31,0.41,0.2,0.8,10.5,7.6,15.4,67,72,76,72,66
2017-07-21 06:00,2021,63,58,0.00,66,291.10,,11.0,7.4,0.31,0.51,0.4,1.2,10.2,8.5,15.6,66,71,76,72,66
2017-07-21 07:00,2021,68,63,0.00,53,470.90,,10.2,7.0,0.30,0.62,0.1,0.8,9.3,8.3,15.5,67,71,75,72,66
2017-07-21 08:00,2021,71,68,0.00,40,579.30,,12.6,6.5,0.27,0.72,0.1,0.7,9.7,8.2,15.7,68,71,75,72,66
2017-07-21 09:00,2021,73,71,0.00,35,727.00,,13.5,7.4,0.26,0.79,0.1,0.3,10.1,7.9,15.6,72,71,74,72,66
2017-07-21 10:00,2021,78,73,0.00,31,808.00,,13.0,5.7,0.25,0.87,0.7,0.6,10.3,8.6,15.6,76,72,74,72,66
2017-07-21 11:00,2021,79,76,0.00,26,894.00,,14.0,6.0,0.25,0.95,1.0,1.0,10.3,8.8,15.7,80,75,74,72,66
2017-07-21 12:00,2021,80,79,0.00,25,892.00,,15.0,6.2,0.25,1.02,1.1,1.1,10.2,8.6,15.1,83,77,74,72,66
2017-07-21 13:00,2021,83,80,0.00,24,845.00,,13.5,7.2,0.24,1.07,1.6,1.7,10.7,8.8,15.7,87,80,74,72,66
2017-07-21 14:00,2021,83,82,0.00,19,755.00,,14.6,6.6,0.21,1.13,1.2,1.5,10.0,7.8,15.6,91,83,74,72,66
2017-07-21 15:00,2021,83,83,0.00,19,610.60,,12.4,7.0,0.21,1.14,2.0,1.6,9.4,7.6,15.7,94,85,74,72,66
2017-07-21 16:00,2021,83,81,0.00,17,424.80,,11.6,5.5,0.19,1.13,1.4,2.2,9.8,8.6,15.7,95,86,75,71,66
2017-07-21 17:00,2021,85,81,0.00,19,346.90,,11.8,5.6,0.20,1.13,1.7,1.8,9.6,8.0,15.2,95,87,75,71,66
2017-07-21 18:00,2021,82,75,0.00,21,86.00,,8.7,4.6,0.23,0.99,1.4,1.1,10.6,7.9,15.6,94,87,76,71,66
2017-07-21 19:00,2021,75,69,0.00,29,20.04,,5.2,3.4,0.25,0.82,1.4,1.2,10.4,8.5,15.7,91,87,76,71,66
2017-07-21 20:00,2021,71,68,0.00,35,0.00,,4.4,3.0,0.25,0.72,0.5,1.0,10.8,7.5,15.4,88,85,77,71,66
2017-07-21 21:00,2021,71,66,0.00,31,0.00,,4.6,2.1,0.24,0.71,0.8,1.5,10.3,7.9,15.6,85,84,77,71,66
2017-07-21 22:00,2021,69,64,0.00,35,0.00,,4.5,2.1,0.24,0.66,0.9,0.6,9.2,9.0,15.6,82,82,77,71,66
2017-07-21 23:00,2021,66,63,0.00,37,0.00,,3.6,2.0,0.24,0.63,0.2,0.6,10.5,7.4,15.7,79,81,77,71,66
2017-07-22 00:00,2021,65,62,0.00,41,0.00,,4.1,2.6,0.24,0.58,0.5,1.3,9.5,8.1,15.5,77,79,77,71,66
2017-07-22 01:00,2021,64,61,0.00,42,0.00,,3.8,1.7,0.24,0.57,0.5,1.1,10.1,8.5,15.2,75,78,77,71,66
2017-07-22 02:00,2021,62,57,0.00,41,0.00,,8.0,4.3,0.24,0.50,0.7,1.4,9.5,8.4,15.4,73,77,77,71,66
2017-07-22 03:00,2021,59,58,0.00,49,0.00,,7.9,3.9,0.23,0.49,0.6,1.1,10.4,8.3,15.5,72,75,76,71,66
2017-07-22 04:00,2021,59,58,0.00,48,12.74,,6.1,2.7,0.23,0.50,0.8,0.5,10.8,7.7,15.5,71,74,76,71,66
2017-07-22 05:00,2021,64,58,0.00,48,121.50,,9.0,3.4,0.23,0.52,0.8,1.4,10.2,7.6,15.2,70,73,76,71,66
2017-07-22 06:00,2021,69,64,0.00,38,282.30,,6.0,3.8,0.23,0.62,0.5,1.4,10.2,8.0,15.5,69,73,76,71,66
2017-07-22 07:00,2021,75,69,0.00,34,448.90,,7.5,4.0,0.25,0.77,0.5,0.6,10.6,8.4,15.3,69,72,75,71,66
2017-07-22 08:00,2021,79,75,0.00,31,601.60,,8.9,3.9,0.27,0.92,0.4,0.9,9.3,8.1,15.4,71,72,75,71,66
2017-07-22 09:00,2021,83,79,0.00,27,734.00,,10.9,5.1,0.28,1.05,0.7,1.0,10.2,7.5,15.4,74,72,74,71,66
2017-07-22 10:00,2021,85,83,0.00,24,829.00,,12.7,6.3,0.29,1.18,1.1,0.8,9.3,8.8,15.3,78,74,74,71,66
2017-07-22 11:00,2021,88,85,0.00,25,878.00,,15.7,6.7,0.30,1.26,1.0,0.5,9.6,8.6,15.4,83,76,74,71,66
2017-07-22 12:00,2021,89,87,0.00,22,880.00,,13.4,6.1,0.29,1.33,1.1,1.0,10.6,7.9,15.5,87,79,74,71,66
2017-07-22 13:00,2021,90,88,0.00,20,834.00,,14.2,5.8,0.29,1.38,1.2,1.0,10.0,7.6,15.1,90,82,74,71,66
2017-07-22 14:00,2021,91,90,0.00,21,745.00,,17.6,6.7,0.30,1.44,1.7,1.5,9.9,8.6,15.3,94,85,74,71,66
2017-07-22 15:00,2021,90,90,0.00,21,612.00,,13.0,6.3,0.30,1.44,2.0,1.6,10.4,7.6,15.3,97,87,75,71,66
2017-07-22 16:00,2021,90,90,0.00,21,459.90,,11.3,5.7,0.30,1.44,1.8,1.6,9.7,8.5,15.2,99,89,75,71,66
2017-07-22 17:00,2021,90,89,0.00,21,290.60,,8.8,4.9,0.30,1.41,1.6,1.3,10.7,7.9,15.5,99,89,76,71,66
2017-07-22 18:00,2021,89,86,0.00,21,133.50,,7.9,4.0,0.30,1.35,1.5,0.8,9.2,8.8,15.4,98,90,76,71,66
2017-07-22 19:00,2021,86,81,0.00,24,14.61,,3.6,1.9,0.30,1.17,0.8,2.0,10.7,7.6,15.6,95,89,77,71,66
2017-07-22 20:00,2021,81,75,0.00,28,0.02,,2.8,1.2,0.30,1.02,1.4,1.7,10.3,8.1,15.2,92,88,77,71,66
2017-07-22 21:00,2021,79,73,0.00,35,0.00,,4.2,2.6,0.31,0.92,1.0,1.5,10.7,7.5,15.5,89,87,78,71,66
2017-07-22 22:00,2021,74,71,0.00,38,0.00,,3.5,2.6,0.31,0.84,1.3,1.8,10.7,8.5,15.3,86,85,78,71,66
2017-07-22 23:00,2021,74,71,0.00,41,0.00,,3.8,2.8,0.31,0.79,0.8,0.6,9.6,8.1,15.2,83,83,78,71,66
2017-07-23 00:00,2021,73,71,0.00,38,0.00,,4.2,1.7,0.31,0.79,0.8,0.9,9.9,7.6,15.2,81,82,78,71,66
2017-07-23 01:00,2021,71,68,0.00,42,0.00,,2.4,0.8,0.31,0.74,0.4,1.0,9.9,7.6,15.4,79,81,78,71,66
2017-07-23 02:00,2021,69,65,0.00,44,0.00,,4.3,2.1,0.32,0.69,0.3,0.2,9.6,7.9,15.1,78,80,78,71,66
2017-07-23 03:00,2021,65,64,0.00,51,0.00,,5.7,3.5,0.32,0.62,0.6,1.6,10.5,7.3,15.2,76,78,78,71,66
2017-07-23 04:00,2021,64,61,0.00,55,13.24,,4.0,2.5,0.33,0.58,0.0,1.1,10.0,8.1,15.2,75,77,77,71,66
2017-07-23 05:00,2021,71,64,0.00,56,126.30,,3.4,1.5,0.35,0.63,0.3,1.1,10.7,7.9,15.0,74,76,77,72,66
2017-07-23 06:00,2021,76,71,0.00,42,285.20,,3.6,1.7,0.33,0.78,0.4,1.3,9.6,8.8,15.4,73,76,77,72,66
2017-07-23 07:00,2021,81,76,0.00,41,453.60,,6.7,3.2,0.37,0.95,0.6,1.0,10.7,7.8,15.1,72,75,76,72,66
2017-07-23 08:00,2021,86,81,0.00,34,610.60,,9.4,4.3,0.37,1.14,0.3,0.3,9.2,8.9,15.2,74,74,76,72,66
2017-07-23 09:00,2021,87,86,0.00,30,741.00,,12.6,6.5,0.38,1.27,0.7,1.0,10.5,8.6,15.5,78,75,76,72,66
2017-07-23 10:00,2021,91,87,0.00,29,836.00,,16.4,8.6,0.39,1.38,0.7,0.5,9.6,8.5,15.5,82,76,76,72,66
2017-07-23 11:00,2021,91,90,0.00,27,884.00,,17.8,10.2,0.40,1.44,0.6,0.6,10.0,9.0,15.6,86,79,75,72,67
2017-07-23 12:00,2021,93,91,0.00,26,885.00,,19.4,10.6,0.39,1.51,1.2,1.0,10.7,8.3,15.1,90,82,75,72,67
2017-07-23 13:00,2021,94,92,0.00,27,840.00,,18.6,10.4,0.39,1.54,1.7,1.5,9.4,8.8,15.5,94,85,75,72,67
2017-07-23 14:00,2021,95,93,0.00,22,743.00,,14.9,8.1,0.37,1.61,1.9,1.1,9.4,7.8,15.3,98,87,76,72,67
2017-07-23 15:00,2021,95,94,0.00,23,615.70,,14.6,8.7,0.37,1.63,1.7,2.4,9.9,8.9,15.3,100,90,76,72,67
2017-07-23 16:00,2021,94,93,0.00,23,458.10,,15.2,9.2,0.36,1.62,1.2,1.7,10.6,7.9,15.3,102,91,77,72,67
2017-07-23 17:00,2021,94,92,0.00,24,292.00,,16.5,10.5,0.37,1.57,1.2,0.7,10.5,7.7,15.7,102,92,77,72,67
2017-07-23 18:00,2021,92,89,0.00,24,132.10,,18.4,10.5,0.33,1.48,1.8,0.7,9.4,8.3,15.5,100,92,78,72,67
2017-07-23 19:00,2021,89,80,0.00,25,14.48,,11.8,6.7,0.34,1.25,1.0,1.1,10.0,8.8,15.4,98,92,78,72,67
2017-07-23 20:00,2021,80,74,0.00,32,0.01,,6.3,3.9,0.33,0.94,1.0,1.3,10.7,8.5,15.3,94,90,79,72,67
2017-07-23 21:00,2021,74,70,0.00,39,0.00,,8.1,4.8,0.29,0.79,0.9,1.6,10.1,8.3,15.3,91,89,79,72,67
2017-07-23 22:00,2021,70,67,0.00,37,0.00,,7.8,5.8,0.28,0.70,0.9,0.9,9.7,8.0,15.6,88,87,79,72,67
2017-07-23 23:00,2021,67,67,0.00,43,0.00,,11.6,8.0,0.28,0.67,0.6,1.4,10.1,8.1,14.9,85,86,80,72,67
2017-07-24 00:00,2021,67,64,0.00,40,0.00,,11.2,7.5,0.26,0.63,0.6,1.1,9.8,7.5,15.2,83,84,79,72,67
2017-07-24 01:00,2021,65,64,0.00,36,0.00,,11.5,7.5,0.22,0.63,0.7,0.8,10.6,8.9,15.1,81,82,79,72,67
2017-07-24 02:00,2021,64,63,0.00,35,0.00,,9.5,4.7,0.22,0.59,0.7,0.9,9.6,8.6,15.2,79,81,79,72,67
2017-07-24 03:00,2021,63,59,0.00,42,0.01,,10.8,7.3,0.25,0.55,0.3,0.7,9.6,7.6,15.5,77,80,79,72,67
2017-07-24 04:00,2021,60,58,0.00,47,13.29,,10.5,6.9,0.24,0.50,0.2,1.6,10.9,8.2,15.1,75,78,78,72,67
2017-07-24 05:00,2021,63,60,0.00,43,132.00,,10.1,5.8,0.22,0.54,0.5,1.1,10.9,8.4,15.4,74,77,78,72,67
2017-07-24 06:00,2021,70,63,0.00,38,300.80,,15.6,9.4,0.22,0.66,0.7,0.4,9.8,8.9,15.4,73,76,78,72,67
2017-07-24 07:00,2021,74,70,0.00,28,477.20,,17.0,11.8,0.21,0.79,0.5,1.0,10.2,7.6,15.1,72,75,78,72,67
2017-07-24 08:00,2021,78,74,0.00,24,638.20,,15.2,9.0,0.20,0.90,0.7,0.5,10.2,7.9,15.3,73,75,77,72,67
2017-07-24 09:00,2021,81,78,0.00,20,775.00,,12.3,6.4,0.19,1.00,0.7,1.2,9.7,9.0,15.2,76,75,77,72,67
2017-07-24 10:00,2021,83,81,0.00,17,874.00,,12.7,6.6,0.18,1.09,0.7,1.1,9.9,7.8,15.2,80,76,76,72,67
2017-07-24 11:00,2021,85,83,0.00,14,924.00,,15.0,7.8,0.16,1.18,1.5,1.1,9.8,8.6,15.1,84,78,76,72,67
2017-07-24 12:00,2021,86,85,0.00,13,927.00,,14.0,7.4,0.15,1.23,1.1,1.4,9.4,8.4,15.3,88,81,76,72,67
2017-07-24 13:00,2021,88,86,0.00,12,879.00,,16.0,6.9,0.15,1.28,1.3,0.8,9.6,8.3,15.0,92,84,76,72,67
2017-07-24 14:00,2021,89,88,0.00,12,784.00,,16.0,5.8,0.15,1.34,0.8,1.1,10.2,8.1,15.1,95,87,76,72,67
2017-07-24 15:00,2021,89,88,0.00,11,645.10,,12.2,6.5,0.15,1.37,1.6,0.9,10.1,7.9,15.3,98,89,77,72,67
2017-07-24 16:00,2021,89,88,0.00,12,481.00,,11.7,6.2,0.16,1.37,1.5,2.0,10.8,7.6,15.3,100,90,77,72,67
2017-07-24 17:00,2021,89,88,0.00,12,305.30,,10.3,4.5,0.17,1.36,1.1,1.6,9.9,9.0,15.0,100,91,78,72,67
2017-07-24 18:00,2021,88,82,0.00,12,135.50,,7.4,3.5,0.17,1.30,1.5,0.7,9.3,9.0,15.1,98,91,78,72,67
2017-07-24 19:00,2021,82,73,0.00,19,14.32,,5.8,3.8,0.22,0.93,1.5,0.8,9.3,8.3,15.2,95,90,79,72,67
2017-07-24 20:00,2021,75,71,0.00,28,0.00,,8.4,4.7,0.21,0.83,0.9,1.1,10.1,8.6,15.3,92,89,79,72,67
2017-07-24 21:00,2021,71,69,0.00,25,0.00,,5.6,3.6,0.19,0.75,0.9,1.3,10.3,9.0,15.1,88,88,79,72,67
2017-07-24 22:00,2021,69,66,0.00,26,0.00,,7.0,2.2,0.18,0.67,0.5,0.8,10.2,7.9,15.2,85,86,79,72,67
2017-07-24 23:00,2021,67,62,0.00,28,0.00,,6.2,4.0,0.18,0.64,0.9,0.4,9.9,7.7,15.0,82,84,79,72,67
2017-07-25 00:00,2021,62,59,0.00,35,0.00,,7.4,3.5,0.19,0.53,0.6,1.2,10.2,7.4,15.1,80,82,79,72,67
2017-07-25 01:00,2021,61,59,0.00,40,0.00,,5.1,1.4,0.21,0.53,0.7,0.5,9.5,8.6,15.1,78,81,79,72,67
2017-07-25 02:00,2021,60,59,0.00,41,0.00,,3.9,1.2,0.21,0.51,0.3,1.3,10.1,8.7,15.2,76,79,79,72,67
2017-07-25 03:00,2021,59,57,0.00,41,0.00,,4.5,1.4,0.21,0.48,1.0,0.6,10.0,7.7,15.1,74,78,79,72,67
2017-07-25 04:00,2021,61,57,0.00,46,11.93,,6.1,3.0,0.22,0.50,0.1,1.1,9.7,7.8,14.9,72,77,78,72,67
2017-07-25 05:00,2021,68,59,0.00,43,126.10,,7.0,3.3,0.22,0.52,0.4,0.7,10.2,7.9,15.2,71,76,78,72,67
2017-07-25 06:00,2021,76,68,0.00,32,288.20,,8.8,3.7,0.23,0.75,0.6,0.4,9.3,8.8,15.2,70,75,78,72,67
2017-07-25 07:00,2021,79,76,0.00,26,462.00,,12.4,7.4,0.23,0.94,0.1,1.3,9.7,8.8,14.9,70,74,77,72,67
2017-07-25 08:00,2021,84,79,0.00,23,617.30,,10.3,5.7,0.23,1.06,0.0,0.3,10.4,8.0,15.0,72,74,77,72,67
2017-07-25 09:00,2021,88,84,0.00,19,757.00,,8.2,3.6,0.22,1.24,0.3,1.1,10.4,7.9,15.1,75,74,76,72,67
2017-07-25 10:00,2021,91,88,0.00,14,851.00,,9.7,4.1,0.19,1.37,0.9,0.8,10.0,8.4,15.1,80,75,76,72,67
2017-07-25 11:00,2021,91,89,0.00,14,902.00,,11.4,4.4,0.19,1.42,0.9,0.8,10.4,8.1,15.2,84,78,76,72,67
2017-07-25 12:00,2021,92,91,0.00,14,900.00,,12.6,5.9,0.20,1.48,1.1,1.3,9.6,7.8,15.1,88,81,76,72,67
2017-07-25 13:00,2021,93,92,0.00,14,860.00,,14.8,7.0,0.21,1.54,1.6,1.2,9.1,8.5,14.9,92,84,76,72,67
2017-07-25 14:00,2021,94,92,0.00,14,764.00,,14.6,7.9,0.22,1.57,1.7,0.7,9.4,8.1,15.2,96,87,76,72,67
2017-07-25 15:00,2021,94,92,0.00,14,630.90,,17.8,7.6,0.22,1.58,1.3,1.5,10.5,8.2,15.2,99,89,76,72,67
2017-07-25 16:00,2021,93,92,0.00,14,470.10,,13.0,7.8,0.23,1.54,1.3,1.2,9.2,8.9,15.0,101,91,77,72,67
2017-07-25 17:00,2021,92,90,0.00,16,297.00,,14.3,8.6,0.25,1.47,1.5,1.5,9.6,8.1,15.2,101,92,77,72,67
2017-07-25 18:00,2021,90,84,0.00,18,132.60,,10.9,5.9,0.27,1.35,0.8,1.4,10.4,8.5,15.0,100,92,78,72,67
2017-07-25 19:00,2021,84,77,0.00,25,13.45,,5.0,3.1,0.28,1.04,1.2,0.9,9.2,8.5,15.0,97,91,78,72,67
2017-07-25 20:00,2021,79,77,0.00,29,0.00,,5.0,2.9,0.27,0.98,0.9,1.5,10.5,8.3,14.8,93,90,79,72,67
2017-07-25 21:00,2021,78,76,0.00,28,0.00,,4.9,3.5,0.27,0.93,0.6,1.4,9.6,8.8,15.1,90,89,79,72,67
2017-07-25 22:00,2021,76,67,0.00,30,0.00,,5.1,3.4,0.27,0.79,0.5,0.5,9.4,8.2,15.2,87,87,80,72,67
2017-07-25 23:00,2021,68,66,0.00,40,0.00,,5.2,3.6,0.27,0.67,0.8,1.2,10.8,8.2,14.7,84,85,80,72,67
2017-07-26 00:00,2021,68,66,0.00,41,0.00,,4.5,2.3,0.27,0.66,0.5,0.9,10.0,8.3,15.0,82,83,80,72,67
2017-07-26 01:00,2021,68,63,0.00,35,0.00,,5.2,2.5,0.25,0.62,0.4,0.9,10.7,8.2,15.3,79,82,79,72,67
2017-07-26 02:00,2021,65,60,0.00,44,0.00,,6.4,4.2,0.25,0.60,0.3,0.2,9.4,8.5,14.9,77,80,79,72,67
2017-07-26 03:00,2021,63,59,0.00,47,0.00,,6.0,3.5,0.23,0.54,0.2,0.6,9.7,8.9,15.1,76,79,79,72,67
2017-07-26 04:00,2021,63,60,0.00,38,12.50,,5.7,3.2,0.21,0.54,0.2,1.0,10.6,7.9,15.0,74,78,78,72,67
2017-07-26 05:00,2021,69,62,0.00,35,121.90,,5.6,2.9,0.20,0.61,0.0,0.2,10.6,7.2,14.9,73,77,78,72,67
2017-07-26 06:00,2021,74,65,0.00,31,279.50,,6.7,3.4,0.20,0.66,0.8,0.8,10.5,7.8,14.8,72,76,78,72,67
2017-07-26 07:00,2021,80,74,0.00,25,459.40,,9.2,5.4,0.22,0.92,0.0,0.1,9.4,8.8,15.0,72,75,78,72,67
2017-07-26 08:00,2021,86,80,0.00,22,612.30,,9.6,4.2,0.23,1.11,0.5,0.8,10.0,9.0,14.9,73,75,77,72,67
2017-07-26 09:00,2021,89,85,0.00,23,713.00,,10.5,5.9,0.30,1.26,0.4,1.3,9.6,8.3,15.1,77,75,77,72,67
2017-07-26 10:00,2021,90,89,0.00,21,749.00,,14.3,7.4,0.27,1.38,0.7,0.7,10.5,7.8,15.0,81,76,76,73,67
2017-07-26 11:00,2021,94,89,0.00,20,921.00,,11.6,6.0,0.25,1.48,1.3,1.2,10.1,7.3,15.0,85,79,76,73,67
2017-07-26 12:00,2021,94,93,0.00,14,770.00,,13.6,6.4,0.22,1.58,1.1,1.4,10.2,9.0,14.9,89,81,76,73,67
2017-07-26 13:00,2021,96,94,0.00,14,825.00,,15.0,6.8,0.22,1.64,1.5,0.7,9.4,7.5,14.9,93,84,76,73,67
2017-07-26 14:00,2021,96,93,0.00,13,549.50,,16.9,9.3,0.23,1.65,1.8,1.5,8.9,7.9,15.0,96,87,76,73,67
2017-07-26 15:00,2021,94,92,0.00,14,426.10,,12.6,7.4,0.21,1.57,1.4,0.7,10.3,8.6,14.8,99,89,77,73,67
2017-07-26 16:00,2021,93,92,0.00,13,332.70,,12.0,6.4,0.21,1.54,1.8,0.7,10.1,8.2,14.9,99,90,77,73,67
2017-07-26 17:00,2021,94,92,0.00,15,271.20,,9.3,4.3,0.24,1.55,1.0,1.4,9.3,8.6,14.9,98,90,78,72,67
2017-07-26 18:00,2021,92,88,0.00,18,122.80,,8.8,5.4,0.27,1.47,1.7,1.5,10.1,8.6,15.0,97,90,78,72,67
2017-07-26 19:00,2021,88,81,0.00,21,14.72,,7.0,3.4,0.27,1.20,1.0,1.6,10.7,7.9,14.9,95,90,78,72,67
2017-07-26 20:00,2021,81,79,0.00,21,0.00,,3.6,1.8,0.23,1.05,0.8,1.9,9.7,7.5,14.9,93,89,79,72,67
2017-07-26 21:00,2021,79,77,0.00,24,0.00,,3.0,1.4,0.25,0.97,0.9,1.4,9.6,8.5,14.9,90,88,79,72,67
2017-07-26 22:00,2021,78,76,0.00,28,0.00,,4.3,2.5,0.27,0.94,0.2,0.4,9.3,8.1,14.9,87,86,79,72,67
2017-07-26 23:00,2021,77,73,0.00,30,0.00,,6.4,3.2,0.30,0.90,0.3,1.1,10.4,8.1,14.9,84,85,79,72,67
2017-07-27 00:00,2021,73,70,0.00,38,0.00,,8.7,3.9,0.32,0.79,0.6,0.8,10.6,7.3,15.2,82,83,79,72,67
2017-07-27 01:00,2021,71,67,0.00,41,0.00,,7.4,5.1,0.32,0.74,0.6,0.3,9.7,8.7,14.9,80,82,79,72,67
2017-07-27 02:00,2021,67,65,0.00,51,0.00,,5.9,3.4,0.35,0.64,0.7,1.3,10.3,8.7,15.0,79,81,79,73,67
2017-07-27 03:00,2021,66,65,0.00,59,0.00,,8.5,3.6,0.37,0.63,0.8,1.1,10.5,8.2,14.8,78,80,79,73,67
2017-07-27 04:00,2021,65,64,0.00,62,8.10,,7.0,3.3,0.38,0.61,0.7,0.1,9.3,8.1,14.8,76,79,78,73,67
2017-07-27 05:00,2021,67,65,0.00,64,99.90,,10.6,6.2,0.40,0.64,0.6,0.9,10.8,7.9,15.0,75,78,78,73,67
2017-07-27 06:00,2021,73,67,0.00,59,257.90,,14.1,7.8,0.40,0.72,0.7,0.2,10.4,7.9,14.7,74,77,78,73,67
2017-07-27 07:00,2021,77,73,0.00,50,436.30,,14.3,9.6,0.40,0.85,0.4,1.0,10.3,8.1,15.1,74,76,78,73,67
2017-07-27 08:00,2021,81,77,0.00,41,599.10,,14.8,9.9,0.37,0.99,0.5,0.6,9.4,8.0,14.8,76,76,77,73,67
2017-07-27 09:00,2021,84,81,0.00,32,744.00,,17.8,10.8,0.33,1.09,0.8,0.8,10.2,7.5,15.0,78,76,77,73,67
2017-07-27 10:00,2021,85,84,0.00,28,850.00,,20.1,12.6,0.32,1.19,0.9,1.4,10.1,7.5,15.1,82,78,77,73,67
2017-07-27 11:00,2021,89,85,0.00,26,900.00,,18.1,11.4,0.32,1.28,1.3,0.5,9.9,7.9,14.8,85,80,77,73,67
2017-07-27 12:00,2021,90,88,0.00,21,910.00,,20.1,11.9,0.27,1.38,1.2,0.6,8.9,7.8,15.0,89,82,76,73,67
2017-07-27 13:00,2021,90,89,0.00,17,868.00,,20.2,10.8,0.23,1.41,0.8,0.7,10.6,8.0,14.8,93,85,77,73,67
2017-07-27 14:00,2021,91,90,0.00,17,768.00,,18.4,9.8,0.24,1.46,1.1,1.3,9.1,7.9,14.9,96,87,77,73,67
2017-07-27 15:00,2021,91,91,0.00,16,628.40,,17.4,9.3,0.25,1.46,1.5,1.5,9.9,7.8,15.1,100,90,77,73,67
2017-07-27 16:00,2021,91,90,0.00,18,450.30,,15.1,9.0,0.27,1.43,1.5,2.1,10.2,8.3,14.9,101,91,78,73,67
2017-07-27 17:00,2021,91,89,0.00,19,291.10,,16.0,8.7,0.26,1.41,0.9,1.4,10.1,8.5,14.8,101,92,78,73,67
2017-07-27 18:00,2021,89,85,0.00,20,126.00,,9.0,6.1,0.26,1.33,0.8,2.3,10.3,7.8,15.0,99,92,79,73,67
2017-07-27 19:00,2021,85,77,0.00,21,10.68,,8.6,4.1,0.26,1.07,1.6,1.4,9.7,8.7,14.9,96,91,79,73,67
2017-07-27 20:00,2021,77,73,0.00,27,0.00,,7.6,4.2,0.25,0.88,1.0,1.4,10.1,8.8,14.7,93,90,80,73,67
2017-07-27 21:00,2021,74,72,0.00,32,0.00,,5.5,2.8,0.28,0.82,1.0,1.2,9.9,8.4,14.9,90,89,80,73,67
2017-07-27 22:00,2021,72,69,0.00,38,0.00,,4.2,2.1,0.30,0.74,0.8,1.7,10.5,7.5,14.9,87,87,80,73,67
2017-07-27 23:00,2021,69,66,0.00,42,0.00,,3.2,1.2,0.29,0.68,1.1,1.0,9.9,8.4,14.9,84,85,80,73,67
2017-07-28 00:00,2021,66,61,0.00,46,0.00,,3.1,1.1,0.29,0.63,0.7,0.2,10.2,7.7,14.8,81,84,80,73,67
2017-07-28 01:00,2021,62,59,0.00,51,0.00,,3.8,1.8,0.27,0.55,0.3,0.2,9.9,8.1,14.9,79,82,80,73,67
2017-07-28 02:00,2021,59,57,0.00,53,0.00,,3.8,1.7,0.27,0.49,0.8,1.3,10.1,8.1,14.6,77,80,80,73,67
2017-07-28 03:00,2021,58,56,0.00,56,0.00,,4.0,2.0,0.26,0.47,0.0,1.5,10.7,7.4,14.5,75,79,79,73,67
2017-07-28 04:00,2021,59,57,0.00,54,9.14,,3.5,1.5,0.25,0.48,0.1,0.0,9.8,7.3,14.5,73,78,79,73,67
2017-07-28 05:00,2021,62,58,0.00,50,119.70,,2.8,1.5,0.25,0.51,0.3,1.2,9.7,8.6,14.7,72,76,79,73,67
2017-07-28 06:00,2021,69,61,0.00,51,284.80,,3.4,1.5,0.26,0.63,0.4,0.4,10.9,7.9,14.9,70,75,78,73,67
2017-07-28 07:00,2021,75,69,0.00,37,456.50,,8.9,3.9,0.30,0.76,0.3,1.6,8.7,8.5,15.0,70,74,78,73,67
2017-07-28 08:00,2021,79,75,0.00,40,616.70,,11.3,6.6,0.32,0.92,0.1,0.2,10.0,8.8,14.6,72,74,77,73,67
2017-07-28 09:00,2021,83,79,0.00,30,752.00,,12.2,6.4,0.29,1.06,0.5,0.2,9.6,7.8,14.8,75,74,77,73,67
2017-07-28 10:00,2021,85,83,0.00,25,847.00,,13.8,6.6,0.29,1.17,0.9,1.6,9.8,8.4,14.9,79,76,77,73,67
2017-07-28 11:00,2021,88,85,0.00,23,898.00,,13.9,6.0,0.26,1.28,1.1,0.2,9.1,8.3,14.6,83,78,76,73,67
2017-07-28 12:00,2021,90,88,0.00,19,899.00,,13.6,6.6,0.23,1.36,1.3,1.0,9.9,8.6,14.7,87,81,76,73,67
2017-07-28 13:00,2021,92,90,0.00,15,856.00,,12.4,6.9,0.20,1.47,1.3,1.0,10.2,8.7,14.8,92,84,76,73,67
2017-07-28 14:00,2021,93,91,0.00,13,761.00,,13.9,7.1,0.18,1.51,1.9,1.2,9.8,7.8,14.7,96,87,76,73,67
2017-07-28 15:00,2021,94,92,0.00,12,629.90,,13.4,7.5,0.19,1.56,1.3,1.2,10.7,8.6,15.0,99,89,77,73,67
2017-07-28 16:00,2021,92,91,0.00,11,470.90,,14.9,8.1,0.18,1.52,0.9,0.8,9.8,8.8,14.7,100,90,77,73,67
2017-07-28 17:00,2021,91,89,0.00,12,300.80,,10.7,6.8,0.17,1.45,1.4,1.1,10.0,7.9,14.9,100,91,78,73,67
2017-07-28 18:00,2021,89,86,0.00,12,131.00,,10.7,5.2,0.16,1.33,1.2,1.6,10.4,7.9,14.7,99,91,78,73,67
2017-07-28 19:00,2021,86,78,0.00,13,10.90,,3.9,2.3,0.17,1.12,0.9,1.4,9.5,8.9,14.8,96,91,79,73,67
2017-07-28 20:00,2021,78,76,0.00,18,0.00,,3.8,1.3,0.17,0.94,0.8,0.9,10.3,8.2,14.5,92,90,79,73,67
2017-07-28 21:00,2021,76,72,0.00,20,0.00,,2.8,1.0,0.18,0.84,1.1,1.5,10.2,7.8,14.6,89,88,80,73,67
2017-07-28 22:00,2021,74,69,0.00,22,0.00,,4.6,2.0,0.19,0.79,1.1,1.5,10.0,7.8,14.6,85,86,80,73,67
2017-07-28 23:00,2021,72,68,0.00,27,0.00,,4.4,2.1,0.21,0.75,0.5,0.4,9.9,8.5,14.6,82,84,80,73,67
2017-07-29 00:00,2021,68,62,0.00,32,0.00,,6.4,2.9,0.21,0.64,0.5,0.3,10.1,8.6,14.6,80,83,80,73,67
2017-07-29 01:00,2021,67,62,0.00,39,0.00,,4.0,2.4,0.21,0.63,0.8,0.7,9.7,8.6,14.7,78,81,80,73,67
2017-07-29 02:00,2021,65,59,0.00,35,0.00,,8.2,4.0,0.21,0.56,0.7,0.4,9.3,8.5,14.5,76,80,79,73,67
2017-07-29 03:00,2021,59,58,0.00,44,0.00,,5.4,2.9,0.23,0.49,0.7,0.9,10.2,8.1,14.7,74,78,79,73,67
2017-07-29 04:00,2021,58,56,0.00,49,8.53,,4.4,2.0,0.24,0.47,0.2,0.1,8.7,9.0,14.8,73,77,79,73,67
2017-07-29 05:00,2021,63,56,0.00,53,119.40,,3.7,1.6,0.26,0.53,0.3,0.9,10.2,7.7,14.5,71,76,78,73,67
2017-07-29 06:00,2021,70,63,0.00,44,285.50,,4.4,2.1,0.28,0.64,0.2,0.2,9.5,8.4,14.9,70,75,78,73,67
2017-07-29 07:00,2021,76,70,0.00,40,456.90,,8.0,4.0,0.30,0.81,0.0,0.4,10.0,7.9,14.9,70,74,78,73,67
2017-07-29 08:00,2021,80,76,0.00,33,616.70,,11.9,6.1,0.30,0.94,0.1,0.5,10.5,7.5,14.7,71,74,77,73,67
2017-07-29 09:00,2021,83,80,0.00,29,752.00,,9.2,4.8,0.29,1.08,0.3,0.7,9.0,7.7,14.5,75,74,77,73,67
2017-07-29 10:00,2021,87,83,0.00,24,848.00,,12.0,5.0,0.27,1.22,0.1,0.7,9.5,8.4,14.9,79,75,76,73,67
2017-07-29 11:00,2021,89,87,0.00,20,901.00,,11.8,6.3,0.27,1.31,0.9,1.1,8.8,7.4,14.7,83,78,76,73,67
2017-07-29 12:00,2021,91,89,0.00,19,903.00,,13.5,6.3,0.25,1.43,1.2,1.8,9.5,7.7,14.9,87,80,76,73,67
2017-07-29 13:00,2021,93,91,0.00,16,854.00,,15.1,6.8,0.24,1.48,1.0,1.3,10.3,8.7,14.6,92,83,76,73,67
2017-07-29 14:00,2021,94,93,0.00,15,767.00,,14.2,6.9,0.23,1.57,1.1,1.1,10.7,8.7,14.8,96,86,76,73,67
2017-07-29 15:00,2021,94,93,0.00,13,641.10,,14.1,7.5,0.19,1.58,1.5,1.7,10.5,8.4,14.6,99,89,76,73,67
2017-07-29 16:00,2021,93,92,0.00,11,473.30,,12.0,7.1,0.18,1.56,1.3,1.4,10.5,7.4,14.6,101,91,77,73,67
2017-07-29 17:00,2021,93,91,0.00,13,299.60,,11.8,6.9,0.18,1.51,1.4,1.8,9.9,8.8,14.9,101,92,78,73,67
2017-07-29 18:00,2021,91,86,0.00,14,125.40,,10.1,4.9,0.20,1.39,1.4,0.8,9.6,8.2,14.9,99,92,78,73,67
2017-07-29 19:00,2021,86,78,0.00,17,9.70,,5.1,2.9,0.20,1.09,1.3,1.6,10.0,7.9,14.6,96,91,79,73,67
2017-07-29 20:00,2021,78,77,0.00,20,0.00,,3.5,1.8,0.21,0.94,1.0,1.0,10.0,7.8,14.8,93,90,79,73,67
2017-07-29 21:00,2021,77,74,0.00,24,0.00,,3.0,1.6,0.22,0.90,0.6,1.1,10.0,7.6,14.4,89,88,79,73,67
2017-07-29 22:00,2021,74,70,0.00,29,0.00,,3.2,1.6,0.24,0.80,1.2,1.0,9.1,8.4,14.6,86,87,80,73,67
2017-07-29 23:00,2021,70,68,0.00,33,0.00,,4.0,1.5,0.24,0.71,0.3,0.5,9.3,8.8,14.8,83,85,80,73,67
2017-07-30 00:00,2021,68,66,0.00,36,0.00,,4.5,2.3,0.26,0.67,1.1,1.0,9.2,8.9,14.9,81,83,80,73,67
2017-07-30 01:00,2021,66,62,0.00,42,0.00,,5.2,2.9,0.27,0.60,0.2,0.6,9.9,8.3,14.6,78,82,80,73,67
2017-07-30 02:00,2021,64,62,0.00,50,0.00,,4.9,2.6,0.28,0.57,0.2,0.6,10.4,7.6,14.8,77,80,79,73,67
2017-07-30 03:00,2021,62,59,0.00,50,0.00,,5.2,1.7,0.28,0.55,0.8,0.5,9.9,8.0,14.5,75,79,79,73,67
2017-07-30 04:00,2021,60,57,0.00,55,8.06,,4.3,2.2,0.27,0.48,0.4,0.8,9.7,7.5,14.7,73,78,79,73,67
2017-07-30 05:00,2021,64,60,0.00,55,116.30,,4.8,2.0,0.28,0.54,0.0,0.9,9.3,8.6,14.5,72,76,78,73,67
2017-07-30 06:00,2021,72,64,0.00,47,283.30,,12.1,4.4,0.28,0.67,0.0,0.4,10.5,7.8,14.4,71,75,78,73,67
2017-07-30 07:00,2021,77,72,0.00,34,460.00,,12.4,7.4,0.27,0.85,0.2,0.9,9.1,9.0,14.8,70,74,78,73,67
2017-07-30 08:00,2021,83,77,0.00,30,627.10,,11.0,6.2,0.27,1.00,0.4,0.7,10.0,7.5,14.3,72,74,77,73,67
2017-07-30 09:00,2021,85,83,0.00,23,768.00,,12.3,6.9,0.27,1.16,0.5,1.1,9.2,8.8,14.4,75,74,77,73,67
2017-07-30 10:00,2021,87,85,0.00,21,865.00,,13.2,7.1,0.25,1.26,1.1,1.4,10.8,8.6,14.9,80,76,76,73,67
2017-07-30 11:00,2021,90,87,0.00,19,919.00,,14.8,7.4,0.23,1.36,0.4,0.2,9.5,8.1,14.6,84,78,76,73,67
2017-07-30 12:00,2021,93,90,0.00,14,924.00,,18.1,7.8,0.19,1.48,1.1,1.0,10.0,8.5,14.5,88,81,76,73,67
2017-07-30 13:00,2021,94,92,0.00,12,875.00,,16.2,8.2,0.19,1.56,0.9,0.6,8.7,7.4,14.9,92,84,76,73,67
2017-07-30 14:00,2021,95,92,0.00,12,777.00,,15.4,8.5,0.19,1.57,1.3,0.9,9.6,8.6,14.3,96,87,76,73,67
2017-07-30 15:00,2021,95,93,0.00,12,643.40,,21.8,10.2,0.19,1.63,1.2,1.2,9.2,8.6,14.6,100,89,77,73,68
2017-07-30 16:00,2021,94,93,0.00,12,479.60,,18.0,10.2,0.18,1.58,1.1,1.0,9.3,8.5,14.6,101,91,77,73,68
2017-07-30 17:00,2021,93,92,0.00,11,297.20,,13.5,7.5,0.18,1.56,1.2,1.7,10.3,7.7,14.7,101,92,78,73,68
2017-07-30 18:00,2021,92,87,0.00,13,123.80,,10.0,5.6,0.19,1.46,0.9,1.8,9.4,8.7,14.5,100,92,78,73,68
2017-07-30 19:00,2021,87,78,0.00,17,9.14,,7.1,4.0,0.23,1.15,1.1,1.5,10.6,7.8,14.4,96,91,79,73,68
2017-07-30 20:00,2021,78,78,0.00,25,0.00,,3.4,1.5,0.25,0.97,0.8,1.8,9.3,8.4,14.3,93,90,79,73,68
2017-07-30 21:00,2021,78,75,0.00,25,0.00,,9.5,4.9,0.24,0.91,1.1,1.0,9.7,7.7,14.4,90,89,80,73,68
2017-07-30 22:00,2021,75,72,0.00,28,0.00,,7.6,3.6,0.25,0.83,0.8,1.0,9.9,7.7,14.8,87,87,80,73,68
2017-07-30 23:00,2021,72,69,0.00,32,0.00,,3.6,1.4,0.27,0.75,0.8,1.6,10.3,8.0,14.3,84,85,80,73,68
2017-07-31 00:00,2021,70,69,0.00,39,0.00,,4.0,1.7,0.29,0.73,0.8,1.5,8.9,8.6,14.4,82,84,80,73,68
2017-07-31 01:00,2021,69,67,0.00,41,0.00,,5.0,2.6,0.29,0.68,0.2,0.8,8.7,8.9,14.3,80,82,80,73,68
2017-07-31 02:00,2021,67,60,0.00,44,0.00,,6.8,3.0,0.29,0.62,0.4,0.9,9.9,7.8,14.4,78,81,80,73,68
2017-07-31 03:00,2021,60,59,0.00,54,0.00,,6.8,5.1,0.27,0.52,0.4,0.2,9.8,8.0,14.2,76,79,79,73,68
2017-07-31 04:00,2021,61,59,0.00,55,5.80,,2.5,1.3,0.28,0.53,0.4,0.6,9.9,7.5,14.5,74,78,79,73,68
2017-07-31 05:00,2021,64,60,0.00,52,111.30,,2.6,1.2,0.28,0.54,0.6,0.8,9.1,8.7,14.6,73,77,79,73,68
2017-07-31 06:00,2021,69,64,0.00,48,282.10,,5.2,2.3,0.29,0.64,0.1,0.2,9.4,8.8,14.7,72,76,78,73,68
2017-07-31 07:00,2021,76,69,0.00,42,459.90,,8.7,5.3,0.29,0.79,0.5,0.9,9.8,7.8,14.7,71,75,78,73,68
2017-07-31 08:00,2021,83,76,0.00,31,624.80,,10.5,6.4,0.27,0.99,0.3,1.5,8.7,8.4,14.7,72,75,78,73,68
2017-07-31 09:00,2021,86,83,0.00,24,763.00,,12.6,6.9,0.25,1.16,0.2,0.1,10.0,7.4,14.4,76,75,77,73,68
2017-07-31 10:00,2021,89,86,0.00,18,863.00,,14.6,6.9,0.22,1.29,0.8,0.6,9.0,8.2,14.7,80,76,77,73,68
2017-07-31 11:00,2021,90,89,0.00,17,916.00,,13.0,7.0,0.24,1.38,0.8,1.3,8.8,7.5,14.3,84,78,76,73,68
2017-07-31 12:00,2021,92,90,0.00,16,921.00,,13.8,6.4,0.22,1.47,1.5,1.4,9.0,7.9,14.7,88,81,76,73,68
2017-07-31 13:00,2021,94,92,0.00,15,872.00,,13.4,6.4,0.21,1.55,0.9,1.1,9.6,8.0,14.8,92,84,76,73,68
2017-07-31 14:00,2021,94,93,0.00,13,771.00,,12.6,5.8,0.21,1.59,1.4,0.5,9.1,7.5,14.5,97,87,77,73,68
2017-07-31 15:00,2021,95,94,0.00,13,637.20,,11.5,5.5,0.20,1.65,1.1,0.5,9.8,7.6,14.5,100,90,77,73,68
2017-07-31 16:00,2021,95,93,0.00,12,463.10,,10.2,5.1,0.20,1.62,1.7,1.2,9.0,8.2,14.4,102,91,77,73,68
2017-07-31 17:00,2021,94,92,0.00,13,287.10,,8.7,4.9,0.20,1.58,1.2,1.8,8.9,8.7,14.7,101,92,78,73,68
2017-07-31 18:00,2021,92,85,0.00,13,121.40,,7.9,3.6,0.20,1.41,1.0,1.7,9.7,8.1,14.7,100,92,78,73,68
2017-07-31 19:00,2021,85,78,0.00,17,8.47,,5.2,4.0,0.19,1.11,1.5,1.4,10.1,7.9,14.4,97,92,79,73,68
2017-07-31 20:00,2021,79,76,0.00,17,0.00,,5.1,3.1,0.17,0.97,1.3,0.9,10.1,8.0,14.5,93,90,80,73,68
2017-07-31 21:00,2021,79,73,0.00,16,0.00,,4.5,2.1,0.16,0.93,0.9,1.2,8.9,8.6,14.6,90,89,80,73,68
2017-07-31 22:00,2021,76,68,0.00,18,0.00,,6.4,3.8,0.17,0.77,0.6,1.1,9.3,8.4,14.6,86,87,80,73,68
2017-07-31 23:00,2021,68,64,0.00,25,0.00,,5.4,3.9,0.17,0.67,0.9,0.9,9.5,8.7,14.4,83,85,80,73,68
