Date,Station Id,Air Temperature Maximum (degF),Air Temperature Minimum (degF),Precipitation Increment (in),Relative Humidity (pct),Solar Radiation Average (watt/m2),Solar Radiation/langley Total (langley),Wind Speed Maximum (mph),Wind Speed Average (mph),Vapor Pressure - Partial (inch_Hg),Vapor Pressure - Saturated (inch_Hg),Soil Moisture Percent -2in (pct),Soil Moisture Percent -4in (pct),Soil Moisture Percent -8in (pct),Soil Moisture Percent -20in (pct),Soil Moisture Percent -40in (pct),Soil Temperature Observed -2in (degF),Soil Temperature Observed -4in (degF),Soil Temperature Observed -8in (degF),Soil Temperature Observed -20in (degF),Soil Temperature Observed -40in (degF)
2017-01-01 00:00,2021,22,21,0.00,95,0.09,,6.5,2.6,0.11,0.12,8.7,8.6,20.1,14.2,7.1,32,33,34,37,42
2017-01-01 01:00,2021,22,22,0.00,95,0.06,,4.9,2.9,0.11,0.12,8.5,8.9,18.6,14.8,7.5,32,33,34,37,42
2017-01-01 02:00,2021,22,22,0.00,95,0.06,,3.9,1.4,0.11,0.12,8.3,8.2,19.1,14.4,7.4,32,33,34,37,42
2017-01-01 03:00,2021,23,20,0.00,95,0.06,,4.7,1.9,0.12,0.12,8.9,9.5,18.8,14.5,7.7,32,33,34,37,42
2017-01-01 04:00,2021,20,20,0.00,94,0.09,,4.7,1.7,0.10,0.11,7.7,9.6,18.1,14.8,7.2,32,33,34,37,42
2017-01-01 05:00,2021,21,19,0.00,95,0.07,,6.4,3.1,0.11,0.11,9.0,6.4,20.0,14.6,7.8,32,33,34,37,42
2017-01-01 06:00,2021,20,18,0.00,94,0.09,,3.9,2.2,0.10,0.10,8.3,8.4,19.9,14.4,7.0,32,33,34,37,42
2017-01-01 07:00,2021,18,15,0.00,93,3.13,,5.1,2.8,0.09,0.09,9.0,9.5,18.5,14.6,7.2,32,33,34,37,42
2017-01-01 08:00,2021,19,15,0.00,94,35.98,,7.3,3.8,0.09,0.10,8.1,10.0,18.8,14.0,7.3,32,33,34,37,42
2017-01-01 09:00,2021,20,18,0.00,95,130.50,,5.9,3.0,0.10,0.11,7.3,8.0,20.1,14.3,6.9,32,33,34,37,42
2017-01-01 10:00,2021,22,19,0.00,94,158.10,,5.5,2.8,0.10,0.11,8.4,8.9,19.0,13.9,7.4,32,33,34,37,42
2017-01-01 11:00,2021,24,22,0.00,95,182.70,,6.9,3.9,0.12,0.12,7.8,7.9,19.7,14.6,7.3,32,33,34,37,42
2017-01-01 12:00,2021,26,24,0.00,95,205.80,,6.7,4.6,0.13,0.13,7.0,9.4,18.4,14.6,7.5,32,33,34,37,42
2017-01-01 13:00,2021,28,26,0.00,96,126.50,,7.8,4.8,0.14,0.14,8.7,6.6,19.8,14.3,7.8,32,33,34,37,42
2017-01-01 14:00,2021,29,28,0.00,97,81.80,,9.8,6.7,0.15,0.15,8.7,8.5,19.5,14.0,6.9,32,33,34,37,42
2017-01-01 15:00,2021,29,28,0.00,97,30.66,,12.9,7.6,0.16,0.16,8.0,9.2,18.7,14.8,7.4,32,33,34,37,42
2017-01-01 16:00,2021,28,27,0.00,97,1.25,,17.4,8.5,0.15,0.15,8.1,9.1,18.9,14.8,7.1,32,33,34,37,42
2017-01-01 17:00,2021,27,25,0.00,97,0.04,,22.2,13.8,0.14,0.14,9.3,9.0,18.3,15.0,7.2,32,33,34,37,42
2017-01-01 18:00,2021,25,24,0.00,94,0.05,,21.7,15.6,0.12,0.13,8.4,8.3,19.3,13.9,7.1,32,33,34,37,42
2017-01-01 19:00,2021,25,24,0.00,87,0.05,,23.7,16.3,0.11,0.13,8.1,9.7,18.4,14.8,7.4,32,33,34,37,42
2017-01-01 20:00,2021,25,24,0.00,78,0.05,,24.3,17.6,0.10,0.13,8.4,8.4,19.1,13.5,7.6,32,33,34,37,42
2017-01-01 21:00,2021,24,23,0.00,84,0.06,,25.3,18.0,0.11,0.13,9.3,8.0,19.3,14.3,7.7,32,33,34,37,42
2017-01-01 22:00,2021,24,23,0.00,86,0.07,,24.3,17.2,0.10,0.13,8.0,9.5,18.1,14.7,7.3,32,33,34,37,42
2017-01-01 23:00,2021,24,23,0.00,74,0.06,,24.3,16.8,0.09,0.13,8.2,8.5,19.6,14.5,7.3,32,33,34,37,42
2017-01-02 00:00,2021,23,22,0.00,74,0.06,,26.3,18.5,0.09,0.12,7.3,7.8,19.7,14.1,7.5,32,33,34,37,42
2017-01-02 01:00,2021,22,21,0.00,80,0.05,,26.9,18.4,0.09,0.12,8.8,8.5,18.7,14.5,7.4,32,33,34,37,42
2017-01-02 02:00,2021,22,21,0.00,77,0.06,,25.7,17.4,0.09,0.12,9.0,9.1,18.5,14.4,7.3,32,33,34,37,42
2017-01-02 03:00,2021,21,20,0.00,81,0.06,,23.2,16.8,0.09,0.11,9.0,7.5,19.4,14.3,7.6,32,33,34,37,42
2017-01-02 04:00,2021,20,19,0.00,79,0.07,,25.6,18.0,0.09,0.11,8.6,6.7,20.0,14.4,6.9,32,33,34,37,42
2017-01-02 05:00,2021,19,18,0.00,80,0.08,,24.2,16.6,0.08,0.11,8.2,8.5,18.7,14.4,7.3,32,33,34,37,42
2017-01-02 06:00,2021,18,18,0.00,76,0.11,,22.4,16.2,0.07,0.10,7.5,10.0,18.7,13.9,7.8,32,33,34,37,42
2017-01-02 07:00,2021,18,17,0.00,68,2.89,,20.9,15.4,0.06,0.10,8.0,7.8,19.4,14.3,7.0,32,33,34,37,42
2017-01-02 08:00,2021,17,17,0.00,68,36.61,,20.0,13.8,0.06,0.09,6.9,9.6,18.4,13.9,7.5,32,33,34,37,42
2017-01-02 09:00,2021,21,17,0.00,66,195.20,,20.2,14.1,0.06,0.10,6.8,8.4,18.9,14.3,7.6,32,33,34,37,42
2017-01-02 10:00,2021,21,20,0.00,62,238.30,,22.3,15.8,0.07,0.11,6.5,7.8,19.4,14.4,7.1,32,33,34,37,42
2017-01-02 11:00,2021,20,20,0.00,62,182.00,,19.9,14.3,0.07,0.11,1.7,9.1,18.4,14.4,7.1,32,33,34,37,42
2017-01-02 12:00,2021,20,20,0.00,61,182.10,,19.9,14.5,0.07,0.11,0.5,7.9,19.2,14.7,7.3,32,33,34,37,42
2017-01-02 13:00,2021,21,20,0.00,64,170.80,,20.0,13.6,0.07,0.11,0.1,9.2,18.5,13.7,7.3,32,33,34,37,42
2017-01-02 14:00,2021,21,20,0.00,63,116.70,,17.2,12.4,0.07,0.11,0.0,9.0,17.9,14.4,7.4,32,33,34,37,42
2017-01-02 15:00,2021,20,19,0.00,64,41.44,,16.5,11.2,0.07,0.11,0.6,7.2,19.5,14.2,7.7,32,33,34,37,42
2017-01-02 16:00,2021,20,19,0.00,66,2.06,,15.2,11.2,0.07,0.11,0.8,8.1,19.1,13.9,7.4,32,33,34,37,42
2017-01-02 17:00,2021,19,18,0.00,64,0.12,,17.4,12.4,0.07,0.11,0.6,9.1,18.0,14.9,7.3,32,33,34,37,42
2017-01-02 18:00,2021,19,18,0.00,64,0.10,,18.0,12.9,0.06,0.10,0.3,7.6,18.9,14.8,7.2,32,33,34,37,42
2017-01-02 19:00,2021,19,18,0.00,64,0.10,,18.7,12.6,0.06,0.10,0.1,7.3,19.1,14.1,7.6,32,33,34,37,42
2017-01-02 20:00,2021,18,17,0.00,65,0.11,,16.9,12.4,0.06,0.10,0.0,9.1,18.2,13.7,7.3,31,33,34,37,42
2017-01-02 21:00,2021,18,17,0.00,63,0.12,,18.0,12.1,0.06,0.10,0.0,8.4,18.9,14.7,7.5,31,33,34,37,42
2017-01-02 22:00,2021,18,18,0.00,65,0.10,,17.0,12.7,0.06,0.10,0.6,7.0,19.7,14.0,7.4,31,33,34,37,42
2017-01-02 23:00,2021,18,17,0.00,65,0.10,,17.8,13.0,0.06,0.10,0.6,9.0,18.5,14.5,7.5,31,33,34,37,42
2017-01-03 00:00,2021,17,17,0.00,65,0.09,,19.9,13.4,0.06,0.10,0.0,8.9,18.4,14.1,7.2,31,33,34,37,42
2017-01-03 01:00,2021,17,17,0.00,67,0.09,,18.8,12.8,0.06,0.10,0.5,8.3,18.2,14.6,7.1,31,33,34,37,42
2017-01-03 02:00,2021,17,17,0.00,65,0.09,,18.2,13.2,0.06,0.09,0.3,7.0,19.3,14.7,7.5,31,33,34,37,42
2017-01-03 03:00,2021,17,16,0.00,67,0.10,,17.5,12.3,0.06,0.09,0.1,8.6,18.4,13.8,7.5,31,33,34,37,42
2017-01-03 04:00,2021,16,16,0.00,67,0.12,,17.3,12.5,0.06,0.09,0.0,6.9,19.8,14.1,7.9,31,32,34,37,42
2017-01-03 05:00,2021,16,16,0.00,67,0.10,,19.4,12.5,0.06,0.09,0.0,8.8,18.3,14.1,7.5,31,32,34,37,42
2017-01-03 06:00,2021,16,15,0.00,65,0.14,,18.5,13.0,0.06,0.09,0.0,6.8,19.5,14.4,7.2,31,32,34,37,42
2017-01-03 07:00,2021,16,15,0.00,65,3.42,,18.3,13.1,0.06,0.09,0.0,6.8,19.3,14.2,7.7,31,32,34,37,42
2017-01-03 08:00,2021,16,15,0.00,66,50.21,,17.6,12.5,0.06,0.09,0.0,8.0,17.8,14.6,7.3,31,32,34,37,42
2017-01-03 09:00,2021,16,16,0.00,67,119.50,,16.7,11.4,0.06,0.09,0.0,7.5,19.4,13.9,7.6,30,32,34,37,42
2017-01-03 10:00,2021,18,16,0.00,65,205.10,,16.8,11.9,0.06,0.10,0.0,8.3,17.7,14.6,7.5,30,32,34,37,42
2017-01-03 11:00,2021,18,18,0.00,60,245.70,,18.2,12.8,0.06,0.10,0.0,8.3,19.0,13.6,7.5,30,32,34,37,42
2017-01-03 12:00,2021,19,18,0.00,61,270.70,,19.2,13.6,0.06,0.10,0.0,6.7,19.5,14.0,7.5,30,32,34,37,42
2017-01-03 13:00,2021,18,18,0.00,62,212.20,,17.7,12.9,0.06,0.10,0.0,8.1,17.9,14.4,7.3,30,32,34,37,42
2017-01-03 14:00,2021,18,18,0.00,62,159.40,,15.7,11.2,0.06,0.10,0.5,6.3,18.9,14.3,7.1,31,32,34,37,42
2017-01-03 15:00,2021,18,17,0.00,63,59.50,,15.9,11.5,0.06,0.10,0.0,6.2,18.6,14.7,7.8,30,32,34,37,42
2017-01-03 16:00,2021,17,16,0.00,64,4.16,,14.7,10.0,0.06,0.09,0.1,8.2,18.5,13.9,7.3,30,32,34,37,42
2017-01-03 17:00,2021,16,15,0.00,67,0.11,,13.0,9.4,0.06,0.09,0.3,7.5,18.7,14.0,7.3,30,32,34,37,42
2017-01-03 18:00,2021,15,13,0.00,68,0.09,,12.4,9.2,0.06,0.09,0.0,7.6,18.4,14.2,7.6,30,32,34,37,42
2017-01-03 19:00,2021,13,12,0.00,70,0.09,,12.8,9.1,0.06,0.08,0.0,6.2,19.4,14.0,7.5,30,32,34,37,42
2017-01-03 20:00,2021,12,12,0.00,73,0.05,,16.4,11.7,0.06,0.08,0.0,7.9,18.2,13.8,7.7,30,32,34,37,42
2017-01-03 21:00,2021,13,12,0.00,70,0.04,,20.0,13.7,0.06,0.08,0.0,7.6,18.4,14.6,7.2,30,32,34,37,42
2017-01-03 22:00,2021,12,11,0.00,68,0.05,,18.2,13.2,0.05,0.08,0.0,7.8,18.6,14.0,7.4,30,32,34,37,42
2017-01-03 23:00,2021,11,10,0.00,69,0.06,,20.6,14.7,0.05,0.07,1.6,6.3,18.3,14.2,7.5,29,32,34,37,42
2017-01-04 00:00,2021,11,10,0.00,69,0.06,,21.0,16.1,0.05,0.07,1.4,8.1,17.9,14.0,7.3,29,32,34,37,42
2017-01-04 01:00,2021,11,10,0.00,68,0.04,,24.5,17.2,0.05,0.07,1.2,6.0,19.1,13.9,7.4,29,32,34,37,42
2017-01-04 02:00,2021,11,10,0.00,67,0.05,,23.4,16.9,0.05,0.07,1.0,5.5,19.2,13.8,7.5,29,32,34,37,42
2017-01-04 03:00,2021,11,10,0.00,67,0.05,,24.2,17.2,0.05,0.07,0.8,7.2,17.9,14.8,7.2,28,32,34,37,42
2017-01-04 04:00,2021,10,10,0.00,67,0.04,,26.4,19.1,0.05,0.07,1.1,7.9,17.9,13.9,7.2,28,32,34,37,42
2017-01-04 05:00,2021,10,10,0.00,66,0.04,,25.0,17.6,0.04,0.07,1.2,5.9,18.4,14.2,7.6,28,32,34,37,42
2017-01-04 06:00,2021,10,9,0.00,63,0.06,,25.4,18.6,0.04,0.07,1.3,6.7,18.3,13.8,7.5,28,32,34,37,42
2017-01-04 07:00,2021,10,9,0.00,62,3.13,,26.3,19.9,0.04,0.07,1.4,5.1,18.9,14.1,7.6,28,32,34,37,42
2017-01-04 08:00,2021,12,10,0.00,61,92.10,,28.4,19.4,0.04,0.07,1.2,5.1,18.5,14.1,7.4,27,32,34,37,42
2017-01-04 09:00,2021,14,12,0.00,58,222.30,,26.7,19.3,0.05,0.08,1.5,4.8,18.3,14.1,7.1,27,32,34,37,42
2017-01-04 10:00,2021,17,14,0.00,55,315.00,,24.9,18.0,0.05,0.09,1.6,1.9,19.0,13.5,7.1,27,31,34,37,42
2017-01-04 11:00,2021,19,17,0.00,54,365.00,,25.5,18.0,0.05,0.10,1.4,1.5,18.9,13.8,7.5,27,31,34,37,42
2017-01-04 12:00,2021,20,18,0.00,53,364.00,,24.7,14.2,0.06,0.10,0.0,2.3,19.3,13.7,7.4,27,31,34,37,42
2017-01-04 13:00,2021,20,19,0.00,55,313.90,,27.0,17.8,0.06,0.11,0.0,4.2,18.3,13.8,7.1,28,31,34,37,42
2017-01-04 14:00,2021,20,18,0.00,55,221.90,,25.9,17.4,0.06,0.11,0.0,4.0,18.4,13.9,7.3,28,31,34,37,42
2017-01-04 15:00,2021,19,18,0.00,55,92.90,,23.2,16.8,0.06,0.10,0.0,2.6,18.2,14.6,7.4,28,31,34,37,42
2017-01-04 16:00,2021,18,15,0.00,55,4.96,,22.8,16.4,0.05,0.09,0.0,3.2,17.9,14.6,7.6,28,31,34,37,42
2017-01-04 17:00,2021,15,15,0.00,62,0.11,,22.0,15.9,0.05,0.09,0.0,2.3,18.6,14.6,7.4,28,31,34,37,42
2017-01-04 18:00,2021,15,14,0.00,60,0.09,,20.1,15.4,0.05,0.09,0.0,3.8,17.5,14.5,7.2,28,31,34,37,42
2017-01-04 19:00,2021,14,13,0.00,62,0.08,,20.0,14.9,0.05,0.08,0.0,2.7,18.3,14.3,7.6,28,31,34,37,42
2017-01-04 20:00,2021,13,13,0.00,62,0.07,,19.2,15.6,0.05,0.08,0.0,3.1,17.7,14.3,7.0,27,31,34,37,42
2017-01-04 21:00,2021,13,13,0.00,63,0.06,,20.2,15.8,0.05,0.08,0.0,2.0,18.4,14.2,7.3,27,31,34,37,42
2017-01-04 22:00,2021,13,13,0.00,62,0.07,,20.7,15.8,0.05,0.08,0.0,3.4,18.1,14.6,7.3,27,31,34,37,42
2017-01-04 23:00,2021,13,12,0.00,60,0.06,,19.8,15.4,0.05,0.08,0.0,3.4,18.5,13.7,7.1,27,31,34,37,42
2017-01-05 00:00,2021,12,10,0.00,63,0.07,,20.9,14.9,0.05,0.07,0.0,1.5,18.1,14.6,7.2,27,31,34,37,42
2017-01-05 01:00,2021,10,7,0.00,67,0.03,,15.0,8.4,0.04,0.06,1.7,1.7,18.5,13.7,7.1,27,30,34,37,42
2017-01-05 02:00,2021,7,6,0.00,71,0.00,,6.7,3.6,0.04,0.06,1.7,3.2,18.2,13.9,7.2,26,30,34,37,42
2017-01-05 03:00,2021,7,6,0.00,71,0.00,,11.7,6.7,0.04,0.06,1.6,1.7,18.7,13.8,7.0,26,30,34,37,42
2017-01-05 04:00,2021,8,7,0.00,73,0.01,,14.4,10.1,0.04,0.06,1.6,1.4,18.5,13.9,7.5,26,30,33,37,42
2017-01-05 05:00,2021,9,7,0.00,72,0.00,,13.2,9.0,0.05,0.06,0.0,1.2,17.9,14.2,7.2,26,30,33,37,42
2017-01-05 06:00,2021,8,4,0.00,72,0.00,,13.5,10.1,0.04,0.06,0.0,3.7,18.3,14.7,7.5,26,30,33,37,42
2017-01-05 07:00,2021,4,3,0.00,78,7.53,,11.0,5.0,0.04,0.05,1.6,1.6,18.5,14.1,7.6,26,30,33,37,42
2017-01-05 08:00,2021,7,4,0.00,78,91.00,,6.7,3.7,0.04,0.06,0.0,3.3,18.4,14.6,7.1,26,30,33,37,42
2017-01-05 09:00,2021,11,7,0.00,72,212.60,,8.8,5.3,0.05,0.06,0.0,1.6,18.0,13.9,7.5,26,30,33,37,42
2017-01-05 10:00,2021,12,10,0.00,67,307.90,,8.1,4.8,0.05,0.07,0.0,0.8,18.0,13.9,7.4,26,30,33,37,42
2017-01-05 11:00,2021,14,12,0.00,71,359.70,,7.9,4.7,0.06,0.08,0.0,2.3,18.4,13.5,7.5,26,29,33,37,42
2017-01-05 12:00,2021,15,13,0.00,74,350.60,,10.4,6.8,0.06,0.09,0.0,1.5,17.5,14.2,7.3,27,29,33,37,42
2017-01-05 13:00,2021,16,13,0.00,77,299.80,,10.5,6.6,0.06,0.09,0.0,2.8,18.3,14.1,7.3,27,29,33,37,42
2017-01-05 14:00,2021,15,14,0.00,77,157.10,,10.5,7.9,0.07,0.09,0.0,3.6,18.1,14.5,7.1,27,29,33,37,42
2017-01-05 15:00,2021,15,13,0.00,77,84.90,,9.0,6.5,0.06,0.09,0.0,1.2,17.8,14.1,7.6,28,30,33,37,42
2017-01-05 16:00,2021,13,9,0.00,78,6.22,,5.7,4.6,0.06,0.07,0.0,1.3,17.8,14.1,7.5,28,30,33,36,42
2017-01-05 17:00,2021,9,6,0.00,83,0.11,,6.1,4.3,0.05,0.06,0.0,2.3,18.4,14.6,7.0,28,30,33,36,42
2017-01-05 18:00,2021,6,5,0.00,87,0.03,,7.5,6.6,0.05,0.06,0.0,2.0,18.3,14.7,7.6,28,30,33,36,42
2017-01-05 19:00,2021,6,5,0.00,87,0.01,,8.1,4.0,0.05,0.06,0.0,3.0,18.2,14.6,7.2,28,30,33,36,42
2017-01-05 20:00,2021,5,3,0.00,87,0.01,,4.8,2.7,0.05,0.05,0.0,2.5,17.2,14.4,7.3,27,30,33,36,42
2017-01-05 21:00,2021,5,3,0.00,86,0.00,,7.4,4.0,0.05,0.05,0.0,2.8,17.6,13.8,7.4,27,30,33,36,42
2017-01-05 22:00,2021,5,4,0.00,88,0.00,,8.5,7.0,0.05,0.05,0.0,1.7,18.3,14.3,7.3,26,29,33,36,42
2017-01-05 23:00,2021,6,5,0.00,87,0.00,,8.1,5.7,0.05,0.06,0.0,3.2,17.6,14.7,7.3,26,29,33,36,42
2017-01-06 00:00,2021,7,6,0.00,85,0.00,,9.1,6.4,0.05,0.06,0.0,1.3,17.4,14.3,7.4,26,29,33,36,42
2017-01-06 01:00,2021,6,6,0.00,84,0.00,,6.6,3.8,0.05,0.06,0.0,2.6,17.7,13.9,7.1,26,29,33,36,42
2017-01-06 02:00,2021,6,5,0.00,85,0.00,,7.5,4.1,0.05,0.06,0.0,3.1,17.8,13.9,7.4,26,29,33,36,42
2017-01-06 03:00,2021,6,5,0.00,86,0.00,,7.0,5.6,0.05,0.06,0.0,1.3,17.7,13.5,7.4,26,29,33,36,42
2017-01-06 04:00,2021,6,5,0.00,85,0.00,,6.1,3.0,0.05,0.06,0.0,1.4,17.3,14.8,7.0,26,29,33,36,42
2017-01-06 05:00,2021,5,4,0.00,84,0.00,,4.3,2.2,0.05,0.06,0.0,0.9,17.3,14.1,7.4,26,29,33,36,42
2017-01-06 06:00,2021,5,4,0.00,84,0.00,,5.9,3.7,0.05,0.06,0.0,2.8,17.7,13.8,7.3,26,29,33,36,42
2017-01-06 07:00,2021,6,4,0.00,82,7.99,,6.3,3.6,0.05,0.06,0.0,3.6,17.5,14.0,7.1,26,29,33,36,42
2017-01-06 08:00,2021,10,6,0.00,81,119.30,,5.9,3.9,0.05,0.06,0.0,3.1,17.5,13.7,7.2,26,29,33,36,42
2017-01-06 09:00,2021,15,10,0.00,74,218.90,,4.1,1.5,0.06,0.07,0.0,2.6,17.6,14.2,7.3,26,29,33,36,42
2017-01-06 10:00,2021,17,15,0.00,66,359.10,,3.9,1.5,0.06,0.09,0.0,2.8,17.7,14.3,7.2,26,29,33,36,42
2017-01-06 11:00,2021,17,17,0.00,64,350.00,,5.8,2.5,0.06,0.09,0.0,1.7,17.6,14.6,7.1,26,29,33,36,42
2017-01-06 12:00,2021,18,16,0.00,66,356.30,,5.8,2.7,0.06,0.10,0.0,2.5,17.8,14.0,7.3,26,29,33,36,42
2017-01-06 13:00,2021,19,17,0.00,63,286.00,,4.8,2.2,0.06,0.10,0.0,2.7,18.2,13.8,7.2,27,29,33,36,42
2017-01-06 14:00,2021,20,19,0.00,65,211.10,,4.9,2.3,0.07,0.11,0.0,2.9,17.5,13.7,7.5,27,29,33,36,42
2017-01-06 15:00,2021,19,17,0.00,65,109.20,,5.0,2.8,0.07,0.10,0.0,1.3,16.9,13.6,7.3,28,29,33,36,42
2017-01-06 16:00,2021,17,11,0.00,69,7.17,,4.9,3.7,0.06,0.09,0.0,2.3,17.2,14.4,7.3,28,29,33,36,42
2017-01-06 17:00,2021,11,7,0.00,77,0.09,,5.5,4.3,0.05,0.07,0.2,1.2,17.9,14.3,6.9,28,29,33,36,42
2017-01-06 18:00,2021,7,7,0.00,84,0.08,,5.1,3.1,0.05,0.06,0.0,2.1,17.2,13.9,7.3,27,29,33,36,42
2017-01-06 19:00,2021,7,5,0.00,80,0.04,,4.3,3.1,0.05,0.06,0.0,0.9,17.4,14.2,7.1,27,29,33,36,42
2017-01-06 20:00,2021,6,6,0.00,83,0.02,,4.0,3.0,0.05,0.06,0.0,2.0,17.3,13.8,6.9,27,29,33,36,41
2017-01-06 21:00,2021,6,4,0.00,82,0.01,,4.5,2.1,0.05,0.06,0.0,2.4,17.6,13.7,7.5,26,29,33,36,41
2017-01-06 22:00,2021,5,3,0.00,85,0.00,,6.6,3.8,0.05,0.06,0.0,1.9,17.1,14.2,7.4,26,29,33,36,41
2017-01-06 23:00,2021,5,3,0.00,82,0.00,,5.9,2.9,0.04,0.05,0.0,3.0,17.0,13.8,7.4,26,29,33,36,41
2017-01-07 00:00,2021,5,4,0.00,80,0.00,,5.7,2.0,0.04,0.06,0.0,1.5,16.8,14.6,7.0,25,29,33,36,41
2017-01-07 01:00,2021,6,4,0.00,82,0.00,,5.1,2.9,0.04,0.05,0.0,2.1,17.2,14.6,7.4,25,28,33,36,41
2017-01-07 02:00,2021,7,4,0.00,79,0.00,,9.6,6.1,0.05,0.06,1.7,2.6,16.9,13.9,7.4,25,28,33,36,41
2017-01-07 03:00,2021,6,5,0.00,78,0.00,,9.9,6.8,0.04,0.06,1.5,1.9,16.5,14.0,7.8,25,28,33,36,41
2017-01-07 04:00,2021,6,5,0.00,80,0.00,,8.7,5.7,0.05,0.06,1.4,2.1,17.0,13.8,7.4,25,28,33,36,41
2017-01-07 05:00,2021,7,6,0.00,81,0.00,,10.3,6.2,0.05,0.06,1.5,0.3,16.3,13.7,7.4,24,28,33,36,41
2017-01-07 06:00,2021,8,7,0.00,78,0.00,,10.7,7.9,0.05,0.06,0.0,1.3,17.0,14.3,7.7,24,28,33,36,41
2017-01-07 07:00,2021,9,8,0.00,78,5.07,,11.1,8.3,0.05,0.06,1.4,2.2,17.0,13.9,7.7,24,28,33,36,41
2017-01-07 08:00,2021,10,8,0.00,80,59.97,,10.8,7.7,0.05,0.07,1.5,2.3,16.9,14.2,7.6,24,28,33,36,41
2017-01-07 09:00,2021,14,10,0.00,77,142.30,,9.8,7.3,0.06,0.08,0.0,2.8,17.3,13.7,7.0,25,28,33,36,41
2017-01-07 10:00,2021,16,14,0.00,73,153.50,,11.3,7.5,0.06,0.09,1.6,1.3,17.0,13.6,7.4,25,28,33,36,41
2017-01-07 11:00,2021,17,16,0.00,70,151.00,,10.2,7.0,0.06,0.09,0.0,2.1,16.7,14.1,7.4,25,28,33,36,41
2017-01-07 12:00,2021,19,17,0.00,70,112.30,,9.7,6.9,0.07,0.10,0.0,1.3,16.3,14.1,7.1,25,28,33,36,41
2017-01-07 13:00,2021,20,19,0.00,70,71.00,,10.3,6.9,0.07,0.11,0.0,1.5,16.7,14.5,7.4,26,28,33,36,41
2017-01-07 14:00,2021,20,19,0.00,69,37.58,,9.5,5.7,0.08,0.11,0.0,2.9,17.0,14.1,7.3,26,28,33,36,41
2017-01-07 15:00,2021,19,19,0.00,84,18.46,,11.4,5.6,0.09,0.11,0.0,2.4,16.8,14.1,7.3,26,28,33,36,41
2017-01-07 16:00,2021,19,19,0.00,92,1.77,,9.1,5.0,0.10,0.10,0.0,1.2,16.7,14.1,7.2,27,28,33,36,41
2017-01-07 17:00,2021,19,19,0.00,92,0.10,,6.5,4.1,0.10,0.10,0.4,2.8,16.3,13.9,7.7,27,28,33,36,41
2017-01-07 18:00,2021,19,19,0.00,93,0.10,,5.2,3.0,0.10,0.11,0.0,1.8,16.2,14.6,7.2,27,29,33,36,41
2017-01-07 19:00,2021,19,19,0.00,93,0.08,,5.1,2.8,0.10,0.11,0.0,3.0,16.5,13.8,7.1,27,29,33,36,41
2017-01-07 20:00,2021,20,19,0.00,93,0.08,,3.8,1.2,0.10,0.11,0.2,3.1,16.1,14.3,7.3,28,29,33,36,41
2017-01-07 21:00,2021,19,19,0.00,93,0.08,,2.6,0.9,0.10,0.11,0.0,3.0,16.3,13.7,7.3,28,29,32,36,41
2017-01-07 22:00,2021,19,18,0.00,93,0.06,,5.4,2.4,0.10,0.10,5.0,1.6,16.9,14.4,7.6,28,29,32,36,41
2017-01-07 23:00,2021,18,16,0.00,93,0.11,,3.4,1.5,0.09,0.10,5.0,1.9,16.9,14.4,7.5,28,29,32,36,41
2017-01-08 00:00,2021,17,16,0.00,93,0.10,,4.6,1.6,0.09,0.09,5.7,2.5,16.5,13.8,7.3,28,29,32,36,41
2017-01-08 01:00,2021,17,17,0.00,92,0.08,,4.6,2.7,0.09,0.09,5.1,3.2,15.7,14.2,7.2,28,29,32,36,41
2017-01-08 02:00,2021,17,16,0.00,93,0.07,,5.3,3.5,0.09,0.09,4.6,1.3,16.1,13.4,7.4,28,29,32,36,41
2017-01-08 03:00,2021,16,15,0.00,92,0.06,,5.9,3.8,0.08,0.09,5.1,2.4,15.6,13.5,7.0,28,29,32,36,41
2017-01-08 04:00,2021,16,15,0.00,93,0.06,,7.1,4.3,0.08,0.09,5.3,1.5,16.5,14.3,7.4,29,29,32,36,41
2017-01-08 05:00,2021,15,14,0.00,93,0.08,,6.8,3.5,0.08,0.09,5.2,2.4,15.9,14.2,7.4,29,29,32,36,41
2017-01-08 06:00,2021,14,14,0.00,92,0.07,,8.9,4.0,0.08,0.09,5.4,3.2,16.0,14.1,7.4,29,30,32,36,41
2017-01-08 07:00,2021,19,14,0.00,92,3.23,,12.3,5.6,0.08,0.09,5.6,3.0,15.4,14.4,7.0,29,30,32,36,41
2017-01-08 08:00,2021,22,19,0.00,94,35.46,,15.3,10.7,0.11,0.11,5.7,2.3,16.5,14.6,7.3,29,30,32,36,41
2017-01-08 09:00,2021,23,22,0.00,94,105.70,,17.1,11.6,0.12,0.12,5.2,1.5,16.5,14.1,7.0,29,30,32,36,41
2017-01-08 10:00,2021,26,23,0.00,92,118.20,,16.5,11.5,0.12,0.13,5.2,2.1,16.3,13.5,7.2,29,30,32,36,41
2017-01-08 11:00,2021,26,26,0.00,89,97.70,,17.8,12.9,0.12,0.14,5.2,3.2,16.0,13.4,7.3,29,30,32,36,41
2017-01-08 12:00,2021,27,26,0.00,88,84.40,,20.2,13.3,0.13,0.14,5.7,2.1,15.8,14.4,7.2,29,30,32,36,41
2017-01-08 13:00,2021,29,27,0.00,89,74.19,,19.4,13.9,0.13,0.15,5.4,1.6,16.5,14.4,7.6,29,30,32,36,41
2017-01-08 14:00,2021,30,29,0.00,91,40.73,,20.3,14.5,0.15,0.16,5.5,2.5,15.8,14.4,7.2,29,30,32,36,41
2017-01-08 15:00,2021,32,30,0.00,92,21.04,,19.2,12.4,0.16,0.17,6.1,1.7,15.2,14.0,7.1,29,30,32,36,41
2017-01-08 16:00,2021,33,32,0.00,94,1.64,,11.8,7.1,0.17,0.18,4.8,1.9,15.4,14.2,7.4,30,30,32,36,41
2017-01-08 17:00,2021,33,33,0.01,96,0.60,,7.9,6.1,0.18,0.19,5.7,3.0,15.7,13.6,7.5,30,30,32,36,41
2017-01-08 18:00,2021,33,31,0.00,97,0.50,,14.3,7.3,0.18,0.19,5.2,1.7,14.9,14.0,7.2,30,30,32,36,41
2017-01-08 19:00,2021,31,29,0.00,97,0.04,,13.3,9.2,0.17,0.17,5.7,2.3,16.1,14.5,7.1,30,30,32,36,41
2017-01-08 20:00,2021,29,26,0.00,98,0.02,,13.8,9.4,0.15,0.15,5.8,3.5,15.7,14.0,7.1,30,30,32,36,41
2017-01-08 21:00,2021,26,25,0.00,97,0.02,,14.3,9.8,0.14,0.14,5.8,3.2,16.1,13.7,7.4,31,31,32,36,41
2017-01-08 22:00,2021,25,22,0.00,97,0.03,,12.5,8.7,0.12,0.13,6.2,3.2,16.2,13.6,7.3,31,31,32,36,41
2017-01-08 23:00,2021,22,21,0.00,95,0.04,,10.6,5.6,0.11,0.12,6.4,2.6,15.5,13.3,7.5,31,31,32,36,41
2017-01-09 00:00,2021,22,21,0.00,95,0.04,,6.0,3.8,0.11,0.12,5.4,2.6,15.4,13.9,7.4,31,31,32,36,41
2017-01-09 01:00,2021,22,21,0.00,95,0.04,,7.3,4.6,0.11,0.12,6.1,0.9,14.8,14.1,7.2,31,31,32,36,41
2017-01-09 02:00,2021,22,21,0.00,95,0.08,,11.7,6.1,0.11,0.12,5.9,1.6,15.6,13.8,7.2,31,31,32,36,41
2017-01-09 03:00,2021,21,21,0.00,95,0.08,,10.4,6.8,0.11,0.11,6.1,1.2,15.5,13.3,7.3,31,31,33,36,41
2017-01-09 04:00,2021,21,20,0.00,95,0.10,,12.4,7.5,0.11,0.11,5.3,3.3,15.5,13.9,7.3,31,31,32,36,41
2017-01-09 05:00,2021,21,20,0.00,94,0.09,,7.2,3.6,0.11,0.12,5.9,1.8,15.4,14.0,7.6,31,31,33,36,41
2017-01-09 06:00,2021,23,21,0.00,94,0.09,,6.8,3.6,0.11,0.12,6.6,3.5,16.1,14.2,7.7,31,31,33,36,41
2017-01-09 07:00,2021,24,23,0.00,96,4.99,,5.6,3.2,0.12,0.12,6.1,1.8,15.6,13.7,7.2,31,31,33,36,41
2017-01-09 08:00,2021,24,23,0.00,96,46.76,,4.9,2.1,0.12,0.13,6.4,2.7,16.2,13.6,7.2,31,31,33,36,41
2017-01-09 09:00,2021,24,24,0.00,96,78.10,,8.2,4.5,0.12,0.13,6.3,1.9,15.6,14.2,7.1,31,31,33,36,41
2017-01-09 10:00,2021,25,24,0.00,96,128.00,,8.6,5.2,0.13,0.13,5.8,1.9,15.4,13.3,7.4,31,31,33,36,41
2017-01-09 11:00,2021,27,25,0.00,96,251.70,,8.0,5.0,0.13,0.14,6.7,1.5,15.5,13.4,7.5,31,31,33,36,41
2017-01-09 12:00,2021,29,27,0.00,96,220.30,,10.6,5.7,0.14,0.15,7.0,3.4,16.4,14.4,7.2,31,31,33,36,41
2017-01-09 13:00,2021,29,28,0.00,97,123.80,,8.2,4.7,0.15,0.16,6.2,3.4,16.4,13.5,7.4,31,31,33,36,41
2017-01-09 14:00,2021,29,29,0.00,97,96.80,,11.5,6.3,0.15,0.16,7.0,1.3,15.3,13.6,7.5,31,31,33,36,41
2017-01-09 15:00,2021,29,27,0.00,97,44.51,,5.9,3.5,0.15,0.15,6.4,3.8,16.4,13.7,7.4,31,31,33,36,41
2017-01-09 16:00,2021,27,26,0.00,97,3.79,,7.3,3.7,0.14,0.14,7.0,2.2,15.6,13.3,7.2,31,31,33,36,41
2017-01-09 17:00,2021,26,25,0.00,97,0.02,,3.3,1.3,0.14,0.14,7.1,1.4,15.2,14.2,7.7,31,31,33,36,41
2017-01-09 18:00,2021,26,22,0.00,96,0.05,,4.8,2.4,0.13,0.13,6.5,2.9,16.4,13.7,7.2,31,31,33,36,41
2017-01-09 19:00,2021,23,22,0.00,96,0.04,,5.2,3.4,0.12,0.12,7.0,2.5,16.1,14.0,7.6,31,31,33,36,41
2017-01-09 20:00,2021,24,22,0.00,96,0.04,,4.7,2.5,0.12,0.13,6.0,1.8,15.9,13.2,7.0,31,31,33,36,41
2017-01-09 21:00,2021,25,23,0.00,96,0.05,,3.4,1.9,0.12,0.13,7.2,3.6,16.0,13.9,7.3,31,31,33,36,41
2017-01-09 22:00,2021,24,23,0.00,95,0.04,,3.5,1.7,0.12,0.13,5.9,2.5,15.8,13.1,7.4,31,31,33,36,41
2017-01-09 23:00,2021,24,24,0.00,96,0.06,,4.4,2.2,0.13,0.13,6.8,2.5,15.7,14.3,7.2,31,31,33,36,41
2017-01-10 00:00,2021,24,24,0.00,96,0.05,,3.9,2.4,0.12,0.13,6.4,3.3,16.7,13.6,7.3,31,31,33,36,41
2017-01-10 01:00,2021,24,23,0.00,96,0.06,,3.7,2.2,0.12,0.13,6.5,3.5,16.4,13.4,7.4,31,31,33,36,41
2017-01-10 02:00,2021,24,23,0.00,96,0.06,,5.4,2.9,0.12,0.13,6.8,1.7,15.9,13.5,7.3,31,31,33,36,41
2017-01-10 03:00,2021,24,23,0.00,96,0.06,,6.3,3.3,0.12,0.13,6.8,3.1,16.0,13.4,7.2,31,31,33,36,41
2017-01-10 04:00,2021,24,24,0.00,96,0.05,,2.7,1.6,0.12,0.13,6.5,1.6,15.6,13.9,7.4,31,31,33,36,41
2017-01-10 05:00,2021,25,24,0.00,96,0.06,,3.0,1.7,0.13,0.13,7.1,1.6,15.3,13.5,7.4,31,31,33,36,41
2017-01-10 06:00,2021,26,25,0.00,96,0.08,,3.2,1.8,0.13,0.14,6.8,1.6,15.6,13.6,7.3,31,31,33,36,41
2017-01-10 07:00,2021,26,25,0.00,96,2.54,,3.6,1.7,0.13,0.14,6.8,1.6,15.7,13.6,7.4,31,31,33,36,41
2017-01-10 08:00,2021,27,25,0.00,96,23.89,,5.4,2.7,0.14,0.14,7.2,1.5,15.3,13.7,7.3,31,31,33,36,41
2017-01-10 09:00,2021,28,27,0.00,97,36.98,,7.2,4.0,0.14,0.15,6.5,1.9,16.2,13.4,7.3,31,31,33,36,41
2017-01-10 10:00,2021,28,27,0.00,97,55.91,,8.8,5.6,0.14,0.15,5.8,3.6,16.5,14.1,7.0,31,31,33,36,41
2017-01-10 11:00,2021,28,27,0.00,97,88.10,,11.3,7.6,0.14,0.15,6.7,3.2,16.2,13.7,7.3,31,31,33,36,41
2017-01-10 12:00,2021,27,25,0.00,97,155.00,,13.0,8.9,0.14,0.14,7.2,3.8,16.4,14.1,7.4,31,31,33,36,41
2017-01-10 13:00,2021,26,25,0.00,96,148.20,,12.1,8.2,0.13,0.14,6.6,3.2,16.5,13.8,7.2,31,31,33,36,41
2017-01-10 14:00,2021,25,25,0.00,96,106.30,,10.1,7.0,0.13,0.14,7.3,3.6,16.8,14.3,7.1,31,31,33,36,41
2017-01-10 15:00,2021,25,24,0.00,96,49.87,,10.1,6.5,0.13,0.14,6.5,2.4,16.8,13.8,7.1,31,31,33,36,41
2017-01-10 16:00,2021,24,23,0.00,96,3.92,,12.6,9.3,0.12,0.13,5.9,1.8,15.6,13.8,7.2,31,31,33,36,41
2017-01-10 17:00,2021,23,22,0.00,95,0.06,,15.1,10.7,0.12,0.12,6.9,3.8,16.2,13.7,7.5,31,31,33,36,41
2017-01-10 18:00,2021,23,22,0.00,88,0.11,,19.0,13.2,0.10,0.12,7.2,1.1,15.5,14.1,7.4,31,31,33,36,41
2017-01-10 19:00,2021,22,22,0.00,80,0.10,,19.0,13.4,0.09,0.12,6.4,2.6,16.1,13.6,7.4,31,31,33,36,41
2017-01-10 20:00,2021,22,20,0.00,75,0.08,,21.9,16.7,0.09,0.12,6.2,1.8,16.2,13.3,7.0,31,31,33,36,41
2017-01-10 21:00,2021,20,20,0.00,73,0.09,,23.9,18.1,0.08,0.11,6.5,1.9,15.9,13.9,7.1,31,31,33,36,41
2017-01-10 22:00,2021,20,19,0.00,74,0.09,,25.3,18.7,0.08,0.11,6.6,3.4,16.5,13.7,7.4,31,31,33,36,41
2017-01-10 23:00,2021,19,18,0.00,73,0.08,,25.5,18.2,0.08,0.11,5.8,2.8,15.9,13.2,7.2,31,31,33,36,41
2017-01-11 00:00,2021,18,17,0.00,72,0.09,,23.2,17.9,0.07,0.10,6.3,3.3,16.7,13.3,7.1,31,31,33,36,41
2017-01-11 01:00,2021,17,16,0.00,72,0.09,,23.8,18.2,0.07,0.09,6.8,3.1,16.3,14.2,7.6,31,31,33,36,41
2017-01-11 02:00,2021,16,15,0.00,71,0.12,,22.2,15.8,0.06,0.09,6.0,1.9,15.8,14.0,7.6,31,31,33,36,41
2017-01-11 03:00,2021,15,15,0.00,73,0.11,,21.0,15.8,0.06,0.09,6.6,3.0,17.0,13.6,7.6,31,31,33,36,41
2017-01-11 04:00,2021,16,15,0.00,72,0.11,,19.9,15.8,0.06,0.09,6.5,2.6,16.9,13.8,7.4,31,31,33,36,41
2017-01-11 05:00,2021,17,16,0.00,74,0.11,,20.2,14.2,0.07,0.09,6.1,3.8,16.6,14.2,7.3,31,31,33,36,41
2017-01-11 06:00,2021,16,15,0.00,70,0.09,,18.6,12.3,0.06,0.09,5.8,1.8,16.2,14.1,7.2,30,31,33,36,41
2017-01-11 07:00,2021,16,15,0.00,69,4.00,,10.1,5.3,0.06,0.09,6.6,1.0,15.8,13.5,7.4,30,31,33,36,41
2017-01-11 08:00,2021,16,15,0.00,69,50.11,,6.8,3.4,0.06,0.09,6.5,1.5,16.0,13.1,7.6,30,31,33,36,41
2017-01-11 09:00,2021,16,14,0.00,66,134.40,,10.5,5.5,0.06,0.09,5.9,2.1,15.7,14.4,7.0,30,31,33,36,41
2017-01-11 10:00,2021,16,15,0.00,65,228.20,,9.7,7.0,0.06,0.09,5.8,2.9,16.8,13.5,7.2,30,31,33,36,41
2017-01-11 11:00,2021,17,16,0.00,66,258.40,,10.3,7.2,0.06,0.09,5.4,3.5,16.5,14.0,7.3,30,31,33,36,41
2017-01-11 12:00,2021,17,17,0.00,61,282.40,,10.1,6.9,0.06,0.10,6.9,3.2,16.5,13.5,7.3,30,31,33,35,41
2017-01-11 13:00,2021,17,17,0.00,60,198.10,,7.9,5.6,0.06,0.10,5.6,2.1,16.3,14.3,7.0,30,31,33,36,41
2017-01-11 14:00,2021,18,17,0.00,60,143.30,,6.0,3.5,0.06,0.10,6.9,1.3,15.6,14.2,7.7,30,31,33,35,41
2017-01-11 15:00,2021,18,16,0.00,60,52.43,,4.0,2.5,0.06,0.10,6.2,2.4,16.7,13.2,7.0,30,31,33,36,41
2017-01-11 16:00,2021,16,13,0.00,64,4.65,,3.2,1.2,0.06,0.09,6.9,3.6,16.8,14.2,6.8,30,31,33,36,41
2017-01-11 17:00,2021,14,13,0.00,72,0.08,,3.6,1.3,0.06,0.08,5.9,3.5,16.1,14.0,7.2,30,31,33,36,41
2017-01-11 18:00,2021,15,14,0.00,70,0.08,,2.0,0.8,0.06,0.09,6.0,2.5,15.8,14.0,7.5,31,31,33,35,41
2017-01-11 19:00,2021,14,14,0.00,71,0.08,,1.9,0.8,0.06,0.09,6.2,1.5,15.5,14.2,7.4,31,31,33,35,41
2017-01-11 20:00,2021,15,13,0.00,74,0.07,,3.5,1.6,0.06,0.09,6.2,3.6,16.3,13.9,7.5,31,31,33,35,41
2017-01-11 21:00,2021,14,13,0.00,76,0.06,,1.9,0.4,0.06,0.08,6.6,2.8,16.3,13.2,7.3,31,31,33,35,41
2017-01-11 22:00,2021,14,14,0.00,83,0.05,,2.5,0.4,0.07,0.09,6.9,3.2,16.7,14.0,7.4,31,31,33,35,41
2017-01-11 23:00,2021,14,13,0.00,86,0.07,,4.1,1.8,0.07,0.08,6.6,2.0,16.7,13.8,7.1,31,31,33,35,41
2017-01-12 00:00,2021,13,13,0.00,82,0.06,,4.1,2.4,0.07,0.08,5.7,1.8,15.8,13.5,7.2,31,31,33,35,40
2017-01-12 01:00,2021,13,10,0.00,85,0.05,,5.4,4.1,0.06,0.08,6.8,2.4,16.7,14.2,7.5,31,31,33,35,40
2017-01-12 02:00,2021,10,7,0.00,83,0.06,,4.5,2.2,0.06,0.06,6.4,1.9,15.4,13.4,7.4,31,31,33,35,40
2017-01-12 03:00,2021,7,7,0.00,89,0.02,,5.1,3.6,0.06,0.06,5.9,3.9,16.8,13.9,7.6,31,31,33,35,40
2017-01-12 04:00,2021,7,6,0.00,89,0.01,,5.9,4.4,0.05,0.06,6.6,1.5,16.0,13.2,7.1,31,31,33,35,40
2017-01-12 05:00,2021,6,4,0.00,91,0.01,,4.8,2.0,0.05,0.06,6.1,3.8,16.2,14.1,7.7,31,31,33,35,40
2017-01-12 06:00,2021,6,4,0.00,89,0.00,,3.7,2.0,0.05,0.06,7.0,3.3,17.0,14.1,7.4,31,31,33,35,40
2017-01-12 07:00,2021,7,2,0.00,90,9.35,,3.7,2.1,0.05,0.06,7.1,1.9,15.7,13.7,7.6,31,31,33,35,40
2017-01-12 08:00,2021,9,5,0.00,92,90.10,,4.2,2.5,0.05,0.06,5.9,3.0,16.9,13.6,7.3,31,31,33,35,40
2017-01-12 09:00,2021,13,8,0.00,90,228.10,,4.8,2.0,0.06,0.07,6.2,3.0,16.8,13.2,7.5,30,31,33,35,40
2017-01-12 10:00,2021,15,13,0.00,76,314.50,,5.0,2.0,0.06,0.08,6.5,1.6,15.6,13.3,7.5,30,31,33,35,40
2017-01-12 11:00,2021,16,15,0.00,73,368.90,,6.7,4.8,0.07,0.09,5.9,2.6,16.5,13.3,7.5,30,31,33,35,40
2017-01-12 12:00,2021,18,16,0.00,75,381.20,,5.8,3.1,0.07,0.10,5.5,3.7,16.3,14.0,7.3,30,31,33,35,40
2017-01-12 13:00,2021,18,18,0.00,72,334.30,,6.4,3.9,0.07,0.10,6.5,2.0,16.0,13.3,7.2,30,31,33,35,40
2017-01-12 14:00,2021,18,17,0.00,76,241.90,,5.4,2.7,0.07,0.10,6.0,2.9,16.5,13.1,7.1,30,31,33,35,40
2017-01-12 15:00,2021,17,13,0.00,76,114.70,,4.4,3.0,0.07,0.09,6.1,1.7,15.7,13.5,7.0,30,31,33,35,40
2017-01-12 16:00,2021,13,9,0.00,78,9.85,,4.0,1.7,0.06,0.07,5.8,3.5,16.4,13.5,7.5,30,31,33,35,40
2017-01-12 17:00,2021,9,6,0.00,87,0.11,,4.2,2.4,0.06,0.06,6.5,2.9,16.9,13.4,7.5,30,31,33,35,40
2017-01-12 18:00,2021,6,4,0.00,89,0.07,,6.0,3.7,0.05,0.06,6.3,3.0,16.6,13.3,7.1,30,31,33,35,40
2017-01-12 19:00,2021,4,2,0.00,89,0.02,,3.9,1.7,0.05,0.05,6.9,3.7,16.6,13.5,7.5,30,31,33,35,40
2017-01-12 20:00,2021,3,0,0.00,90,0.00,,3.8,2.3,0.04,0.05,5.8,3.6,16.5,13.9,7.5,30,31,33,35,40
2017-01-12 21:00,2021,3,2,0.00,92,0.00,,3.6,2.1,0.04,0.05,6.9,3.1,16.5,13.5,7.2,30,31,33,35,40
2017-01-12 22:00,2021,3,2,0.00,88,0.00,,4.4,2.5,0.04,0.05,6.5,3.6,16.4,14.2,7.0,30,31,33,35,40
2017-01-12 23:00,2021,5,2,0.00,89,0.00,,2.6,1.1,0.05,0.05,6.2,3.8,16.3,14.2,7.3,30,31,33,35,40
2017-01-13 00:00,2021,5,5,0.00,88,0.00,,3.2,1.3,0.05,0.06,5.9,2.3,16.1,13.7,7.2,30,31,33,35,40
2017-01-13 01:00,2021,5,4,0.00,87,0.00,,2.7,1.2,0.05,0.06,5.8,3.5,16.9,13.5,7.4,30,31,33,35,40
2017-01-13 02:00,2021,4,2,0.00,87,0.00,,1.2,0.4,0.04,0.05,5.4,3.0,16.2,13.9,7.2,30,31,33,35,40
2017-01-13 03:00,2021,4,3,0.00,87,0.00,,1.6,0.3,0.04,0.05,6.3,1.8,16.4,13.9,7.3,30,31,33,35,40
2017-01-13 04:00,2021,3,2,0.00,86,0.00,,2.1,1.2,0.04,0.05,6.3,2.2,16.2,13.1,7.1,30,31,33,35,40
2017-01-13 05:00,2021,3,2,0.00,86,0.00,,1.8,1.2,0.04,0.05,6.2,0.7,15.6,13.1,7.3,30,31,33,35,40
2017-01-13 06:00,2021,3,3,0.00,87,0.00,,1.6,1.0,0.04,0.05,6.8,1.9,16.4,14.0,7.2,30,31,33,35,40
2017-01-13 07:00,2021,3,2,0.00,86,3.62,,1.6,0.8,0.04,0.05,6.2,1.9,15.9,13.0,7.5,30,31,33,35,40
2017-01-13 08:00,2021,5,2,0.00,86,41.96,,1.0,0.5,0.04,0.05,6.5,3.4,16.8,13.2,7.6,30,31,33,35,40
2017-01-13 09:00,2021,7,5,0.00,86,90.20,,1.3,0.2,0.05,0.06,5.2,3.3,16.3,13.8,7.4,30,31,33,35,40
2017-01-13 10:00,2021,8,5,0.00,83,156.20,,2.1,0.1,0.05,0.06,6.0,3.5,16.6,13.0,7.5,30,31,33,35,40
2017-01-13 11:00,2021,10,8,0.00,83,192.40,,3.8,1.4,0.06,0.07,6.1,2.6,16.6,13.5,7.4,30,31,33,35,40
2017-01-13 12:00,2021,12,10,0.00,81,212.40,,3.5,0.9,0.06,0.07,5.7,3.2,15.7,14.2,7.0,30,31,33,35,40
2017-01-13 13:00,2021,15,12,0.00,78,165.80,,2.2,0.8,0.06,0.08,5.6,3.3,16.3,13.5,7.3,30,31,33,35,40
2017-01-13 14:00,2021,13,12,0.00,79,112.90,,3.7,1.5,0.06,0.08,6.3,2.2,16.2,13.2,7.5,30,31,33,35,40
2017-01-13 15:00,2021,13,10,0.00,84,44.95,,4.2,2.4,0.06,0.07,6.6,3.0,16.5,13.3,7.5,30,31,33,35,40
2017-01-13 16:00,2021,10,10,0.00,88,2.87,,3.3,1.8,0.06,0.07,5.9,1.5,16.0,13.6,7.5,30,31,33,35,40
2017-01-13 17:00,2021,10,10,0.00,92,0.04,,2.5,1.5,0.06,0.07,6.6,3.2,16.8,13.2,7.3,30,31,33,35,40
2017-01-13 18:00,2021,10,10,0.00,93,0.03,,2.1,1.0,0.06,0.07,6.2,1.6,15.3,13.8,7.4,30,31,33,35,40
2017-01-13 19:00,2021,10,10,0.00,92,0.02,,4.3,2.0,0.06,0.07,5.7,3.3,16.1,13.7,7.2,30,31,33,35,40
2017-01-13 20:00,2021,10,10,0.00,90,0.02,,2.4,0.8,0.06,0.07,6.4,2.0,16.0,13.9,7.3,30,31,33,35,40
2017-01-13 21:00,2021,10,9,0.00,90,0.01,,3.1,1.2,0.06,0.07,6.9,2.8,16.7,13.3,7.5,30,31,33,35,40
2017-01-13 22:00,2021,10,9,0.00,90,0.01,,2.7,0.9,0.06,0.07,6.9,1.9,16.1,14.1,7.5,30,31,33,35,40
2017-01-13 23:00,2021,9,9,0.00,89,0.01,,3.8,1.2,0.06,0.07,6.4,1.9,16.0,13.8,7.2,30,31,33,35,40
2017-01-14 00:00,2021,9,9,0.00,90,0.00,,3.0,1.2,0.06,0.07,6.1,3.4,16.1,13.3,7.4,30,31,33,35,40
2017-01-14 01:00,2021,9,9,0.00,90,0.00,,3.7,1.3,0.06,0.07,6.6,3.1,16.8,13.4,7.0,30,31,33,35,40
2017-01-14 02:00,2021,9,9,0.00,89,0.02,,3.5,2.4,0.06,0.07,6.6,3.3,15.8,13.6,7.0,30,31,33,35,40
2017-01-14 03:00,2021,9,9,0.00,90,0.00,,3.4,1.5,0.06,0.07,5.9,3.7,16.1,14.0,7.1,30,31,33,35,40
2017-01-14 04:00,2021,9,9,0.00,90,0.01,,2.2,0.7,0.06,0.07,6.6,2.3,16.0,13.6,7.5,30,31,33,35,40
2017-01-14 05:00,2021,9,8,0.00,89,0.00,,1.8,0.8,0.06,0.06,6.0,1.9,15.4,13.4,7.6,30,31,33,35,40
2017-01-14 06:00,2021,9,9,0.00,89,0.01,,2.0,0.6,0.06,0.07,6.2,2.8,16.5,13.5,7.3,30,31,33,35,40
2017-01-14 07:00,2021,9,9,0.00,89,3.57,,2.3,0.7,0.06,0.07,6.4,2.5,15.6,13.2,7.5,30,31,33,35,40
2017-01-14 08:00,2021,10,9,0.00,89,39.25,,2.8,1.0,0.06,0.07,6.6,1.8,15.9,14.2,7.1,30,31,33,35,40
2017-01-14 09:00,2021,11,10,0.00,88,119.00,,4.3,1.9,0.06,0.07,6.4,2.0,16.1,13.1,7.3,30,31,33,35,40
2017-01-14 10:00,2021,12,11,0.00,85,169.00,,5.2,3.8,0.06,0.07,6.6,1.0,15.2,13.3,7.6,30,31,33,35,40
2017-01-14 11:00,2021,15,11,0.00,82,196.90,,4.8,2.7,0.06,0.08,5.7,2.7,16.4,13.3,7.4,30,31,33,35,40
2017-01-14 12:00,2021,15,13,0.00,76,189.30,,4.4,2.1,0.06,0.08,7.1,3.6,16.5,13.9,7.3,30,31,33,35,40
2017-01-14 13:00,2021,13,13,0.00,79,152.00,,4.1,2.3,0.06,0.08,6.4,3.3,16.6,13.0,7.1,30,31,33,35,40
2017-01-14 14:00,2021,13,11,0.00,79,119.80,,3.2,1.4,0.06,0.08,6.1,1.6,15.6,13.8,7.1,31,31,33,35,40
2017-01-14 15:00,2021,14,9,0.00,75,56.90,,4.3,1.7,0.06,0.08,6.1,1.9,15.9,12.9,7.1,31,31,33,35,40
2017-01-14 16:00,2021,9,7,0.00,85,5.68,,5.8,3.1,0.06,0.06,5.5,3.2,15.7,13.4,7.5,31,31,33,35,40
2017-01-14 17:00,2021,7,4,0.00,87,0.16,,6.0,5.0,0.05,0.06,6.5,1.3,15.3,13.1,7.2,31,31,33,35,40
2017-01-14 18:00,2021,4,3,0.00,86,0.05,,6.7,3.0,0.05,0.05,6.5,2.1,15.8,13.9,7.4,31,31,33,35,40
2017-01-14 19:00,2021,4,2,0.00,85,0.02,,3.9,2.6,0.05,0.05,6.2,1.5,15.5,13.0,7.5,31,31,33,35,40
2017-01-14 20:00,2021,2,-1,0.00,82,0.01,,4.3,2.8,0.04,0.05,6.3,1.8,15.5,13.4,7.5,31,31,33,35,40
2017-01-14 21:00,2021,3,-1,0.00,90,0.00,,3.0,1.4,0.04,0.05,6.6,1.7,15.4,13.8,7.4,31,31,33,35,40
2017-01-14 22:00,2021,4,3,0.00,88,0.00,,3.4,1.8,0.05,0.05,5.8,1.5,15.5,13.7,7.3,31,31,33,35,40
2017-01-14 23:00,2021,4,4,0.00,87,0.00,,4.5,1.8,0.05,0.05,5.7,3.3,15.8,13.6,7.3,31,31,33,35,40
2017-01-15 00:00,2021,6,4,0.00,88,0.00,,2.8,1.6,0.05,0.06,6.4,4.1,15.6,14.0,7.2,31,31,33,35,40
2017-01-15 01:00,2021,6,6,0.00,87,0.00,,2.5,0.4,0.05,0.06,6.2,1.6,15.3,13.8,7.7,31,31,33,35,40
2017-01-15 02:00,2021,6,6,0.00,88,0.00,,1.4,0.3,0.05,0.06,5.9,1.5,15.1,13.8,7.5,31,31,33,35,40
2017-01-15 03:00,2021,6,6,0.00,89,0.00,,1.6,0.3,0.05,0.06,6.4,3.6,16.2,13.0,7.1,31,31,33,35,40
2017-01-15 04:00,2021,7,6,0.00,89,0.00,,4.7,2.3,0.05,0.06,6.5,2.7,16.4,13.3,7.3,31,31,33,35,40
2017-01-15 05:00,2021,7,6,0.00,92,0.00,,4.4,3.1,0.06,0.06,6.7,2.9,16.5,13.1,7.3,31,31,33,35,40
2017-01-15 06:00,2021,6,6,0.00,89,0.00,,6.5,3.5,0.05,0.06,6.5,1.3,15.4,13.2,7.6,30,31,33,35,40
2017-01-15 07:00,2021,6,6,0.00,88,2.15,,3.7,2.0,0.05,0.06,6.9,3.3,16.0,13.9,7.4,30,31,33,35,40
2017-01-15 08:00,2021,8,6,0.00,88,28.94,,4.5,1.8,0.05,0.06,6.5,2.3,15.6,13.0,7.1,30,31,33,35,40
2017-01-15 09:00,2021,8,8,0.00,88,81.19,,6.0,3.4,0.06,0.06,6.1,2.3,15.7,13.8,7.5,30,31,33,35,40
2017-01-15 10:00,2021,10,8,0.00,87,134.20,,8.0,4.5,0.06,0.07,6.3,1.6,15.7,12.9,7.4,30,31,33,35,40
2017-01-15 11:00,2021,11,10,0.00,85,173.40,,8.3,5.2,0.06,0.07,5.5,3.1,15.8,13.5,7.3,30,31,33,35,40
2017-01-15 12:00,2021,11,10,0.00,84,189.10,,7.6,5.1,0.06,0.07,6.2,3.1,16.1,12.9,7.0,30,31,33,35,40
2017-01-15 13:00,2021,11,10,0.00,82,156.30,,7.5,4.0,0.06,0.07,5.9,2.7,15.9,13.2,7.2,30,31,33,35,40
2017-01-15 14:00,2021,11,10,0.00,80,113.50,,5.7,3.3,0.06,0.07,5.2,2.8,16.0,13.6,7.3,31,31,33,35,40
2017-01-15 15:00,2021,10,8,0.00,83,46.81,,5.6,2.8,0.06,0.07,6.1,1.4,15.2,13.9,7.5,31,31,33,35,40
2017-01-15 16:00,2021,8,6,0.00,85,3.59,,3.5,2.3,0.05,0.06,5.4,3.3,16.2,13.5,7.2,31,31,33,35,40
2017-01-15 17:00,2021,7,6,0.00,86,0.04,,4.0,2.0,0.05,0.06,5.8,1.8,15.3,13.7,7.3,31,31,33,35,40
2017-01-15 18:00,2021,7,5,0.00,85,0.02,,4.3,3.1,0.05,0.06,6.5,2.6,15.2,13.7,7.1,31,31,33,35,40
2017-01-15 19:00,2021,6,5,0.00,87,0.01,,3.7,2.7,0.05,0.06,5.9,1.6,15.3,13.7,7.5,31,31,33,35,40
2017-01-15 20:00,2021,6,6,0.00,88,0.00,,4.6,2.8,0.05,0.06,6.5,3.6,15.7,13.7,7.3,31,31,33,35,40
2017-01-15 21:00,2021,7,6,0.00,88,0.00,,5.1,2.8,0.05,0.06,6.4,1.8,15.4,13.4,7.7,31,31,33,35,40
2017-01-15 22:00,2021,8,7,0.00,88,0.00,,5.1,2.6,0.06,0.06,6.5,2.6,16.2,12.9,7.3,31,31,33,35,40
2017-01-15 23:00,2021,8,7,0.00,88,0.00,,3.9,2.1,0.06,0.06,5.9,1.9,15.2,13.0,7.3,31,31,33,35,40
2017-01-16 00:00,2021,8,8,0.00,88,0.01,,6.1,2.8,0.06,0.06,6.4,2.8,16.5,13.5,7.4,31,31,33,35,40
2017-01-16 01:00,2021,8,8,0.00,88,0.00,,4.9,2.9,0.06,0.06,6.4,2.0,15.7,12.9,7.1,31,31,33,35,40
2017-01-16 02:00,2021,8,8,0.00,88,0.01,,8.3,4.6,0.06,0.06,6.4,3.4,16.2,12.9,7.5,31,31,33,35,40
2017-01-16 03:00,2021,8,8,0.00,89,0.01,,10.4,5.6,0.06,0.06,6.5,2.8,15.8,13.6,7.5,31,31,33,35,40
2017-01-16 04:00,2021,8,8,0.00,89,0.00,,7.2,3.0,0.06,0.06,6.7,0.7,14.9,13.9,7.3,31,31,33,35,40
2017-01-16 05:00,2021,8,8,0.00,89,0.01,,9.0,4.0,0.06,0.06,6.4,2.3,16.0,13.3,7.3,31,31,33,35,40
2017-01-16 06:00,2021,8,8,0.00,89,0.01,,3.5,1.0,0.06,0.06,5.8,2.9,15.8,13.5,7.1,31,31,33,35,40
2017-01-16 07:00,2021,9,8,0.00,89,3.54,,5.3,2.6,0.06,0.06,6.5,1.7,15.5,13.9,7.7,31,31,33,35,40
2017-01-16 08:00,2021,9,9,0.00,88,35.74,,5.0,2.1,0.06,0.07,6.5,2.1,16.1,13.2,7.4,31,31,33,35,40
2017-01-16 09:00,2021,10,9,0.00,86,96.40,,9.2,5.5,0.06,0.07,6.7,1.3,15.0,13.4,7.1,31,31,33,35,40
2017-01-16 10:00,2021,12,10,0.00,84,165.60,,8.6,6.5,0.06,0.07,5.6,3.3,15.7,13.5,7.3,31,31,33,35,40
2017-01-16 11:00,2021,14,12,0.00,78,227.50,,7.1,4.5,0.06,0.08,6.0,2.7,15.8,12.9,7.5,31,31,33,35,40
2017-01-16 12:00,2021,14,13,0.00,73,219.60,,6.4,3.7,0.06,0.08,6.2,1.4,15.2,13.4,7.3,31,31,33,35,40
2017-01-16 13:00,2021,13,11,0.00,76,268.80,,7.8,4.6,0.06,0.08,6.1,2.1,15.2,13.4,7.1,31,31,33,35,40
2017-01-16 14:00,2021,11,9,0.00,80,226.10,,10.4,7.2,0.06,0.07,6.0,1.8,15.3,13.8,7.7,31,31,33,35,40
2017-01-16 15:00,2021,9,8,0.00,82,60.78,,6.8,3.8,0.06,0.06,6.9,3.0,16.2,13.8,7.4,31,31,33,35,40
2017-01-16 16:00,2021,8,5,0.00,85,7.81,,7.4,4.8,0.05,0.06,7.1,3.2,15.7,13.8,7.4,31,31,33,35,40
2017-01-16 17:00,2021,5,4,0.00,87,0.08,,7.6,4.9,0.05,0.06,6.7,1.1,15.0,14.0,7.3,31,31,33,35,40
2017-01-16 18:00,2021,6,4,0.00,87,0.01,,6.3,4.1,0.05,0.06,6.9,2.4,16.1,13.3,7.5,31,31,33,35,40
2017-01-16 19:00,2021,4,3,0.00,87,0.00,,4.8,1.8,0.05,0.05,6.4,1.3,14.8,13.8,7.5,31,31,33,35,40
2017-01-16 20:00,2021,3,2,0.00,87,0.00,,7.5,5.0,0.04,0.05,6.2,2.4,15.8,13.3,7.3,31,31,33,35,40
2017-01-16 21:00,2021,3,2,0.00,86,0.00,,4.2,2.9,0.04,0.05,5.8,3.6,15.6,13.4,7.3,31,31,33,35,40
2017-01-16 22:00,2021,6,2,0.00,86,0.00,,6.0,3.8,0.05,0.06,6.3,2.1,15.7,12.9,7.2,31,31,33,35,40
2017-01-16 23:00,2021,8,5,0.00,88,0.00,,5.1,2.6,0.05,0.06,6.0,2.1,15.8,13.0,7.2,31,31,33,35,40
2017-01-17 00:00,2021,8,5,0.00,89,0.00,,7.6,2.8,0.06,0.06,6.5,3.8,15.3,13.4,7.2,31,31,33,35,40
2017-01-17 01:00,2021,6,5,0.00,88,0.00,,3.5,1.0,0.05,0.06,5.9,1.9,15.2,13.6,7.4,31,31,33,35,40
2017-01-17 02:00,2021,6,4,0.00,88,0.00,,8.3,4.9,0.05,0.06,6.3,1.7,15.3,12.5,7.0,31,31,33,35,40
2017-01-17 03:00,2021,7,6,0.00,90,0.00,,7.5,3.1,0.05,0.06,6.6,2.5,15.3,13.9,7.1,31,31,33,35,40
2017-01-17 04:00,2021,8,7,0.00,90,0.00,,6.7,2.8,0.06,0.06,6.2,2.0,15.3,13.6,7.3,31,31,33,35,40
2017-01-17 05:00,2021,9,8,0.00,90,0.00,,8.1,3.1,0.06,0.06,6.2,1.3,15.0,13.4,7.6,31,31,33,35,40
2017-01-17 06:00,2021,10,9,0.00,90,0.00,,5.7,2.5,0.06,0.07,6.0,1.9,15.2,13.5,7.2,31,31,33,35,40
2017-01-17 07:00,2021,10,10,0.00,88,2.78,,4.6,2.0,0.06,0.07,6.8,3.3,15.8,14.0,7.4,31,31,33,35,40
2017-01-17 08:00,2021,12,10,0.00,87,31.02,,12.0,6.8,0.06,0.07,6.6,1.6,14.8,14.0,7.1,31,31,33,35,40
2017-01-17 09:00,2021,13,12,0.00,87,76.30,,13.2,5.2,0.07,0.08,6.8,2.0,14.7,13.5,7.4,31,31,33,35,40
2017-01-17 10:00,2021,15,13,0.00,83,94.80,,8.8,2.5,0.07,0.09,6.6,2.1,15.7,13.2,7.5,31,31,33,35,40
2017-01-17 11:00,2021,16,15,0.00,82,154.40,,8.1,3.9,0.07,0.09,5.8,3.0,15.9,12.9,7.1,31,31,33,35,40
2017-01-17 12:00,2021,18,16,0.00,81,88.60,,11.0,6.3,0.08,0.09,6.4,2.9,15.6,13.9,7.2,31,31,33,35,40
2017-01-17 13:00,2021,21,18,0.00,83,95.60,,6.4,3.9,0.09,0.11,6.5,1.8,15.5,13.9,7.2,31,31,33,35,40
2017-01-17 14:00,2021,23,21,0.00,80,68.08,,5.1,2.4,0.10,0.12,6.3,3.8,15.7,13.6,7.4,31,31,33,35,40
2017-01-17 15:00,2021,24,22,0.00,79,39.74,,7.4,2.2,0.10,0.13,6.6,2.9,16.2,13.1,7.6,31,31,33,35,40
2017-01-17 16:00,2021,22,19,0.00,83,4.45,,10.1,5.9,0.09,0.11,6.8,1.6,15.0,13.5,7.2,31,31,33,35,40
2017-01-17 17:00,2021,22,19,0.00,87,0.08,,6.2,2.8,0.09,0.11,7.3,1.8,15.1,13.9,7.3,31,31,33,35,40
2017-01-17 18:00,2021,22,22,0.00,88,0.08,,5.3,2.7,0.11,0.12,7.0,4.1,15.5,13.7,7.2,31,31,33,35,40
2017-01-17 19:00,2021,24,22,0.00,92,0.10,,7.3,4.6,0.11,0.12,6.0,3.0,16.1,13.6,7.5,31,31,33,35,40
2017-01-17 20:00,2021,24,23,0.00,93,0.09,,5.5,2.6,0.12,0.12,6.3,2.6,15.2,13.0,7.3,31,31,33,35,40
2017-01-17 21:00,2021,26,24,0.00,94,0.12,,9.8,4.7,0.12,0.13,6.1,2.9,15.7,13.4,7.2,31,31,33,35,40
2017-01-17 22:00,2021,29,26,0.00,95,0.16,,10.1,6.9,0.14,0.15,6.6,2.6,15.8,13.2,6.9,31,31,33,35,40
2017-01-17 23:00,2021,30,29,0.00,93,0.21,,8.3,4.8,0.15,0.16,7.2,3.6,16.3,13.3,7.5,31,31,33,35,40
2017-01-18 00:00,2021,31,30,0.00,94,0.47,,0.0,0.0,0.16,0.17,6.2,3.0,15.8,13.4,7.4,31,31,33,35,40
2017-01-18 01:00,2021,33,31,0.00,95,0.64,,0.0,0.0,0.17,0.18,6.7,3.7,15.9,13.7,7.4,31,31,33,35,40
2017-01-18 02:00,2021,33,33,0.00,94,0.66,,0.0,0.0,0.18,0.19,6.3,2.8,16.3,13.5,7.5,31,31,33,35,40
2017-01-18 03:00,2021,33,33,0.00,94,0.66,,0.0,0.0,0.18,0.19,6.5,1.9,15.1,13.8,7.6,32,31,33,35,40
2017-01-18 04:00,2021,34,33,0.00,95,0.66,,0.0,0.0,0.18,0.19,7.0,2.7,15.8,13.5,7.2,32,31,33,35,40
2017-01-18 05:00,2021,34,33,0.00,94,0.58,,0.0,0.0,0.18,0.19,6.3,1.6,15.0,13.8,7.4,32,31,33,35,40
2017-01-18 06:00,2021,33,33,0.00,96,0.48,,0.0,0.0,0.18,0.19,7.1,3.5,14.9,13.5,7.4,32,31,33,35,40
2017-01-18 07:00,2021,34,33,0.02,96,2.62,,0.0,0.0,0.18,0.19,7.4,3.5,15.8,13.2,7.3,32,31,33,35,40
2017-01-18 08:00,2021,35,34,0.05,94,45.06,,5.4,0.1,0.18,0.20,7.9,3.5,16.0,13.4,6.9,32,31,33,35,40
2017-01-18 09:00,2021,35,35,0.05,94,115.30,,8.6,6.5,0.19,0.20,7.9,2.0,16.4,12.9,7.3,32,31,33,35,40
2017-01-18 10:00,2021,37,35,0.09,95,171.30,,8.8,7.0,0.19,0.21,7.7,3.9,15.6,13.7,7.3,32,31,33,35,40
2017-01-18 11:00,2021,38,37,0.14,86,227.20,,9.8,6.4,0.19,0.22,8.2,2.2,16.0,13.1,7.1,32,32,33,35,40
2017-01-18 12:00,2021,40,37,0.17,87,246.10,,8.6,6.6,0.19,0.23,8.1,3.3,15.3,13.0,7.2,32,32,33,35,40
2017-01-18 13:00,2021,38,38,0.11,85,155.20,,8.6,5.5,0.19,0.23,8.5,4.2,15.2,13.0,7.0,32,32,33,35,40
2017-01-18 14:00,2021,38,37,0.02,82,101.00,,8.1,4.7,0.18,0.22,8.5,2.6,16.1,13.1,7.1,32,32,33,35,40
2017-01-18 15:00,2021,38,37,0.00,84,44.40,,8.7,5.9,0.19,0.22,8.7,1.5,15.5,13.0,7.1,32,32,33,35,40
2017-01-18 16:00,2021,37,37,0.00,84,6.60,,9.8,6.6,0.18,0.22,9.1,2.8,16.1,13.6,7.1,32,32,33,35,40
2017-01-18 17:00,2021,37,36,0.00,84,0.00,,10.8,7.7,0.18,0.22,8.7,2.1,15.8,13.0,7.3,32,32,33,35,40
2017-01-18 18:00,2021,37,37,0.00,83,0.00,,12.5,9.1,0.18,0.22,8.8,3.8,15.4,13.8,7.4,32,32,33,35,40
2017-01-18 19:00,2021,37,37,0.01,83,0.02,,11.7,8.3,0.18,0.22,9.3,4.0,15.8,13.5,7.4,32,32,33,35,40
2017-01-18 20:00,2021,37,36,0.02,87,0.13,,12.3,7.2,0.19,0.22,9.1,2.1,15.6,13.3,7.4,32,32,33,35,40
2017-01-18 21:00,2021,37,36,0.02,91,0.05,,14.5,9.6,0.19,0.21,9.2,3.3,16.2,12.8,7.4,32,32,33,35,40
2017-01-18 22:00,2021,37,36,0.01,92,0.07,,16.0,12.5,0.20,0.22,9.0,3.0,16.2,13.3,7.1,32,32,33,35,40
2017-01-18 23:00,2021,38,36,0.00,94,0.09,,17.1,11.3,0.20,0.21,9.3,3.4,15.7,12.9,7.5,32,32,33,35,40
2017-01-19 00:00,2021,38,36,0.00,90,0.07,,14.7,9.8,0.20,0.22,8.7,2.3,15.1,13.4,7.2,32,32,33,35,40
2017-01-19 01:00,2021,38,36,0.00,90,0.04,,16.8,7.6,0.19,0.23,9.3,3.8,15.8,12.9,7.6,32,32,33,35,40
2017-01-19 02:00,2021,38,37,0.00,81,0.04,,16.7,9.7,0.18,0.22,10.1,3.0,16.2,13.3,7.0,32,32,33,35,40
2017-01-19 03:00,2021,37,34,0.00,83,0.00,,11.0,5.5,0.18,0.21,9.1,3.2,15.8,13.0,7.3,32,32,33,35,40
2017-01-19 04:00,2021,34,33,0.00,90,0.02,,3.6,1.8,0.17,0.19,9.8,4.1,15.9,13.3,7.2,32,32,33,35,40
2017-01-19 05:00,2021,33,33,0.00,92,0.02,,7.4,3.8,0.17,0.19,9.7,3.0,16.2,13.3,7.3,32,32,33,35,40
2017-01-19 06:00,2021,34,33,0.00,93,0.01,,7.2,5.0,0.17,0.19,9.5,3.7,16.4,13.6,7.3,32,32,33,35,40
2017-01-19 07:00,2021,36,34,0.00,90,4.33,,7.4,4.4,0.18,0.20,9.4,4.1,15.7,12.6,7.5,32,32,33,35,40
2017-01-19 08:00,2021,37,36,0.00,87,57.59,,6.2,3.4,0.19,0.22,9.9,3.0,15.7,13.0,7.4,32,32,33,35,40
2017-01-19 09:00,2021,40,37,0.00,83,205.60,,6.6,4.3,0.19,0.23,9.8,2.8,15.8,13.2,7.7,32,32,33,35,40
2017-01-19 10:00,2021,40,38,0.00,79,222.50,,10.6,6.1,0.19,0.24,10.3,5.1,15.2,13.2,7.5,32,32,33,35,40
2017-01-19 11:00,2021,43,40,0.00,81,293.80,,7.2,2.7,0.19,0.25,10.5,4.3,15.8,13.7,7.4,32,32,33,35,40
2017-01-19 12:00,2021,43,40,0.00,73,370.10,,9.2,4.4,0.20,0.26,10.8,3.3,16.3,13.4,7.4,32,32,33,35,40
2017-01-19 13:00,2021,42,41,0.00,76,357.60,,9.3,4.8,0.20,0.27,10.7,5.2,15.4,13.6,7.4,32,32,33,35,40
2017-01-19 14:00,2021,42,40,0.00,74,256.50,,14.5,7.6,0.19,0.26,11.3,4.4,15.5,13.2,7.1,32,32,33,35,40
2017-01-19 15:00,2021,41,38,0.00,75,130.20,,11.4,6.6,0.19,0.25,11.1,4.0,15.6,12.8,7.1,32,32,33,35,40
2017-01-19 16:00,2021,39,38,0.00,79,14.59,,14.8,9.6,0.18,0.23,11.5,2.6,16.2,12.5,7.0,32,32,33,35,40
2017-01-19 17:00,2021,39,38,0.00,76,0.00,,13.6,9.2,0.18,0.23,11.4,4.8,16.5,13.7,7.4,32,32,33,35,40
2017-01-19 18:00,2021,38,37,0.00,76,0.00,,14.5,10.5,0.18,0.23,11.4,4.5,16.4,13.0,7.3,32,32,33,35,40
2017-01-19 19:00,2021,38,36,0.00,79,0.00,,12.0,5.2,0.17,0.22,12.0,5.4,15.2,13.2,7.3,33,32,33,35,40
2017-01-19 20:00,2021,38,34,0.00,74,0.01,,10.9,7.4,0.17,0.21,11.4,4.1,15.3,13.6,7.4,32,32,33,35,40
2017-01-19 21:00,2021,34,33,0.00,86,0.01,,13.4,7.8,0.17,0.19,11.9,5.3,16.4,13.1,7.4,33,32,33,35,40
2017-01-19 22:00,2021,34,31,0.00,90,0.01,,10.6,5.0,0.17,0.18,12.4,5.5,14.7,13.3,7.4,33,32,33,35,40
2017-01-19 23:00,2021,34,32,0.00,90,0.02,,9.0,7.2,0.17,0.19,11.8,5.7,15.7,13.5,7.5,32,32,33,35,40
2017-01-20 00:00,2021,32,32,0.00,90,0.02,,9.5,7.2,0.17,0.18,12.3,6.4,15.5,13.4,7.5,32,32,33,35,40
2017-01-20 01:00,2021,35,32,0.00,91,0.02,,10.2,7.0,0.17,0.19,12.7,8.1,16.2,13.8,7.4,32,32,33,35,40
2017-01-20 02:00,2021,35,35,0.00,88,0.02,,15.9,10.4,0.18,0.20,11.9,7.9,16.2,13.1,7.2,32,32,33,35,40
2017-01-20 03:00,2021,36,35,0.00,88,0.06,,17.9,13.2,0.18,0.21,12.2,9.1,16.3,12.5,7.3,33,32,33,35,40
2017-01-20 04:00,2021,36,35,0.00,86,0.03,,16.1,11.7,0.18,0.21,13.4,7.5,16.0,13.0,7.7,33,32,33,35,40
2017-01-20 05:00,2021,35,33,0.00,87,0.02,,13.6,7.6,0.17,0.20,13.1,9.5,14.6,13.2,7.2,33,32,33,35,40
2017-01-20 06:00,2021,35,33,0.00,88,0.03,,14.2,9.2,0.17,0.19,12.3,10.9,15.5,12.7,7.3,33,32,33,35,40
2017-01-20 07:00,2021,34,33,0.00,85,10.21,,15.6,10.7,0.17,0.19,12.7,9.4,16.5,13.2,6.9,33,32,33,35,40
2017-01-20 08:00,2021,36,34,0.00,84,87.60,,13.4,8.9,0.17,0.20,13.0,10.6,15.4,13.5,7.1,33,32,33,35,40
2017-01-20 09:00,2021,37,35,0.00,82,165.20,,16.4,10.7,0.17,0.21,12.6,10.3,15.6,13.4,7.5,33,32,33,35,40
2017-01-20 10:00,2021,40,37,0.00,78,307.60,,16.1,11.0,0.18,0.24,13.0,10.2,16.6,13.5,7.5,33,32,33,35,40
2017-01-20 11:00,2021,40,39,0.00,74,266.80,,17.0,10.7,0.18,0.24,12.8,11.5,15.1,13.2,7.4,33,32,33,35,40
2017-01-20 12:00,2021,39,39,0.00,74,212.90,,15.8,11.6,0.18,0.24,13.3,9.2,15.8,13.4,7.7,33,32,33,35,40
2017-01-20 13:00,2021,40,39,0.00,75,258.10,,16.0,9.5,0.18,0.24,13.5,10.3,15.3,13.1,7.6,33,32,33,35,40
2017-01-20 14:00,2021,40,38,0.00,71,132.80,,12.2,7.8,0.18,0.24,13.4,10.6,16.3,14.0,7.1,33,32,33,35,40
2017-01-20 15:00,2021,39,38,0.00,73,42.54,,9.8,5.6,0.17,0.24,13.9,9.4,15.1,13.4,7.5,33,32,33,35,40
2017-01-20 16:00,2021,39,38,0.00,71,6.35,,9.8,5.6,0.17,0.23,14.1,9.2,16.4,13.3,6.9,33,32,33,35,40
2017-01-20 17:00,2021,38,37,0.00,76,0.01,,9.6,6.4,0.17,0.22,12.1,10.4,16.6,13.4,7.5,33,32,33,35,40
2017-01-20 18:00,2021,38,36,0.00,75,0.00,,7.3,5.0,0.17,0.23,13.2,10.6,17.2,13.7,7.2,33,32,33,35,40
2017-01-20 19:00,2021,38,36,0.00,81,0.00,,9.6,6.3,0.17,0.22,14.2,11.5,15.3,13.3,7.2,33,32,33,35,40
2017-01-20 20:00,2021,38,38,0.00,73,0.00,,10.0,6.7,0.17,0.23,14.5,9.3,15.4,13.0,7.0,33,32,33,35,40
2017-01-20 21:00,2021,38,37,0.00,74,0.00,,9.4,7.2,0.17,0.22,13.2,12.5,16.2,12.7,7.7,33,32,33,35,40
2017-01-20 22:00,2021,37,35,0.00,80,0.00,,7.5,3.0,0.17,0.21,13.7,10.6,16.5,13.4,7.4,33,32,33,35,40
2017-01-20 23:00,2021,36,35,0.00,85,0.00,,6.4,4.3,0.17,0.21,14.7,10.7,15.3,13.0,7.0,33,32,33,35,40
2017-01-21 00:00,2021,37,36,0.00,83,0.00,,6.2,3.2,0.17,0.21,14.5,10.7,15.8,12.9,6.9,33,32,33,35,40
2017-01-21 01:00,2021,37,35,0.00,81,0.00,,6.7,4.7,0.17,0.21,14.0,12.8,16.7,13.2,7.6,33,32,33,35,40
2017-01-21 02:00,2021,36,35,0.00,83,0.00,,6.0,3.4,0.17,0.21,13.4,13.0,15.7,13.3,7.2,33,32,33,35,40
2017-01-21 03:00,2021,35,35,0.00,84,0.00,,7.4,4.7,0.17,0.21,13.5,13.1,15.6,13.4,7.3,33,32,33,35,40
2017-01-21 04:00,2021,35,35,0.00,86,0.00,,5.9,3.1,0.17,0.20,14.7,12.7,16.2,12.9,7.9,33,32,33,35,40
2017-01-21 05:00,2021,35,35,0.00,86,0.00,,5.0,3.7,0.18,0.20,14.1,13.3,15.4,12.8,7.3,33,32,33,35,40
2017-01-21 06:00,2021,35,35,0.00,88,0.00,,5.4,3.3,0.18,0.20,14.0,14.0,16.3,12.8,7.6,33,32,33,35,40
2017-01-21 07:00,2021,35,35,0.00,88,4.35,,5.4,1.9,0.17,0.20,13.9,13.0,17.0,13.2,6.9,33,32,33,35,40
2017-01-21 08:00,2021,36,35,0.00,88,44.33,,3.8,2.2,0.18,0.20,13.9,14.1,17.1,13.6,7.5,33,32,33,35,40
2017-01-21 09:00,2021,37,36,0.00,85,102.60,,5.5,3.5,0.18,0.22,14.0,13.5,15.4,13.0,7.3,33,32,33,35,40
2017-01-21 10:00,2021,38,37,0.00,83,177.00,,5.9,3.6,0.18,0.23,14.8,12.7,15.4,13.5,7.6,33,32,33,35,40
2017-01-21 11:00,2021,40,38,0.00,80,269.40,,7.3,5.3,0.19,0.23,14.8,13.4,15.9,13.1,7.3,33,32,33,35,40
2017-01-21 12:00,2021,43,39,0.00,76,411.40,,8.4,5.9,0.19,0.25,13.7,13.1,16.2,13.0,7.4,33,32,33,35,40
2017-01-21 13:00,2021,44,42,0.00,70,363.00,,7.4,5.0,0.19,0.28,14.6,11.6,16.3,13.6,7.7,33,32,33,35,40
2017-01-21 14:00,2021,42,39,0.00,72,190.20,,6.6,5.0,0.19,0.26,14.2,12.2,15.6,12.9,7.6,33,32,33,35,40
2017-01-21 15:00,2021,41,38,0.00,77,133.70,,5.4,4.1,0.19,0.25,14.6,14.3,16.7,13.1,7.3,33,32,33,35,40
2017-01-21 16:00,2021,38,37,0.00,81,7.19,,6.9,5.4,0.19,0.22,15.5,13.6,16.1,12.9,7.4,33,32,33,35,40
2017-01-21 17:00,2021,38,37,0.00,84,0.01,,8.0,5.3,0.19,0.22,15.5,12.8,15.4,13.3,6.9,33,32,33,35,40
2017-01-21 18:00,2021,38,36,0.00,85,0.00,,8.1,4.1,0.19,0.22,14.6,12.8,16.4,12.7,7.5,33,32,33,35,40
2017-01-21 19:00,2021,36,36,0.00,88,0.00,,7.4,5.0,0.19,0.21,14.9,15.5,16.1,13.7,7.3,33,32,33,35,40
2017-01-21 20:00,2021,36,35,0.01,89,0.01,,8.6,6.0,0.19,0.21,15.4,14.0,15.5,13.2,7.4,33,32,33,35,40
2017-01-21 21:00,2021,37,36,0.00,92,0.00,,11.3,7.8,0.19,0.21,13.9,14.5,17.0,13.0,7.3,33,32,33,35,40
2017-01-21 22:00,2021,37,36,0.00,90,0.00,,11.8,6.3,0.20,0.22,15.9,14.6,17.1,12.9,6.9,33,32,33,35,40
2017-01-21 23:00,2021,36,35,0.00,92,0.01,,12.2,7.0,0.19,0.21,14.5,15.2,15.4,12.9,7.2,33,32,33,35,40
2017-01-22 00:00,2021,36,34,0.00,92,0.01,,10.1,6.6,0.19,0.20,14.7,14.6,16.4,13.1,7.4,33,32,33,35,40
2017-01-22 01:00,2021,36,35,0.00,88,0.01,,11.8,7.2,0.19,0.21,16.7,15.0,17.0,13.8,7.3,33,32,33,35,40
2017-01-22 02:00,2021,36,36,0.00,87,0.01,,10.3,7.5,0.19,0.21,16.4,13.8,16.0,12.9,6.9,33,32,33,35,40
2017-01-22 03:00,2021,38,36,0.00,87,0.02,,13.5,9.2,0.19,0.22,15.8,15.1,17.7,13.1,6.8,33,32,33,35,40
2017-01-22 04:00,2021,36,35,0.00,84,0.02,,18.8,11.6,0.18,0.21,15.5,16.5,16.2,13.8,7.6,33,32,33,35,40
2017-01-22 05:00,2021,35,34,0.00,85,0.01,,12.6,8.9,0.17,0.20,15.4,15.6,17.6,13.7,7.6,33,32,33,35,40
2017-01-22 06:00,2021,35,34,0.00,86,0.02,,15.2,9.7,0.17,0.20,14.7,15.1,16.7,13.3,7.5,33,32,33,35,40
2017-01-22 07:00,2021,35,35,0.00,84,6.18,,16.8,10.8,0.17,0.21,15.7,15.0,17.5,12.6,7.1,33,32,33,35,40
2017-01-22 08:00,2021,36,35,0.00,83,33.00,,15.8,9.8,0.17,0.21,16.0,15.5,17.2,12.7,7.4,33,32,33,35,40
2017-01-22 09:00,2021,38,36,0.00,80,88.20,,12.9,7.0,0.17,0.22,16.2,14.7,15.9,13.1,6.7,33,32,33,35,40
2017-01-22 10:00,2021,38,38,0.00,78,108.30,,13.0,7.8,0.17,0.23,15.6,15.2,17.8,13.3,6.9,33,32,33,35,40
2017-01-22 11:00,2021,38,37,0.03,79,50.96,,17.0,8.8,0.18,0.22,15.7,15.5,16.1,13.0,7.3,33,32,33,35,40
2017-01-22 12:00,2021,38,37,0.06,85,37.41,,13.0,8.8,0.20,0.22,16.9,14.1,16.7,13.5,6.7,33,32,33,35,40
2017-01-22 13:00,2021,37,36,0.05,92,34.24,,9.5,5.8,0.20,0.22,16.2,15.3,17.2,13.6,7.1,33,32,33,35,40
2017-01-22 14:00,2021,36,36,0.04,93,27.01,,10.3,6.1,0.20,0.21,14.8,16.0,15.8,12.8,7.4,33,32,33,35,40
2017-01-22 15:00,2021,36,36,0.02,95,45.41,,9.0,5.4,0.20,0.21,15.9,16.0,17.0,13.6,7.2,33,32,33,35,40
2017-01-22 16:00,2021,36,35,0.00,94,9.02,,7.8,4.6,0.20,0.21,14.8,15.6,17.3,12.9,7.5,33,32,33,35,40
2017-01-22 17:00,2021,36,35,0.00,94,0.04,,9.5,4.9,0.19,0.21,15.4,17.3,15.9,13.4,7.4,33,32,33,35,40
2017-01-22 18:00,2021,35,33,0.00,95,0.00,,9.0,5.1,0.19,0.20,17.0,14.8,16.8,12.7,6.9,33,32,33,35,40
2017-01-22 19:00,2021,33,32,0.00,97,0.00,,6.5,2.4,0.18,0.19,16.6,16.5,16.6,12.8,7.6,33,32,33,35,40
2017-01-22 20:00,2021,32,32,0.00,98,0.00,,7.0,3.1,0.18,0.18,15.0,16.0,16.5,13.2,7.1,33,32,33,35,40
2017-01-22 21:00,2021,32,32,0.00,98,0.00,,7.4,3.5,0.18,0.18,17.5,14.8,15.7,13.3,7.7,33,32,33,35,40
2017-01-22 22:00,2021,32,32,0.00,98,0.01,,6.9,2.3,0.17,0.18,16.1,16.5,17.5,13.2,7.1,33,32,33,35,40
2017-01-22 23:00,2021,32,31,0.00,98,0.00,,8.8,4.8,0.17,0.18,15.7,16.6,16.7,13.0,7.5,33,32,33,35,40
2017-01-23 00:00,2021,,,,99,,,,,0.17,0.17,15.7,15.3,17.0,13.5,7.6,33,32,33,35,40
2017-01-23 01:00,2021,,,,,,,,,0.17,0.17,,,,,,,,,,
2017-01-23 02:00,2021,,,,,,,,,0.17,0.17,,,,,,,,,,
2017-01-23 03:00,2021,31,30,0.00,,0.00,,6.6,2.8,0.17,0.17,,,,,,,,,,
2017-01-23 04:00,2021,30,29,0.00,98,0.01,,7.9,4.5,0.16,0.16,15.6,16.9,17.0,13.3,7.4,33,32,33,35,40
2017-01-23 05:00,2021,30,29,0.00,98,0.01,,10.3,5.5,0.16,0.16,16.1,16.7,17.6,12.9,7.4,33,32,33,35,40
2017-01-23 06:00,2021,30,29,0.00,98,0.01,,8.5,5.4,,,15.3,15.2,17.1,13.5,7.5,33,32,33,35,40
2017-01-23 07:00,2021,30,30,0.00,98,4.54,,9.6,6.3,0.16,0.17,,,,,,,,,,
2017-01-23 08:00,2021,,,,98,,,,,,,16.3,15.1,15.9,13.3,7.4,33,32,33,35,40
2017-01-23 09:00,2021,,,,,,,,,0.17,0.18,,,,,,,,,,
2017-01-23 10:00,2021,32,31,0.00,,115.00,,6.9,3.7,0.17,0.18,16.8,16.0,18.5,13.9,7.6,33,32,33,35,40
2017-01-23 11:00,2021,33,31,0.01,98,160.00,,8.3,5.5,0.17,0.18,15.4,16.5,16.8,12.8,7.5,33,32,33,35,40
2017-01-23 12:00,2021,33,33,0.00,98,213.40,,9.4,5.9,0.18,0.19,15.7,16.4,17.7,12.6,7.4,33,32,33,35,40
2017-01-23 13:00,2021,34,33,0.00,97,179.50,,8.6,4.7,0.18,0.19,15.6,14.7,17.5,13.5,7.3,33,32,33,35,39
2017-01-23 14:00,2021,34,34,0.00,92,124.60,,4.8,2.2,0.18,0.19,15.6,15.2,17.6,13.4,7.4,33,32,33,35,40
2017-01-23 15:00,2021,34,34,0.00,90,40.32,,5.0,2.0,0.18,0.20,17.1,16.0,18.6,13.8,7.1,33,32,33,35,40
2017-01-23 16:00,2021,34,33,0.00,89,7.80,,7.6,3.9,0.17,0.19,17.0,14.9,17.3,13.2,7.1,33,32,33,35,40
2017-01-23 17:00,2021,33,33,0.00,88,0.02,,5.3,3.0,0.17,0.19,17.7,15.4,18.2,13.0,7.7,33,32,33,35,39
2017-01-23 18:00,2021,33,33,0.00,89,0.00,,5.7,3.0,0.17,0.19,17.7,15.2,17.9,13.4,7.1,33,32,33,35,39
2017-01-23 19:00,2021,33,33,0.00,90,0.00,,4.4,2.6,0.17,0.19,16.8,17.3,18.7,12.9,7.4,33,32,33,35,39
2017-01-23 20:00,2021,33,33,0.00,90,0.00,,5.8,2.8,0.17,0.19,15.9,16.9,18.0,13.4,7.2,33,32,33,35,40
2017-01-23 21:00,2021,33,32,0.00,88,0.01,,7.6,4.9,0.17,0.18,16.8,16.1,20.1,12.8,7.5,33,32,33,35,40
2017-01-23 22:00,2021,32,31,0.00,96,0.02,,6.2,3.3,0.17,0.18,16.5,17.3,19.9,13.4,7.5,33,32,33,35,40
2017-01-23 23:00,2021,31,31,0.00,96,0.02,,6.6,3.4,0.17,0.18,16.2,16.7,19.0,13.0,7.4,33,32,33,35,40
2017-01-24 00:00,2021,31,31,0.00,96,0.03,,10.1,6.2,0.17,0.17,17.7,14.1,18.1,13.0,6.6,33,32,33,35,39
2017-01-24 01:00,2021,31,30,0.00,98,0.01,,9.8,4.5,0.17,0.17,16.0,16.8,20.6,13.3,7.3,33,32,33,35,39
2017-01-24 02:00,2021,31,30,0.00,98,0.01,,5.7,3.4,0.17,0.17,15.2,14.7,18.7,13.0,7.0,33,32,33,35,39
2017-01-24 03:00,2021,31,30,0.00,98,0.03,,6.5,4.2,0.17,0.17,17.5,13.7,18.6,13.4,7.5,33,32,33,35,39
2017-01-24 04:00,2021,30,29,0.00,98,0.03,,8.3,5.3,0.16,0.17,16.1,16.7,19.9,12.9,7.2,33,32,33,35,39
2017-01-24 05:00,2021,29,29,0.00,98,0.01,,7.3,4.5,0.16,0.16,17.0,13.5,18.4,12.8,7.8,33,32,33,35,39
2017-01-24 06:00,2021,29,28,0.00,98,0.03,,9.4,5.6,0.16,0.16,16.3,14.8,19.0,13.5,7.5,33,32,33,35,39
2017-01-24 07:00,2021,29,28,0.00,98,3.14,,7.5,5.0,0.15,0.16,16.3,13.8,19.1,13.6,6.9,33,32,33,35,39
2017-01-24 08:00,2021,29,28,0.00,98,21.11,,7.0,3.9,0.15,0.16,17.7,13.9,19.1,13.3,7.4,33,32,33,35,39
2017-01-24 09:00,2021,29,29,0.00,98,48.56,,7.4,4.8,0.16,0.16,17.0,15.3,21.0,13.6,7.6,33,32,33,35,39
2017-01-24 10:00,2021,30,29,0.00,98,77.60,,5.6,3.9,0.16,0.16,17.1,14.9,20.7,12.8,7.6,33,32,33,35,39
2017-01-24 11:00,2021,30,30,0.00,98,112.30,,7.2,4.0,0.16,0.17,17.3,16.0,20.8,13.7,7.0,33,32,33,35,39
2017-01-24 12:00,2021,31,30,0.00,97,98.60,,5.8,3.2,0.16,0.17,15.6,14.6,20.2,13.4,7.3,33,32,33,35,39
2017-01-24 13:00,2021,31,31,0.00,95,90.40,,4.7,2.1,0.16,0.17,16.8,15.5,21.1,13.1,7.4,33,32,33,35,39
2017-01-24 14:00,2021,31,31,0.00,94,76.40,,5.7,2.4,0.16,0.17,17.5,13.2,19.6,13.8,7.8,33,32,33,35,39
2017-01-24 15:00,2021,31,31,0.00,92,37.11,,6.2,2.3,0.16,0.17,15.9,14.6,20.2,13.4,7.2,33,32,33,35,39
2017-01-24 16:00,2021,31,30,0.00,93,6.10,,6.0,2.9,0.16,0.17,16.9,13.0,19.1,13.0,7.7,33,32,33,35,39
2017-01-24 17:00,2021,30,30,0.00,93,0.09,,5.9,3.4,0.15,0.17,16.1,15.9,20.7,13.2,7.5,33,32,33,35,39
2017-01-24 18:00,2021,30,30,0.00,95,0.03,,5.2,3.4,0.16,0.17,16.3,15.1,20.9,13.0,7.3,33,32,33,35,39
2017-01-24 19:00,2021,30,30,0.00,96,0.03,,5.8,3.4,0.16,0.17,15.2,14.6,21.1,13.2,7.4,33,32,33,35,39
2017-01-24 20:00,2021,30,30,0.00,94,0.04,,6.6,3.2,0.16,0.17,16.6,16.2,21.2,13.7,7.1,33,32,33,35,39
2017-01-24 21:00,2021,30,30,0.00,95,0.02,,3.9,1.7,0.16,0.17,17.0,13.6,20.3,13.2,7.6,33,32,33,35,39
2017-01-24 22:00,2021,30,30,0.00,95,0.01,,3.6,1.7,0.16,0.17,15.7,14.1,20.7,12.7,7.8,33,32,33,35,39
2017-01-24 23:00,2021,30,30,0.00,96,0.02,,3.9,2.2,0.16,0.17,17.7,14.1,20.8,13.0,7.1,33,32,33,35,39
2017-01-25 00:00,2021,30,29,0.00,96,0.03,,3.6,2.0,0.16,0.16,16.9,14.3,20.5,13.3,7.1,33,32,33,35,39
2017-01-25 01:00,2021,30,29,0.00,96,0.04,,3.7,1.7,0.16,0.16,15.5,13.7,20.2,13.6,7.4,33,32,33,35,39
2017-01-25 02:00,2021,29,29,0.00,97,0.02,,3.3,1.6,0.16,0.16,15.5,13.8,20.3,13.5,7.4,33,32,33,35,39
2017-01-25 03:00,2021,29,29,0.00,97,0.03,,3.6,1.4,0.16,0.16,15.7,15.2,20.5,13.7,7.5,33,32,33,35,39
2017-01-25 04:00,2021,29,29,0.00,97,0.02,,3.3,1.6,0.16,0.16,17.0,14.2,20.7,13.1,7.0,33,32,33,35,39
2017-01-25 05:00,2021,29,29,0.00,98,0.04,,3.2,1.4,0.16,0.16,15.9,14.7,20.3,13.3,7.1,33,32,33,35,39
2017-01-25 06:00,2021,29,29,0.00,98,0.04,,4.0,1.8,0.16,0.16,16.7,15.1,21.3,13.3,7.2,33,32,33,35,39
2017-01-25 07:00,2021,29,29,0.00,98,3.20,,3.7,2.1,0.16,0.16,17.7,14.0,20.6,13.6,6.8,33,32,33,35,39
2017-01-25 08:00,2021,29,29,0.00,98,23.09,,3.4,2.3,0.16,0.16,16.9,12.4,20.0,13.5,7.9,33,32,33,35,39
2017-01-25 09:00,2021,30,29,0.00,97,59.93,,3.2,1.5,0.16,0.16,17.6,13.3,20.5,13.2,7.0,33,32,33,35,39
2017-01-25 10:00,2021,31,30,0.00,96,101.80,,3.3,1.4,0.16,0.17,17.8,12.8,20.6,13.2,6.8,33,32,33,35,39
2017-01-25 11:00,2021,32,31,0.00,92,141.80,,3.7,1.3,0.16,0.17,17.6,12.7,20.0,13.2,6.8,33,32,33,35,39
2017-01-25 12:00,2021,32,31,0.00,89,120.40,,3.5,1.0,0.16,0.18,15.5,14.7,21.6,13.7,7.2,33,32,33,35,39
2017-01-25 13:00,2021,32,31,0.00,89,116.00,,3.7,1.6,0.16,0.18,16.7,14.3,21.6,13.3,7.5,33,32,33,35,39
2017-01-25 14:00,2021,32,32,0.00,88,110.10,,5.3,2.0,0.16,0.18,17.1,14.3,21.2,13.7,7.0,33,32,33,35,39
2017-01-25 15:00,2021,32,31,0.00,90,62.80,,4.2,1.5,0.16,0.18,17.0,14.3,20.7,13.3,7.2,33,32,33,35,39
2017-01-25 16:00,2021,31,31,0.00,90,14.88,,5.0,1.3,0.16,0.17,17.1,13.7,20.6,13.1,7.8,33,32,33,35,39
2017-01-25 17:00,2021,31,30,0.00,92,0.08,,5.6,2.6,0.16,0.17,15.8,14.2,21.1,13.4,7.3,33,32,33,35,39
2017-01-25 18:00,2021,31,30,0.00,93,0.00,,4.9,2.7,0.16,0.17,16.1,14.4,20.8,13.4,7.5,33,32,33,35,39
2017-01-25 19:00,2021,30,30,0.00,94,0.01,,3.8,2.3,0.16,0.17,15.1,13.6,20.0,13.1,7.3,33,32,33,35,39
2017-01-25 20:00,2021,30,30,0.00,94,0.01,,4.1,1.4,0.16,0.17,17.8,13.6,20.6,13.8,7.1,33,32,33,35,39
2017-01-25 21:00,2021,30,30,0.00,94,0.03,,4.6,1.0,0.16,0.17,17.6,13.6,20.8,13.8,7.8,33,32,33,35,39
2017-01-25 22:00,2021,30,30,0.00,93,0.02,,4.1,2.3,0.16,0.17,17.1,14.4,21.7,13.5,7.4,33,32,33,35,39
2017-01-25 23:00,2021,30,30,0.00,93,0.02,,5.0,1.8,0.16,0.17,15.8,15.1,21.8,13.3,7.3,33,32,33,35,39
2017-01-26 00:00,2021,30,30,0.00,93,0.03,,4.0,1.9,0.16,0.17,17.5,13.6,21.0,13.7,7.5,33,32,33,35,39
2017-01-26 01:00,2021,30,30,0.00,92,0.03,,3.6,1.6,0.16,0.17,16.6,15.1,21.7,13.4,7.4,33,32,33,35,39
2017-01-26 02:00,2021,30,30,0.00,94,0.03,,2.8,1.0,0.16,0.17,17.2,14.5,21.1,14.0,7.1,33,32,33,35,39
2017-01-26 03:00,2021,30,30,0.00,93,0.04,,3.6,0.9,0.16,0.17,17.7,13.0,20.7,13.6,7.7,33,32,33,35,39
2017-01-26 04:00,2021,30,30,0.00,93,0.03,,4.1,1.2,0.16,0.17,15.7,13.4,20.9,13.3,7.4,33,32,33,35,39
2017-01-26 05:00,2021,30,29,0.00,94,0.03,,4.6,1.8,0.16,0.17,16.7,14.2,21.9,13.7,7.5,33,32,33,35,39
2017-01-26 06:00,2021,30,29,0.00,94,0.04,,4.2,1.7,0.15,0.16,16.5,13.8,21.5,13.8,7.5,33,32,33,35,39
2017-01-26 07:00,2021,30,29,0.00,94,6.92,,3.4,1.4,0.15,0.16,16.8,14.4,22.0,14.1,7.4,33,32,33,35,39
2017-01-26 08:00,2021,30,30,0.00,94,45.36,,4.5,2.4,0.15,0.17,15.2,13.5,20.7,13.5,7.3,33,32,33,35,39
2017-01-26 09:00,2021,31,30,0.00,92,84.70,,6.0,2.6,0.16,0.17,15.8,15.1,21.1,12.9,7.2,33,32,33,35,39
2017-01-26 10:00,2021,32,31,0.00,90,139.20,,4.6,2.5,0.16,0.17,16.2,14.4,21.2,13.8,7.2,33,32,33,35,39
2017-01-26 11:00,2021,33,32,0.00,87,127.10,,4.6,1.7,0.16,0.18,16.6,14.6,21.5,13.9,7.0,33,32,33,35,39
2017-01-26 12:00,2021,33,33,0.00,88,128.50,,5.3,2.4,0.16,0.19,16.9,12.6,19.8,13.2,6.7,33,32,33,35,39
2017-01-26 13:00,2021,33,32,0.00,88,104.10,,6.6,3.1,0.17,0.19,15.7,14.0,20.4,13.5,7.6,33,32,33,35,39
2017-01-26 14:00,2021,33,32,0.00,89,84.00,,10.0,4.9,0.17,0.18,15.2,14.1,20.3,13.1,7.2,33,32,33,35,39
2017-01-26 15:00,2021,32,32,0.00,92,36.82,,9.2,4.8,0.17,0.18,16.9,14.4,21.4,14.4,7.6,33,32,33,35,39
2017-01-26 16:00,2021,32,32,0.00,91,5.71,,3.7,1.2,0.17,0.18,15.7,14.6,20.9,13.0,7.4,33,32,33,35,39
2017-01-26 17:00,2021,32,32,0.00,91,0.08,,3.1,0.9,0.17,0.18,17.0,14.3,22.0,13.9,7.4,33,32,33,35,39
2017-01-26 18:00,2021,32,32,0.00,89,0.00,,4.3,1.8,0.16,0.18,16.6,14.1,21.7,12.9,7.7,33,32,33,35,39
2017-01-26 19:00,2021,32,30,0.00,84,0.01,,6.8,3.8,0.15,0.18,16.8,14.4,21.9,13.6,7.5,33,32,33,35,39
2017-01-26 20:00,2021,30,30,0.00,90,0.00,,6.4,2.9,0.15,0.17,17.9,12.9,20.5,13.8,7.0,33,32,33,35,39
2017-01-26 21:00,2021,30,30,0.00,90,0.00,,5.7,3.7,0.15,0.17,16.9,14.3,21.9,13.7,7.5,33,32,33,35,39
2017-01-26 22:00,2021,30,30,0.00,90,0.00,,6.3,4.2,0.15,0.17,17.4,12.6,20.6,13.6,7.2,33,32,33,35,39
2017-01-26 23:00,2021,30,30,0.00,89,0.00,,6.0,4.4,0.15,0.17,16.1,15.4,21.4,13.3,7.3,33,32,33,35,39
2017-01-27 00:00,2021,30,30,0.00,90,0.00,,7.5,4.9,0.15,0.17,15.8,13.5,21.0,13.5,7.4,33,32,33,35,39
2017-01-27 01:00,2021,30,30,0.00,91,0.00,,6.3,4.2,0.15,0.17,16.7,13.5,20.8,13.9,7.4,33,32,33,35,39
2017-01-27 02:00,2021,30,30,0.00,91,0.01,,7.5,5.1,0.15,0.17,16.5,14.7,22.2,13.7,7.3,33,32,33,35,39
2017-01-27 03:00,2021,30,29,0.00,94,0.01,,8.6,5.8,0.15,0.16,16.0,13.8,21.0,13.4,7.1,33,32,33,35,39
2017-01-27 04:00,2021,29,29,0.00,95,0.01,,9.0,6.3,0.15,0.16,17.3,11.7,20.3,13.9,7.8,33,32,33,35,39
2017-01-27 05:00,2021,29,29,0.00,95,0.01,,7.9,5.2,0.15,0.16,15.6,14.5,21.2,13.6,7.1,33,32,33,35,39
2017-01-27 06:00,2021,29,29,0.00,95,0.01,,8.6,5.4,0.15,0.16,16.2,14.5,22.1,13.5,7.4,33,32,33,35,39
2017-01-27 07:00,2021,29,29,0.00,97,4.36,,9.0,6.0,0.16,0.16,15.8,13.6,21.1,13.3,7.2,33,32,33,35,39
2017-01-27 08:00,2021,30,29,0.00,97,35.77,,9.0,6.2,0.16,0.16,16.7,13.5,21.1,13.1,7.5,33,32,33,35,39
2017-01-27 09:00,2021,30,29,0.00,97,81.40,,10.9,7.6,0.16,0.17,17.3,12.4,20.3,14.1,7.1,33,32,33,35,39
2017-01-27 10:00,2021,31,30,0.00,97,118.90,,9.3,6.3,0.16,0.17,17.3,13.7,21.5,13.7,7.3,33,32,33,35,39
2017-01-27 11:00,2021,32,31,0.00,93,109.40,,7.4,4.5,0.16,0.17,16.0,14.5,22.0,13.5,7.5,33,32,33,35,39
2017-01-27 12:00,2021,32,32,0.00,92,143.90,,7.3,4.8,0.17,0.18,16.8,14.3,21.9,13.8,7.1,33,32,33,35,39
2017-01-27 13:00,2021,33,32,0.00,91,174.90,,8.0,5.3,0.17,0.18,16.5,14.4,22.0,13.7,7.4,33,32,33,35,39
2017-01-27 14:00,2021,33,33,0.00,89,131.90,,8.9,4.8,0.17,0.19,16.0,13.5,20.6,14.0,7.4,33,32,33,35,39
2017-01-27 15:00,2021,33,33,0.00,88,61.36,,8.8,5.2,0.17,0.19,16.1,12.9,20.3,13.9,6.7,33,32,33,35,39
2017-01-27 16:00,2021,33,32,0.00,87,9.46,,6.6,4.1,0.16,0.18,15.8,15.5,22.1,14.2,7.3,33,32,33,35,39
2017-01-27 17:00,2021,33,32,0.00,88,0.07,,4.0,1.0,0.16,0.18,16.7,13.5,20.6,13.4,7.7,33,32,33,35,39
2017-01-27 18:00,2021,33,32,0.00,87,0.00,,3.3,1.6,0.16,0.18,16.0,13.3,20.8,14.3,7.0,33,32,33,35,39
2017-01-27 19:00,2021,32,30,0.00,90,0.00,,3.6,2.5,0.16,0.18,15.2,13.4,20.1,13.6,6.9,33,32,33,35,39
2017-01-27 20:00,2021,30,28,0.00,94,0.01,,5.1,3.4,0.15,0.16,17.4,13.7,22.2,13.4,7.1,33,32,33,35,39
2017-01-27 21:00,2021,29,28,0.00,95,0.00,,5.6,4.2,0.15,0.16,15.8,13.3,20.9,14.3,7.7,33,32,33,35,39
2017-01-27 22:00,2021,29,28,0.00,95,0.01,,6.0,3.7,0.15,0.15,17.2,13.8,20.8,14.1,7.5,33,32,33,35,39
2017-01-27 23:00,2021,28,28,0.00,94,0.02,,7.8,4.3,0.14,0.15,16.9,13.0,21.3,13.6,7.5,33,32,33,35,39
2017-01-28 00:00,2021,29,28,0.00,95,0.01,,4.3,2.4,0.14,0.16,15.9,14.9,21.9,14.0,7.4,33,32,33,35,39
2017-01-28 01:00,2021,28,26,0.00,94,0.02,,5.1,2.8,0.14,0.15,16.6,15.1,21.7,14.3,6.9,33,32,33,35,39
2017-01-28 02:00,2021,26,24,0.00,91,0.04,,6.7,5.1,0.12,0.14,15.2,12.9,20.5,14.3,7.3,33,32,33,35,39
2017-01-28 03:00,2021,24,23,0.00,92,0.05,,5.7,3.8,0.12,0.13,16.5,14.1,21.1,14.1,6.9,33,32,33,35,39
2017-01-28 04:00,2021,23,22,0.00,91,0.05,,5.6,3.6,0.11,0.12,16.7,14.3,22.1,13.8,7.8,33,32,33,35,39
2017-01-28 05:00,2021,23,21,0.00,90,0.06,,5.2,2.3,0.11,0.12,14.9,13.1,20.1,13.8,7.4,33,32,33,35,39
2017-01-28 06:00,2021,22,21,0.00,90,0.11,,5.2,1.8,0.11,0.12,14.8,13.6,20.0,14.0,7.6,33,32,33,35,39
2017-01-28 07:00,2021,24,22,0.00,94,18.28,,4.3,2.0,0.11,0.12,17.2,13.8,21.6,14.7,6.7,33,32,33,35,39
2017-01-28 08:00,2021,25,24,0.00,92,67.40,,7.2,3.6,0.12,0.13,16.2,15.1,21.6,13.9,7.5,33,32,33,35,39
2017-01-28 09:00,2021,27,25,0.00,92,136.90,,7.6,4.6,0.13,0.14,17.0,12.8,20.9,14.2,7.0,33,32,33,35,39
2017-01-28 10:00,2021,29,27,0.00,91,256.60,,6.2,3.1,0.14,0.15,15.9,14.2,21.5,14.2,7.4,33,32,33,35,39
2017-01-28 11:00,2021,31,29,0.00,84,212.90,,5.0,2.2,0.14,0.17,15.9,14.3,22.0,14.5,7.0,33,32,33,35,39
2017-01-28 12:00,2021,31,31,0.00,85,209.60,,5.4,2.4,0.15,0.17,15.4,13.0,20.8,14.4,7.4,33,32,33,35,39
2017-01-28 13:00,2021,31,30,0.00,86,158.90,,5.0,2.5,0.15,0.17,16.3,12.7,21.0,14.3,7.3,33,32,33,35,39
2017-01-28 14:00,2021,31,30,0.00,88,107.40,,3.9,1.8,0.15,0.17,17.1,11.9,20.3,14.0,7.7,33,32,33,35,39
2017-01-28 15:00,2021,31,30,0.00,86,74.60,,5.0,2.5,0.15,0.17,16.0,14.1,21.3,13.9,7.9,33,32,33,35,39
2017-01-28 16:00,2021,30,30,0.00,88,17.29,,4.0,2.3,0.15,0.17,15.4,12.9,20.4,14.4,7.5,33,32,33,35,39
2017-01-28 17:00,2021,30,29,0.00,90,0.14,,5.4,2.8,0.15,0.16,15.7,14.8,21.7,14.7,7.1,33,32,33,35,39
2017-01-28 18:00,2021,29,28,0.00,92,0.02,,2.8,1.8,0.14,0.15,16.8,13.5,22.0,14.6,7.2,33,32,33,35,39
2017-01-28 19:00,2021,28,26,0.00,94,0.04,,3.3,1.9,0.14,0.15,14.8,14.3,20.9,13.8,7.5,33,32,33,35,39
2017-01-28 20:00,2021,27,26,0.00,95,0.03,,3.0,1.9,0.14,0.14,16.4,13.1,21.1,14.3,7.6,33,32,33,35,39
2017-01-28 21:00,2021,27,23,0.00,96,0.07,,4.1,2.3,0.13,0.14,16.8,13.4,22.0,14.5,7.3,33,32,33,35,39
2017-01-28 22:00,2021,26,23,0.00,96,0.08,,5.6,3.2,0.13,0.14,16.7,11.6,21.0,14.1,7.1,33,32,33,35,39
2017-01-28 23:00,2021,26,24,0.00,97,0.09,,4.3,2.5,0.13,0.14,16.7,12.0,21.3,14.1,7.6,33,32,33,35,39
2017-01-29 00:00,2021,24,24,0.00,96,0.10,,2.9,1.5,0.12,0.13,16.4,14.3,22.0,14.9,7.7,33,32,33,35,39
2017-01-29 01:00,2021,24,23,0.00,96,0.07,,4.1,2.8,0.12,0.12,16.3,14.8,21.5,14.3,7.5,33,32,33,35,39
2017-01-29 02:00,2021,24,23,0.00,96,0.09,,2.2,1.3,0.12,0.12,17.0,11.9,20.8,14.4,7.1,33,32,33,35,39
2017-01-29 03:00,2021,24,20,0.00,96,0.07,,4.6,2.1,0.12,0.12,15.8,13.8,21.7,14.1,7.3,33,32,33,35,39
2017-01-29 04:00,2021,22,20,0.00,96,0.07,,3.7,2.2,0.11,0.12,14.9,14.8,22.2,14.6,7.1,33,32,33,35,39
2017-01-29 05:00,2021,22,20,0.00,95,0.05,,3.4,1.3,0.11,0.11,16.6,12.9,21.7,14.8,7.2,33,32,33,35,39
2017-01-29 06:00,2021,22,20,0.00,96,0.06,,2.6,1.2,0.11,0.12,15.8,13.0,21.2,14.3,7.2,33,32,33,35,39
2017-01-29 07:00,2021,22,21,0.00,95,18.18,,3.6,1.2,0.11,0.11,15.6,13.9,21.5,15.0,7.7,33,32,33,35,39
2017-01-29 08:00,2021,23,22,0.00,95,64.96,,5.9,3.3,0.12,0.12,16.1,12.7,20.9,14.8,7.4,33,32,33,35,39
2017-01-29 09:00,2021,26,23,0.00,96,140.30,,4.3,2.3,0.13,0.13,15.1,14.5,22.0,14.2,7.4,33,32,33,35,39
2017-01-29 10:00,2021,28,26,0.00,97,156.80,,4.1,1.7,0.14,0.15,14.5,13.8,21.3,14.1,7.5,33,32,33,35,39
2017-01-29 11:00,2021,28,28,0.00,97,107.80,,7.2,3.7,0.15,0.15,15.3,12.7,20.7,14.2,7.6,33,32,33,35,39
2017-01-29 12:00,2021,30,28,0.00,96,162.80,,7.8,5.0,0.15,0.16,14.1,11.4,20.4,14.6,7.1,33,32,33,35,39
2017-01-29 13:00,2021,30,30,0.00,92,146.40,,10.1,6.9,0.15,0.17,14.9,12.3,20.8,14.3,7.1,33,32,33,35,39
2017-01-29 14:00,2021,30,29,0.00,88,78.60,,8.3,5.7,0.14,0.17,12.9,12.5,20.2,14.3,7.3,33,32,33,35,39
2017-01-29 15:00,2021,29,29,0.00,90,60.16,,10.0,5.2,0.15,0.16,14.4,12.6,21.1,14.6,6.8,33,32,33,35,39
2017-01-29 16:00,2021,29,29,0.00,92,12.13,,8.6,4.0,0.15,0.16,14.4,13.4,21.8,14.8,7.7,33,32,33,35,39
2017-01-29 17:00,2021,29,29,0.00,92,0.20,,10.4,5.0,0.15,0.16,13.4,12.8,21.2,14.1,7.5,33,32,33,35,39
2017-01-29 18:00,2021,29,29,0.00,95,0.09,,9.3,5.8,0.15,0.16,15.1,12.4,21.9,14.7,7.5,33,32,33,35,39
2017-01-29 19:00,2021,29,29,0.00,95,0.06,,8.5,4.6,0.15,0.16,14.7,12.2,21.7,14.0,7.0,33,32,33,35,39
2017-01-29 20:00,2021,29,28,0.00,96,0.09,,9.4,4.7,0.15,0.15,13.5,14.0,21.8,14.6,7.1,33,32,33,35,39
2017-01-29 21:00,2021,28,27,0.00,96,0.08,,5.8,3.4,0.14,0.15,14.2,13.3,21.6,15.1,7.8,33,32,33,35,39
2017-01-29 22:00,2021,27,26,0.00,97,0.07,,5.1,1.9,0.14,0.14,13.3,14.2,21.6,14.2,6.9,33,32,33,35,39
2017-01-29 23:00,2021,26,26,0.00,97,0.08,,5.3,2.5,0.14,0.14,12.7,12.4,20.7,14.0,7.3,33,32,33,35,39
2017-01-30 00:00,2021,26,23,0.00,98,0.08,,7.4,4.5,0.13,0.14,13.3,12.9,20.8,14.7,7.5,33,32,33,35,39
2017-01-30 01:00,2021,23,22,0.00,96,0.07,,6.7,4.0,0.12,0.12,13.7,13.0,21.6,13.8,7.8,33,32,33,35,39
2017-01-30 02:00,2021,22,22,0.00,96,0.08,,4.3,3.0,0.11,0.12,13.7,12.0,20.5,14.7,6.9,33,32,33,35,39
2017-01-30 03:00,2021,24,22,0.00,96,0.07,,3.0,1.0,0.12,0.12,13.2,12.3,21.1,14.1,7.3,33,32,33,35,39
2017-01-30 04:00,2021,23,22,0.00,95,0.10,,4.4,2.3,0.12,0.12,12.7,13.1,21.1,14.2,7.6,33,32,33,35,39
2017-01-30 05:00,2021,22,21,0.00,95,0.09,,5.9,3.3,0.11,0.12,13.6,11.0,20.3,14.7,7.5,33,32,33,35,39
2017-01-30 06:00,2021,22,21,0.00,96,0.14,,5.9,4.1,0.11,0.12,12.1,13.9,21.9,15.0,7.3,32,32,33,35,39
2017-01-30 07:00,2021,22,20,0.00,95,25.56,,5.9,2.9,0.11,0.11,12.2,13.1,22.4,14.2,7.4,32,32,33,35,39
2017-01-30 08:00,2021,24,22,0.00,96,113.00,,4.4,1.4,0.12,0.13,11.5,11.6,21.0,14.4,7.5,32,32,33,35,39
2017-01-30 09:00,2021,28,24,0.00,96,223.60,,6.2,2.5,0.14,0.14,10.1,11.9,20.8,14.7,7.7,32,32,33,35,39
2017-01-30 10:00,2021,29,28,0.00,96,211.90,,6.6,4.0,0.14,0.15,10.4,12.9,21.4,14.7,7.4,32,32,33,35,39
2017-01-30 11:00,2021,31,29,0.00,90,199.60,,7.2,4.4,0.14,0.17,10.5,12.1,21.0,14.2,7.3,32,32,33,35,39
2017-01-30 12:00,2021,33,31,0.00,84,201.20,,7.1,4.3,0.15,0.18,9.5,13.2,20.9,14.1,7.4,32,32,33,35,39
2017-01-30 13:00,2021,33,33,0.00,81,191.10,,8.1,5.1,0.15,0.19,11.3,11.4,20.4,14.4,7.9,32,32,33,35,39
2017-01-30 14:00,2021,33,33,0.00,84,96.90,,8.7,5.9,0.16,0.19,10.3,11.4,20.4,14.9,6.9,32,32,33,35,39
2017-01-30 15:00,2021,33,32,0.00,85,84.00,,9.3,6.1,0.16,0.18,10.7,12.7,21.3,14.7,7.1,32,32,33,35,39
2017-01-30 16:00,2021,32,31,0.00,87,20.08,,8.2,4.9,0.15,0.18,11.7,12.6,22.0,14.7,7.4,33,32,33,35,39
2017-01-30 17:00,2021,31,31,0.00,89,0.15,,6.6,3.9,0.15,0.17,11.6,12.6,21.4,14.2,7.4,33,32,33,35,39
2017-01-30 18:00,2021,31,30,0.00,91,0.01,,5.1,1.7,0.15,0.17,10.9,11.4,20.9,14.4,7.2,33,32,33,35,39
2017-01-30 19:00,2021,30,29,0.00,93,0.02,,7.4,2.2,0.15,0.16,12.4,12.4,21.8,14.9,7.5,33,32,33,35,39
2017-01-30 20:00,2021,29,29,0.00,94,0.01,,10.0,5.6,0.15,0.16,12.3,12.8,22.0,14.1,7.1,33,32,33,35,39
2017-01-30 21:00,2021,29,29,0.00,94,0.02,,6.8,4.1,0.15,0.16,12.4,13.0,22.1,15.0,7.2,33,32,33,35,39
2017-01-30 22:00,2021,29,29,0.00,93,0.03,,4.8,1.9,0.15,0.16,11.7,11.7,21.3,14.6,7.5,33,32,33,35,39
2017-01-30 23:00,2021,29,29,0.00,93,0.03,,5.5,2.7,0.15,0.16,12.3,12.5,22.1,14.2,7.4,33,32,33,35,39
2017-01-31 00:00,2021,30,29,0.00,93,0.03,,4.6,1.5,0.15,0.16,11.8,12.3,21.0,14.1,6.9,33,32,33,35,39
2017-01-31 01:00,2021,29,29,0.00,93,0.02,,2.4,0.6,0.15,0.16,12.5,12.9,21.4,15.0,6.9,33,32,33,35,39
2017-01-31 02:00,2021,29,29,0.00,95,0.02,,7.2,3.2,0.15,0.16,11.8,10.9,19.7,14.6,7.7,33,32,33,35,39
2017-01-31 03:00,2021,29,29,0.00,96,0.02,,7.8,4.2,0.15,0.16,11.4,12.2,20.3,14.7,7.5,33,32,33,35,39
2017-01-31 04:00,2021,29,28,0.00,93,0.01,,5.8,3.2,0.15,0.16,12.1,13.1,21.1,14.6,7.4,33,32,33,35,39
2017-01-31 05:00,2021,29,28,0.00,95,0.03,,7.4,4.2,0.15,0.16,11.4,13.6,21.6,14.9,7.1,33,32,33,35,39
2017-01-31 06:00,2021,28,27,0.00,96,0.04,,4.6,2.7,0.15,0.15,12.3,11.3,20.6,14.8,7.4,33,32,33,35,39
2017-01-31 07:00,2021,27,27,0.00,96,7.82,,3.3,2.2,0.14,0.15,12.4,13.3,22.1,14.6,6.9,33,32,33,35,39
2017-01-31 08:00,2021,29,27,0.00,95,51.61,,6.0,2.3,0.14,0.15,10.8,11.5,20.2,14.1,7.3,33,32,33,35,39
2017-01-31 09:00,2021,31,29,0.00,92,108.70,,8.1,4.2,0.14,0.17,11.4,13.1,21.4,14.3,7.0,33,32,33,35,39
2017-01-31 10:00,2021,32,31,0.00,77,177.00,,7.9,5.2,0.13,0.17,13.2,10.7,20.7,15.0,7.4,33,32,33,35,39
2017-01-31 11:00,2021,32,32,0.01,71,294.30,,11.3,7.3,0.13,0.18,13.0,10.7,19.9,14.8,7.3,33,32,33,35,39
2017-01-31 12:00,2021,33,31,0.00,68,321.50,,10.8,6.8,0.12,0.18,12.8,12.9,21.7,14.5,6.9,33,32,33,35,39
2017-01-31 13:00,2021,35,31,0.00,60,369.30,,9.0,6.3,0.11,0.19,11.3,11.4,20.1,14.4,7.1,33,32,33,35,39
2017-01-31 14:00,2021,35,35,0.00,55,320.30,,9.2,5.7,0.11,0.20,12.8,10.3,20.8,14.2,7.4,33,32,33,35,39
2017-01-31 15:00,2021,35,33,0.00,48,169.80,,7.5,4.0,0.10,0.20,12.1,12.0,20.3,15.0,7.3,33,32,33,35,39
2017-01-31 16:00,2021,35,28,0.00,53,34.68,,4.7,1.7,0.11,0.19,12.6,10.5,20.3,14.6,7.0,33,32,33,35,39
2017-01-31 17:00,2021,28,24,0.00,69,0.38,,4.8,3.6,0.10,0.14,12.6,12.0,21.7,14.2,7.6,33,32,33,35,39
2017-01-31 18:00,2021,25,24,0.00,72,0.01,,3.9,1.5,0.09,0.14,11.6,13.3,21.2,14.7,7.0,33,32,33,35,39
2017-01-31 19:00,2021,24,22,0.00,69,0.05,,4.6,1.8,0.09,0.12,11.1,11.8,20.0,14.6,7.2,33,32,33,35,39
2017-01-31 20:00,2021,23,22,0.00,73,0.08,,2.3,0.8,0.09,0.12,11.6,12.4,20.5,14.2,7.1,33,32,33,35,39
2017-01-31 21:00,2021,23,20,0.00,66,0.07,,3.3,1.1,0.08,0.12,13.5,10.9,20.8,15.2,7.5,33,32,33,35,39
2017-01-31 22:00,2021,20,17,0.00,73,0.09,,4.8,1.5,0.08,0.11,12.1,12.3,21.2,14.4,7.8,33,32,33,35,39
2017-01-31 23:00,2021,18,16,0.00,72,0.05,,11.0,6.6,0.07,0.09,11.1,12.0,20.9,14.4,7.5,32,32,33,35,39
